1 09888U 76105  E 77086.02365523 -.00001420 +00000-0 +00000-0 0  9994
2 09888 063.0295 095.6082 7337890 318.2882 004.7131 02.00049773003145
1 09888U 76105  E 77089.02296373 -.00001420 +00000-0 +00000-0 0  9993
2 09888 063.0295 095.1791 7337966 318.3017 004.7066 02.00041249003206
1 09888U 76105  E 77090.02276372 -.00001183 +00000-0 +00000-0 0  9998
2 09888 063.0595 095.0313 7338612 318.2907 004.7690 02.00042810003224
1 09888U 76105  E 77093.02208528 -.00001004 +00000-0 +00000-0 0  9991
2 09888 063.0922 094.6049 7340793 318.2098 004.7907 02.00039975003288
1 09888U 76105  E 77096.02141781 -.00000925 +00000-0 +00000-0 0  9992
2 09888 063.1069 094.1789 7340801 318.2202 004.7543 02.00036035003341
1 09888U 76105  E 77105.02010284 -.00000416 +00000-0 +00000-0 0  9991
2 09888 063.1843 092.8873 7344510 318.1099 005.1402 02.00035485003521
1 09888U 76105  E 77120.01731023  .00000168 +00000-0 +00000-0 0  9991
2 09888 063.1843 090.7443 7344622 318.1515 005.4217 02.00045266003826
1 09888U 76105  E 77196.49406802 -.00000372 +00000-0 +00000-0 0  9998
2 09888 063.6794 080.7056 7166146 319.2364 355.8513 01.99838400005350
1 09888U 76105  E 77226.53405422 -.00000981 +00000-0 +00000-0 0  9990
2 09888 063.3971 076.9001 7143626 317.9180 358.5244 01.99710863005959
1 09888U 76105  E 77235.55688484 -.00000512 +00000-0 +00000-0 0  9993
2 09888 063.4434 075.8984 7098710 319.0351 005.1949 01.99688150006139
1 09888U 76105  E 77340.00999975 -.00000926 +00000-0 +00000-0 0  9999
2 09888 063.9213 062.6942 7063153 318.9464 292.3589 01.99665870008229
1 09888U 76105  E 77351.20249873 -.00000581 +00000-0 +00000-0 0  9995
2 09888 063.7580 061.9160 7068582 318.3835 005.4150 01.99804592008464
1 09888U 76105  E 77356.20759677 -.00213276 +00000-0 -9679402 0  9992
2 09888 063.7661 061.2230 7084279 318.4239 005.8214 01.99592126008568
1 09888U 76105  E 92198.35968547  .00000145 +00000-0 +59801-1 0  9992
2 09888 064.5400 280.9938 7270938 191.3182 132.7022 02.00325987000557
1 09888U 76105  E 92199.35795509 -.00000370 +00000-0 +00000-4 0  9990
2 09888 064.6631 280.8047 7264494 190.8882 132.6815 02.00322660000571
1 09888U 76105  E 92202.35564398 -.00000240 +00000-0 +93834-2 0  9996
2 09888 064.7091 280.3645 7266640 190.9133 134.4854 02.00319520000637
1 09888U 76105  E 92204.35223821 -.00000371 +00000-0 +00000-4 0  9991
2 09888 064.7239 280.0711 7268065 190.9010 134.3168 02.00317006000677
1 09888U 76105  E 92205.35065716 -.00000379 +00000-0 +00000-4 0  9997
2 09888 064.8133 279.8545 7269803 190.9743 134.3062 02.00315526000696
1 09888U 76105  E 92206.34867615 -.00000395 +00000-0 +00000-4 0  9993
2 09888 064.9295 279.6202 7273238 191.1653 133.9911 02.00314066000713
1 09888U 76105  E 92207.34604144 -.00000444 +00000-0 +99999-4 0  9990
2 09888 064.9088 279.4909 7273710 191.1295 133.2124 02.00312479000739
1 09888U 76105  E 92207.34604208 -.00000412 +00000-0 +00000-4 0  9991
2 09888 064.9088 279.4909 7273710 191.1294 133.2124 02.00312479000738
1 09888U 76105  E 92215.33609004 -.00000424 +00000-0 +00000-4 0  9991
2 09888 064.4395 278.6866 7278015 190.7091 134.7138 02.00294945000895
1 09888U 76105  E 92218.33204958 -.00000151 +00000-0 +99999-4 0  9995
2 09888 064.4112 278.2947 7275545 190.4899 134.9804 02.00292824000959
1 09888U 76105  E 92219.33174032 -.00000423 +00000-0 +00000-4 0  9992
2 09888 064.4052 278.1574 7275661 190.4591 135.8008 02.00291727000974
1 09888U 76105  E 92219.33174096 -.00000122 +00000-0 +99999-4 0  9993
2 09888 064.4052 278.1575 7275661 190.4592 135.8008 02.00291726000975
1 09888U 76105  E 92220.33046463 -.00000426 +00000-0 +00000-4 0  9993
2 09888 064.4010 278.0176 7275876 190.4371 135.9186 02.00290681000997
1 09888U 76105  E 92221.32914150 -.00000429 +00000-0 +00000-4 0  9993
2 09888 064.4048 277.8716 7276061 190.4124 135.9979 02.00289674001012
1 09888U 76105  E 92222.32783577 -.00000433 +00000-0 +00000-4 0  9996
2 09888 064.4089 277.7251 7276186 190.3840 136.0857 02.00288713001034
1  9888U 76105E   92223.32655501 -.00000213 +00000-0 +00000-0 0  9994
2  9888 064.4074 277.5822 7276184 190.3476 136.1877 02.00287796115694
1 09888U 76105E   92223.32655501 -.00000213 +00000-0 +00000-0 0  9994
2 09888 064.4074 277.5822 7276184 190.3476 136.1877 02.00287796115694
1 09888U 76105E   92223.32655501 -.00000211  00000-0  10000-3 0  9996
2 09888 064.4074 277.5822 7276184 190.3476 136.1877 02.00287796115694
1 09888U 76105E   92223.32655501 -.00000211 +00000-0 +10000-3 0  9996
2 09888 064.4074 277.5822 7276184 190.3476 136.1877 02.00287796115694
1 09888U 76105  E 92223.32655501 -.00000436 +00000-0 +00000-4 0  9995
2 09888 064.4074 277.5822 7276184 190.3476 136.1877 02.00287796001058
