1 05878U 72012  C 72081.84447491  .00001434 +00000-0 +00000-0 0  9991
2 05878 031.5176 348.7290 8503449 143.3206 326.9805 00.95724896000382
1 05878U 72012  C 72084.97813618  .00004614 +00000-0 +00000-0 0  9999
2 05878 031.4707 348.1256 8477110 142.7517 327.1713 00.95763142000412
1 05878U 72012  C 72086.02204684  .00006043 +00000-0 +00000-0 0  9992
2 05878 031.4897 348.0488 8478139 142.8019 327.1243 00.95781924000425
1 05878U 72012  C 72101.65489196  .00004417 +00000-0 +00000-0 0  9995
2 05878 031.4651 346.0135 8487359 146.9022 320.8551 00.95910564000575
1 05878U 72012  C 72104.78031999  .00002061 +00000-0 +00000-0 0  9999
2 05878 031.4477 345.3855 8480469 147.5663 319.4797 00.95883872000606
1 05878U 72012  C 72106.86576326  .00004292 +00000-0 +00000-0 0  9996
2 05878 031.4415 345.2089 8470599 147.4313 319.4722 00.95909373000625
1 05878U 72012  C 72111.03301716  .00000924 +00000-0 +00000-0 0  9998
2 05878 031.4319 344.8318 8459659 148.0239 318.0828 00.95902274000665
1 05878U 72012  C 72120.40715365  .00000801 +00000-0 +00000-0 0  9992
2 05878 031.4396 343.6756 8461079 149.8606 314.4494 00.95910347000758
1 05878U 72012  C 72123.53101637  .00000636 +00000-0 +00000-0 0  9996
2 05878 031.4270 343.2689 8458249 150.3966 313.2285 00.95915745000786
1 05878U 72012  C 72129.77827510 -.00000799 +00000-0 +00000-0 0  9994
2 05878 031.4239 342.5196 8455669 151.6936 310.2435 00.95904363000845
1 05878U 72012  C 72137.06505708  .00001916 +00000-0 +00000-0 0  9998
2 05878 031.3916 341.5652 8462839 153.1949 306.8080 00.95945286000914
1 05878U 72012  C 72143.30763991  .00001204 +00000-0 +00000-0 0  9992
2 05878 031.3956 340.7379 8456999 154.5757 303.0174 00.95967443000975
1 05878U 72012  C 72146.42959516 -.00000513 +00000-0 +00000-0 0  9991
2 05878 031.4543 340.2271 8462039 155.2011 301.4345 00.95948297001000
1 05878U 72012  C 72150.59000923  .00001157 +00000-0 +00000-0 0  9997
2 05878 031.4672 339.6789 8460039 156.0549 298.9182 00.95973730001045
1 05878U 72012  C 72159.94625957  .00013862 +00000-0 +00000-0 0  9991
2 05878 031.4820 338.4580 8458449 157.4687 294.5498 00.96191089001138
1 05878U 72012  C 72163.07038390  .00003795 +00000-0 +00000-0 0  9993
2 05878 031.4869 338.0221 8466859 158.5409 291.3077 00.96023559001164
1 05878U 72012  C 72165.14821449  .00006385 +00000-0 +00000-0 0  9996
2 05878 031.4824 337.7452 8466939 159.0041 289.7402 00.96073444001187
1 05878U 72012  C 72171.38533309  .00003499 +00000-0 +00000-0 0  9997
2 05878 031.4386 337.0146 8479769 160.1193 286.1951 00.96074137001246
1 05878U 72012  C 72172.42377945  .00007106 +00000-0 +00000-0 0  9994
2 05878 031.4439 336.8986 8478789 160.3039 285.4927 00.96106342001256
1 05878U 72012  C 72173.46196066  .00007106 +00000-0 +00000-0 0  9992
2 05878 031.4439 336.7624 8478629 160.5145 284.7131 00.96121096001260
1 05878U 72012  C 72177.61147583  .00005431 +00000-0 +00000-0 0  9992
2 05878 031.4291 336.0448 8476699 161.5165 280.8572 00.96161901001301
1 05878U 72012  C 72190.03131379 -.00019319 +00000-0 +00000-0 0  9990
2 05878 031.4290 334.4069 8477869 164.0504 270.4382 00.96155342001425
1 05878U 72012  C 72198.24710593  .00161982 +00000-0 +00000-0 0  9995
2 05878 031.3589 333.3314 8449879 164.8259 266.2059 00.98368634001506
1 05878U 72012  C 72206.27764758  .00192336 +00000-0 +00000-0 0  9997
2 05878 031.3147 332.2370 8430309 166.6367 257.2487 01.00487275001584
