1 45497U 10041AT  20100.63374911  .00000006  00000-0 -44188-4 0  9998
2 45497  64.7963 195.7290 5720779  38.5381 350.9256  4.28363573 27936
1 45497U 10041AT  20101.33409546 +.00000016 +00000-0 -37444-4 0  9997
2 45497 064.7962 195.4674 5720972 038.5080 350.9374 04.28363512027966
1 45497U 10041AT  20102.26788966  .00000009  00000-0 -49301-4 0  9993
2 45497  64.7961 195.1187 5721226  38.4677 350.9512  4.28363409 28000
1 45497U 10041AT  20104.36892251  .00000006  00000-0  96432-5 0  9993
2 45497  64.7958 194.3337 5721801  38.3762 350.9757  4.28363396 28092
1 45497U 10041AT  20106.23650553 -.00000049  00000-0  38291-5 0  9995
2 45497  64.7956 193.6358 5722297  38.2965 350.9945  4.28363342 28178
1 45497U 10041AT  20108.33754006 -.00000079  00000-0  20227-4 0  9998
2 45497  64.7955 192.8502 5722833  38.2066 351.0212  4.28363383 28261
1 45497U 10041AT  20109.50478350 -.00000090 +00000-0 +13907-5 0  9994
2 45497 064.7954 192.4143 5723124 038.1582 351.0396 04.28363384028313
1 45497U 10041AT  20109.50478350 -.00000090 +00000-0 +13907-5 0  9994
2 45497 064.7954 192.4143 5723124 038.1582 351.0396 04.28363384028313
1 45497U 10041AT  20110.20513023 -.00000089 +00000-0 -10089-4 0  9996
2 45497 064.7954 192.1519 5723296 038.1281 351.0522 04.28363432028341
1 45497U 10041AT  20115.34101114  .00000010  00000-0 -57324-4 0  9996
2 45497  64.7963 190.2305 5724502  37.9073 351.1495  4.28363327 28567
1 45497U 10041AT  20116.27480556 +.00000015 +00000-0 -62363-4 0  9993
2 45497 064.7964 189.8811 5724743 037.8675 351.1635 04.28363244028607
1 45497U 10041AT  20117.44204759 -.00000005  00000-0 -87541-4 0  9997
2 45497  64.7973 189.4458 5725041  37.8168 351.1783  4.28363105 28654
1 45497U 10041AT  20122.57790464 -.00000040  00000-0  42343-5 0  9990
2 45497  64.7986 187.5232 5726411  37.5992 351.2283  4.28363102 28878
1 45497U 10041AT  20123.27825080 -.00000024 +00000-0 +22651-4 0  9992
2 45497 064.7986 187.2609 5726602 037.5695 351.2381 04.28363128028906
1 45497U 10041AT  20129.58137092  .00000096  00000-0  49248-4 0  9990
2 45497  64.8003 184.8995 5728393  37.3041 351.3357  4.28363407 29174
1 45497U 10041AT  20130.28171437 +.00000095 +00000-0 +68045-4 0  9995
2 45497 064.8004 184.6373 5728599 037.2739 351.3417 04.28363442029204
1 45497U 10041AT  20132.14929396  .00000047  00000-0  73894-4 0  9992
2 45497  64.8007 183.9365 5729143  37.1960 351.3540  4.28363571 29289
1 45497U 10041AT  20141.48722014 +.00000139 +00000-0 +93775-4 0  9999
2 45497 064.8047 180.4351 5731718 036.8050 351.4784 04.28364768029681
1 45497U 10041AT  20141.48722014  .00000139  00000-0  93775-4 0  9999
2 45497  64.8047 180.4351 5731718  36.8050 351.4784  4.28364768 29681
1 45497U 10041AT  20142.18756323 +.00000152 +00000-0 +92367-4 0  9998
2 45497 064.8057 180.1724 5731922 036.7773 351.4868 04.28364858029718
1 45497U 10041AT  20143.12135273  .00000140  00000-0  60779-4 0  9997
2 45497  64.8058 179.8220 5732181  36.7379 351.4968  4.28364882 29757
1 45497U 10041AT  20147.08994663  .00000072  00000-0  70371-4 0  9995
2 45497  64.8067 178.3317 5733352  36.5723 351.5205  4.28365194 29921
1 45497U 10041AT  20149.19096736  .00000071  00000-0  11455-3 0  9999
2 45497  64.8061 177.5409 5734006  36.4844 351.5346  4.28365453 30014
1 45497U 10041AT  20154.32680891  .00000228  00000-0  15962-3 0  9992
2 45497  64.8083 175.6134 5735488  36.2797 351.5995  4.28366453 30237
1 45497U 10041AT  20154.32680891  .00000228  00000-0  15962-3 0  9992
2 45497  64.8083 175.6134 5735488  36.2797 351.5995  4.28366453 30237
1 45497U 10041AT  20154.32680891  .00000228  00000-0  15962-3 0  9992
2 45497  64.8083 175.6134 5735488  36.2797 351.5995  4.28366453 30237
1 45497U 10041AT  20154.32680891  .00000228  00000-0  15962-3 0  9992
2 45497  64.8083 175.6134 5735488  36.2797 351.5995  4.28366453 30237
1 45497U 10041AT  20157.12816025  .00000233  00000-0  18267-3 0  9990
2 45497  64.8096 174.5609 5736344  36.1648 351.6185  4.28367140 30351
1 45497U 10041AT  20158.29538540  .00000189  00000-0  17427-3 0  9999
2 45497  64.8108 174.1231 5736693  36.1168 351.6213  4.28367432 30408
1 45497U 10041AT  20158.29538540  .00000189  00000-0  17427-3 0  9999
2 45497  64.8108 174.1231 5736693  36.1168 351.6213  4.28367432 30408
1 45497U 10041AT  20158.29538540 +.00000189 +00000-0 +17427-3 0  9999
2 45497 064.8108 174.1231 5736693 036.1168 351.6213 04.28367432030408
1 45497U 10041AT  20158.29538540  .00000189  00000-0  17427-3 0  9999
2 45497  64.8108 174.1231 5736693  36.1168 351.6213  4.28367432 30408
1 45497U 10041AT  20158.29538540  .00000189  00000-0  17427-3 0  9999
2 45497  64.8108 174.1231 5736693  36.1168 351.6213  4.28367432 30408
1 45497U 10041AT  20158.29538540 +.00000189 +00000-0 +17427-3 0  9999
2 45497 064.8108 174.1231 5736693 036.1168 351.6213 04.28367432030408
1 45497U 10041AT  20158.29538540  .00000189  00000-0  17427-3 0  9999
2 45497  64.8108 174.1231 5736693  36.1168 351.6213  4.28367432 30408
1 45497U 10041AT  20158.29538540  .00000189  00000-0  17427-3 0  9999
2 45497  64.8108 174.1231 5736693  36.1168 351.6213  4.28367432 30408
1 45497U 10041AT  20158.29538540  .00000189  00000-0  17427-3 0  9999
2 45497  64.8108 174.1231 5736693  36.1168 351.6213  4.28367432 30408
1 45497U 10041AT  20158.29538540  .00000189  00000-0  17427-3 0  9999
2 45497  64.8108 174.1231 5736693  36.1168 351.6213  4.28367432 30408
1 45497U 10041AT  20158.29538540  .00000189  00000-0  17427-3 0  9999
2 45497  64.8108 174.1231 5736693  36.1168 351.6213  4.28367432 30408
1 45497U 10041AT  20158.29538540  .00000189  00000-0  17427-3 0  9999
2 45497  64.8108 174.1231 5736693  36.1168 351.6213  4.28367432 30408
1 45497U 10041AT  20158.29538540  .00000189  00000-0  17427-3 0  9999
2 45497  64.8108 174.1231 5736693  36.1168 351.6213  4.28367432 30408
1 45497U 10041AT  20162.03050701  .00000087  00000-0  17869-3 0  9991
2 45497  64.8136 172.7194 5737805  35.9644 351.6394  4.28368436 30565
1 45497U 10041AT  20162.03050701  .00000087  00000-0  17869-3 0  9991
2 45497  64.8136 172.7194 5737805  35.9644 351.6394  4.28368436 30565
1 45497U 10041AT  20162.03050701  .00000087  00000-0  17869-3 0  9991
2 45497  64.8136 172.7194 5737805  35.9644 351.6394  4.28368436 30565
1 45497U 10041AT  20162.03050701  .00000087  00000-0  17869-3 0  9991
2 45497  64.8136 172.7194 5737805  35.9644 351.6394  4.28368436 30565
1 45497U 10041AT  20162.03050701  .00000087  00000-0  17869-3 0  9991
2 45497  64.8136 172.7194 5737805  35.9644 351.6394  4.28368436 30565
1 45497U 10041AT  20162.03050701  .00000087  00000-0  17869-3 0  9991
2 45497  64.8136 172.7194 5737805  35.9644 351.6394  4.28368436 30565
1 45497U 10041AT  20162.03050701  .00000087  00000-0  17869-3 0  9991
2 45497  64.8136 172.7194 5737805  35.9644 351.6394  4.28368436 30565
1 45497U 10041AT  20162.03050701  .00000087  00000-0  17869-3 0  9991
2 45497  64.8136 172.7194 5737805  35.9644 351.6394  4.28368436 30565
1 45497U 10041AT  20162.03050701  .00000087  00000-0  17869-3 0  9991
2 45497  64.8136 172.7194 5737805  35.9644 351.6394  4.28368436 30565
1 45497U 10041AT  20162.03050701  .00000087  00000-0  17869-3 0  9991
2 45497  64.8136 172.7194 5737805  35.9644 351.6394  4.28368436 30565
1 45497U 10041AT  20162.03050701  .00000087  00000-0  17869-3 0  9991
2 45497  64.8136 172.7194 5737805  35.9644 351.6394  4.28368436 30565
1 45497U 10041AT  20162.03050701  .00000087  00000-0  17869-3 0  9991
2 45497  64.8136 172.7194 5737805  35.9644 351.6394  4.28368436 30565
1 45497U 10041AT  20162.03050701  .00000087  00000-0  17869-3 0  9991
2 45497  64.8136 172.7194 5737805  35.9644 351.6394  4.28368436 30565
1 45497U 10041AT  20162.03050701  .00000087  00000-0  17869-3 0  9991
2 45497  64.8136 172.7194 5737805  35.9644 351.6394  4.28368436 30565
1 45497U 10041AT  20162.03050701  .00000087  00000-0  17869-3 0  9991
2 45497  64.8136 172.7194 5737805  35.9644 351.6394  4.28368436 30565
1 45497U 10041AT  20162.03050701  .00000087  00000-0  17869-3 0  9991
2 45497  64.8136 172.7194 5737805  35.9644 351.6394  4.28368436 30565
1 45497U 10041AT  20162.03050701  .00000087  00000-0  17869-3 0  9991
2 45497  64.8136 172.7194 5737805  35.9644 351.6394  4.28368436 30565
1 45497U 10041AT  20165.29874761  .00000157  00000-0  20310-3 0  9995
2 45497  64.8139 171.4902 5738725  35.8322 351.6801  4.28369370 30702
1 45497U 10041AT  20165.29874761  .00000157  00000-0  20310-3 0  9995
2 45497  64.8139 171.4902 5738725  35.8322 351.6801  4.28369370 30702
1 45497U 10041AT  20165.29874761  .00000157  00000-0  20310-3 0  9995
2 45497  64.8139 171.4902 5738725  35.8322 351.6801  4.28369370 30702
1 45497U 10041AT  20165.29874761  .00000157  00000-0  20310-3 0  9995
2 45497  64.8139 171.4902 5738725  35.8322 351.6801  4.28369370 30702
1 45497U 10041AT  20165.29874761  .00000157  00000-0  20310-3 0  9995
2 45497  64.8139 171.4902 5738725  35.8322 351.6801  4.28369370 30702
1 45497U 10041AT  20165.29874761  .00000157  00000-0  20310-3 0  9995
2 45497  64.8139 171.4902 5738725  35.8322 351.6801  4.28369370 30702
1 45497U 10041AT  20165.29874761  .00000157  00000-0  20310-3 0  9995
2 45497  64.8139 171.4902 5738725  35.8322 351.6801  4.28369370 30702
1 45497U 10041AT  20165.29874761  .00000157  00000-0  20310-3 0  9995
2 45497  64.8139 171.4902 5738725  35.8322 351.6801  4.28369370 30702
1 45497U 10041AT  20165.29874761  .00000157  00000-0  20310-3 0  9995
2 45497  64.8139 171.4902 5738725  35.8322 351.6801  4.28369370 30702
1 45497U 10041AT  20165.29874761  .00000157  00000-0  20310-3 0  9995
2 45497  64.8139 171.4902 5738725  35.8322 351.6801  4.28369370 30702
1 45497U 10041AT  20165.29874761  .00000157  00000-0  20310-3 0  9995
2 45497  64.8139 171.4902 5738725  35.8322 351.6801  4.28369370 30702
1 45497U 10041AT  20165.29874761  .00000157  00000-0  20310-3 0  9995
2 45497  64.8139 171.4902 5738725  35.8322 351.6801  4.28369370 30702
1 45497U 10041AT  20165.29874761  .00000157  00000-0  20310-3 0  9995
2 45497  64.8139 171.4902 5738725  35.8322 351.6801  4.28369370 30702
1 45497U 10041AT  20165.29874761  .00000157  00000-0  20310-3 0  9995
2 45497  64.8139 171.4902 5738725  35.8322 351.6801  4.28369370 30702
1 45497U 10041AT  20165.29874761  .00000157  00000-0  20310-3 0  9995
2 45497  64.8139 171.4902 5738725  35.8322 351.6801  4.28369370 30702
1 45497U 10041AT  20167.39975709  .00000218  00000-0  18150-3 0  9999
2 45497  64.8119 170.6992 5739333  35.7499 351.7076  4.28369877 30796
1 45497U 10041AT  20168.10009230  .00000232  00000-0  17113-3 0  9990
2 45497  64.8137 170.4377 5739549  35.7229 351.7153  4.28369997 30824
1 45497U 10041AT  20168.10009230  .00000232  00000-0  17113-3 0  9990
2 45497  64.8137 170.4377 5739549  35.7229 351.7153  4.28369997 30824
1 45497U 10041AT  20168.10009230  .00000232  00000-0  17113-3 0  9990
2 45497  64.8137 170.4377 5739549  35.7229 351.7153  4.28369997 30824
1 45497U 10041AT  20168.10009230  .00000232  00000-0  17113-3 0  9990
2 45497  64.8137 170.4377 5739549  35.7229 351.7153  4.28369997 30824
1 45497U 10041AT  20168.10009230  .00000232  00000-0  17113-3 0  9990
2 45497  64.8137 170.4377 5739549  35.7229 351.7153  4.28369997 30824
1 45497U 10041AT  20168.10009230  .00000232  00000-0  17113-3 0  9990
2 45497  64.8137 170.4377 5739549  35.7229 351.7153  4.28369997 30824
1 45497U 10041AT  20168.10009230  .00000232  00000-0  17113-3 0  9990
2 45497  64.8137 170.4377 5739549  35.7229 351.7153  4.28369997 30824
1 45497U 10041AT  20168.10009230  .00000232  00000-0  17113-3 0  9990
2 45497  64.8137 170.4377 5739549  35.7229 351.7153  4.28369997 30824
1 45497U 10041AT  20169.96764770  .00000206  00000-0  10029-3 0  9992
2 45497  64.8135 169.7343 5740075  35.6469 351.7313  4.28370264 30903
1 45497U 10041AT  20169.96764770  .00000206  00000-0  10029-3 0  9992
2 45497  64.8135 169.7343 5740075  35.6469 351.7313  4.28370264 30903
1 45497U 10041AT  20169.96764770  .00000206  00000-0  10029-3 0  9992
2 45497  64.8135 169.7343 5740075  35.6469 351.7313  4.28370264 30903
1 45497U 10041AT  20169.96764770  .00000206  00000-0  10029-3 0  9992
2 45497  64.8135 169.7343 5740075  35.6469 351.7313  4.28370264 30903
1 45497U 10041AT  20169.96764770  .00000206  00000-0  10029-3 0  9992
2 45497  64.8135 169.7343 5740075  35.6469 351.7313  4.28370264 30903
1 45497U 10041AT  20169.96764770  .00000206  00000-0  10029-3 0  9992
2 45497  64.8135 169.7343 5740075  35.6469 351.7313  4.28370264 30903
1 45497U 10041AT  20169.96764770  .00000206  00000-0  10029-3 0  9992
2 45497  64.8135 169.7343 5740075  35.6469 351.7313  4.28370264 30903
1 45497U 10041AT  20169.96764770  .00000206  00000-0  10029-3 0  9992
2 45497  64.8135 169.7343 5740075  35.6469 351.7313  4.28370264 30903
1 45497U 10041AT  20172.06864150  .00000153  00000-0  77507-4 0  9996
2 45497  64.8132 168.9437 5740664  35.5609 351.7404  4.28370471 30994
1 45497U 10041AT  20173.00241475 +.00000117 +00000-0 +71134-4 0  9990
2 45497 064.8122 168.5911 5740909 035.5242 351.7423 04.28370614031037
1 45497U 10041AT  20174.40307546  .00000078  00000-0  79180-4 0  9992
2 45497  64.8119 168.0640 5741284  35.4668 351.7465  4.28370822 31098
1 45497U 10041AT  20175.10340678 +.00000073 +00000-0 +93561-4 0  9997
2 45497 064.8124 167.8010 5741488 035.4392 351.7495 04.28370870031122
1 45497U 10041AT  20176.27062670  .00000071  00000-0  10225-3 0  9992
2 45497  64.8123 167.3611 5741828  35.3923 351.7578  4.28370982 31171
1 45497U 10041AT  20178.37162761  .00000143  00000-0  14050-3 0  9997
2 45497  64.8123 166.5705 5742391  35.3093 351.7818  4.28371416 31260
1 45497U 10041AT  20179.07196207 +.00000179 +00000-0 +15346-3 0  9995
2 45497 064.8122 166.3067 5742588 035.2812 351.7916 04.28371519031290
1 45497U 10041AT  20180.23918486  .00000230  00000-0  16470-3 0  9993
2 45497  64.8122 165.8675 5742894  35.2359 351.8071  4.28371769 31341
1 45497U 10041AT  20180.93951734 +.00000248 +00000-0 +16269-3 0  9998
2 45497 064.8122 165.6039 5743084 035.2082 351.8154 04.28371952031377
1 45497U 10041AT  20182.10673595  .00000271  00000-0  17316-3 0  9995
2 45497  64.8117 165.1641 5743393  35.1614 351.8261  4.28372216 31427
1 45497U 10041AT  20183.04050761 +.00000275 +00000-0 +18837-3 0  9996
2 45497 064.8114 164.8124 5743646 035.1238 351.8315 04.28372481031467
1 45497U 10041AT  20184.20771936  .00000234  00000-0  17911-3 0  9996
2 45497  64.8112 164.3727 5743962  35.0775 351.8347  4.28372774 31511
1 45497U 10041AT  20187.00902408  .00000094  00000-0  15701-3 0  9996
2 45497  64.8101 163.3170 5744674  34.9660 351.8409  4.28373384 31632
1 45497U 10041AT  20190.04377867  .00000063  00000-0  17655-3 0  9995
2 45497  64.8094 162.1741 5745435  34.8446 351.8697  4.28374384 31765
1 45497U 10041AT  20194.01230875  .00000205  00000-0  20222-3 0  9995
2 45497  64.8077 160.6777 5746292  34.6847 351.9294  4.28375524 31933
1 45497U 10041AT  20195.17951957  .00000222  00000-0  18338-3 0  9998
2 45497  64.8079 160.2387 5746581  34.6372 351.9444  4.28375788 31986
1 45497U 10041AT  20195.87984430 +.00000227 +00000-0 +17532-3 0  9997
2 45497 064.8073 159.9745 5746776 034.6119 351.9512 04.28376034032014
1 45497U 10041AT  20201.94929622  .00000030  00000-0  12506-3 0  9993
2 45497  64.8119 157.6890 5748151  34.3657 351.9907  4.28377718 32270
1 45497U 10041AT  20208.25220111  .00000264  00000-0  23277-3 0  9997
2 45497  64.8047 155.3099 5749394  34.1136 352.0842  4.28379718 32548
1 45497U 10041AT  20208.95251979 +.00000291 +00000-0 +25943-3 0  9992
2 45497 064.8033 155.0437 5749480 034.0876 352.0916 04.28380064032573
1 45497U 10041AT  20209.65283691  .00000300  00000-0  27723-3 0  9995
2 45497  64.8021 154.7807 5749657  34.0534 352.0996  4.28380477 32604
1 45497U 10041AT  20212.92096840  .00000160  00000-0  27537-3 0  9994
2 45497  64.7961 153.5386 5750490  33.9091 352.1214  4.28382047 32742
1 45497U 10041AT  20215.95566013  .00000091  00000-0  30805-3 0  9999
2 45497  64.7950 152.3932 5751032  33.7873 352.1540  4.28383847 32878
1 45497U 10041AT  20221.79159617  .00000352  00000-0  41853-3 0  9991
2 45497  64.7983 150.2011 5751766  33.5625 352.2573  4.28387800 33125
1 45497U 10041AT  20222.95877322  .00000324  00000-0  36681-3 0  9992
2 45497  64.7969 149.7591 5751854  33.5063 352.2752  4.28388389 33176
1 45497U 10041AT  20223.19220804 +.00000349 +00000-0 +39525-3 0  9993
2 45497 064.7968 149.6715 5751934 033.4998 352.2774 04.28388669033183
1 45497U 10041AT  20225.05968113  .00000298  00000-0  37369-3 0  9999
2 45497  64.7968 148.9665 5752209  33.4259 352.2958  4.28389930 33260
1 45497U 10041AT  20227.86087916  .00000171  00000-0  35527-3 0  9997
2 45497  64.7954 147.9083 5752624  33.3113 352.3211  4.28391765 33382
1 45497U 10041AT  20229.02804341  .00000155  00000-0  36922-3 0  9998
2 45497  64.7948 147.4671 5752799  33.2642 352.3350  4.28392669 33436
1 45497U 10041AT  20230.89551016 +.00000131 +00000-0 +32475-3 0  9996
2 45497 064.7948 146.7620 5753039 033.1868 352.3659 04.28393434033511
1 45497U 10041AT  20230.89551016  .00000131  00000-0  32475-3 0  9996
2 45497  64.7948 146.7620 5753039  33.1868 352.3659  4.28393434 33511
1 45497U 10041AT  20231.82924257 +.00000219 +00000-0 +38663-3 0  9993
2 45497 064.7940 146.4097 5753192 033.1486 352.3846 04.28394294033551
1 45497U 10041AT  20234.86386606 +.00000343 +00000-0 +37698-3 0  9995
2 45497 064.7932 145.2625 5753622 033.0246 352.4443 04.28396002033684
1 45497U 10041AT  20234.86386606  .00000343  00000-0  37698-3 0  9995
2 45497  64.7932 145.2625 5753622  33.0246 352.4443  4.28396002 33684
1 45497U 10041AT  20236.03102016  .00000383  00000-0  40862-3 0  9998
2 45497  64.7926 144.8215 5753808  32.9763 352.4607  4.28396923 33735
1 45497U 10041AT  20238.83216948 +.00000310 +00000-0 +43665-3 0  9992
2 45497 064.7924 143.7635 5754173 032.8584 352.4840 04.28399152033852
1 45497U 10041AT  20238.83216948  .00000310  00000-0  43665-3 0  9992
2 45497  64.7924 143.7635 5754173  32.8584 352.4840  4.28399152 33852
1 45497U 10041AT  20241.86673417  .00000180  00000-0  43673-3 0  9991
2 45497  64.7910 142.6162 5754604  32.7360 352.5143  4.28401764 33984
1 45497U 10041AT  20242.80044787 +.00000127 +00000-0 +38517-3 0  9990
2 45497 064.7920 142.2633 5754772 032.6995 352.5293 04.28402175034022
1 45497U 10041AT  20245.83500959 +.00000291 +00000-0 +46962-3 0  9999
2 45497 064.7923 141.1151 5755175 032.5742 352.5911 04.28405123034152
1 45497U 10041AT  20245.83500959  .00000291  00000-0  46962-3 0  9999
2 45497  64.7923 141.1151 5755175  32.5742 352.5911  4.28405123 34152
1 45497U 10041AT  20251.67065023  .00000145  00000-0  19766-3 0  9996
2 45497  64.7937 138.9083 5756129  32.3341 352.6764  4.28407463 34402
1 45497U 10041AT  20253.77143620 +.00000121 +00000-0 +26169-3 0  9998
2 45497 064.7946 138.1131 5755629 032.2929 352.6805 04.28410282034491
1 45497U 10041AT  20253.77143620 +.00000121 +00000-0 +26169-3 0  9998
2 45497 064.7946 138.1131 5755629 032.2929 352.6805 04.28410282034491
1 45497U 10041AT  20256.10566282  .00000033  00000-0  22794-3 0  9993
2 45497  64.7951 137.2323 5756373  32.1540 352.7183  4.28411626 34599
1 45497U 10041AT  20257.03935521  .00000074  00000-0  26370-3 0  9991
2 45497  64.8086 136.9191 5756203  32.1236 352.7297  4.28412186 34635
1 45497U 10041AT  20258.20646823  .00000087  00000-0  23501-3 0  9992
2 45497  64.7945 136.4337 5756727  32.0658 352.7540  4.28412589 34686
1 45497U 10041AT  20261.24096065  .00000270  00000-0  25698-3 0  9990
2 45497  64.7936 135.2904 5757727  31.9145 352.8180  4.28414148 34812
1 45497U 10041AT  20262.17465369 -.00000056  00000-0 -11510-3 0  9992
2 45497  64.7947 134.9399 5757874  31.8623 352.8341  4.28411859 34850
1 45497U 10041AT  20264.74226149  .00000260  00000-0  26783-3 0  9991
2 45497  64.7961 133.9604 5757590  31.7987 352.8399  4.28415770 34962
1 45497U 10041AT  20271.04456402  .00000272  00000-0  42736-3 0  9998
2 45497  64.7973 131.5730 5758456  31.5471 352.8979  4.28420655 35230
1 45497U 10041AT  20271.74481943 +.00000328 +00000-0 +45590-3 0  9996
2 45497 064.7975 131.3077 5758527 031.5195 352.9097 04.28421224035264
1 45497U 10041AT  20272.91190715 +.00000465 +00000-0 +53933-3 0  9992
2 45497 064.7979 130.8655 5758688 031.4724 352.9290 04.28422682035319
1 45497U 10041AT  20272.91190715  .00000465  00000-0  53933-3 0  9992
2 45497  64.7979 130.8655 5758688  31.4724 352.9290  4.28422682 35319
1 45497U 10041AT  20278.04703930  .00000368  00000-0  33311-3 0  9991
2 45497  64.8001 128.9206 5759298  31.2687 352.9771  4.28426341 35534
1 45497U 10041AT  20282.01505438  .00000162  00000-0  26439-3 0  9991
2 45497  64.8069 127.4331 5759366  31.1284 352.9885  4.28428789 35702
1 45497U 10041AT  20283.18211838 +.00000121 +00000-0 +22913-3 0  9996
2 45497 064.8019 126.9724 5760183 031.0568 353.0066 04.28429261035754
1 45497U 10041AT  20283.64894390 +.00000106 +00000-0 +20769-3 0  9997
2 45497 064.8018 126.7955 5760206 031.0391 353.0113 04.28429377035770
1 45497U 10041AT  20284.81600807  .00000118  00000-0  18111-3 0  9996
2 45497  64.8016 126.3535 5760267  30.9945 353.0254  4.28429836 35820
1 45497U 10041AT  20285.98307296  .00000173  00000-0  17247-3 0  9991
2 45497  64.8016 125.9110 5760355  30.9493 353.0414  4.28430271 35878
1 45497U 10041AT  20285.98307301 +.00000171 +00000-0 +17030-3 0  9996
2 45497 064.8016 125.9109 5760354 030.9494 353.0414 04.28430249035871
1 45497U 10041AT  20286.68331156 +.00000215 +00000-0 +17236-3 0  9996
2 45497 064.8016 125.6452 5760428 030.9221 353.0510 04.28430446035909
1 45497U 10041AT  20286.68331156 +.00000215 +00000-0 +17236-3 0  9996
2 45497 064.8016 125.6452 5760428 030.9221 353.0510 04.28430446035909
1 45497U 10041AT  20291.81835309  .00000315  00000-0  23310-3 0  9997
2 45497  64.8030 123.6972 5761072  30.7228 353.0771  4.28432396 36121
1 45497U 10041AT  20291.81835309 +.00000315 +00000-0 +23310-3 0  9997
2 45497 064.8030 123.6972 5761072 030.7228 353.0771 04.28432396036121
1 45497U 10041AT  20291.81835309 +.00000315 +00000-0 +23310-3 0  9997
2 45497 064.8030 123.6972 5761072 030.7228 353.0771 04.28432396036121
1 45497U 10041AT  20291.81835309 +.00000315 +00000-0 +23310-3 0  9997
2 45497 064.8030 123.6972 5761072 030.7228 353.0771 04.28432396036121
1 45497U 10041AT  20291.81835309 +.00000315 +00000-0 +23310-3 0  9997
2 45497 064.8030 123.6972 5761072 030.7228 353.0771 04.28432396036121
1 45497U 10041AT  20296.48654086 +.00000197 +00000-0 +28245-3 0  9996
2 45497 064.8040 121.9256 5761607 030.5431 353.0902 04.28435126036328
1 45497U 10041AT  20296.48654086  .00000197  00000-0  28245-3 0  9996
2 45497  64.8040 121.9256 5761607  30.5431 353.0902  4.28435126 36328
1 45497U 10041AT  20296.48654086 +.00000197 +00000-0 +28245-3 0  9996
2 45497 064.8040 121.9256 5761607 030.5431 353.0902 04.28435126036328
1 45497U 10041AT  20296.48654086 +.00000197 +00000-0 +28245-3 0  9996
2 45497 064.8040 121.9256 5761607 030.5431 353.0902 04.28435126036328
1 45497U 10041AT  20303.48879737 +.00000392 +00000-0 +26040-3 0  9995
2 45497 064.8070 119.2683 5762265 030.2708 353.1530 04.28438833036629
1 45497U 10041AT  20303.48879737  .00000392  00000-0  26040-3 0  9995
2 45497  64.8070 119.2683 5762265  30.2708 353.1530  4.28438833 36629
1 45497U 10041AT  20304.88923371  .00000359  00000-0  25512-3 0  9990
2 45497  64.8060 118.7366 5762471  30.2186 353.1539  4.28439650 36682
1 45497U 10041AT  20306.75647626  .00000324  00000-0  29546-3 0  9997
2 45497  64.8049 118.0270 5762610  30.1455 353.1545  4.28440989 36762
1 45497U 10041AT  20309.55733822 +.00000155 +00000-0 +21618-3 0  9996
2 45497 064.8048 116.9635 5762825 030.0369 353.1649 04.28442240036884
1 45497U 10041AT  20309.55733822  .00000155  00000-0  21618-3 0  9996
2 45497  64.8048 116.9635 5762825  30.0369 353.1649  4.28442240 36884
1 45497U 10041AT  20311.89139242  .00000228  00000-0  23295-3 0  9996
2 45497  64.8044 116.0771 5762957  29.9466 353.1883  4.28443628 36985
1 45497U 10041AT  20312.59160880 +.00000218 +00000-0 +18793-3 0  9992
2 45497 064.8044 115.8111 5763007 029.9197 353.1969 04.28443667037011
1 45497U 10041AT  20313.52522963 +.00000281 +00000+0 +19520-3 0  9998
2 45497  64.8041 115.4565 5763059  29.8836 353.2082  4.28444079037052
1 45497U 10041AT  20320.52731477 +.00000221 +00000-0 +23795-3 0  9992
2 45497 064.8034 112.7973 5763469 029.6147 353.2252 04.28447363037356
1 45497U 10041AT  20321.69432354  .00000158  00000-0  22720-3 0  9999
2 45497  64.8031 112.3539 5763526  29.5703 353.2290  4.28447986 37407
1 45497U 10041AT  20322.86133399 +.00000131 +00000-0 +21965-3 0  9997
2 45497 064.8026 111.9105 5763562 029.5247 353.2383 04.28448674037451
1 45497U 10041AT  20322.86133399  .00000131  00000-0  21965-3 0  9997
2 45497  64.8026 111.9105 5763562  29.5247 353.2383  4.28448674 37451
1 45497U 10041AT  20323.56154097 +.00000137 +00000-0 +22107-3 0  9998
2 45497 064.8021 111.6441 5763579 029.4975 353.2461 04.28449045037484
1 45497U 10041AT  20324.49515033  .00000171  00000-0  23135-3 0  9992
2 45497  64.8023 111.2888 5763602  29.4635 353.2577  4.28449551 37522
1 45497U 10041AT  20325.42875897 +.00000220 +00000-0 +24382-3 0  9993
2 45497 064.8021 110.9341 5763632 029.4273 353.2705 04.28450121037563
1 45497U 10041AT  20326.82916943  .00000305  00000-0  26669-3 0  9990
2 45497  64.8021 110.4025 5763683  29.3725 353.2884  4.28450962 37622
1 45497U 10041AT  20329.39657180  .00000440  00000-0  33848-3 0  9997
2 45497  64.8013 109.4277 5763762  29.2708 353.3103  4.28452912 37732
1 45497U 10041AT  20331.49715885 +.00000422 +00000-0 +35987-3 0  9994
2 45497 064.8006 108.6299 5763823 029.1878 353.3184 04.28454557037820
1 45497U 10041AT  20331.49715885  .00000422  00000-0  35987-3 0  9994
2 45497  64.8006 108.6299 5763823  29.1878 353.3184  4.28454557 37820
1 45497U 10041AT  20332.66414690  .00000399  00000-0  38523-3 0  9996
2 45497  64.8002 108.1867 5763851  29.1418 353.3219  4.28455638 37878
1 45497U 10041AT  20333.36433914 +.00000337 +00000-0 +35951-3 0  9998
2 45497 064.8000 107.9208 5763855 029.1141 353.3246 04.28456086037901
1 45497U 10041AT  20335.46491237  .00000279  00000-0  38628-3 0  9992
2 45497  64.7994 107.1228 5763868  29.0314 353.3382  4.28458025 37996
1 45497U 10041AT  20336.63189595  .00000275  00000-0  39576-3 0  9992
2 45497  64.7988 106.6794 5763864  28.9849 353.3510  4.28459197 38049
1 45497U 10041AT  20336.63189595  .00000275  00000-0  39576-3 0  9992
2 45497  64.7988 106.6794 5763864  28.9849 353.3510  4.28459197 38049
1 45497U 10041AT  20339.43265523  .00000265  00000-0  29927-3 0  9997
2 45497  64.7981 105.6157 5763841  28.8737 353.3936  4.28461032 38160
1 45497U 10041AT  20339.43265523  .00000265  00000-0  29927-3 0  9997
2 45497  64.7981 105.6157 5763841  28.8737 353.3936  4.28461032 38160
1 45497U 10041AT  20340.36623941  .00000294  00000-0  27804-3 0  9997
2 45497  64.7972 105.2607 5763802  28.8351 353.4089  4.28461625 38208
1 45497U 10041AT  20340.36623941 +.00000294 +00000-0 +27804-3 0  9997
2 45497 064.7972 105.2607 5763802 028.8351 353.4089 04.28461625038208
1 45497U 10041AT  20342.46679536  .00000386  00000-0  29179-3 0  9990
2 45497  64.7970 104.4630 5763763  28.7515 353.4357  4.28463004 38290
1 45497U 10041AT  20342.46679536  .00000386  00000-0  29179-3 0  9990
2 45497  64.7970 104.4630 5763763  28.7515 353.4357  4.28463004 38290
1 45497U 10041AT  20344.33394397  .00000402  00000-0  33513-3 0  9993
2 45497  64.7962 103.7536 5763748  28.6770 353.4473  4.28464238 38371
1 45497U 10041AT  20344.80072913  .00000384  00000-0  33915-3 0  9997
2 45497  64.7953 103.5758 5763728  28.6583 353.4488  4.28464560 38391
1 45497U 10041AT  20346.43447486  .00000268  00000-0  32451-3 0  9994
2 45497  64.7949 102.9552 5763700  28.5931 353.4536  4.28465422 38467
1 45497U 10041AT  20346.43447486  .00000268  00000-0  32451-3 0  9994
2 45497  64.7949 102.9552 5763700  28.5931 353.4536  4.28465422 38467
1 45497U 10041AT  20347.60143610  .00000160  00000-0  28640-3 0  9992
2 45497  64.7950 102.5120 5763706  28.5469 353.4600  4.28465922 38511
1 45497U 10041AT  20347.60143610  .00000160  00000-0  28640-3 0  9992
2 45497  64.7950 102.5120 5763706  28.5469 353.4600  4.28465922 38511
1 45497U 10041AT  20350.40214767  .00000080  00000-0  25195-3 0  9999
2 45497  64.7942 101.4479 5763635  28.4350 353.4963  4.28467535 38633
1 45497U 10041AT  20353.43625192  .00000165  00000-0  22838-3 0  9998
2 45497  64.7944 100.2953 5763600  28.3142 353.5514  4.28468931 38767
1 45497U 10041AT  20353.43625192  .00000165  00000-0  22838-3 0  9998
2 45497  64.7944 100.2953 5763600  28.3142 353.5514  4.28468931 38767
1 45497U 10041AT  20355.30338278  .00000229  00000-0  24169-3 0  9992
2 45497  64.7948  99.5878 5763586  28.2382 353.5780  4.28469858 38848
1 45497U 10041AT  20356.70372413  .00000277  00000-0  28951-3 0  9992
2 45497  64.7942  99.0551 5763536  28.1801 353.5925  4.28470873 38902
1 45497U 10041AT  20356.70372413  .00000277  00000-0  28951-3 0  9992
2 45497  64.7942  99.0551 5763536  28.1801 353.5925  4.28470873 38902
1 45497U 10041AT  20358.57083821  .00000323  00000-0  38674-3 0  9996
2 45497  64.7931  98.3456 5763498  28.1026 353.6079  4.28472501 38981
1 45497U 10041AT  20361.37150233  .00000116  00000-0  30792-3 0  9993
2 45497  64.7916  97.2817 5763406  27.9857 353.6354  4.28473912 39109
1 45497U 10041AT  20366.27265851  .00000167  00000-0  28511-3 0  9992
2 45497  64.7901  95.4194 5763260  27.7799 353.7237  4.28477163 39318
1 45497U 10041AT  20366.27265851  .00000167  00000-0  28511-3 0  9992
2 45497  64.7901  95.4194 5763260  27.7799 353.7237  4.28477163 39318
1 45497U 10041AT  21004.24023664  .00000234  00000-0  23088-3 0  9992
2 45497  64.7909  93.9129 5763147  27.6125 353.7867  4.28478684 39489
1 45497U 10041AT  21004.24023664  .00000234  00000-0  23088-3 0  9992
2 45497  64.7909  93.9129 5763147  27.6125 353.7867  4.28478684 39489
1 45497U 10041AT  21007.50762223  .00000124  00000-0  27142-3 0  9998
2 45497  64.7898  92.6716 5763122  27.4809 353.8081  4.28480357 39629
1 45497U 10041AT  21007.50762223  .00000124  00000-0  27142-3 0  9998
2 45497  64.7898  92.6716 5763122  27.4809 353.8081  4.28480357 39629
1 45497U 10041AT  21010.30823922 -.00000002  00000-0  22554-3 0  9992
2 45497  64.7917  91.6091 5763054  27.3633 353.8435  4.28481563 39740
1 45497U 10041AT  21010.30823922 -.00000002  00000-0  22554-3 0  9992
2 45497  64.7917  91.6091 5763054  27.3633 353.8435  4.28481563 39740
1 45497U 10041AT  21013.34224228  .00000140  00000-0  26673-3 0  9991
2 45497  64.7947  90.4578 5763035  27.2398 353.9026  4.28483513 39874
1 45497U 10041AT  21013.34224228  .00000140  00000-0  26673-3 0  9991
2 45497  64.7947  90.4578 5763035  27.2398 353.9026  4.28483513 39874
1 45497U 10041AT  21014.27577809  .00000201  00000-0  28696-3 0  9995
2 45497  64.7944  90.1031 5763052  27.1989 353.9201  4.28484091 39918
1 45497U 10041AT  21015.20931145  .00000225  00000-0  28050-3 0  9996
2 45497  64.7947  89.7486 5763062  27.1590 353.9349  4.28484587 39955
1 45497U 10041AT  21015.20931145  .00000225  00000-0  28050-3 0  9996
2 45497  64.7947  89.7486 5763062  27.1590 353.9349  4.28484587 39955
1 45497U 10041AT  21017.30975396  .00000237  00000-0  27907-3 0  9998
2 45497  64.7975  88.9526 5763103  27.0726 353.9585  4.28485566 40040
1 45497U 10041AT  21017.30975396  .00000237  00000-0  27907-3 0  9998
2 45497  64.7975  88.9526 5763103  27.0726 353.9585  4.28485566 40040
1 45497U 10041AT  21019.17680433  .00000146  00000-0  23954-3 0  9997
2 45497  64.7983  88.2439 5763134  26.9944 353.9736  4.28486368 40127
1 45497U 10041AT  21019.17680433  .00000146  00000-0  23954-3 0  9997
2 45497  64.7983  88.2439 5763134  26.9944 353.9736  4.28486368 40127
1 45497U 10041AT  21022.44413479  .00000085  00000-0  29493-3 0  9991
2 45497  64.7986  87.0026 5763085  26.8638 354.0041  4.28488545 40268
1 45497U 10041AT  21022.44413479  .00000085  00000-0  29493-3 0  9991
2 45497  64.7986  87.0026 5763085  26.8638 354.0041  4.28488545 40268
1 45497U 10041AT  21025.24470237  .00000130  00000-0  31521-3 0  9993
2 45497  64.7980  85.9377 5763085  26.7517 354.0478  4.28490458 40386
1 45497U 10041AT  21025.24470237  .00000130  00000-0  31521-3 0  9993
2 45497  64.7980  85.9377 5763085  26.7517 354.0478  4.28490458 40386
1 45497U 10041AT  21030.14566147  .00000348  00000-0  30896-3 0  9999
2 45497  64.8021  84.0783 5763194  26.5487 354.1252  4.28494018 40599
1 45497U 10041AT  21030.14566147  .00000348  00000-0  30896-3 0  9999
2 45497  64.8021  84.0783 5763194  26.5487 354.1252  4.28494018 40599
1 45497U 10041AT  21031.54592063  .00000315  00000-0  28903-3 0  9990
2 45497  64.8015  83.5459 5763231  26.4926 354.1341  4.28494905 40656
1 45497U 10041AT  21031.54592063  .00000315  00000-0  28903-3 0  9990
2 45497  64.8015  83.5459 5763231  26.4926 354.1341  4.28494905 40656
1 45497U 10041AT  21033.41292459  .00000329  00000-0  37777-3 0  9998
2 45497  64.8034  82.8380 5763326  26.4156 354.1401  4.28496542 40737
1 45497U 10041AT  21033.41292459  .00000329  00000-0  37777-3 0  9998
2 45497  64.8034  82.8380 5763326  26.4156 354.1401  4.28496542 40737
1 45497U 10041AT  21034.11304945  .00000280  00000-0  36424-3 0  9994
2 45497  64.8040  82.5726 5763338  26.3876 354.1422  4.28496992 40761
1 45497U 10041AT  21035.51329934  .00000209  00000-0  34915-3 0  9998
2 45497  64.8051  82.0410 5763379  26.3310 354.1504  4.28497903 40827
1 45497U 10041AT  21036.21342480  .00000220  00000-0  37117-3 0  9997
2 45497  64.8053  81.7751 5763400  26.3023 354.1571  4.28498495 40853
1 45497U 10041AT  21039.48067488  .00000279  00000-0  34705-3 0  9995
2 45497  64.8086  80.5355 5763473  26.1724 354.2035  4.28500904 40992
1 45497U 10041AT  21040.18079742  .00000306  00000-0  34131-3 0  9994
2 45497  64.8089  80.2697 5763496  26.1442 354.2136  4.28501388 41027
1 45497U 10041AT  21047.18194132  .00000351  00000-0  41190-3 0  9995
2 45497  64.8148  77.6130 5763860  25.8616 354.2541  4.28506883 41327
1 45497U 10041AT  21047.18194132  .00000351  00000-0  41190-3 0  9995
2 45497  64.8148  77.6130 5763860  25.8616 354.2541  4.28506883 41327
1 45497U 10041AT  21051.14921793  .00000326  00000-0  43855-3 0  9999
2 45497  64.8221  76.1088 5763575  25.7296 354.2792  4.28510607 41496
1 45497U 10041AT  21051.14921793  .00000326  00000-0  43855-3 0  9999
2 45497  64.8221  76.1088 5763575  25.7296 354.2792  4.28510607 41496
1 45497U 10041AT  21059.31701255  .00000594  00000-0  50995-3 0  9995
2 45497  64.8228  73.0076 5764206  25.3773 354.3471  4.28520078 41841
1 45497U 10041AT  21059.31701255  .00000594  00000-0  50995-3 0  9995
2 45497  64.8228  73.0076 5764206  25.3773 354.3471  4.28520078 41841
1 45497U 10041AT  21061.41726328  .00000517  00000-0  53132-3 0  9998
2 45497  64.8288  72.2146 5764214  25.3046 354.3422  4.28522538 41937
1 45497U 10041AT  21061.41726328  .00000517  00000-0  53132-3 0  9998
2 45497  64.8288  72.2146 5764214  25.3046 354.3422  4.28522538 41937
1 45497U 10041AT  21062.11734532  .00000540  00000-0  57432-3 0  9995
2 45497  64.8258  71.9447 5764318  25.2701 354.3456  4.28523569 41961
1 45497U 10041AT  21063.28414754  .00000571  00000-0  61669-3 0  9996
2 45497  64.8260  71.5011 5764373  25.2235 354.3523  4.28525281 42015
1 45497U 10041AT  21063.28414754  .00000571  00000-0  61669-3 0  9996
2 45497  64.8260  71.5011 5764373  25.2235 354.3523  4.28525281 42015
1 45497U 10041AT  21070.98495474  .00000641  00000-0  53940-3 0  9990
2 45497  64.8297  68.5771 5764517  24.9223 354.4059  4.28533926 42343
1 45497U 10041AT  21070.98495474  .00000641  00000-0  53940-3 0  9990
2 45497  64.8297  68.5771 5764517  24.9223 354.4059  4.28533926 42343
1 45497U 10041AT  21071.45166391  .00000649  00000-0  55793-3 0  9992
2 45497  64.8315  68.4012 5764676  24.9028 354.4061  4.28534467 42366
1 45497U 10041AT  21074.95194935  .00000753  00000-0  78328-3 0  9990
2 45497  64.8297  67.0711 5764597  24.7637 354.4098  4.28540866 42519
1 45497U 10041AT  21074.95194935  .00000753  00000-0  78328-3 0  9990
2 45497  64.8297  67.0711 5764597  24.7637 354.4098  4.28540866 42519
1 45497U 10041AT  21077.05210465  .00000538  00000-0  61109-3 0  9991
2 45497  64.8279  66.2725 5764473  24.6805 354.4247  4.28544126 42603
1 45497U 10041AT  21077.05210465  .00000538  00000-0  61109-3 0  9991
2 45497  64.8279  66.2725 5764473  24.6805 354.4247  4.28544126 42603
1 45497U 10041AT  21078.21885525  .00000636  00000-0  68259-3 0  9997
2 45497  64.8296  65.8299 5764539  24.6342 354.4374  4.28545859 42652
1 45497U 10041AT  21078.21885525  .00000636  00000-0  68259-3 0  9997
2 45497  64.8296  65.8299 5764539  24.6342 354.4374  4.28545859 42652
1 45497U 10041AT  21078.91890393  .00000608  00000-0  63443-3 0  9992
2 45497  64.8294  65.5641 5764540  24.6056 354.4459  4.28546680 42682
1 45497U 10041AT  21081.01903532  .00000948  00000-0  85668-3 0  9997
2 45497  64.8294  64.7665 5764544  24.5217 354.4706  4.28550990 42775
1 45497U 10041AT  21081.01903532  .00000948  00000-0  85668-3 0  9997
2 45497  64.8294  64.7665 5764544  24.5217 354.4706  4.28550990 42775
1 45497U 10041AT  21085.91924781  .00001195  00000-0  10707-2 0  9995
2 45497  64.8304  62.9062 5764454  24.3244 354.4912  4.28560413 42989
1 45497U 10041AT  21085.91924781  .00001195  00000-0  10707-2 0  9995
2 45497  64.8304  62.9062 5764454  24.3244 354.4912  4.28560413 42989
1 45497U 10041AT  21086.38592738  .00001137  00000-0  10378-2 0  9990
2 45497  64.8301  62.7286 5764455  24.3077 354.4904  4.28561287 43002
1 45497U 10041AT  21086.38592738  .00001137  00000-0  10378-2 0  9990
2 45497  64.8301  62.7286 5764455  24.3077 354.4904  4.28561287 43002
1 45497U 10041AT  21093.38605126  .00000906  00000-0  85468-3 0  9990
2 45497  64.8294  60.0699 5764314  24.0300 354.5447  4.28573365 43308
1 45497U 10041AT  21093.38605126  .00000906  00000-0  85468-3 0  9990
2 45497  64.8294  60.0699 5764314  24.0300 354.5447  4.28573365 43308
1 45497U 10041AT  21094.31938852  .00000888  00000-0  80985-3 0  9997
2 45497  64.8305  59.7161 5764290  23.9933 354.5550  4.28574896 43342
1 45497U 10041AT  21100.15265307  .00000651  00000-0  70513-3 0  9999
2 45497  64.8304  57.5003 5764120  23.7590 354.5810  4.28583156 43596
1 45497U 10041AT  21100.15265307  .00000651  00000-0  70513-3 0  9999
2 45497  64.8304  57.5003 5764120  23.7590 354.5810  4.28583156 43596
1 45497U 10041AT  21102.25260231  .00000596  00000-0  72345-3 0  9996
2 45497  64.8299  56.7025 5764022  23.6733 354.5976  4.28586736 43683
1 45497U 10041AT  21102.95258318  .00000672  00000-0  80354-3 0  9990
2 45497  64.8298  56.4366 5763974  23.6443 354.6060  4.28588080 43713
1 45497U 10041AT  21102.95258318  .00000672  00000-0  80354-3 0  9990
2 45497  64.8298  56.4366 5763974  23.6443 354.6060  4.28588080 43713
1 45497U 10041AT  21111.11887295  .00001138  00000-0  10716-2 0  9992
2 45497  64.8303  53.3350 5763618  23.3066 354.7170  4.28605164 44067
1 45497U 10041AT  21111.11887295  .00001138  00000-0  10716-2 0  9992
2 45497  64.8303  53.3350 5763618  23.3066 354.7170  4.28605164 44067
1 45497U 10041AT  21111.81882054  .00001132  00000-0  10856-2 0  9996
2 45497  64.8293  53.0693 5763565  23.2763 354.7212  4.28606763 44092
1 45497U 10041AT  21113.21870642  .00000956  00000-0  97791-3 0  9999
2 45497  64.8286  52.5371 5763482  23.2185 354.7277  4.28609749 44152
1 45497U 10041AT  21113.21870642  .00000956  00000-0  97791-3 0  9999
2 45497  64.8286  52.5371 5763482  23.2185 354.7277  4.28609749 44152
1 45497U 10041AT  21115.08520778  .00000732  00000-0  84464-3 0  9993
2 45497  64.8290  51.8282 5763397  23.1422 354.7396  4.28613613 44234
1 45497U 10041AT  21115.08520778  .00000732  00000-0  84464-3 0  9993
2 45497  64.8290  51.8282 5763397  23.1422 354.7396  4.28613613 44234
1 45497U 10041AT  21126.05062457  .00000490  00000-0  61839-3 0  9999
2 45497  64.8283  47.6614 5762953  22.6898 354.8781  4.28633655 44705
1 45497U 10041AT  21128.85023322  .00000472  00000-0  69330-3 0  9991
2 45497  64.8246  46.5971 5762760  22.5576 354.9136  4.28636898 44826
1 45497U 10041AT  21128.85023322  .00000472  00000-0  69330-3 0  9991
2 45497  64.8246  46.5971 5762760  22.5576 354.9136  4.28636898 44826
1 45497U 10041AT  21131.18322956  .00000446  00000-0  65853-3 0  9993
2 45497  64.8184  45.7095 5762657  22.4540 354.9567  4.28640447 44924
1 45497U 10041AT  21131.18322956  .00000446  00000-0  65853-3 0  9993
2 45497  64.8184  45.7095 5762657  22.4540 354.9567  4.28640447 44924
1 45497U 10041AT  21134.21610337  .00000682  00000-0  76982-3 0  9990
2 45497  64.8278  44.5596 5762665  22.3374 355.0142  4.28644792 45057
1 45497U 10041AT  21134.21610337  .00000682  00000-0  76982-3 0  9990
2 45497  64.8278  44.5596 5762665  22.3374 355.0142  4.28644792 45057
1 45497U 10041AT  21138.18209581  .00000672  00000-0  71687-3 0  9991
2 45497  64.8293  43.0535 5762624  22.1688 355.0667  4.28651383 45227
1 45497U 10041AT  21138.18209581  .00000672  00000-0  71687-3 0  9991
2 45497  64.8293  43.0535 5762624  22.1688 355.0667  4.28651383 45227
1 45497U 10041AT  21139.81512695  .00000609  00000-0  71238-3 0  9997
2 45497  64.8299  42.4333 5762605  22.1000 355.0789  4.28654335 45291
1 45497U 10041AT  21139.81512695  .00000609  00000-0  71238-3 0  9997
2 45497  64.8299  42.4333 5762605  22.1000 355.0789  4.28654335 45291
1 45497U 10041AT  21140.28170605  .00000555  00000-0  67937-3 0  9992
2 45497  64.8290  42.2553 5762592  22.0794 355.0827  4.28654850 45316
1 45497U 10041AT  21143.78103221  .00000277  00000-0  47030-3 0  9993
2 45497  64.8297  40.9257 5762614  21.9314 355.1259  4.28659833 45462
1 45497U 10041AT  21143.78103221  .00000277  00000-0  47030-3 0  9993
2 45497  64.8297  40.9257 5762614  21.9314 355.1259  4.28659833 45462
1 45497U 10041AT  21144.24760878  .00000411  00000-0  58655-3 0  9997
2 45497  64.8297  40.7484 5762618  21.9116 355.1345  4.28660580 45485
1 45497U 10041AT  21144.24760878  .00000411  00000-0  58655-3 0  9997
2 45497  64.8297  40.7484 5762618  21.9116 355.1345  4.28660580 45485
1 45497U 10041AT  21148.21348344  .00000778  00000-0  80349-3 0  9999
2 45497  64.8308  39.2412 5762679  21.7459 355.2052  4.28665597 45655
1 45497U 10041AT  21148.21348344  .00000778  00000-0  80349-3 0  9999
2 45497  64.8308  39.2412 5762679  21.7459 355.2052  4.28665597 45655
1 45497U 10041AT  21150.77959083  .00000504  00000-0  56917-3 0  9992
2 45497  64.8314  38.2662 5762717  21.6388 355.2286  4.28669473 45769
1 45497U 10041AT  21150.77959083  .00000504  00000-0  56917-3 0  9992
2 45497  64.8314  38.2662 5762717  21.6388 355.2286  4.28669473 45769
1 45497U 10041AT  21153.11239673  .00000385  00000-0  54394-3 0  9993
2 45497  64.8319  37.3797 5762763  21.5402 355.2443  4.28672261 45865
1 45497U 10041AT  21153.11239673  .00000385  00000-0  54394-3 0  9993
2 45497  64.8319  37.3797 5762763  21.5402 355.2443  4.28672261 45865
1 45497U 10041AT  21157.07815418  .00000295  00000-0  51103-3 0  9994
2 45497  64.8328  35.8726 5762860  21.3720 355.2969  4.28676120 46030
1 45497U 10041AT  21157.07815418  .00000295  00000-0  51103-3 0  9994
2 45497  64.8328  35.8726 5762860  21.3720 355.2969  4.28676120 46030
1 45497U 10041AT  21158.94438532  .00000278  00000-0  43857-3 0  9997
2 45497  64.8338  35.1637 5762999  21.2890 355.3319  4.28677869 46115
1 45497U 10041AT  21158.94438532  .00000278  00000-0  43857-3 0  9997
2 45497  64.8338  35.1637 5762999  21.2890 355.3319  4.28677869 46115
1 45497U 10041AT  21161.74371027  .00000400  00000-0  44451-3 0  9992
2 45497  64.8365  34.1030 5762965  21.1766 355.3757  4.28681303 46232
1 45497U 10041AT  21161.74371027  .00000400  00000-0  44451-3 0  9992
2 45497  64.8365  34.1030 5762965  21.1766 355.3757  4.28681303 46232
1 45497U 10041AT  21163.60990967  .00000406  00000-0  41987-3 0  9996
2 45497  64.8374  33.3929 5763175  21.0963 355.3961  4.28682948 46314
1 45497U 10041AT  21163.60990967  .00000406  00000-0  41987-3 0  9996
2 45497  64.8374  33.3929 5763175  21.0963 355.3961  4.28682948 46314
1 45497U 10041AT  21164.07645718  .00000400  00000-0  41602-3 0  9997
2 45497  64.8371  33.2159 5763174  21.0769 355.3996  4.28683458 46335
1 45497U 10041AT  21165.00954928  .00000391  00000-0  42312-3 0  9995
2 45497  64.8375  32.8614 5763244  21.0372 355.4053  4.28684556 46377
1 45497U 10041AT  21165.00954928  .00000391  00000-0  42312-3 0  9995
2 45497  64.8375  32.8614 5763244  21.0372 355.4053  4.28684556 46377
1 45497U 10041AT  21165.70936693  .00000343  00000-0  39624-3 0  9990
2 45497  64.8388  32.5961 5763322  21.0085 355.4086  4.28685140 46401
1 45497U 10041AT  21166.64245557  .00000278  00000-0  36673-3 0  9994
2 45497  64.8386  32.2417 5763400  20.9683 355.4130  4.28685931 46443
1 45497U 10041AT  21166.64245557  .00000278  00000-0  36673-3 0  9994
2 45497  64.8386  32.2417 5763400  20.9683 355.4130  4.28685931 46443
1 45497U 10041AT  21174.57367160  .00000421  00000-0  39952-3 0  9993
2 45497  64.8410  29.2288 5763833  20.6433 355.5021  4.28693193 46789
1 45497U 10041AT  21174.57367160  .00000421  00000-0  39952-3 0  9993
2 45497  64.8410  29.2288 5763833  20.6433 355.5021  4.28693193 46789
1 45497U 10041AT  21176.67308345  .00000437  00000-0  41341-3 0  9998
2 45497  64.8414  28.4309 5763988  20.5572 355.5145  4.28695069 46873
1 45497U 10041AT  21177.83941598  .00000392  00000-0  40446-3 0  9995
2 45497  64.8395  27.9859 5764179  20.5041 355.5180  4.28696143 46928
1 45497U 10041AT  21177.83941598  .00000392  00000-0  40446-3 0  9995
2 45497  64.8395  27.9859 5764179  20.5041 355.5180  4.28696143 46928
1 45497U 10041AT  21184.83737835  .00000303  00000-0  40592-3 0  9994
2 45497  64.8406  25.3278 5764690  20.2158 355.5705  4.28702462 47221
1 45497U 10041AT  21184.83737835  .00000303  00000-0  40592-3 0  9994
2 45497  64.8406  25.3278 5764690  20.2158 355.5705  4.28702462 47221
1 45497U 10041AT  21186.93675368  .00000348  00000-0  36819-3 0  9995
2 45497  64.8404  24.5303 5764845  20.1285 355.5976  4.28704298 47310
1 45497U 10041AT  21188.80285345  .00000328  00000-0  29251-3 0  9995
2 45497  64.8409  23.8215 5764997  20.0518 355.6151  4.28705558 47399
1 45497U 10041AT  21188.80285345  .00000328  00000-0  29251-3 0  9995
2 45497  64.8409  23.8215 5764997  20.0518 355.6151  4.28705558 47399
1 45497U 10041AT  21189.03611554  .00000318  00000-0  27905-3 0  9999
2 45497  64.8419  23.7328 5765062  20.0426 355.6166  4.28705673 47402
1 45497U 10041AT  21192.53502583  .00000184  00000-0  19303-3 0  9993
2 45497  64.8415  22.4039 5765323  19.8995 355.6258  4.28707465 47559
1 45497U 10041AT  21192.53502583  .00000184  00000-0  19303-3 0  9993
2 45497  64.8415  22.4039 5765323  19.8995 355.6258  4.28707465 47559
1 45497U 10041AT  21198.59979346  .00000146  00000-0  17592-3 0  9996
2 45497  64.8402  20.0982 5765707  19.6561 355.6601  4.28709680 47811
1 45497U 10041AT  21198.59979346  .00000146  00000-0  17592-3 0  9996
2 45497  64.8402  20.0982 5765707  19.6561 355.6601  4.28709680 47811
1 45497U 10041AT  21207.46360477  .00000137  00000-0  23556-3 0  9999
2 45497  64.8373  16.7290 5766327  19.3011 355.6912  4.28714193 48190
1 45497U 10041AT  21216.79386926  .00000134  00000-0  10295-3 0  9995
2 45497  64.8333  13.1828 5766815  18.9208 355.7745  4.28717421 48595
1 45497U 10041AT  21216.79386926  .00000134  00000-0  10295-3 0  9995
2 45497  64.8333  13.1828 5766815  18.9208 355.7745  4.28717421 48595
1 45497U 10041AT  21218.42665338  .00000060  00000-0  67137-4 0  9990
2 45497  64.8302  12.5601 5766880  18.8555 355.7777  4.28717445 48668
1 45497U 10041AT  21218.42665338  .00000060  00000-0  67137-4 0  9990
2 45497  64.8302  12.5601 5766880  18.8555 355.7777  4.28717445 48668
1 45497U 10041AT  21221.69221870 -.00000026  00000-0  86160-4 0  9992
2 45497  64.8291  11.3191 5767051  18.7224 355.7856  4.28718168 48806
1 45497U 10041AT  21221.69221870 -.00000026  00000-0  86160-4 0  9992
2 45497  64.8291  11.3191 5767051  18.7224 355.7856  4.28718168 48806
1 45497U 10041AT  21222.39198381 -.00000061  00000-0  62954-4 0  9994
2 45497  64.8286  11.0528 5767075  18.6942 355.7900  4.28718204 48837
1 45497U 10041AT  21224.49128352 -.00000041  00000-0  51565-4 0  9992
2 45497  64.8279  10.2546 5767147  18.6100 355.8115  4.28718491 48923
1 45497U 10041AT  21224.49128352 -.00000041  00000-0  51565-4 0  9992
2 45497  64.8279  10.2546 5767147  18.6100 355.8115  4.28718491 48923
1 45497U 10041AT  21228.45662654  .00000124  00000-0  86102-4 0  9996
2 45497  64.8276   8.7474 5767305  18.4498 355.8567  4.28719141 49099
1 45497U 10041AT  21228.45662654  .00000124  00000-0  86102-4 0  9996
2 45497  64.8276   8.7474 5767305  18.4498 355.8567  4.28719141 49099
1 45497U 10041AT  21228.92313539  .00000128  00000-0  90574-4 0  9995
2 45497  64.8250   8.5683 5767315  18.4305 355.8595  4.28719220 49111
1 45497U 10041AT  21229.85615103  .00000141  00000-0  11669-3 0  9992
2 45497  64.8226   8.2123 5767341  18.3921 355.8631  4.28719599 49156
1 45497U 10041AT  21229.85615103  .00000141  00000-0  11669-3 0  9992
2 45497  64.8226   8.2123 5767341  18.3921 355.8631  4.28719599 49156
1 45497U 10041AT  21233.35495043  .00000042  00000-0  16626-3 0  9999
2 45497  64.8194   6.8802 5767427  18.2499 355.8702  4.28720833 49301
1 45497U 10041AT  21233.35495043  .00000042  00000-0  16626-3 0  9999
2 45497  64.8194   6.8802 5767427  18.2499 355.8702  4.28720833 49301
1 45497U 10041AT  21241.75206550  .00000512  00000-0  49213-3 0  9995
2 45497  64.8123   3.6822 5767510  17.9017 355.9776  4.28726983 49668
1 45497U 10041AT  21241.75206550  .00000512  00000-0  49213-3 0  9995
2 45497  64.8123   3.6822 5767510  17.9017 355.9776  4.28726983 49668
1 45497U 10041AT  21243.61807555  .00000348  00000-0  35051-3 0  9996
2 45497  64.8111   2.9719 5767594  17.8233 355.9945  4.28727000 49741
1 45497U 10041AT  21244.31782676  .00000293  00000-0  31479-3 0  9999
2 45497  64.8105   2.7055 5767606  17.7943 355.9993  4.28727225 49771
1 45497U 10041AT  21247.58331822  .00000071  00000-0  21687-3 0  9998
2 45497  64.8075   1.4615 5767698  17.6591 356.0210  4.28728878 49919
1 45497U 10041AT  21247.58331822  .00000071  00000-0  21687-3 0  9998
2 45497  64.8075   1.4615 5767698  17.6591 356.0210  4.28728878 49919
1 45497U 10041AT  21248.28306618  .00000039  00000-0  20278-3 0  9990
2 45497  64.8070   1.1949 5767709  17.6301 356.0276  4.28729223 49943
1 45497U 10041AT  21255.28053249  .00000373  00000-0  35339-3 0  9992
2 45497  64.7998 358.5268 5767917  17.3387 356.1336  4.28733999 50244
1 45497U 10041AT  21255.28053249  .00000373  00000-0  35339-3 0  9992
2 45497  64.7998 358.5268 5767917  17.3387 356.1336  4.28733999 50244
1 45497U 10041AT  21257.37974495  .00000324  00000-0  35329-3 0  9994
2 45497  64.7979 357.7261 5768020  17.2524 356.1497  4.28735663 50333
1 45497U 10041AT  21257.37974495  .00000324  00000-0  35329-3 0  9994
2 45497  64.7979 357.7261 5768020  17.2524 356.1497  4.28735663 50333
1 45497U 10041AT  21262.27788014  .00000019  00000-0  23361-3 0  9993
2 45497  64.7964 355.8597 5768186  17.0438 356.1967  4.28738970 50542
1 45497U 10041AT  21262.27788014  .00000019  00000-0  23361-3 0  9993
2 45497  64.7964 355.8597 5768186  17.0438 356.1967  4.28738970 50542
1 45497U 10041AT  21265.54330092  .00000272  00000-0  38442-3 0  9992
2 45497  64.7913 354.6113 5768296  16.9093 356.2567  4.28742055 50685
1 45497U 10041AT  21265.54330092  .00000272  00000-0  38442-3 0  9992
2 45497  64.7913 354.6113 5768296  16.9093 356.2567  4.28742055 50685
1 45497U 10041AT  21266.24303112  .00000322  00000-0  40628-3 0  9998
2 45497  64.7918 354.3447 5768324  16.8816 356.2691  4.28742740 50714
1 45497U 10041AT  21268.34221095  .00000527  00000-0  53552-3 0  9997
2 45497  64.7911 353.5438 5768441  16.7905 356.3028  4.28745325 50803
1 45497U 10041AT  21268.34221095  .00000527  00000-0  53552-3 0  9997
2 45497  64.7911 353.5438 5768441  16.7905 356.3028  4.28745325 50803
1 45497U 10041AT  21277.20524879  .00000537  00000-0  61617-3 0  9990
2 45497  64.7840 350.1594 5769131  16.4120 356.4076  4.28756751 51184
1 45497U 10041AT  21277.20524879  .00000537  00000-0  61617-3 0  9990
2 45497  64.7840 350.1594 5769131  16.4120 356.4076  4.28756751 51184
1 45497U 10041AT  21279.30436369  .00000520  00000-0  52528-3 0  9992
2 45497  64.7811 349.3566 5769369  16.3200 356.4476  4.28758891 51273
1 45497U 10041AT  21279.30436369  .00000520  00000-0  52528-3 0  9992
2 45497  64.7811 349.3566 5769369  16.3200 356.4476  4.28758891 51273
1 45497U 10041AT  21281.17022781  .00000893  00000-0  77626-3 0  9998
2 45497  64.7788 348.6428 5769597  16.2427 356.4780  4.28762394 51358
1 45497U 10041AT  21281.17022781  .00000893  00000-0  77626-3 0  9998
2 45497  64.7788 348.6428 5769597  16.2427 356.4780  4.28762394 51358
1 45497U 10041AT  21283.26929832  .00000892  00000-0  78074-3 0  9990
2 45497  64.7810 347.8414 5769706  16.1661 356.4968  4.28766301 51441
1 45497U 10041AT  21283.26929832  .00000892  00000-0  78074-3 0  9990
2 45497  64.7810 347.8414 5769706  16.1661 356.4968  4.28766301 51441
1 45497U 10041AT  21285.13512175  .00000759  00000-0  72837-3 0  9999
2 45497  64.7795 347.1276 5769940  16.0892 356.5073  4.28768843 51527
1 45497U 10041AT  21285.13512175  .00000759  00000-0  72837-3 0  9999
2 45497  64.7795 347.1276 5769940  16.0892 356.5073  4.28768843 51527
1 45497U 10041AT  21288.16705786  .00000690  00000-0  74294-3 0  9990
2 45497  64.7779 345.9695 5770387  15.9600 356.5344  4.28774247 51652
1 45497U 10041AT  21288.16705786  .00000690  00000-0  74294-3 0  9990
2 45497  64.7779 345.9695 5770387  15.9600 356.5344  4.28774247 51652
1 45497U 10041AT  21291.43219601  .00000823  00000-0  79430-3 0  9995
2 45497  64.7763 344.7213 5770826  15.8212 356.5877  4.28779885 51793
1 45497U 10041AT  21291.43219601  .00000823  00000-0  79430-3 0  9995
2 45497  64.7763 344.7213 5770826  15.8212 356.5877  4.28779885 51793
1 45497U 10041AT  21292.13186352  .00000882  00000-0  81970-3 0  9996
2 45497  64.7759 344.4540 5770914  15.7927 356.5994  4.28781116 51822
1 45497U 10041AT  21294.23084657  .00000747  00000-0  65567-3 0  9998
2 45497  64.7767 343.6524 5771217  15.7049 356.6299  4.28784887 51913
1 45497U 10041AT  21294.23084657  .00000747  00000-0  65567-3 0  9998
2 45497  64.7767 343.6524 5771217  15.7049 356.6299  4.28784887 51913
1 45497U 10041AT  21295.39693911  .00000744  00000-0  63846-3 0  9990
2 45497  64.7741 343.2055 5771365  15.6582 356.6422  4.28786682 51963
1 45497U 10041AT  21295.39693911  .00000744  00000-0  63846-3 0  9990
2 45497  64.7741 343.2055 5771365  15.6582 356.6422  4.28786682 51963
1 45497U 10041AT  21306.35794671  .00001628  00000-0  12680-2 0  9995
2 45497  64.7599 339.0099 5773093  15.2319 356.7436  4.28809538 52434
1 45497U 10041AT  21306.35794671  .00001628  00000-0  12680-2 0  9995
2 45497  64.7599 339.0099 5773093  15.2319 356.7436  4.28809538 52434
1 45497U 10041AT  21307.05756386  .00001803  00000-0  13771-2 0  9991
2 45497  64.7627 338.7432 5773234  15.1961 356.7539  4.28812066 52469
1 45497U 10041AT  21309.15638920  .00001865  00000-0  13881-2 0  9997
2 45497  64.7606 337.9394 5773677  15.1137 356.7704  4.28817810 52556
1 45497U 10041AT  21309.15638920  .00001865  00000-0  13881-2 0  9997
2 45497  64.7606 337.9394 5773677  15.1137 356.7704  4.28817810 52556
1 45497U 10041AT  21313.35393248  .00000941  00000-0  78284-3 0  9998
2 45497  64.7642 336.3325 5774589  14.9413 356.7793  4.28827882 52738
1 45497U 10041AT  21313.35393248  .00000941  00000-0  78284-3 0  9998
2 45497  64.7642 336.3325 5774589  14.9413 356.7793  4.28827882 52738
1 45497U 10041AT  21316.15226194  .00001108  00000-0  91207-3 0  9990
2 45497  64.7701 335.2640 5775102  14.8321 356.8001  4.28833376 52852
1 45497U 10041AT  21316.15226194  .00001108  00000-0  91207-3 0  9990
2 45497  64.7701 335.2640 5775102  14.8321 356.8001  4.28833376 52852
1 45497U 10041AT  21317.31822370  .00000785  00000-0  64666-3 0  9996
2 45497  64.7712 334.8179 5775312  14.7839 356.8142  4.28835282 52902
1 45497U 10041AT  21317.31822370  .00000785  00000-0  64666-3 0  9996
2 45497  64.7712 334.8179 5775312  14.7839 356.8142  4.28835282 52902
1 45497U 10041AT  21325.01341553  .00000974  00000-0  72021-3 0  9995
2 45497  64.7618 331.8701 5776579  14.4812 356.8629  4.28848652 53231
1 45497U 10041AT  21325.01341553  .00000974  00000-0  72021-3 0  9995
2 45497  64.7618 331.8701 5776579  14.4812 356.8629  4.28848652 53231
1 45497U 10041AT  21325.01341565  .00000854  00000-0  63144-3 0  9991
2 45497  64.7641 331.8709 5776757  14.4767 356.8641  4.28848502 53230
1 45497U 10041AT  21325.01341565  .00000854  00000-0  63144-3 0  9991
2 45497  64.7641 331.8709 5776757  14.4767 356.8641  4.28848502 53230
1 45497U 10041AT  21335.27322871  .00001869  00000-0  12240-2 0  9996
2 45497  64.7553 327.9402 5778377  14.0759 356.9333  4.28874376 53670
1 45497U 10041AT  21335.27322871  .00001869  00000-0  12240-2 0  9996
2 45497  64.7553 327.9402 5778377  14.0759 356.9333  4.28874376 53670
1 45497U 10041AT  21335.27322899  .00001654  00000-0  10743-2 0  9994
2 45497  64.7553 327.9402 5778382  14.0760 356.9332  4.28873819 53678
1 45497U 10041AT  21335.27322899  .00001654  00000-0  10743-2 0  9994
2 45497  64.7553 327.9402 5778382  14.0760 356.9332  4.28873819 53678
1 45497U 10041AT  21346.93126971  .00001048  00000-0  67697-3 0  9990
2 45497  64.7365 323.4659 5780447  13.6358 356.9861  4.28903845 54173
1 45497U 10041AT  21346.93126971  .00001048  00000-0  67697-3 0  9990
2 45497  64.7365 323.4659 5780447  13.6358 356.9861  4.28903845 54173
1 45497U 10041AT  21352.99311585  .00002219  00000-0  15046-2 0  9991
2 45497  64.7208 321.1346 5781317  13.4182 357.0034  4.28925930 54439
1 45497U 10041AT  21353.92567636  .00002644  00000-0  17935-2 0  9996
2 45497  64.7182 320.7757 5781421  13.3862 357.0072  4.28931503 54470
1 45497U 10041AT  21353.92567636  .00002644  00000-0  17935-2 0  9996
2 45497  64.7182 320.7757 5781421  13.3862 357.0072  4.28931503 54470
1 45497U 10041AT  21359.28766041  .00003580  00000-0  22885-2 0  9992
2 45497  64.7120 318.7152 5782051  13.1685 357.0651  4.28967609 54704
1 45497U 10041AT  21359.28766041  .00003580  00000-0  22885-2 0  9992
2 45497  64.7120 318.7152 5782051  13.1685 357.0651  4.28967609 54704
1 45497U 10041AT  21359.98701608  .00003959  00000-0  24991-2 0  9997
2 45497  64.7105 318.4453 5782283  13.1434 357.0727  4.28973348 54731
1 45497U 10041AT  21359.98701608  .00003959  00000-0  24991-2 0  9997
2 45497  64.7105 318.4453 5782283  13.1434 357.0727  4.28973348 54731
1 45497U 10041AT  21359.98701661  .00004132  00000-0  26091-2 0  9993
2 45497  64.7106 318.4453 5782279  13.1438 357.0726  4.28973250 54732
1 45497U 10041AT  21359.98701661  .00004132  00000-0  26091-2 0  9993
2 45497  64.7106 318.4453 5782279  13.1438 357.0726  4.28973250 54732
1 45497U 10041AT  22007.10804882  .00001476  00000-0  92919-3 0  9998
2 45497  64.6923 313.7779 5784173  12.6632 357.1716  4.29039640 55257
1 45497U 10041AT  22007.10804882  .00001476  00000-0  92919-3 0  9998
2 45497  64.6923 313.7779 5784173  12.6632 357.1716  4.29039640 55257
1 45497U 10041AT  22007.10804907  .00001469  00000-0  92475-3 0  9995
2 45497  64.6922 313.7779 5784178  12.6634 357.1716  4.29039038 55254
1 45497U 10041AT  22007.10804907  .00001469  00000-0  92475-3 0  9995
2 45497  64.6922 313.7779 5784178  12.6634 357.1716  4.29039038 55254
1 45497U 10041AT  22016.89684465  .00005084  00000-0  31259-2 0  9995
2 45497  64.6776 310.0058 5785185  12.2825 357.2619  4.29100100 55676
1 45497U 10041AT  22016.89684465  .00005084  00000-0  31259-2 0  9995
2 45497  64.6776 310.0058 5785185  12.2825 357.2619  4.29100100 55676
1 45497U 10041AT  22020.85852532  .00003898  00000-0  23109-2 0  9994
2 45497  64.6767 308.4798 5785621  12.1207 357.3261  4.29130117 55840
1 45497U 10041AT  22020.85852532  .00003898  00000-0  23109-2 0  9994
2 45497  64.6767 308.4798 5785621  12.1207 357.3261  4.29130117 55840
1 45497U 10041AT  22023.18880053  .00003736  00000-0  21622-2 0  9991
2 45497  64.6597 307.5739 5785824  12.0300 357.3575  4.29144356 55943
1 45497U 10041AT  22023.18880053  .00003736  00000-0  21622-2 0  9991
2 45497  64.6597 307.5739 5785824  12.0300 357.3575  4.29144356 55943
1 45497U 10041AT  22027.84909289  .00004316  00000-0  23058-2 0  9991
2 45497  64.6285 305.7156 5791475  11.6927 357.4313  4.29177575 56142
1 45497U 10041AT  22027.84909289  .00004316  00000-0  23058-2 0  9991
2 45497  64.6285 305.7156 5791475  11.6927 357.4313  4.29177575 56142
1 45497U 10041AT  22027.84909292  .00003822  00000-0  20511-2 0  9997
2 45497  64.6285 305.7156 5791474  11.6929 357.4313  4.29177009 56145
1 45497U 10041AT  22027.84909292  .00003822  00000-0  20511-2 0  9997
2 45497  64.6285 305.7156 5791474  11.6929 357.4313  4.29177009 56145
1 45497U 10041AT  22036.70257680  .00004368  00000-0  24064-2 0  9992
2 45497  64.6490 302.3496 5788130  11.4945 357.5136  4.29255563 56522
1 45497U 10041AT  22036.70257680  .00004368  00000-0  24064-2 0  9992
2 45497  64.6490 302.3496 5788130  11.4945 357.5136  4.29255563 56522
1 45497U 10041AT  22038.79919690  .00004944  00000-0  27170-2 0  9990
2 45497  64.6497 301.5411 5788698  11.4014 357.5338  4.29274712 56614
1 45497U 10041AT  22038.79919690  .00004944  00000-0  27170-2 0  9990
2 45497  64.6497 301.5411 5788698  11.4014 357.5338  4.29274712 56614
1 45497U 10041AT  22038.79919699  .00004794  00000-0  26357-2 0  9998
2 45497  64.6497 301.5411 5788700  11.4013 357.5338  4.29274506 56618
1 45497U 10041AT  22038.79919699  .00004794  00000-0  26357-2 0  9998
2 45497  64.6497 301.5411 5788700  11.4013 357.5338  4.29274506 56618
1 45497U 10041AT  22043.69095394  .00004414  00000-0  24259-2 0  9998
2 45497  64.6509 299.6495 5789562  11.2027 357.5898  4.29322006 56824
1 45497U 10041AT  22043.69095394  .00004414  00000-0  24259-2 0  9998
2 45497  64.6509 299.6495 5789562  11.2027 357.5898  4.29322006 56824
1 45497U 10041AT  22043.69095400  .00004151  00000-0  22878-2 0  9999
2 45497  64.6510 299.6495 5789559  11.2030 357.5898  4.29321594 56827
1 45497U 10041AT  22043.69095400  .00004151  00000-0  22878-2 0  9999
2 45497  64.6510 299.6495 5789559  11.2030 357.5898  4.29321594 56827
1 45497U 10041AT  22052.77431891  .00004107  00000-0  21125-2 0  9991
2 45497  64.6474 296.1306 5790448  10.8943 357.6878  4.29393624 57212
1 45497U 10041AT  22052.77431891  .00004107  00000-0  21125-2 0  9991
2 45497  64.6474 296.1306 5790448  10.8943 357.6878  4.29393624 57212
1 45497U 10041AT  22053.93874087  .00002919  00000-0  15168-2 0  9997
2 45497  64.6401 295.6734 5790894  10.8409 357.6957  4.29402448 57261
1 45497U 10041AT  22053.93874087  .00002919  00000-0  15168-2 0  9997
2 45497  64.6401 295.6734 5790894  10.8409 357.6957  4.29402448 57261
1 45497U 10041AT  22054.63738410  .00002201  00000-0  11615-2 0  9991
2 45497  64.6398 295.4024 5791053  10.8134 357.7002  4.29406570 57294
1 45497U 10041AT  22056.73327812  .00004144  00000-0  21240-2 0  9997
2 45497  64.6377 294.5888 5791495  10.7380 357.7192  4.29421937 57385
1 45497U 10041AT  22056.73327812  .00004144  00000-0  21240-2 0  9997
2 45497  64.6377 294.5888 5791495  10.7380 357.7192  4.29421937 57385
1 45497U 10041AT  22064.65045931  .00003872  00000-0  18413-2 0  9991
2 45497  64.6335 291.5133 5793261  10.4413 357.7955  4.29477448 57729
1 45497U 10041AT  22064.65045931  .00003872  00000-0  18413-2 0  9991
2 45497  64.6335 291.5133 5793261  10.4413 357.7955  4.29477448 57729
1 45497U 10041AT  22069.07425050  .00002598  00000-0  12702-2 0  9995
2 45497  64.6260 289.7900 5794092  10.2795 357.8208  4.29514443 57911
1 45497U 10041AT  22069.07425050  .00002598  00000-0  12702-2 0  9995
2 45497  64.6260 289.7900 5794092  10.2795 357.8208  4.29514443 57911
1 45497U 10041AT  22070.70398301  .00005474  00000-0  25790-2 0  9992
2 45497  64.6251 289.1562 5794422  10.2164 357.8383  4.29529504 57981
1 45497U 10041AT  22070.70398301  .00005474  00000-0  25790-2 0  9992
2 45497  64.6251 289.1562 5794422  10.2164 357.8383  4.29529504 57981
1 45497U 10041AT  22072.56645506  .00003778  00000-0  17363-2 0  9992
2 45497  64.6235 288.4322 5794787  10.1467 357.8603  4.29547983 58064
1 45497U 10041AT  22072.56645506  .00003778  00000-0  17363-2 0  9992
2 45497  64.6235 288.4322 5794787  10.1467 357.8603  4.29547983 58064
1 45497U 10041AT  22074.66164558  .00004876  00000-0  21559-2 0  9990
2 45497  64.6219 287.6166 5795268  10.0649 357.8833  4.29568761 58151
1 45497U 10041AT  22074.66164558  .00004876  00000-0  21559-2 0  9990
2 45497  64.6219 287.6166 5795268  10.0649 357.8833  4.29568761 58151
1 45497U 10041AT  22082.57608847  .00003089  00000-0  13440-2 0  9998
2 45497  64.6168 284.5343 5797319   9.7760 357.9087  4.29622703 58491
1 45497U 10041AT  22082.57608847  .00003089  00000-0  13440-2 0  9998
2 45497  64.6168 284.5343 5797319   9.7760 357.9087  4.29622703 58491
1 45497U 10041AT  22085.83470908  .00003783  00000-0  15518-2 0  9994
2 45497  64.6109 283.2621 5798194   9.6558 357.9374  4.29644577 58635
1 45497U 10041AT  22086.53296028  .00003116  00000-0  12542-2 0  9995
2 45497  64.6108 282.9911 5798259   9.6362 357.9420  4.29649110 58660
1 45497U 10041AT  22086.53296028  .00003116  00000-0  12542-2 0  9995
2 45497  64.6108 282.9911 5798259   9.6362 357.9420  4.29649110 58660
1 45497U 10041AT  22093.51483758  .00004285  00000-0  17446-2 0  9995
2 45497  64.6126 280.2740 5799469   9.4046 357.9538  4.29723871 58962
1 45497U 10041AT  22097.47069592  .00004251  00000-0  16998-2 0  9994
2 45497  64.6041 278.7284 5800330   9.2597 357.9803  4.29764222 59132
1 45497U 10041AT  22097.47069592  .00004251  00000-0  16998-2 0  9994
2 45497  64.6041 278.7284 5800330   9.2597 357.9803  4.29764222 59132
1 45497U 10041AT  22100.49552369  .00005232  00000-0  19853-2 0  9993
2 45497  64.6060 277.5501 5800961   9.1380 358.0115  4.29796231 59268
1 45497U 10041AT  22100.49552369  .00005232  00000-0  19853-2 0  9993
2 45497  64.6060 277.5501 5800961   9.1380 358.0115  4.29796231 59268
1 45497U 10041AT  22104.45073707  .00002922  00000-0  10404-2 0  9993
2 45497  64.6066 276.0102 5801942   8.9837 358.0310  4.29829304 59433
1 45497U 10041AT  22104.45073707  .00002922  00000-0  10404-2 0  9993
2 45497  64.6066 276.0102 5801942   8.9837 358.0310  4.29829304 59433
1 45497U 10041AT  22107.47508158  .00003377  00000-0  12563-2 0  9994
2 45497  64.6060 274.8305 5802563   8.8805 358.0313  4.29859131 59560
1 45497U 10041AT  22107.47508158  .00003377  00000-0  12563-2 0  9994
2 45497  64.6060 274.8305 5802563   8.8805 358.0313  4.29859131 59560
1 45497U 10041AT  22110.73188595  .00004258  00000-0  15634-2 0  9997
2 45497  64.5910 273.5504 5802990   8.8027 358.0430  4.29885377 59707
1 45497U 10041AT  22110.73188595  .00004258  00000-0  15634-2 0  9997
2 45497  64.5910 273.5504 5802990   8.8027 358.0430  4.29885377 59707
1 45497U 10041AT  22111.42974509  .00004256  00000-0  15449-2 0  9994
2 45497  64.5923 273.2797 5803047   8.7838 358.0487  4.29892044 59739
1 45497U 10041AT  22114.45366481  .00005586  00000-0  19360-2 0  9997
2 45497  64.5862 272.0957 5803691   8.6658 358.0768  4.29925927 59863
1 45497U 10041AT  22114.45366481  .00005586  00000-0  19360-2 0  9997
2 45497  64.5862 272.0957 5803691   8.6658 358.0768  4.29925927 59863
1 45497U 10041AT  22117.70992400  .00005247  00000-0  18182-2 0  9999
2 45497  64.5781 270.8199 5804329   8.5503 358.0850  4.29959706 60006
1 45497U 10041AT  22118.40765528  .00006236  00000-0  21746-2 0  9995
2 45497  64.5771 270.5472 5804408   8.5224 358.0868  4.29969787 60036
1 45497U 10041AT  22118.40765528  .00006236  00000-0  21746-2 0  9995
2 45497  64.5771 270.5472 5804408   8.5224 358.0868  4.29969787 60036
1 45497U 10041AT  22125.38424043  .00009087  00000-0  31004-2 0  9999
2 45497  64.5734 267.8210 5805232   8.2881 358.1444  4.30052287 60330
1 45497U 10041AT  22125.38424043  .00009087  00000-0  31004-2 0  9999
2 45497  64.5734 267.8210 5805232   8.2881 358.1444  4.30052287 60330
1 45497U 10041AT  22128.40707536  .00006818  00000-0  22408-2 0  9993
2 45497  64.5696 266.6376 5805729   8.1727 358.1796  4.30080562 60467
1 45497U 10041AT  22128.40707536  .00006818  00000-0  22408-2 0  9993
2 45497  64.5696 266.6376 5805729   8.1727 358.1796  4.30080562 60467
1 45497U 10041AT  22128.63959096  .00005283  00000-0  17220-2 0  9999
2 45497  64.5693 266.5456 5805852   8.1501 358.1847  4.30081921 60477
1 45497U 10041AT  22128.63959096  .00005283  00000-0  17220-2 0  9999
2 45497  64.5693 266.5456 5805852   8.1501 358.1847  4.30081921 60477
1 45497U 10041AT  22132.35969677  .00003893  00000-0  12667-2 0  9994
2 45497  64.5681 265.0907 5806588   8.0054 358.2068  4.30114422 60635
1 45497U 10041AT  22132.35969677  .00003893  00000-0  12667-2 0  9994
2 45497  64.5681 265.0907 5806588   8.0054 358.2068  4.30114422 60635
1 45497U 10041AT  22135.38203726  .00006242  00000-0  20512-2 0  9995
2 45497  64.5622 263.9044 5807080   7.8963 358.2264  4.30152080 60767
1 45497U 10041AT  22135.38203726  .00006242  00000-0  20512-2 0  9995
2 45497  64.5622 263.9044 5807080   7.8963 358.2264  4.30152080 60767
1 45497U 10041AT  22136.31193518  .00004874  00000-0  16045-2 0  9991
2 45497  64.5610 263.5400 5807257   7.8629 358.2369  4.30162296 60802
1 45497U 10041AT  22136.31193518  .00004874  00000-0  16045-2 0  9991
2 45497  64.5610 263.5400 5807257   7.8629 358.2369  4.30162296 60802
1 45497U 10041AT  22139.33391907  .00007180  00000-0  22361-2 0  9999
2 45497  64.5566 262.3552 5807705   7.7521 358.2798  4.30207743 60932
1 45497U 10041AT  22139.33391907  .00007180  00000-0  22361-2 0  9999
2 45497  64.5566 262.3552 5807705   7.7521 358.2798  4.30207743 60932
1 45497U 10041AT  22142.35555643  .00007797  00000-0  23659-2 0  9999
2 45497  64.5547 261.1697 5808021   7.6447 358.3092  4.30259880 61068
1 45497U 10041AT  22142.58797308  .00008278  00000-0  25181-2 0  9997
2 45497  64.5548 261.0787 5807955   7.6440 358.3088  4.30264607 61075
1 45497U 10041AT  22142.58797308  .00008278  00000-0  25181-2 0  9997
2 45497  64.5548 261.0787 5807955   7.6440 358.3088  4.30264607 61075
1 45497U 10041AT  22146.30639483  .00005421  00000-0  16950-2 0  9991
2 45497  64.5482 259.6174 5808334   7.5159 358.3293  4.30317128 61236
1 45497U 10041AT  22146.30639483  .00005421  00000-0  16950-2 0  9991
2 45497  64.5482 259.6174 5808334   7.5159 358.3293  4.30317128 61236
1 45497U 10041AT  22149.32729508  .00005402  00000-0  16897-2 0  9993
2 45497  64.5472 258.4319 5808723   7.3990 358.3681  4.30361864 61367
1 45497U 10041AT  22149.32729508  .00005402  00000-0  16897-2 0  9993
2 45497  64.5472 258.4319 5808723   7.3990 358.3681  4.30361864 61367
1 45497U 10041AT  22152.58025142  .00005704  00000-0  17098-2 0  9997
2 45497  64.5364 257.1495 5808956   7.2877 358.4197  4.30402916 61502
1 45497U 10041AT  22152.58025142  .00005704  00000-0  17098-2 0  9997
2 45497  64.5364 257.1495 5808956   7.2877 358.4197  4.30402916 61502
1 45497U 10041AT  22159.54996534  .00005586  00000-0  16131-2 0  9997
2 45497  64.5329 254.4078 5810003   7.0332 358.4899  4.30474954 61803
1 45497U 10041AT  22159.54996534  .00005586  00000-0  16131-2 0  9997
2 45497  64.5329 254.4078 5810003   7.0332 358.4899  4.30474954 61803
1 45497U 10041AT  22160.24686674  .00004404  00000-0  12894-2 0  9997
2 45497  64.5324 254.1336 5810105   7.0082 358.4953  4.30482099 61830
1 45497U 10041AT  22160.24686674  .00004404  00000-0  12894-2 0  9997
2 45497  64.5324 254.1336 5810105   7.0082 358.4953  4.30482099 61830
1 45497U 10041AT  22166.51838509  .00009267  00000-0  25073-2 0  9994
2 45497  64.5299 251.6650 5811019   6.7932 358.5802  4.30570583 62108
1 45497U 10041AT  22166.51838509  .00009267  00000-0  25073-2 0  9994
2 45497  64.5299 251.6650 5811019   6.7932 358.5802  4.30570583 62108
1 45497U 10041AT  22170.23413474  .00009107  00000-0  24037-2 0  9990
2 45497  64.5283 250.1994 5811572   6.6522 358.6125  4.30636122 62262
1 45497U 10041AT  22173.48496871  .00007621  00000-0  20502-2 0  9994
2 45497  64.5357 248.9216 5811878   6.5453 358.6313  4.30689100 62406
1 45497U 10041AT  22177.19975664  .00008829  00000-0  23105-2 0  9991
2 45497  64.5298 247.4541 5812430   6.4071 358.6838  4.30744493 62561
1 45497U 10041AT  22177.19975664  .00008829  00000-0  23105-2 0  9991
2 45497  64.5298 247.4541 5812430   6.4071 358.6838  4.30744493 62561
1 45497U 10041AT  22186.25264393  .00009100  00000-0  22169-2 0  9990
2 45497  64.5351 243.8804 5813786   6.0907 358.7662  4.30867783 62959
1 45497U 10041AT  22190.42998186  .00007542  00000-0  17844-2 0  9990
2 45497  64.5334 242.2257 5814423   5.9420 358.8050  4.30938353 63137
1 45497U 10041AT  22190.42998186  .00007542  00000-0  17844-2 0  9990
2 45497  64.5334 242.2257 5814423   5.9420 358.8050  4.30938353 63137
1 45497U 10041AT  22197.39033512  .00011386  00000-0  25338-2 0  9994
2 45497  64.5399 239.4725 5815340   5.7012 358.8522  4.31096795 63433
1 45497U 10041AT  22197.39033512  .00011386  00000-0  25338-2 0  9994
2 45497  64.5399 239.4725 5815340   5.7012 358.8522  4.31096795 63433
1 45497U 10041AT  22201.10137271  .00013421  00000-0  29515-2 0  9999
2 45497  64.5415 238.0030 5815664   5.5784 358.8637  4.31197999 63591
1 45497U 10041AT  22201.10137271  .00013421  00000-0  29515-2 0  9999
2 45497  64.5415 238.0030 5815664   5.5784 358.8637  4.31197999 63591
1 45497U 10041AT  22204.11593540  .00013361  00000-0  28555-2 0  9994
2 45497  64.5437 236.8089 5815896   5.4760 358.8954  4.31286654 63729
1 45497U 10041AT  22207.36173273  .00013725  00000-0  28363-2 0  9992
2 45497  64.5392 235.5194 5816145   5.3654 358.9245  4.31370664 63865
1 45497U 10041AT  22207.36173273  .00013725  00000-0  28363-2 0  9992
2 45497  64.5392 235.5194 5816145   5.3654 358.9245  4.31370664 63865
1 45497U 10041AT  22214.31509330  .00008515  00000-0  17124-2 0  9996
2 45497  64.5426 232.7596 5816871   5.1340 358.9335  4.31520101 64161
1 45497U 10041AT  22214.31509330  .00008515  00000-0  17124-2 0  9996
2 45497  64.5426 232.7596 5816871   5.1340 358.9335  4.31520101 64161
1 45497U 10041AT  22224.27673677  .00017252  00000-0  32045-2 0  9995
2 45497  64.5417 228.8006 5817389   4.8091 358.9717  4.31824026 64591
1 45497U 10041AT  22224.27673677  .00017252  00000-0  32045-2 0  9995
2 45497  64.5417 228.8006 5817389   4.8091 358.9717  4.31824026 64591
1 45497U 10041AT  22233.99918630  .00016396  00000-0  28224-2 0  9997
2 45497  64.5604 224.9375 5817701   4.3494 359.0537  4.32172863 65011
1 45497U 10041AT  22233.99918630  .00016396  00000-0  28224-2 0  9997
2 45497  64.5604 224.9375 5817701   4.3494 359.0537  4.32172863 65011
1 45497U 10041AT  22237.23826307  .00013701  00000-0  23957-2 0  9992
2 45497  64.5566 223.6438 5816572   4.3972 359.0229  4.32270844 65151
1 45497U 10041AT  22237.23826329  .00013300  00000-0  22676-2 0  9998
2 45497  64.5427 223.6423 5817485   4.3804 359.0269  4.32270534 65159
1 45497U 10041AT  22237.23826329  .00013300  00000-0  22676-2 0  9998
2 45497  64.5427 223.6423 5817485   4.3804 359.0269  4.32270534 65159
1 45497U 10041AT  22262.88282014  .00029227  00000-0  44165-2 0  9996
2 45497  64.5307 213.4026 5813430   3.5414 359.1794  4.33574422 66267
1 45497U 10041AT  22262.88282014  .00029227  00000-0  44165-2 0  9996
2 45497  64.5307 213.4026 5813430   3.5414 359.1794  4.33574422 66267
1 45497U 10041AT  22262.88282014  .00029227  00000-0  44165-2 0  9996
2 45497  64.5307 213.4026 5813430   3.5414 359.1794  4.33574422 66267
