1 00889U 64060  A 64298.30917931  .00000000 +00000-0 +00000-0 0  9993
2 00889 033.7700 222.3976 8751199 136.0696 340.2995 00.69236459000139
1 00889U 64060  A 64334.39988468  .00000000 +00000-0 +00000-0 0  9996
2 00889 033.8240 219.0440 8694899 140.7903 334.5392 00.69234605000389
1 00889U 64060  A 64345.57296599  .00000000 +00000-0 +00000-0 0  9995
2 00889 033.7200 218.2180 8674500 142.0479 018.1250 00.69181167000478
1 00889U 64060  A 65015.85507725  .00000000 +00000-0 +00000-0 0  9997
2 00889 033.7150 216.1930 8648599 145.1081 326.5580 00.69224836000725
1 00889U 64060  A 65141.41973517  .00000000 +00000-0 +00000-0 0  9995
2 00889 033.7150 206.9000 8648598 158.8395 295.9953 00.69219391001597
1 00889U 64060  A 65201.98858973  .00000000 +00000-0 +00000-0 0  9992
2 00889 033.7150 202.4139 8648598 165.4630 269.1424 00.69219389002018
1 00889U 64060  A 65263.96034214  .00000000 +00000-0 +00000-0 0  9992
2 00889 033.7150 197.8208 8648598 172.2402 231.8801 00.69219387002445
1 00889U 64060  A 65324.46104808  .00000000 +00000-0 +00000-0 0  9992
2 00889 033.7150 193.3345 8648598 178.8563 188.0506 00.69219392002865
