1 05689U 71100  E 71349.45891098 -.00001236 +00000-0 +00000-0 0  9998
2 05689 065.4254 180.4934 7394270 284.8340 010.0211 02.04667854000441
1 05689U 71100  E 72017.19520541 -.00000880 +00000-0 +00000-0 0  9998
2 05689 065.4250 175.8139 7389210 283.9026 010.2545 02.04655956001118
1 05689U 71100  E 72023.54718375  .00000945 +00000-0 +00000-0 0  9999
2 05689 065.4192 174.8951 7386519 283.8083 010.2913 02.04675929001240
1 05689U 71100  E 72027.94427703  .00001607 +00000-0 +00000-0 0  9995
2 05689 065.4791 174.2918 7383349 283.6009 010.3562 02.04689036001331
1 05689U 71100  E 72029.40995800  .00001482 +00000-0 +00000-0 0  9997
2 05689 065.4744 174.1075 7382929 283.5938 010.3603 02.04692073001369
1 05689U 71100  E 72031.36423308  .00000285 +00000-0 +00000-0 0  9994
2 05689 065.4767 173.8207 7382109 283.5207 010.3816 02.04684329001402
1 05689U 71100  E 72033.31855680 -.00000354 +00000-0 +00000-0 0  9991
2 05689 065.4858 173.5451 7383119 283.4211 010.3979 02.04677597001440
1 05689U 71100  E 72035.27292424 -.00000489 +00000-0 +00000-0 0  9998
2 05689 065.4595 173.2546 7382789 283.4087 010.4026 02.04673375001481
1 05689U 71100  E 72035.27293244 -.00000500 +00000-0 +00000-0 0  9993
2 05689 065.4691 173.2561 7383469 283.3636 010.4087 02.04672891001489
1 05689U 71100  E 72039.18188266 -.00001327 +00000-0 +00000-0 0  9992
2 05689 065.4692 172.7035 7383189 283.2812 010.4289 02.04656538001567
1 05689U 71100  E 72045.53399045 -.00001012 +00000-0 +00000-0 0  9998
2 05689 065.4640 171.7982 7383359 283.1284 010.4624 02.04648630001692
1 05689U 71100  E 72047.48840594 -.00000369 +00000-0 +00000-0 0  9998
2 05689 065.4296 171.4880 7386589 282.9575 010.4817 02.04656139001733
1 05689U 71100  E 72048.95405957  .00000540 +00000-0 +00000-0 0  9991
2 05689 065.4456 171.2552 7386679 282.8943 010.4954 02.04671191001763
1 05689U 71100  E 72051.39685429  .00001543 +00000-0 +00000-0 0  9991
2 05689 065.4409 170.9221 7369489 282.9944 010.5759 02.04684622001815
1 05689U 71100  E 72052.86251931  .00001608 +00000-0 +00000-0 0  9993
2 05689 065.4881 170.7606 7373907 282.8639 010.5792 02.04689728001846
1 05689U 71100  E 72054.81675986  .00000970 +00000-0 +00000-0 0  9991
2 05689 065.5182 170.5177 7375217 282.8011 010.5857 02.04689446001885
1 05689U 71100  E 72058.23674914 -.00000028 +00000-0 +00000-0 0  9996
2 05689 065.5298 170.0341 7374129 282.7026 010.6147 02.04681578001956
1 05689U 71100  E 72059.21392539 -.00000339 +00000-0 +00000-0 0  9990
2 05689 065.5107 169.8833 7374429 282.6795 010.6182 02.04677857001978
1 05689U 71100  E 72063.61145198 -.00001413 +00000-0 +00000-0 0  9990
2 05689 065.5023 169.2604 7374829 282.5680 010.6413 02.04658056002069
1 05689U 71100  E 72067.52046791 -.00001330 +00000-0 +00000-0 0  9991
2 05689 065.5214 168.7252 7375439 282.4460 010.6657 02.04649452002146
1 05689U 71100  E 72069.47498063 -.00001181 +00000-0 +00000-0 0  9994
2 05689 065.4964 168.4299 7374870 282.4288 010.6731 02.04647506002186
1 05689U 71100  E 72071.42929759 -.00000139 +00000-0 +00000-0 0  9995
2 05689 065.4643 168.1147 7377250 282.2707 010.6950 02.04660773002227
1 05689U 71100  E 72072.40644637  .00000075 +00000-0 +00000-0 0  9991
2 05689 065.4730 167.9832 7379020 282.1890 010.7031 02.04664710002249
1 05689U 71100  E 72074.36080730  .00000539 +00000-0 +00000-0 0  9991
2 05689 065.4768 167.7192 7377610 282.2031 010.7085 02.04671921002283
1 05689U 71100  E 72075.33783506  .00001045 +00000-0 +00000-0 0  9993
2 05689 065.4560 167.5562 7365600 282.2802 010.7638 02.04679981002305
1 05689U 71100  E 72076.80344367  .00001235 +00000-0 +00000-0 0  9995
2 05689 065.5196 167.4181 7367130 282.1419 010.7867 02.04686885002338
1 05689U 71100  E 72079.24620290  .00001169 +00000-0 +00000-0 0  9994
2 05689 065.5136 167.0757 7366470 282.0684 010.8078 02.04691528002386
1 05689U 71100  E 72082.17753419  .00000707 +00000-0 +00000-0 0  9997
2 05689 065.5160 166.6652 7366729 281.9846 010.8258 02.04690500002443
1 05689U 71100  E 72084.13185001 -.00000564 +00000-0 +00000-0 0  9993
2 05689 065.4984 166.3893 7367039 281.9430 010.8336 02.04680186002484
1 05689U 71100  E 72086.08634612 -.00002141 +00000-0 +00000-0 0  9999
2 05689 065.5046 166.1097 7367239 281.8831 010.8464 02.04661511002522
1 05689U 71100  E 72091.46107825 -.00001376 +00000-0 +00000-0 0  9997
2 05689 065.5031 165.3618 7367234 281.7571 010.8760 02.04653163002636
1 05689U 71100  E 72093.41550512 -.00001215 +00000-0 +00000-0 0  9991
2 05689 065.5021 165.0867 7367173 281.7115 010.8871 02.04651982002678
1 05689U 71100  E 72094.39279201 -.00001222 +00000-0 +00000-0 0  9990
2 05689 065.4851 164.9404 7367191 281.6937 010.8911 02.04649509002693
1 05689U 71100  E 72097.32425864  .00000269 +00000-0 +00000-0 0  9993
2 05689 065.4453 164.4789 7370649 281.5454 010.9046 02.04669734002756
1 05689U 71100  E 72099.27843131  .00001152 +00000-0 +00000-0 0  9992
2 05689 065.4486 164.2000 7368529 281.4575 010.9384 02.04682914002797
1 05689U 71100  E 72101.72118538  .00001266 +00000-0 +00000-0 0  9998
2 05689 065.4771 163.8923 7362389 281.4269 010.9838 02.04690274002849
1 05689U 71100  E 72103.18683259  .00001174 +00000-0 +00000-0 0  9995
2 05689 065.4797 163.6894 7361809 281.3731 011.0001 02.04692427002870
1 05689U 71100  E 72105.62954246  .00001056 +00000-0 +00000-0 0  9992
2 05689 065.4869 163.3461 7361869 281.3097 011.0148 02.04695991002925
1 05689U 71100  E 72107.09526978  .00000241 +00000-0 +00000-0 0  9997
2 05689 065.4725 163.1370 7362199 281.2598 011.0246 02.04688632002951
1 05689U 71100  E 72109.04955046 -.00000295 +00000-0 +00000-0 0  9996
2 05689 065.4693 162.8621 7362569 281.2146 011.0331 02.04683131002998
1 05689U 71100  E 72113.44672340 -.00000502 +00000-0 +00000-0 0  9999
2 05689 065.4684 162.2454 7362499 281.1104 011.0583 02.04676944003085
1 05689U 71100  E 72114.42422053 -.00001260 +00000-0 +00000-0 0  9994
2 05689 065.4697 162.1102 7362259 281.0879 011.0652 02.04661131003102
1 05689U 71100  E 72117.35585628 -.00001160 +00000-0 +00000-0 0  9996
2 05689 065.4493 161.7008 7362339 281.0243 011.0799 02.04656992003167
1 05689U 71100  E 72120.28748173 -.00000971 +00000-0 +00000-0 0  9997
2 05689 065.4631 161.2992 7361696 280.9312 011.1062 02.04655695003228
1 05689U 71100  E 72122.24180315  .00000223 +00000-0 +00000-0 0  9992
2 05689 065.4370 161.0083 7361859 280.8720 011.1193 02.04671537003262
1 05689U 71100  E 72125.17309523  .00001387 +00000-0 +00000-0 0  9993
2 05689 065.4116 160.5594 7359929 280.7549 011.1596 02.04688893003321
1 05689U 71100  E 72131.03565422  .00000834 +00000-0 +00000-0 0  9993
2 05689 065.4058 159.7615 7359300 280.5788 011.2061 02.04694890003441
1 05689U 71100  E 72132.98994382 -.00000076 +00000-0 +00000-0 0  9998
2 05689 065.4406 159.5066 7358470 280.5277 011.2237 02.04685601003485
1 05689U 71100  E 72137.87589258 -.00001086 +00000-0 +00000-0 0  9995
2 05689 065.4426 158.8313 7358840 280.4154 011.2486 02.04667263003589
1 05689U 71100  E 72139.34182718 -.00001627 +00000-0 +00000-0 0  9990
2 05689 065.4470 158.6312 7358790 280.3727 011.2592 02.04656460003613
1 05689U 71100  E 72141.29631401 -.00001417 +00000-0 +00000-0 0  9992
2 05689 065.4217 158.3503 7359713 280.3549 011.2577 02.04653129003655
1 05689U 71100  E 72143.25067191 -.00001105 +00000-0 +00000-0 0  9993
2 05689 065.4279 158.0699 7358980 280.2859 011.2791 02.04655183003698
1 05689U 71100  E 72144.22788353 -.00001115 +00000-0 +00000-0 0  9992
2 05689 065.4162 157.9336 7359368 280.2633 011.2822 02.04653568003719
1 05689U 71100  E 72145.20503260 -.00001005 +00000-0 +00000-0 0  9991
2 05689 065.4040 157.7938 7359296 280.2435 011.2875 02.04654747003730
1 05689U 71100  E 72146.18208730  .00001593 +00000-0 +00000-0 0  9994
2 05689 065.4090 157.6232 7359338 280.1630 011.3068 02.04679089003757
1 05689U 71100  E 72147.15931717  .00000082 +00000-0 +00000-0 0  9992
2 05689 065.4126 157.4936 7361360 280.1301 011.3020 02.04670003003776
1 05689U 71100  E 72148.13639719  .00000798 +00000-0 +00000-0 0  9992
2 05689 065.4081 157.3474 7358390 280.1196 011.3234 02.04678570003799
1 05689U 71100  E 72152.04472864  .00000628 +00000-0 +00000-0 0  9995
2 05689 065.4096 156.8054 7360100 280.0027 011.3411 02.04686861003875
1 05689U 71100  E 72153.51031953  .00001122 +00000-0 +00000-0 0  9998
2 05689 065.4152 156.6105 7358248 279.9658 011.3620 02.04695967003903
1 05689U 71100  E 72155.95309682  .00000616 +00000-0 +00000-0 0  9992
2 05689 065.4205 156.2750 7356180 279.8887 011.3941 02.04692087003951
1 05689U 71100  E 72157.90737807  .00000040 +00000-0 +00000-0 0  9994
2 05689 065.4212 155.9991 7356910 279.8313 011.4036 02.04685738003992
1 05689U 71100  E 72160.83883313 -.00000495 +00000-0 +00000-0 0  9999
2 05689 065.4274 155.5863 7357410 279.7514 011.4201 02.04678702004057
1 05689U 71100  E 72162.79332102 -.00000992 +00000-0 +00000-0 0  9993
2 05689 065.4231 155.3146 7358460 279.6921 011.4279 02.04667942004092
1 05689U 71100  E 72164.25914828 -.00000751 +00000-0 +00000-0 0  9990
2 05689 065.4096 155.1110 7357490 279.6813 011.4368 02.04666976004121
1 05689U 71100  E 72165.23642633 -.00000882 +00000-0 +00000-0 0  9996
2 05689 065.4096 154.9739 7357500 279.6592 011.4422 02.04662692004145
1 05689U 71100  E 72166.70224632 -.00000998 +00000-0 +00000-0 0  9992
2 05689 065.4194 154.7684 7357150 279.6270 011.4524 02.04659248004174
1 05689U 71100  E 72169.14517940 -.00000313 +00000-0 +00000-0 0  9991
2 05689 065.4037 154.4339 7356220 279.5313 011.4821 02.04665684004225
1 05689U 71100  E 72170.61099940 -.00000292 +00000-0 +00000-0 0  9996
2 05689 065.4015 154.2305 7355940 279.5122 011.4886 02.04665034004251
1 05689U 71100  E 72172.56537586 -.00000335 +00000-0 +00000-0 0  9993
2 05689 065.4014 153.9566 7355940 279.4682 011.4996 02.04664799004298
1 05689U 71100  E 72174.51970742 -.00000147 +00000-0 +00000-0 0  9996
2 05689 065.4203 153.7000 7356030 279.4265 011.5094 02.04667743004334
1 05689U 71100  E 72176.47365984  .00000462 +00000-0 +00000-0 0  9998
2 05689 065.3989 153.4143 7355950 279.3603 011.5263 02.04682611004377
1 05689U 71100  E 72177.93916436  .00001143 +00000-0 +00000-0 0  9991
2 05689 065.4129 153.2001 7355670 279.3002 011.5431 02.04696196004401
1 05689U 71100  E 72179.89332114  .00001005 +00000-0 +00000-0 0  9990
2 05689 065.4179 152.9286 7355870 279.2374 011.5575 02.04697761004442
1 05689U 71100  E 72187.71068906 -.00001126 +33950-8 +00000-0 0  9998
2 05689 065.4057 151.8122 7357394 279.0614 011.5916 02.04666383004605
1 05689U 71100  E 72191.61966642 -.00001287 +00000-0 +00000-0 0  9996
2 05689 065.4123 151.2862 7356280 278.9402 011.6293 02.04654632004681
1 05689U 71100  E 72193.57419312 -.00001218 +00000-0 +00000-0 0  9994
2 05689 065.4062 151.0159 7356020 278.9152 011.6372 02.04650912004724
1 05689U 71100  E 72196.50535164 -.00000332 +00000-0 +00000-0 0  9990
2 05689 065.4186 150.5951 7358800 278.8096 011.6457 02.04667930004787
1 05689U 71100  E 72198.45959437 -.00000143 +00000-0 +00000-0 0  9999
2 05689 065.4254 150.3249 7359440 278.7570 011.6547 02.04671739004825
1 05689U 71100  E 72199.92521289  .00000129 +00000-0 +00000-0 0  9995
2 05689 065.4567 150.1216 7358990 278.6349 011.6885 02.04677685004850
1 05689U 71100  E 72201.87939416  .00001086 +00000-0 +00000-0 0  9991
2 05689 065.4137 149.8597 7354130 278.6014 011.7288 02.04694360004892
1 05689U 71100  E 72204.83357662  .00000860 +00000-0 +00000-0 0  9996
2 05689 065.4243 149.5769 7354270 278.5358 011.7446 02.04695828004956
1 05689U 71100  E 72206.76484376  .00000701 +00000-0 +00000-0 0  9997
2 05689 065.4320 149.1679 7355290 278.4525 011.7590 02.04695379004991
1 05689U 71100  E 72217.51387283 -.00000837 +00000-0 +00000-0 0  9992
2 05689 065.4322 147.6573 7354470 278.2077 011.8268 02.04664230005219
1 05689U 71100  E 72219.46852139 -.00000993 +94809-9 +00000-0 0  9997
2 05689 065.4280 147.3897 7354658 278.1461 011.8414 02.04655970005250
1 05689U 71100  E 72221.42270644 -.00000711 +79255-9 +00000-0 0  9997
2 05689 065.4178 147.1093 7355393 278.0881 011.8514 02.04661087005295
1 05689U 71100  E 72225.33108431  .00000693 +71646-9 +00000-0 0  9999
2 05689 065.4573 146.5747 7356402 277.9300 011.8852 02.04689032005373
1 05689U 71100  E 72226.79669663  .00001066 +24235-8 +00000-0 0  9995
2 05689 065.4914 146.3558 7355340 277.8617 011.9099 02.04695058005403
1 05689U 71100  E 72228.75087952  .00000901 +17172-8 +00000-0 0  9997
2 05689 065.4914 146.0830 7355296 277.8156 011.9221 02.04695993005440
1 05689U 71100  E 72231.68222855  .00000176 +10474-8 +00000-0 0  9998
2 05689 065.4837 145.6745 7356793 277.7043 011.9408 02.04688417005508
1 05689U 71100  E 72232.65944531 -.00000517 +00000-0 +00000-0 0  9994
2 05689 065.4843 145.5371 7355729 277.6884 011.9520 02.04680379005525
1 05689U 71100  E 72243.40869491 -.00001029 +10489-8 +00000-0 0  9999
2 05689 065.4800 144.0534 7355472 277.4532 012.0147 02.04655961005746
1 05689U 71100  E 72246.34010589 -.00000446 +00000-0 +00000-0 0  9993
2 05689 065.4810 143.6256 7358469 277.3387 012.0244 02.04665074005800
1 05689U 71100  E 72248.29437637  .00000131 +00000-0 +00000-0 0  9996
2 05689 065.4809 143.3522 7358479 277.2928 012.0362 02.04674849005847
1 05689U 71100  E 72251.22552077  .00000769 +00000-0 +00000-0 0  9996
2 05689 065.4728 142.9384 7359289 277.1561 012.0664 02.04690657005907
1 05689U 71100  E 72252.69113494  .00000993 +29189-8 +00000-0 0  9990
2 05689 065.4794 142.7306 7357869 277.1153 012.0868 02.04696067005931
1 05689U 71100  E 72254.64533806  .00000374 +00000-0 +00000-0 0  9996
2 05689 065.4831 142.4555 7359409 277.0337 012.0977 02.04690901005977
1 05689U 71100  E 72256.59964674 -.00001200 +15836-7 +00000-0 0  9993
2 05689 065.5422 142.1792 7362419 276.8966 012.1133 02.04678556006017
1 05689U 71100  E 72261.48553269 -.00001163 +33939-8 +00000-0 0  9994
2 05689 065.5004 141.4974 7362068 276.8003 012.1410 02.04667212006115
1 05689U 71100  E 72267.34879815 -.00000932 +14445-8 +00000-0 0  9997
2 05689 065.5390 140.6722 7363119 276.6247 012.1801 02.04659067006237
1 05689U 71100  E 72269.30308900 -.00000695 +10737-8 +00000-0 0  9993
2 05689 065.5354 140.3956 7363730 276.5653 012.1917 02.04661885006275
1 05689U 71100  E 72273.21187836 -.00000263 +65498-9 +00000-0 0  9997
2 05689 065.4618 139.8620 7363464 276.5312 012.2025 02.04666177006353
1 05689U 71100  E 72305.45698103  .00000984 +00000-0 +00000-0 0  9991
2 05689 065.5415 135.2527 7368799 275.5978 012.4152 02.04701012007013
1 05689U 71100  E 72320.60355888 -.00000407 +00000-0 +00000-0 0  9996
2 05689 065.4980 133.0934 7371369 275.1941 012.5066 02.04665170007323
1 05689U 71100  E 72323.53481949  .00001024 +00000-0 +00000-0 0  9994
2 05689 065.4979 132.6802 7371389 275.1241 012.5255 02.04690894007382
1 05689U 71100  E 72329.39728407  .00001033 +00000-0 +00000-0 0  9997
2 05689 065.4977 131.8535 7371149 274.9841 012.5655 02.04699885007508
1 05689U 71100  E 72348.94046310 -.00000165 +00000-0 +00000-0 0  9991
2 05689 065.4506 129.1329 7366449 274.5067 012.7301 02.04679566007908
1 05689U 71100  E 72354.31432578  .00000903 +00000-0 +00000-0 0  9993
2 05689 065.4403 128.2412 7372919 274.3090 012.7388 02.04697022008015
1 05689U 71100  E 72363.10900903 -.00001108 +00000-0 +00000-0 0  9991
2 05689 065.4402 126.9971 7372749 274.1045 012.7971 02.04662571008196
1 05689U 71100  E 73004.92612519  .00001664 +00000-0 +00000-0 0  9993
2 05689 065.4479 125.8687 7381259 273.7778 012.8274 02.04691974008350
1 05689U 71100  E 73004.92617380  .00000434 +00000-0 +00000-0 0  9998
2 05689 065.4399 125.8918 7372859 273.9227 012.8471 02.04683433008355
1 05689U 71100  E 73008.34591186  .00001318 +22239-8 +00000-0 0  9991
2 05689 065.4689 125.4053 7381082 273.6641 012.8608 02.04698026008422
1 05689U 71100  E 73013.23130494  .00000618 +00000-0 +00000-0 0  9992
2 05689 065.4445 124.6966 7385149 273.4897 012.8805 02.04696790008521
1 05689U 71100  E 73026.42339084 -.00001050 +00000-0 +00000-0 0  9995
2 05689 065.4506 122.8211 7383939 273.2182 012.9659 02.04657291008792
1 05689U 71100  E 73029.35467045 -.00000070 +00000-0 +00000-0 0  9990
2 05689 065.4505 122.4038 7383999 273.1492 012.9851 02.04674892008850
1 05689U 71100  E 73036.19394317  .00000749 +00000-0 +00000-0 0  9993
2 05689 065.4776 121.4122 7394779 272.8202 013.0002 02.04699250008996
1 05689U 71100  E 73039.12529513  .00000030 +00000-0 +00000-0 0  9990
2 05689 065.4715 120.9831 7399879 272.6737 013.0048 02.04689751009050
1 05689U 71100  E 73044.01094229 -.00000395 +00000-0 +00000-0 0  9990
2 05689 065.4714 120.2807 7399869 272.5563 013.0384 02.04681566009150
1 05689U 71100  E 73051.34005527 -.00000891 +00000-0 +00000-0 0  9998
2 05689 065.4907 119.2504 7405659 272.3083 013.0670 02.04661815009306
1 05689U 71100  E 73060.13338749  .00001110 +11791-8 +00000-0 0  9991
2 05689 065.4725 117.9268 7401805 272.2213 013.1206 02.04705192009481
1 05689U 71100  E 73062.08752515  .00000761 +87090-9 +00000-0 0  9995
2 05689 065.4724 117.6454 7401759 272.1743 013.1344 02.04703731009524
1 05689U 71100  E 73069.41584795 -.00000472 +80296-9 +00000-0 0  9993
2 05689 065.4789 116.5788 7407221 271.9198 013.1675 02.04684601009671
1 05689U 71100  E 73072.34753478 -.00000915 +91902-9 +00000-0 0  9993
2 05689 065.4439 116.1319 7407711 271.8674 013.1792 02.04671107009735
1 05689U 71100  E 73081.14147271  .00000369 +71233-9 +00000-0 0  9996
2 05689 065.4383 114.8385 7409612 271.6690 013.2226 02.04690986009918
1 05689U 71100  E 73084.56093829  .00000988 +71233-9 +00000-0 0  9991
2 05689 065.4829 114.3030 7419345 271.5022 013.1987 02.04707582009988
1 05689U 71100  E 73089.44578572  .00001146 +87662-9 +00000-0 0  9996
2 05689 065.5030 113.5826 7422673 271.3455 013.2195 02.04720986010081
1 05689U 71100  E 73093.35495513 -.00000837 +12223-8 +00000-0 0  9991
2 05689 065.4639 112.9708 7418067 271.3048 013.2658 02.04680186010167
1 05689U 71100  E 73095.30900676 -.00000592 +93626-9 +00000-0 0  9994
2 05689 065.4661 112.6853 7418846 271.2355 013.2803 02.04684097010207
1 05689U 71100  E 73097.75190299 -.00000655 +74599-9 +00000-0 0  9995
2 05689 065.4526 112.2956 7419319 271.2044 013.2859 02.04679233010250
1 05689U 71100  E 73098.24052888 -.00000959 +74599-9 +00000-0 0  9998
2 05689 065.4455 112.2048 7421300 271.2083 013.2699 02.04672996010261
1 05689U 71100  E 73122.17840820  .00001061 +74599-9 +00000-0 0  9993
2 05689 065.4778 108.6943 7423192 270.6469 013.4212 02.04724160010752
1 05689U 71100  E 73127.55147792  .00000855 +29652-9 +00000-0 0  9998
2 05689 065.4881 107.9107 7428448 270.3987 013.4552 02.04728733010861
1 05689U 71100  E 73134.87913230  .00000693 +19158-9 +00000-0 0  9999
2 05689 065.4653 106.7284 7432705 270.1979 013.4827 02.04720181011013
1 05689U 71100  E 73155.39257076  .00001083 +19158-9 +00000-0 0  9992
2 05689 065.4653 103.7123 7432467 269.6971 013.6352 02.04767886011436
1 05689U 71100  E 73345.77693103  .01183607 +00000-0 +00000-0 0  9991
2 05689 065.4502 076.5246 7385357 263.8294 015.9352 02.22306275015352
