1 19093U 88036  D 88129.79273588  .00000294 +00000-0 +00000-4 0  9993
2 19093 047.3583 274.4976 7265312 000.5763 359.8359 02.28761471000055
1 19093U 88036  D 88131.54114873  .00000302 +00000-0 +00000-4 0  9990
2 19093 047.3580 274.0323 7266066 001.0230 359.7271 02.28762603000090
1 19093U 88036  D 88148.58597172  .00000371 +00000-0 +00000-4 0  9995
2 19093 047.3346 269.2194 7271237 005.4385 359.4285 02.28837096000492
1 19093U 88036  D 88163.44016902  .00000491 +00000-0 +00000-4 0  9997
2 19093 047.3356 265.0655 7277188 009.4531 358.9937 02.28948234000830
1 19093U 88036  D 88171.30047664  .00000553 +00000-0 +00000-4 0  9999
2 19093 047.3606 262.9146 7278967 011.5418 358.7662 02.29052580001018
1 19093U 88036  D 88184.39249380  .00000648 +00000-0 +00000-4 0  9996
2 19093 047.1863 259.0182 7280690 015.5143 358.3291 02.29242281001319
1 19093U 88036  D 88199.20879034  .00000795 +00000-0 +99999-4 0  9995
2 19093 046.8418 254.3684 7281033 020.7018 357.7463 02.29687022001654
1 19093U 88036  D 88199.20906876  .00000795 +00000-0 +00000-4 0  9995
2 19093 046.8418 254.3683 7281033 020.7018 357.7463 02.29687022001653
1 19093U 88036  D 88216.16204609  .00001175 +00000-0 +00000-4 0  9998
2 19093 046.9363 249.6855 7281536 025.1156 357.2383 02.30461680002032
1 19093U 88036  D 88236.49937878  .00039810 -47300-4 +18443-2 0  9991
2 19093 046.9810 243.7991 7278092 030.1500 356.5141 02.31755301002498
1 19093U 88036  D 88237.36243535  .00067384 -47300-4 +29181-2 0  9996
2 19093 046.9128 243.5466 7278545 030.4208 356.8727 02.31936753002514
1 19093U 88036  D 88251.12935324  .00010858 -47800-4 +00000-4 0  9990
2 19093 046.7957 239.2771 7276809 034.1747 356.1340 02.33079114002822
1 19093U 88036  D 88254.98706041  .00058810 -48000-4 +10032-2 0  9996
2 19093 046.8619 238.2611 7276376 035.3893 355.9560 02.33483188002915
1 19093U 88036  D 88254.98706976  .00059905 -48000-4 +10245-2 0  9995
2 19093 046.8621 238.2615 7276374 035.3878 355.9640 02.33483248002919
1 19093U 88036  D 88259.26534849  .00061973 -48100-4 +67328-3 0  9993
2 19093 046.8480 236.9894 7275423 036.6105 355.7799 02.33960569003018
1 19093U 88036  D 88261.40128895  .00073588 -48200-4 +76334-3 0  9995
2 19093 046.8376 236.3437 7273530 037.2472 355.8894 02.34243816003062
1 19093U 88036  D 88263.96049923  .00083154 -48200-4 +73914-3 0  9993
2 19093 046.8324 235.5590 7271300 038.0015 355.8369 02.34635140003120
1 19093U 88036  D 88265.23807969  .00088745 -48200-4 +54616-3 0  9996
2 19093 046.7632 235.2805 7271513 038.3233 355.5517 02.34860488003158
1 19093U 88036  D 88271.21823841  .00127396 -48300-4 +00000-4 0  9994
2 19093 046.3362 232.9216 7271970 040.4393 027.4056 02.36748163003297
1 19093U 88036  D 88271.21851619  .00127396 -48300-4 +00000-4 0  9998
2 19093 046.3362 232.9216 7271970 040.4393 027.4056 02.36748163003297
