1 23780U 96006B   96032.71463671  .00000883  00000-0  61696-2 0  9995
2 23780 021.8572 328.6474 8706467 181.0926 172.9136 00.74675025    12
1 23780U 96006B   96032.71659872  .00001254  00000-0  61696-2 0  9998
2 23780 021.8647 328.5936 8707691 181.1004 173.4392 00.74675961    14
1 23780U 96006B   96032.72138636 -.00001793 +00000-0 +10000-3 0  9992
2 23780 021.7436 328.8947 8710789 180.6641 173.5627 00.75143713000015
1 23780U 96006B   96032.72138636 -.00001793 +00000-0 +10000-3 0  9992
2 23780 021.7436 328.8947 8710789 180.6641 173.5627 00.75143713000015
1 23780U 96006B   96034.70000000 -.00006273  55668-5  00000+0 0  9993
2 23780 021.9890 328.5190 8726775 181.1740 347.4370 00.74728460    21
