1 13980U 83028  E 83100.46203727  .00000075 +00000-0 +00000-0 0  9997
2 13980 047.4897 275.9139 7264321 000.3893 359.8883 02.26136446000059
1 13980U 83028  E 83103.99954449  .00000076 +00000-0 +00000-0 0  9993
2 13980 047.4799 274.9534 7265797 001.2968 359.7356 02.26136851000132
1 13980U 83028  E 83107.97930554  .00000076 +00000-0 +00000-0 0  9996
2 13980 047.4667 273.8691 7267090 002.3344 359.6165 02.26136875000229
1 13980U 83028  E 83111.07469752  .00000076 +00000-0 +00000-0 0  9999
2 13980 047.4492 273.0342 7268451 003.1366 359.7023 02.26142478000292
1 13980U 83028  E 83115.49628648  .00000077 +00000-0 +00000-0 0  9991
2 13980 047.4367 271.8392 7269632 004.3056 359.4686 02.26150151000395
1 13980U 83028  E 83123.45523930  .00001050 +00000-0 +78472-3 0  9997
2 13980 047.4055 269.6609 7272146 006.3983 359.4530 02.26168248000574
1 13980U 83028  E 83127.43401485  .00001050 +00000-0 +75087-3 0  9998
2 13980 047.4026 268.5826 7273264 007.4283 359.0410 02.26175790000661
1 13980U 83028  E 83130.52878003  .00001039 +00000-0 +70832-3 0  9996
2 13980 047.3897 267.7280 7274443 008.2385 358.9206 02.26180990000730
1 13980U 83028  E 83131.41299982  .00001040 +00000-0 +69888-3 0  9999
2 13980 047.3873 267.4845 7274801 008.4706 358.8970 02.26182498000759
1 13980U 83028  E 83135.39192905  .00001100 +00000-0 +69428-3 0  9994
2 13980 047.3755 266.3932 7276477 009.4984 358.8169 02.26190249000846
1 13980U 83028  E 83138.48654808  .00001159 +00000-0 +69896-3 0  9995
2 13980 047.3610 265.5364 7277690 010.3177 358.7507 02.26196758000913
1 13980U 83028  E 83142.46465721  .00002752 +00000-0 +16152-2 0  9998
2 13980 047.3332 264.4249 7279120 011.3733 358.6017 02.26231507001001
1 13980U 83028  E 83142.46466564  .00002752 +00000-0 +16152-2 0  9994
2 13980 047.3332 264.4249 7279120 011.3733 358.6085 02.26231507001006
1 13980U 83028  E 83142.46467650  .00002832 +00000-0 +16510-2 0  9998
2 13980 047.3293 264.4206 7279295 011.3566 358.6262 02.26232336001000
1 13980U 83028  E 83147.76990446  .00001583 +00000-0 +81449-3 0  9996
2 13980 047.2874 262.9233 7281808 012.7690 358.8636 02.26227734001129
1 13980U 83028  E 83151.30554538  .00001905 +00000-0 +94662-3 0  9998
2 13980 047.2676 261.9670 7282726 013.6998 358.4854 02.26243632001206
1 13980U 83028  E 83153.95734054  .00002095 +00000-0 +10030-2 0  9991
2 13980 047.2684 261.2287 7283610 014.3952 358.3645 02.26254442001267
1 13980U 83028  E 83154.39930151  .00002239 +00000-0 +10470-2 0  9994
2 13980 047.2711 261.1124 7284194 014.5005 358.3535 02.26257138001270
1 13980U 83028  E 83155.72515554  .00002046 +00000-0 +95677-3 0  9997
2 13980 047.2647 260.7350 7284086 014.8764 358.2990 02.26261094001303
1 13980U 83028  E 83158.37680425  .00002258 +00000-0 +99001-3 0  9991
2 13980 047.2715 260.0136 7285549 015.5525 358.2488 02.26273841001363
1 13980U 83028  E 83159.26062697  .00002264 +00000-0 +98670-3 0  9993
2 13980 047.2743 259.7721 7285660 015.8012 358.2043 02.26277745001383
1 13980U 83028  E 83160.14446308  .00002254 +00000-0 +95563-3 0  9994
2 13980 047.2733 259.5280 7286237 016.0189 358.1849 02.26281460001404
1 13980U 83028  E 83161.91210911  .00002355 +00000-0 +97930-3 0  9991
2 13980 047.2517 259.0223 7286639 016.4928 358.1600 02.26289492001449
1 13980U 83028  E 83162.35400430  .00002326 +00000-0 +96039-3 0  9994
2 13980 047.2608 258.9043 7286773 016.6050 358.1505 02.26291707001452
1 13980U 83028  E 83166.33080870  .00003617 +00000-0 +14132-2 0  9995
2 13980 047.2425 257.7814 7288027 017.6928 358.1053 02.26322696001541
1 13980U 83028  E 83170.30696366  .00004033 +00000-0 +14639-2 0  9995
2 13980 047.2106 256.6743 7289403 018.7538 357.9907 02.26356250001632
1 13980U 83028  E 83181.34847768  .00005602 +00000-0 +15758-2 0  9991
2 13980 047.1718 253.5406 7293880 021.7306 357.7067 02.26470630001884
1 13980U 83028  E 83183.55602480  .00005915 +00000-0 +15782-2 0  9990
2 13980 047.1665 252.9220 7294744 022.3110 357.6215 02.26495657001938
1 13980U 83028  E 83186.20480602  .00005690 +00000-0 +14756-2 0  9995
2 13980 047.1529 252.1706 7295053 023.0400 357.5337 02.26524344001998
1 13980U 83028  E 83189.29464990  .00005785 +00000-0 +14057-2 0  9998
2 13980 047.1522 251.3009 7296022 023.8592 357.4770 02.26560349002069
1 13980U 83028  E 83191.50137813  .00006477 +00000-0 +15000-2 0  9994
2 13980 047.1356 250.6672 7296727 024.4808 357.4658 02.26591143002118
1 13980U 83028  E 83193.26646614  .00006746 +00000-0 +15031-2 0  9996
2 13980 047.1272 250.1634 7297256 024.9679 357.4007 02.26616562002152
1 13980U 83028  E 83197.23721323  .00008499 +00000-0 +17749-2 0  9993
2 13980 047.1026 249.0519 7297868 026.0418 357.6081 02.26697393002246
1 13980U 83028  E 83198.55996235  .00008769 +00000-0 +17749-2 0  9995
2 13980 047.0981 248.6769 7298268 026.4019 357.1741 02.26719596002274
1 13980U 83028  E 83205.17575909  .00000666 +00000-0 +99999-4 0  9990
2 13980 047.0753 246.8001 7301276 028.2044 357.0200 02.26726117002425
1 13980U 83028  E 83252.67269510  .00034124 -50429-4 +89826-3 0  9993
2 13980 046.9391 233.0346 7306996 041.4332 065.2966 02.28880952003486
1 13980U 83028  E 83254.33488534  .00037148 -50493-4 +89505-3 0  9991
2 13980 046.9207 232.5516 7307288 041.8933 355.3419 02.28994849003523
1 13980U 83028  E 83255.20791947  .00037482 -50595-4 +87358-3 0  9991
2 13980 046.9147 232.2939 7307224 042.1407 355.1686 02.29050113003546
1 13980U 83028  E 83256.51734444  .00037830 -50514-4 +81263-3 0  9992
2 13980 046.9128 231.9204 7307453 042.5229 355.0972 02.29132060003578
1 13980U 83028  E 83257.39005911  .00038787 -50808-4 +82289-3 0  9996
2 13980 046.9100 231.6614 7307207 042.7883 355.0716 02.29185964003594
1 13980U 83028  E 83264.35970323  .00053532 -50857-4 +95271-3 0  9992
2 13980 046.8882 229.6041 7304216 044.7310 354.7777 02.29864603003750
1 13980U 83028  E 83265.22956048  .00054709 -51005-4 +95166-3 0  9993
2 13980 046.8856 229.3462 7303828 044.9801 354.7278 02.29945483003774
1 13980U 83028  E 83267.83732221  .00053499 -50984-4 +89077-3 0  9991
2 13980 046.8760 228.5733 7302321 045.7166 354.5788 02.30185028003834
