1 11802U 80016  F 80071.67752853 -.00044459 +00000-0 +00485-2 0  9992
2 11802 047.3818 274.5930 7306332 004.9560 359.5341 02.21645522000091
1 11802U 80016  F 80071.67753091  .00000079 +00000-0 +00000-0 0  9997
2 11802 047.3990 274.5223 7299287 005.0346 359.5470 02.22154880000008
1 11802U 80016  F 80071.67753684  .00000079 +00000-0 +00000-0 0  9995
2 11802 047.3816 274.5933 7304256 004.9590 359.5441 02.21826524000092
1 11802U 80016  F 80071.67755331 -.00044434 +00000-0 +01689-2 0  9996
2 11802 047.3740 274.6144 7299404 005.0696 359.5640 02.21647120000094
1 11802U 80016  F 80071.67755823 -.00041881 +00000-0 +08188-2 0  9996
2 11802 047.3814 274.5923 7306212 004.9563 359.5581 02.21656036000097
1 11802U 80016  F 80071.67755834 -.00041906 +00000-0 +08181-2 0  9999
2 11802 047.3814 274.5923 7306234 004.9559 359.5582 02.21655917000094
1 11802U 80016  F 80071.67755837 -.00041908 +00000-0 +08200-2 0  9996
2 11802 047.3814 274.5923 7306222 004.9562 359.5582 02.21655917000095
1 11802U 80016  F 80071.67755843 -.00041873 +00000-0 +08175-2 0  9995
2 11802 047.3815 274.5927 7306216 004.9559 359.5582 02.21656036000092
1 11802U 80016  F 80071.67755845 -.00041721 +00000-0 +07998-2 0  9991
2 11802 047.3814 274.5927 7306238 004.9553 359.5583 02.21656656000098
1 11802U 80016  F 80071.67755846 -.00041645 +00000-0 +08012-2 0  9995
2 11802 047.3817 274.5923 7306176 004.9572 359.5583 02.21656966000093
1 11802U 80016  F 80071.67755847 -.00041815 +00000-0 +08101-2 0  9994
2 11802 047.3815 274.5927 7306229 004.9556 359.5583 02.21656275000099
1 11802U 80016  F 80071.67755848 -.00041718 +00000-0 +07999-2 0  9991
2 11802 047.3981 274.6098 7306238 004.9431 359.5535 02.21656346000091
1 11802U 80016  F 80071.67755850 -.00041760 +00000-0 +08053-2 0  9993
2 11802 047.3814 274.5923 7306225 004.9560 359.5583 02.21656513000090
1 11802U 80016  F 80071.67755876 -.00041823 +00000-0 +08113-2 0  9998
2 11802 047.3814 274.5927 7306226 004.9556 359.5585 02.21656251000091
1 11802U 80016  F 80071.67755878 -.00044102 +00000-0 +00128-2 0  9991
2 11802 047.3814 274.5927 7306342 004.9553 359.5583 02.21646976000098
1 11802U 80016  F 80071.67755881 -.00044275 +00000-0 +00281-2 0  9996
2 11802 047.3814 274.5927 7306351 004.9553 359.5584 02.21646261000096
1 11802U 80016  F 80071.67756622 -.00041757 +00000-0 +08049-2 0  9992
2 11802 047.3814 274.5922 7306226 004.9559 359.5645 02.21656537000093
1 11802U 80016  F 80086.55279358  .00001452 +00000-0 +96014-3 0  9998
2 11802 047.3215 270.5931 7311319 008.7281 359.8689 02.21871861000424
1 11802U 80016  F 80102.77380941  .00003729 +00000-0 +22836-2 0  9991
2 11802 047.2637 266.2313 7313503 013.0300 358.2248 02.21944458000781
1 11802U 80016  F 80105.47730378  .00002509 +00000-0 +14723-2 0  9995
2 11802 047.2496 265.5300 7314198 013.7147 358.3444 02.21953737000845
1 11802U 80016  F 80106.82893210  .00002557 +00000-0 +14702-2 0  9990
2 11802 047.2378 265.1562 7314647 014.0719 358.3584 02.21960676000876
1 11802U 80016  F 80109.53192779  .00002313 +00000-0 +12624-2 0  9994
2 11802 047.2231 264.4139 7315734 014.7756 358.2408 02.21970608000939
1 11802U 80016  F 80109.53197273  .00002313 +00000-0 +12623-2 0  9997
2 11802 047.2231 264.4138 7315736 014.7756 358.2767 02.21970609000939
1 11802U 80016  F 80109.53197275  .00002313 +00000-0 +12635-2 0  9992
2 11802 047.2232 264.4131 7315710 014.7767 358.2766 02.21970605000932
1 11802U 80016  F 80113.58628024  .00002412 +00000-0 +11687-2 0  9999
2 11802 047.1940 263.3821 7318392 015.7506 358.2174 02.21990627001022
1 11802U 80016  F 80114.48715056  .00002450 +00000-0 +11698-2 0  9995
2 11802 047.1931 263.0843 7318700 016.0256 358.1735 02.21995385001042
1 11802U 80016  F 80119.44165475  .00002811 +00000-0 +12320-2 0  9994
2 11802 047.1594 261.6760 7320479 017.3695 358.0709 02.22026001001159
1 11802U 80016  F 80120.79266761  .00002958 +00000-0 +13185-2 0  9996
2 11802 047.1774 261.3409 7320060 017.7283 357.9548 02.22035220001184
1 11802U 80016  F 80123.49473796  .00002766 +00000-0 +11609-2 0  9990
2 11802 047.1421 260.5819 7321244 018.4573 357.8222 02.22046992001247
1 11802U 80016  F 80123.49479907  .00002766 +00000-0 +11630-2 0  9994
2 11802 047.1422 260.5819 7321201 018.4581 357.8711 02.22046987001247
1 11802U 80016  F 80129.79897678  .00003274 +00000-0 +12741-2 0  9991
2 11802 047.1243 258.8124 7322644 020.1499 357.7251 02.22088156001384
1 11802U 80016  F 80130.69945534  .00003763 +00000-0 +14118-2 0  9990
2 11802 047.1374 258.6490 7323406 020.3129 357.7377 02.22099566001401
1 11802U 80016  F 80133.40063931  .00003901 +00000-0 +14089-2 0  9995
2 11802 047.1214 257.9005 7324053 021.0346 357.6044 02.22120636001465
1 11802U 80016  F 80134.75114927  .00004056 +00000-0 +13858-2 0  9991
2 11802 047.1066 257.5331 7325120 021.3506 357.5816 02.22133369001491
1 11802U 80016  F 80143.75252308  .00004887 +00000-0 +04111-3 0  9992
2 11802 047.0751 255.0287 7327832 023.7620 357.4843 02.22226048001697
1 11802U 80016  F 80144.65227319  .00004914 +00000-0 +04731-3 0  9995
2 11802 047.0575 254.8474 7327015 023.9882 357.3455 02.22235680001714
1 11802U 80016  F 80152.29912172  .00007232 +00000-0 +07713-3 0  9991
2 11802 047.0289 252.6744 7330039 025.9907 357.1661 02.22360420001888
1 11802U 80016  F 80156.34589663  .00008700 +00000-0 +07993-3 0  9997
2 11802 047.0181 251.5725 7332533 027.0786 357.2894 02.22441220001972
1 11802U 80016  F 80160.39076949  .00009678 +00000-0 +09212-3 0  9996
2 11802 046.9966 250.4280 7332615 028.1703 357.0559 02.22523761002065
1 11802U 80016  F 80161.28926993  .00009702 +00000-0 +08977-3 0  9993
2 11802 046.9934 250.1769 7332734 028.4118 356.8684 02.22541261002087
1 11802U 80016  F 80165.33261797  .00010496 +00000-0 +08989-3 0  9992
2 11802 046.9635 249.0352 7333376 029.4232 356.9361 02.22632241002173
1 11802U 80016  F 80166.67971689  .00015793 +00000-0 +06550-3 0  9995
2 11802 046.9913 248.6916 7334186 029.8680 356.8017 02.22695708002202
1 11802U 80016  F 80169.37329609  .00015706 +00000-0 +04414-3 0  9995
2 11802 046.9927 247.9475 7334821 030.5407 356.6734 02.22778940002261
1 11802U 80016  F 80170.27096779  .00015785 +00000-0 +04858-3 0  9994
2 11802 046.9966 247.7014 7334372 030.8516 356.6618 02.22807837002287
1 11802U 80016  F 80170.71973339  .00015805 +00000-0 +04982-3 0  9990
2 11802 046.9903 247.5693 7334195 031.0208 356.6302 02.22822046002293
1 11802U 80016  F 80174.31171106  .00016414 +00000-0 +04511-4 0  9998
2 11802 046.9581 246.5347 7334825 031.9162 358.8050 02.22942328002377
1 11802U 80016  F 80176.55134003  .00016554 +00000-0 +03803-4 0  9999
2 11802 046.9428 245.8923 7335071 032.5195 356.6556 02.23017526002423
1 11802U 80016  F 80183.27345437  .00022104 +00000-0 +29055-3 0  9995
2 11802 046.9557 244.0296 7334439 034.3503 358.0719 02.23348018002576
1 11802U 80016  F 80184.16658455  .00026342 +00000-0 +33513-3 0  9993
2 11802 046.9109 243.7327 7334563 034.5641 356.3841 02.23424265002591
1 11802U 80016  F 80184.61396209  .00026885 +00000-0 +32865-3 0  9990
2 11802 046.9104 243.6135 7335205 034.7053 356.2505 02.23452394002607
1 11802U 80016  F 80184.61397190  .00026885 +00000-0 +32865-3 0  9990
2 11802 046.9104 243.6135 7335205 034.7053 356.2584 02.23452395002605
1 11802U 80016  F 80186.40356977  .00026392 +00000-0 +03773-4 0  9997
2 11802 046.9129 243.1009 7333482 035.2005 356.1370 02.23541808002649
1 11802U 80016  F 80186.40361866  .00026393 +00000-0 +03772-4 0  9990
2 11802 046.9129 243.1009 7333483 035.2005 356.1763 02.23541808002646
1 11802U 80016  F 80192.21484536  .00026744 +00000-0 +08563-4 0  9999
2 11802 046.8628 241.4352 7334859 036.8006 355.9658 02.23848701002773
1 11802U 80016  F 80197.57297789  .00044003 +00956-5 +07127-4 0  9993
2 11802 046.8755 239.9261 7332417 038.3069 359.1415 02.24302483002892
1 11802U 80016  F 80203.35727900  .00050296 +01137-5 +09847-4 0  9994
2 11802 046.8728 238.2415 7335461 039.7880 355.8945 02.24838495003027
1 11802U 80016  F 80205.57918816  .00060494 +01118-5 +02679-4 0  9994
2 11802 046.8592 237.6241 7330599 040.5337 355.5282 02.25102639003071
1 11802U 80016  F 80209.12938792  .00175673 +01166-5 +01786-3 0  9990
2 11802 046.8666 236.6147 7326626 041.4447 355.4138 02.25923347003150
1 11802U 80016  F 80211.34455730  .00070736 +01399-5 +03858-4 0  9998
2 11802 046.8599 235.9812 7327468 042.1171 355.3888 02.25843716003201
1 11802U 80016  F 80213.99896766  .00064247 +01322-5 +06343-4 0  9997
2 11802 046.8565 235.2104 7326352 042.8215 355.2051 02.26166511003267
1 11802U 80016  F 80218.41469770  .00064207 +01452-5 +04709-4 0  9994
2 11802 046.8437 233.9284 7323155 044.0755 354.5020 02.26667666003366
1 11802U 80016  F 80220.17914834  .00064135 +01537-5 +03717-4 0  9998
2 11802 046.8297 233.4068 7322056 044.6156 354.9361 02.26867056003407
1 11802U 80016  F 80221.50100655  .00100190 +01590-5 +06444-4 0  9995
2 11802 046.8070 233.0129 7317395 045.0151 357.8888 02.27398396003436
1 11802U 80016  F 80222.38014006  .00087204 +01673-5 +02511-4 0  9999
2 11802 046.8227 232.6985 7320362 045.2471 355.1554 02.27321482003455
1 11802U 80016  F 80224.13821351  .00084871 +01747-5 +06081-4 0  9998
2 11802 046.8689 232.0343 7320592 045.7911 354.6214 02.27580333003491
1 11802U 80016  F 80225.45593677  .00084628 +01801-5 +04483-4 0  9996
2 11802 046.8262 231.6132 7319679 046.2126 354.7071 02.27783227003520
1 11802U 80016  F 80226.33364334  .00084425 +01794-5 +04110-4 0  9993
2 11802 046.8327 231.3721 7318750 046.4492 354.6557 02.27917099003546
1 11802U 80016  F 80226.33365630  .00084343 +01696-5 +04093-4 0  9993
2 11802 046.8422 231.3861 7318747 046.4131 354.6646 02.27916384003548
1 11802U 80016  F 80226.33366459  .00084347 +01723-5 +04093-4 0  9998
2 11802 046.8422 231.3861 7318747 046.4131 354.6714 02.27916384003544
1 11802U 80016  F 80228.08753913  .00084304 +01735-5 +03309-4 0  9992
2 11802 046.8404 230.8821 7316981 046.8849 354.5852 02.28185487003581
1 11802U 80016  F 80228.96371251  .00084224 +01661-5 +08729-4 0  9990
2 11802 046.8186 230.7115 7318311 047.0172 354.5174 02.28316927003609
1 11802U 80016  F 80229.40167662  .00084682 +01636-5 +03834-4 0  9991
2 11802 046.7841 230.6469 7320727 047.1008 354.5671 02.28386807003617
1 11802U 80016  F 80229.40167935  .00084284 +01775-5 +05329-4 0  9997
2 11802 046.8094 230.6371 7319742 047.1329 354.5666 02.28384852003613
1 11802U 80016  F 80230.27707497  .00084987 +01791-5 +03044-4 0  9997
2 11802 046.7905 230.4193 7320196 047.3424 354.5450 02.28524351003639
1 11802U 80016  F 80231.15192981  .00087618 +01745-5 +03856-4 0  9995
2 11802 046.7946 230.1685 7313502 047.7263 354.5717 02.28676581003656
1 11802U 80016  F 80234.20812147  .00109537 +01576-5 +02734-4 0  9998
2 11802 046.7553 229.3170 7312432 048.4261 354.7851 02.29360962003729
1 11802U 80016  F 80235.51474328  .00111430 +01660-5 +06843-4 0  9992
2 11802 046.7766 228.9311 7308632 048.7965 354.4361 02.29645610003750
1 11802U 80016  F 80235.94984586  .00111899 +01611-5 +05439-4 0  9996
2 11802 046.7699 228.7174 7304559 049.0331 354.2503 02.29740953003768
1 11802U 80016  F 80240.29180637  .00124446 +01593-5 +05035-4 0  9998
2 11802 046.7206 227.5136 7298166 050.4601 354.0196 02.30800390003860
1 11802U 80016  F 80242.45560617  .00115306 -51484-4 +35775-3 0  9990
2 11802 046.7307 226.7801 7296959 051.0021 353.5919 02.31251007003912
1 11802U 80016  F 80243.32041501  .00114433 -51536-4 +34954-3 0  9999
2 11802 046.7243 226.5100 7295769 051.2793 353.8034 02.31431174003935
1 11802U 80016  F 80243.32046345  .00114413 -51608-4 +35054-3 0  9990
2 11802 046.7193 226.5077 7295722 051.2735 353.8432 02.31430970003932
1 11802U 80016  F 80243.32046504  .00114404 -51532-4 +35054-3 0  9993
2 11802 046.7193 226.5077 7295722 051.2735 353.8445 02.31430972003938
1 11802U 80016  F 80243.32046505  .00114408 -51580-4 +36438-3 0  9998
2 11802 046.7575 226.4515 7295120 051.3306 353.8435 02.31430886003938
1 11802U 80016  F 80251.48775310  .00169415 -51378-4 +35521-3 0  9992
2 11802 046.7612 224.0078 7281640 053.5068 353.7026 02.33971295004122
1 11802U 80016  F 80253.19451125  .00181851 -51197-4 +42349-3 0  9990
2 11802 046.7242 223.4421 7275313 054.2002 353.2913 02.34593790004167
1 11802U 80016  F 80257.86819513  .00172027 -51035-4 +41671-3 0  9990
2 11802 046.6959 222.0275 7262796 055.6350 353.0266 02.36113382004273
1 11802U 80016  F 80259.98251546  .00173724 -50964-4 +37162-3 0  9996
2 11802 046.6706 221.4079 7259038 056.1731 352.9890 02.36824887004328
1 11802U 80016  F 80260.40451156  .00204147 -50833-4 +43858-3 0  9992
2 11802 046.6595 221.3003 7256163 056.3010 354.2934 02.37197260004332
1 11802U 80016  F 80263.34554838  .00248970 -50584-4 +55572-3 0  9990
2 11802 046.6872 220.3394 7244236 057.3082 353.6562 02.38667716004407
1 11802U 80016  F 80276.96446190  .00399647 -49020-4 +48346-3 0  9995
2 11802 046.6550 216.0049 7189360 061.5026 356.4573 02.46853671004735
1 11802U 80016  F 80277.36386657  .00368911 -48977-4 +45794-3 0  9995
2 11802 046.6486 215.8657 7187176 061.6545 351.5364 02.47093303004749
1 11802U 80016  F 80277.36397162  .00366763 -48982-4 +45474-3 0  9992
2 11802 046.6482 215.8635 7187228 061.6595 351.6233 02.47088288004746
1 11802U 80016  F 80278.17235765  .00412169 -48715-4 +55382-3 0  9997
2 11802 046.6562 215.6105 7180357 061.8792 352.1109 02.47852892004762
1 11802U 80016  F 80280.18221505  .00422709 -48504-4 +67750-3 0  9997
2 11802 046.6565 214.9520 7164858 062.5161 351.9474 02.49566598004819
1 11802U 80016  F 80281.38110226  .00449476 -48126-4 +43832-3 0  9992
2 11802 046.6621 214.4449 7162649 062.8129 351.6757 02.50696431004846
1 11802U 80016  F 80283.36790592  .00378129 -47766-4 +43819-3 0  9992
2 11802 046.6589 213.7784 7147004 063.4568 351.0910 02.52464015004898
1 11802U 80016  F 80283.36864761  .00429243 -47868-4 +70587-3 0  9991
2 11802 046.6754 213.8085 7143296 063.5691 351.1494 02.52338490004899
