1 13676U 82113  E 82335.16350431  .00002225 +00000-0 +04999-3 0  9997
2 13676 047.3805 286.4719 7303084 001.0998 357.4324 02.21198869000117
1 13676U 82113  E 82337.87872350  .00002288 +00000-0 +04999-3 0  9995
2 13676 047.3710 285.7510 7303835 001.7905 359.6141 02.21209168000174
1 13676U 82113  E 82341.04303390  .00002367 +00000-0 +04999-3 0  9990
2 13676 047.3598 284.9101 7304725 002.5963 359.5903 02.21223187000247
1 13676U 82113  E 82356.86118076  .00003648 +00000-0 +01093-3 0  9996
2 13676 047.2747 280.7208 7310157 006.5708 359.7586 02.21323967000595
1 13676U 82113  E 82361.83012057  .00003305 +00000-0 +06744-3 0  9999
2 13676 047.2539 279.3793 7311224 007.8963 359.0847 02.21354270000707
1 13676U 82113  E 82361.83012069  .00003364 +00000-0 +07059-3 0  9997
2 13676 047.2608 279.3901 7311390 007.8698 359.0867 02.21354437000701
1 13676U 82113  E 83001.79912097  .00003225 +00000-0 +03734-3 0  9996
2 13676 047.2223 278.0283 7313431 009.2125 359.0208 02.21385074000814
1 13676U 82113  E 83004.05748271  .00003642 +00000-0 +05747-3 0  9998
2 13676 047.2178 277.4199 7314386 009.7813 358.9848 02.21403170000862
1 13676U 82113  E 83006.76720422  .00003841 +00000-0 +06010-3 0  9991
2 13676 047.2029 276.6889 7315335 010.4820 358.8710 02.21423483000929
1 13676U 82113  E 83010.83141884  .00004242 +00000-0 +06374-3 0  9992
2 13676 047.1954 275.6006 7317229 011.4980 358.8141 02.21457314001016
1 13676U 82113  E 83011.73445337  .00004485 +00000-0 +07424-3 0  9998
2 13676 047.1854 275.3429 7317553 011.7534 358.8365 02.21470642001038
1 13676U 82113  E 83019.85988777  .00004238 +00000-0 +03310-3 0  9995
2 13676 047.1553 273.1248 7319395 013.8936 358.6038 02.21552515001219
1 13676U 82113  E 83020.76255569  .00004468 +00000-0 +04484-3 0  9991
2 13676 047.1478 272.8737 7319417 014.1269 358.6302 02.21563816001234
1 13676U 82113  E 83023.92152980  .00004029 +00000-0 +01325-3 0  9999
2 13676 047.1506 272.0265 7320001 014.9764 358.4311 02.21586275001303
1 13676U 82113  E 83024.82412873  .00004079 +00000-0 +01109-3 0  9994
2 13676 047.1413 271.7682 7320476 015.2107 358.4549 02.21593285001324
1 13676U 82113  E 83027.08037784  .00004235 +00000-0 +01104-3 0  9998
2 13676 047.1320 271.1545 7321221 015.8013 358.4183 02.21611357001374
1 13676U 82113  E 83030.68994661  .00004551 +00000-0 +01284-3 0  9994
2 13676 047.1179 270.1718 7322442 016.7434 358.3455 02.21642756001457
1 13676U 82113  E 83033.84782394  .00004762 +00000-0 +08579-3 0  9991
2 13676 047.1180 269.3310 7326156 017.4299 358.3402 02.21677017001528
1 13676U 82113  E 83037.90708128  .00005973 +00000-0 +03098-3 0  9991
2 13676 047.0945 268.1923 7326000 018.6618 358.1767 02.21729183001613
1 13676U 82113  E 83039.71086378  .00006463 +00000-0 +05592-3 0  9994
2 13676 047.0813 267.6717 7325310 019.2210 358.0903 02.21754336001653
1 13676U 82113  E 83042.86710295  .00006411 +00000-0 +03975-3 0  9992
2 13676 047.0780 266.8203 7326201 020.0497 357.9864 02.21793771001722
1 13676U 82113  E 83048.72726685  .00005622 +00000-0 +07827-3 0  9996
2 13676 047.0402 265.1943 7329065 021.5448 357.6877 02.21854544001850
1 13676U 82113  E 83050.07954463  .00005753 +00000-0 +07839-3 0  9992
2 13676 047.0334 264.8099 7329404 021.9177 357.7532 02.21869206001885
1 13676U 82113  E 83052.78355063  .00005005 +00000-0 +04405-3 0  9999
2 13676 047.0162 264.0724 7330651 022.5926 357.5899 02.21890688001945
1 13676U 82113  E 83055.03681909  .00005075 +00000-0 +04405-3 0  9998
2 13676 047.0048 263.4354 7330739 023.1616 357.6297 02.21913600001998
1 13676U 82113  E 83058.19083911  .00006131 +00000-0 +04787-3 0  9994
2 13676 046.9899 262.5884 7333549 024.0278 357.6538 02.21958971002061
1 13676U 82113  E 83058.64118250  .00006238 +00000-0 +05658-3 0  9995
2 13676 046.9911 262.4535 7332746 024.2266 357.5162 02.21965957002070
1 13676U 82113  E 83060.89348784  .00006563 +00000-0 +05700-3 0  9991
2 13676 046.9788 261.8292 7333434 024.8372 357.4026 02.21994209002120
1 13676U 82113  E 83065.84732728  .00008117 +00000-0 +07281-3 0  9999
2 13676 046.9634 260.4157 7334915 026.1573 357.3182 02.22082233002238
1 13676U 82113  E 83067.64818366  .00008378 +00000-0 +06983-3 0  9999
2 13676 046.9541 259.9084 7335574 026.6358 357.1876 02.22110224002279
1 13676U 82113  E 83068.54857975  .00008491 +00000-0 +06853-3 0  9990
2 13676 046.9495 259.6855 7335837 026.8654 357.1564 02.22124171002295
1 13676U 82113  E 83072.59968258  .00007677 +00000-0 +03958-3 0  9995
2 13676 046.9360 258.5700 7336856 027.9433 357.0381 02.22183442002384
1 13676U 82113  E 83075.29975564  .00008152 +00000-0 +03975-3 0  9991
2 13676 046.9260 257.8202 7337548 028.6747 356.9238 02.22223997002443
1 13676U 82113  E 83078.89919448  .00007582 +00000-0 +02060-3 0  9999
2 13676 046.9098 256.8109 7338386 029.6286 356.7867 02.22273016002529
1 13676U 82113  E 83079.34906697  .00007174 +00000-0 +01650-3 0  9993
2 13676 046.8989 256.6729 7337993 029.7530 356.7398 02.22276664002531
1 13676U 82113  E 83080.69868481  .00007324 +00000-0 +01091-3 0  9997
2 13676 046.8853 256.2886 7339010 030.1237 356.7297 02.22294354002560
1 13676U 82113  E 83082.49791734  .00007846 +00000-0 +01241-3 0  9999
2 13676 046.8843 255.7625 7339692 030.6025 356.7004 02.22323680002606
1 13676U 82113  E 83086.54512134  .00008662 +00000-0 +01003-3 0  9997
2 13676 046.8756 254.6537 7341013 031.7504 356.5675 02.22398996002696
1 13676U 82113  E 83087.89383770  .00009602 +00000-0 +02345-3 0  9993
2 13676 046.8636 254.2962 7340579 032.1176 356.5626 02.22432709002728
1 13676U 82113  E 83088.34324646  .00009779 +00000-0 +02697-3 0  9996
2 13676 046.8671 254.1814 7340346 032.2634 356.4568 02.22443318002737
1 13676U 82113  E 83088.79273817  .00010033 +00000-0 +02886-3 0  9993
2 13676 046.8611 254.0475 7340435 032.3856 356.4392 02.22453928002743
1 13676U 82113  E 83089.24220730  .00010132 +00000-0 +02622-3 0  9998
2 13676 046.8558 253.9258 7340841 032.4941 356.3989 02.22462702002759
1 13676U 82113  E 83093.73624874  .00009980 +00000-0 +05726-4 0  9992
2 13676 046.8424 252.6441 7344022 033.6462 356.2683 02.22551322002855
1 13676U 82113  E 83100.47371382  .00018517 +00258-5 +01974-4 0  9992
2 13676 046.8049 250.7484 7345264 035.4938 356.1892 02.22706580003008
1 13676U 82113  E 83102.71825541  .00018519 +00492-5 +04446-4 0  9991
2 13676 046.8006 250.1183 7345995 036.1075 355.9296 02.22755980003050
1 13676U 82113  E 83105.41137043  .00018099 +00575-5 +07790-4 0  9994
2 13676 046.7883 249.3759 7344484 036.8659 355.8661 02.22810984003116
1 13676U 82113  E 83114.82945048  .00025035 -50993-4 +92403-3 0  9992
2 13676 046.7549 246.7053 7347651 039.4018 355.6319 02.23129478003323
1 13676U 82113  E 83123.33682962  .00015279 -51454-4 +32237-3 0  9992
2 13676 046.7439 244.3058 7347327 041.7783 355.2362 02.23522863003515
1 13676U 82113  E 83131.83408199  .00036139 -51902-4 +97748-3 0  9998
2 13676 046.7120 241.8512 7345375 044.1798 000.8860 02.24027636003709
1 13676U 82113  E 83132.71923550  .00036242 -51969-4 +96403-3 0  9994
2 13676 046.6899 241.5630 7345142 044.4078 354.8790 02.24079959003726
1 13676U 82113  E 83134.94983265  .00046747 -52077-4 +12056-2 0  9993
2 13676 046.6838 240.8950 7344519 045.0298 355.1575 02.24275071003777
1 13676U 82113  E 83142.51611102  .00057312 -52182-4 +10857-2 0  9997
2 13676 046.6723 238.7792 7341873 047.0940 354.5123 02.25039705003940
1 13676U 82113  E 83142.96040802  .00059239 -52281-4 +13379-2 0  9991
2 13676 046.6526 238.7567 7339799 047.3643 354.4777 02.25089697003958
1 13676U 82113  E 83144.73663208  .00059415 -52224-4 +13016-2 0  9990
2 13676 046.6534 238.2435 7338640 047.8673 354.4013 02.25274545003993
1 13676U 82113  E 83145.62419876  .00072948 -52250-4 +13016-2 0  9994
2 13676 046.6508 237.8542 7339117 047.9924 355.2195 02.25496060004010
1 13676U 82113  E 83154.45921624  .00125341 -52306-4 +13736-2 0  9991
2 13676 046.6212 235.2509 7327830 050.4525 354.0450 02.27300450004214
1 13676U 82113  E 83154.89903535  .00123900 -52329-4 +12901-2 0  9997
2 13676 046.6178 235.1179 7327299 050.5832 354.0195 02.27398513004222
1 13676U 82113  E 83157.53534474  .00116568 -52176-4 +16097-2 0  9995
2 13676 046.6168 234.3244 7321353 051.4947 355.0384 02.27984982004285
1 13676U 82113  E 83157.97236090  .00123410 -52149-4 +15718-2 0  9999
2 13676 046.6059 234.1889 7320778 051.5927 353.8627 02.28106946004290
1 13676U 82113  E 83159.28654929  .00123407 -52089-4 +15991-2 0  9992
2 13676 046.6031 233.7992 7318305 051.9726 353.7871 02.28411585004326
1 13676U 82113  E 83160.59901129  .00123316 -52130-4 +13903-2 0  9992
2 13676 046.5975 233.3773 7316562 052.3251 353.7398 02.28715792004350
1 13676U 82113  E 83169.26049677  .00262985 -51355-4 +14724-2 0  9992
2 13676 046.5591 230.7878 7286130 054.8050 352.9617 02.33091577004553
1 13676U 82113  E 83170.54594874  .00263612 -51227-4 +17476-2 0  9992
2 13676 046.5568 230.4069 7280030 055.1594 353.1712 02.33752499004585
