1 18448U 87091  F 87302.13019867  .00000159 +00000-0 +99999-4 0  9999
2 18448 047.3629 274.4012 7259777 359.6626 359.7835 02.26324731000009
1 18448U 87091  F 87305.22314863  .00000162 +00000-0 +99999-4 0  9990
2 18448 047.3654 273.5268 7260880 000.4969 359.7613 02.26320067000077
1 18448U 87091  F 87306.10687385  .00000162 +00000-0 +99999-4 0  9990
2 18448 047.3651 273.2737 7260711 000.7411 359.7772 02.26320271000095
1 18448U 87091  F 87306.99050731  .00000163 +00000-0 +99999-4 0  9997
2 18448 047.3586 273.0630 7260974 000.9595 359.7379 02.26324711000117
1 18448U 87091  F 87306.99077225  .00000163 +00000-0 +00000-4 0  9999
2 18448 047.3586 273.0630 7260974 000.9595 359.7379 02.26324711000117
1 18448U 87091  F 87307.43232872  .00000164 +00000-0 +99999-4 0  9996
2 18448 047.3518 272.9322 7261405 001.0709 359.7200 02.26324964000121
1 18448U 87091  F 87307.87414942  .00000166 +00000-0 +99999-4 0  9996
2 18448 047.3483 272.8074 7261855 001.1775 359.7059 02.26326077000138
1 18448U 87091  F 87308.31596588  .00000165 +00000-0 +99999-4 0  9992
2 18448 047.3429 272.6991 7261713 001.2949 359.6845 02.26326031000144
1 18448U 87091  F 87310.52508279  .00000170 +00000-0 +99999-4 0  9994
2 18448 047.3436 272.0888 7262976 001.8628 359.6195 02.26327155000194
1 18448U 87091  F 87310.96690242  .00007111 +00000-0 +75338-2 0  9995
2 18448 047.3594 272.0212 7262778 001.9412 359.6308 02.26341488000205
1 18448U 87091  F 87310.96716736  .00007111 +00000-0 +75338-2 0  9992
2 18448 047.3594 272.0211 7262778 001.9412 359.6308 02.26341489000205
1 18448U 87091  F 87314.50089319  .00007643 +00000-0 +75338-2 0  9996
2 18448 047.3169 271.0092 7264821 002.8893 359.1453 02.26349531000283
1 18448U 87091  F 87314.50115940  .00007643 +00000-0 +75338-2 0  9996
2 18448 047.3169 271.0091 7264821 002.8892 359.1453 02.26349532000282
1 18448U 87091  F 87316.71013333  .00007883 +00000-0 +75338-2 0  9990
2 18448 047.3251 270.3797 7265602 003.5006 359.2984 02.26362495000331
1 18448U 87091  F 87317.59385559  .00008055 +00000-0 +75338-2 0  9991
2 18448 047.3208 270.1411 7266108 003.7237 359.4670 02.26376101000359
1 18448U 87091  F 87318.47756902  .00001092 +00000-0 +98106-3 0  9996
2 18448 047.2965 269.9149 7265708 003.9496 359.4472 02.26346000000373
1 18448U 87091  F 87318.47756918  .00002087 +00000-0 +18742-2 0  9995
2 18448 047.3142 269.9053 7266702 003.9458 359.4428 02.26347816000375
1 18448U 87091  F 87318.91934678  .00001103 +00000-0 +99066-3 0  9992
2 18448 047.2934 269.7952 7265732 004.0668 359.4286 02.26346959000386
1 18448U 87091  F 87318.91961427  .00001103 +00000-0 +99066-3 0  9994
2 18448 047.2934 269.7951 7265732 004.0667 359.4286 02.26346960000386
1 18448U 87091  F 87320.24468509  .00001113 +00000-0 +98623-3 0  9995
2 18448 047.2939 269.4333 7266107 004.4131 359.3734 02.26347454000419
1 18448U 87091  F 87321.57027226  .00001145 +00000-0 +98623-3 0  9994
2 18448 047.2823 269.0744 7266949 004.7588 359.3359 02.26352594000443
1 18448U 87091  F 87322.45354388  .00001161 +00000-0 +98623-3 0  9992
2 18448 047.2811 268.8321 7267322 004.9883 359.3051 02.26354439000465
1 18448U 87091  F 87323.77911351  .00001181 +00000-0 +98623-3 0  9999
2 18448 047.2812 268.4640 7267809 005.3373 359.2633 02.26357172000490
1 18448U 87091  F 87324.22061265  .00001191 +00000-0 +98623-3 0  9991
2 18448 047.2787 268.3450 7268055 005.4501 359.2502 02.26358095000509
1 18448U 87091  F 87325.54592046  .00001211 +00000-0 +98623-3 0  9996
2 18448 047.2743 267.9825 7268524 005.8005 359.2197 02.26360573000533
1 18448U 87091  F 87326.87120501  .00001229 +00000-0 +98623-3 0  9995
2 18448 047.2615 267.6258 7268929 006.1437 359.1767 02.26362911000563
1 18448U 87091  F 87327.31298823  .00001236 +00000-0 +98623-3 0  9996
2 18448 047.2599 267.5042 7269089 006.2604 359.1889 02.26363934000571
1 18448U 87091  F 87327.31325629  .00001237 +00000-0 +98623-3 0  9992
2 18448 047.2599 267.5043 7269127 006.2595 359.1893 02.26363933000578
1 18448U 87091  F 87329.08027286  .00001271 +00000-0 +98623-3 0  9994
2 18448 047.2531 267.0175 7269873 006.7232 359.1604 02.26368100000612
1 18448U 87091  F 87330.40550594  .00001301 +00000-0 +98623-3 0  9999
2 18448 047.2460 266.6530 7270509 007.0743 359.1311 02.26371249000648
1 18448U 87091  F 87333.05561399  .00001358 +00000-0 +98623-3 0  9990
2 18448 047.2372 265.9202 7271664 007.7740 359.0472 02.26377909000708
1 18448U 87091  F 87333.05588147  .00001358 +00000-0 +98623-3 0  9990
2 18448 047.2372 265.9201 7271664 007.7740 359.0472 02.26377909000707
1 18448U 87091  F 87337.47272530  .00001412 +00000-0 +98623-3 0  9997
2 18448 047.2139 264.6922 7272634 008.9479 358.9659 02.26391876000809
1 18448U 87091  F 87337.91462033  .00001421 +00000-0 +98623-3 0  9995
2 18448 047.2124 264.5699 7272804 009.0651 358.8987 02.26393056000812
1 18448U 87091  F 87339.23943642  .00001446 +00000-0 +98623-3 0  9999
2 18448 047.2028 264.2119 7273245 009.4131 358.8772 02.26396987000847
1 18448U 87091  F 87340.56451007  .00001496 +00000-0 +98623-3 0  9991
2 18448 047.2004 263.8387 7274158 009.7599 358.8599 02.26400748000879
1 18448U 87091  F 87341.00619583  .00001494 +00000-0 +98623-3 0  9994
2 18448 047.2004 263.7190 7274092 009.8804 358.8598 02.26402537000885
1 18448U 87091  F 87342.33122595  .00001551 +00000-0 +10141-2 0  9995
2 18448 047.1948 263.3467 7274353 010.2405 358.8395 02.26406845000912
1 18448U 87091  F 87343.21482438  .00001644 +00000-0 +10583-2 0  9991
2 18448 047.1910 263.1041 7274820 010.4680 358.8260 02.26410344000935
1 18448U 87091  F 87344.09787968  .00001648 +00000-0 +10344-2 0  9993
2 18448 047.1842 262.8643 7275434 010.6960 358.8015 02.26412861000954
1 18448U 87091  F 87344.09789060  .00001639 +00000-0 +10093-2 0  9999
2 18448 047.1803 262.8712 7275921 010.6850 358.8079 02.26412710000950
1 18448U 87091  F 87346.30613650  .00001806 +00000-0 +10874-2 0  9999
2 18448 047.1728 262.2541 7276520 011.2731 358.7653 02.26421426001009
1 18448U 87091  F 87347.63101545  .00001835 +00000-0 +10808-2 0  9990
2 18448 047.1681 261.8820 7277058 011.6260 358.7075 02.26425911001034
1 18448U 87091  F 87347.63128167  .00001835 +00000-0 +10808-2 0  9999
2 18448 047.1681 261.8819 7277058 011.6259 358.7075 02.26425911001030
1 18448U 87091  F 87348.95615189  .00001890 +00000-0 +10837-2 0  9993
2 18448 047.1630 261.5138 7277727 011.9790 358.6661 02.26430892001068
1 18448U 87091  F 87351.16421413  .00001960 +00000-0 +10887-2 0  9998
2 18448 047.1536 260.8984 7278475 012.5719 358.6044 02.26439008001112
1 18448U 87091  F 87351.60555576  .00001974 +00000-0 +10879-2 0  9991
2 18448 047.1518 260.7756 7278661 012.6898 358.5959 02.26440670001126
1 18448U 87091  F 87353.37195193  .00002036 +00000-0 +11123-2 0  9995
2 18448 047.1487 260.2776 7278848 013.1673 358.5658 02.26447606001168
1 18448U 87091  F 87355.13856130  .00002100 +00000-0 +11171-2 0  9991
2 18448 047.1409 259.7857 7279463 013.6426 358.5322 02.26454612001208
1 18448U 87091  F 87356.02144813  .00002249 +00000-0 +11605-2 0  9994
2 18448 047.1291 259.5438 7280215 013.8716 358.5377 02.26460537001226
1 18448U 87091  F 87356.46299017  .00002268 +00000-0 +11577-2 0  9998
2 18448 047.1264 259.4200 7280460 013.9909 358.5103 02.26462496001233
1 18448U 87091  F 87356.46325511  .00002267 +00000-0 +11577-2 0  9996
2 18448 047.1264 259.4200 7280460 013.9908 358.5103 02.26462496001232
1 18448U 87091  F 87357.34610664  .00002302 +00000-0 +11585-2 0  9999
2 18448 047.1226 259.1725 7280784 014.2293 358.4911 02.26466379001251
1 18448U 87091  F 87358.22920222  .00002303 +00000-0 +11461-2 0  9995
2 18448 047.1277 258.9079 7281011 014.4797 358.4735 02.26470513001272
1 18448U 87091  F 87359.11253366  .00002339 +00000-0 +11498-2 0  9991
2 18448 047.1223 258.6644 7281290 014.7160 358.4395 02.26474488001293
1 18448U 87091  F 87359.55379803  .00002936 +00000-0 +14123-2 0  9995
2 18448 047.1295 258.5317 7281899 014.8288 358.4760 02.26482729001300
1 18448U 87091  F 87361.76127056  .00002879 +00000-0 +13333-2 0  9990
2 18448 047.1188 257.9139 7282676 015.4258 358.3469 02.26494006001355
1 18448U 87091  F 87362.20276819  .00002874 +00000-0 +13213-2 0  9994
2 18448 047.1171 257.7896 7282830 015.5449 358.3321 02.26496076001367
1 18448U 87091  F 87362.20303567  .00002874 +00000-0 +13213-2 0  9995
2 18448 047.1171 257.7896 7282830 015.5449 358.3321 02.26496076001367
1 18448U 87091  F 87363.08574332  .00002923 +00000-0 +13045-2 0  9990
2 18448 047.1072 257.5514 7283486 015.7728 358.3050 02.26501036001386
1 18448U 87091  F 87364.41017906  .00002643 +00000-0 +11644-2 0  9999
2 18448 047.1049 257.1792 7283667 016.1336 358.2623 02.26506098001417
1 18448U 87091  F 87365.29314791  .00002590 +00000-0 +11248-2 0  9999
2 18448 047.1012 256.9318 7283952 016.3722 358.2520 02.26509415001430
1 18448U 87091  F 88002.05899183  .00002651 +00000-0 +11235-2 0  9999
2 18448 047.0971 256.4286 7284430 016.8528 358.2369 02.26519340001476
1 18448U 87091  F 88003.38331280  .00002755 +00000-0 +11453-2 0  9992
2 18448 047.0952 256.0575 7284834 017.2097 358.2030 02.26526633001508
1 18448U 87091  F 88005.14902306  .00002821 +00000-0 +11283-2 0  9996
2 18448 047.0847 255.5622 7285616 017.6884 358.1735 02.26537089001547
1 18448U 87091  F 88006.03183439  .00002882 +00000-0 +11371-2 0  9998
2 18448 047.0803 255.3166 7285888 017.9274 358.1473 02.26542137001568
1 18448U 87091  F 88007.35602057  .00003530 +00000-0 +13257-2 0  9992
2 18448 047.0563 254.9514 7286952 018.2799 358.2259 02.26559269001592
1 18448U 87091  F 88007.35629833  .00003530 +00000-0 +13257-2 0  9993
2 18448 047.0563 254.9514 7286952 018.2799 358.2259 02.26559270001594
1 18448U 87091  F 88008.23860416  .00004033 +00000-0 +15204-2 0  9998
2 18448 047.0529 254.6979 7286838 018.5152 358.1457 02.26571223001611
1 18448U 87091  F 88009.12120274  .00004102 +00000-0 +15187-2 0  9995
2 18448 047.0512 254.4472 7287180 018.7556 358.0557 02.26578201001635
1 18448U 87091  F 88010.44515752  .00004296 +00000-0 +15620-2 0  9997
2 18448 047.0401 254.0753 7287495 019.1136 358.0212 02.26590099001668
1 18448U 87091  F 88010.44543526  .00004242 +00000-0 +14143-2 0  9997
2 18448 047.0636 254.0573 7289336 019.1022 358.0136 02.26589448001669
1 18448U 87091  F 88012.21032834  .00004425 +00000-0 +14283-2 0  9997
2 18448 047.0598 253.5667 7289904 019.5816 357.9570 02.26604656001704
1 18448U 87091  F 88013.09287231  .00004535 +00000-0 +14779-2 0  9999
2 18448 047.0496 253.3254 7289646 019.8236 357.9337 02.26612761001722
1 18448U 87091  F 88013.09314998  .00004506 +00000-0 +14297-2 0  9993
2 18448 047.0561 253.3185 7290203 019.8211 357.9300 02.26612365001722
1 18448U 87091  F 88013.97537634  .00004229 +00000-0 +14108-2 0  9997
2 18448 047.0418 253.0804 7289074 020.0680 357.9021 02.26619351001740
1 18448U 87091  F 88013.97565416  .00004229 +00000-0 +14108-2 0  9996
2 18448 047.0418 253.0804 7289074 020.0679 357.9021 02.26619352001749
1 18448U 87091  F 88015.29938270  .00004173 +00000-0 +13742-2 0  9996
2 18448 047.0370 252.6993 7289252 020.4353 357.8696 02.26630031001778
1 18448U 87091  F 88022.35736258  .00005547 +00000-0 +14831-2 0  9999
2 18448 047.0150 250.7130 7292924 022.3593 357.6057 02.26712306001936
1 18448U 87091  F 88023.23954959  .00004936 +00000-0 +13097-2 0  9991
2 18448 047.0115 250.4591 7293001 022.6036 357.5885 02.26715842001955
1 18448U 87091  F 88025.00405262  .00005113 +00000-0 +12853-2 0  9993
2 18448 047.0072 249.9541 7293930 023.0868 357.5636 02.26732873001995
1 18448U 87091  F 88034.26387676  .00005564 +00000-0 +10724-2 0  9994
2 18448 046.9619 247.3046 7298165 025.6441 357.3054 02.26824540002202
1 18448U 87091  F 88036.02718196  .00005735 +00000-0 +10724-2 0  9995
2 18448 046.9545 246.8015 7298550 026.1337 357.2465 02.26844887002243
1 18448U 87091  F 88038.23108137  .00005718 +00000-0 +10724-2 0  9999
2 18448 046.9516 246.1762 7298251 026.7201 357.2979 02.26875293002297
1 18448U 87091  F 88039.11237636  .00005894 +00000-0 +10724-2 0  9999
2 18448 046.9485 245.9235 7298719 026.9646 357.1140 02.26885231002313
1 18448U 87091  F 88043.07854977  .00006624 +00000-0 +10724-2 0  9994
2 18448 046.9370 244.7901 7300401 028.0693 356.9857 02.26932929002409
1 18448U 87091  F 88044.40039959  .00006482 +00000-0 +10724-2 0  9999
2 18448 046.9294 244.4129 7299884 028.4337 356.9456 02.26950066002434
1 18448U 87091  F 88047.92488650  .00007070 +00000-0 +10724-2 0  9999
2 18448 046.9093 243.3979 7300915 029.4117 357.0390 02.27008289002517
1 18448U 87091  F 88051.44801052  .00008066 +00000-0 +10724-2 0  9992
2 18448 046.8958 242.3888 7302656 030.3874 356.6569 02.27066333002594
1 18448U 87091  F 88054.09003609  .00008518 +00000-0 +10724-2 0  9990
2 18448 046.8847 241.6277 7303212 031.1198 356.5532 02.27107653002659
1 18448U 87091  F 88054.97063673  .00008730 +00000-0 +10724-2 0  9990
2 18448 046.8793 241.3743 7303495 031.3672 356.5240 02.27121687002677
1 18448U 87091  F 88059.81274467  .00010245 +00000-0 +10724-2 0  9997
2 18448 046.8564 239.9785 7305254 032.7018 356.4067 02.27215382002780
1 18448U 87091  F 88061.13289714  .00010698 +00000-0 +10724-2 0  9998
2 18448 046.8595 239.6011 7305698 033.0586 356.3299 02.27241998002811
1 18448U 87091  F 88065.09247286  .00010654 +00000-0 +10724-2 0  9997
2 18448 046.8317 238.4501 7305177 034.1942 355.7518 02.27299178002904
1 18448U 87091  F 88073.00875053  .00020195 -49800-4 +10724-2 0  9993
2 18448 046.8189 236.1889 7306931 036.3794 355.6905 02.27468791003081
1 18448U 87091  F 88080.91810576  .00018842 -50199-4 +66501-3 0  9994
2 18448 046.7882 233.8907 7310364 038.6102 355.1726 02.27650197003267
