1 20372U 89098  F 89350.43080318  .00000099 +00000-0 +99999-4 0  9997
2 20372 047.3090 265.5849 7302332 359.9612 359.3873 02.22474591000041
1 20372U 89098  F 89350.88106379  .00009604 +00000-0 +77969-2 0  9994
2 20372 047.3071 265.4647 7302464 000.0738 000.0138 02.22486342000056
1 20372U 89098  F 89352.22940030  .00004604 +00000-0 +36429-2 0  9995
2 20372 047.2975 265.1210 7302571 000.4188 359.9683 02.22493633000088
1 20372U 89098  F 89353.12827604  .00003783 +00000-0 +29920-2 0  9991
2 20372 047.3001 264.8580 7303149 000.6557 359.9412 02.22498112000109
1 20372U 89098  F 89353.12827642  .00003910 +00000-0 +30225-2 0  9995
2 20372 047.3007 264.8561 7303070 000.6590 359.9419 02.22498226000107
1 20372U 89098  F 89354.02710000  .00004070 +00000-0 +32488-2 0  9995
2 20372 047.2954 264.6421 7302824 000.8891 359.9107 02.22506517000121
1 20372U 89098  F 89354.47652968  .00003604 +00000-0 +28281-2 0  9990
2 20372 047.2876 264.5102 7303286 001.0022 359.9005 02.22507256000130
1 20372U 89098  F 89354.92593500  .00003578 +00000-0 +27785-2 0  9994
2 20372 047.2850 264.3917 7303537 001.1138 359.8851 02.22510176000146
1 20372U 89098  F 89357.17287560  .00003653 +00000-0 +27297-2 0  9992
2 20372 047.2704 263.7872 7304398 001.6936 359.8224 02.22526108000195
1 20372U 89098  F 89358.07160648  .00003620 +00000-0 +26843-2 0  9999
2 20372 047.2712 263.5400 7304534 001.9334 359.8120 02.22533407000214
1 20372U 89098  F 89358.07162413  .00003796 +00000-0 +27936-2 0  9999
2 20372 047.2643 263.5485 7304717 001.9244 359.8271 02.22534042000216
1 20372U 89098  F 89358.97032077  .00003676 +00000-0 +26937-2 0  9997
2 20372 047.2675 263.2957 7304778 002.1687 359.8003 02.22540102000232
1 20372U 89098  F 89359.41966638  .00003840 +00000-0 +28176-2 0  9996
2 20372 047.2739 263.1721 7304685 002.2882 359.8396 02.22546673000241
1 20372U 89098  F 89359.86894113  .00003978 +00000-0 +28336-2 0  9993
2 20372 047.2724 263.0506 7304769 002.4059 359.7903 02.22550388000258
1 20372U 89098  F 89359.86894239  .00003880 +00000-0 +28336-2 0  9994
2 20372 047.2724 263.0507 7304769 002.4060 359.7903 02.22550387000250
1 20372U 89098  F 89360.31826602  .00003905 +00000-0 +28334-2 0  9991
2 20372 047.2709 262.9294 7304904 002.5226 359.7817 02.22553896000263
1 20372U 89098  F 89360.76759007  .00004062 +00000-0 +28545-2 0  9993
2 20372 047.2675 262.8130 7305062 002.6352 359.7877 02.22558019000279
1 20372U 89098  F 89361.21688931  .00004083 +00000-0 +28391-2 0  9993
2 20372 047.2650 262.6937 7305305 002.7484 359.7720 02.22561527000288
1 20372U 89098  F 89361.21689058  .00003985 +00000-0 +28391-2 0  9994
2 20372 047.2650 262.6937 7305305 002.7485 359.7720 02.22561526000288
1 20372U 89098  F 89363.01406969  .00004654 +00000-0 +30873-2 0  9994
2 20372 047.2422 262.2037 7306890 003.2047 359.8455 02.22585715000329
1 20372U 89098  F 89365.26003688  .00005313 +00000-0 +34714-2 0  9995
2 20372 047.2368 261.5938 7307012 003.7865 359.7207 02.22614353000370
1 20372U 89098  F 90002.05670241  .00005561 +00000-0 +34724-2 0  9993
2 20372 047.2299 261.1068 7307541 004.2551 359.6573 02.22633622000418
1 20372U 89098  F 90002.05670242  .00005463 +00000-0 +34684-2 0  9990
2 20372 047.2297 261.1072 7307563 004.2547 359.6571 02.22633603000417
1 20372U 89098  F 90003.85321996  .00005657 +00000-0 +35078-2 0  9991
2 20372 047.2220 260.6199 7307971 004.7237 359.5986 02.22653967000459
1 20372U 89098  F 90004.75140946  .00005846 +00000-0 +35228-2 0  9992
2 20372 047.2181 260.3770 7308174 004.9578 359.5638 02.22664434000470
1 20372U 89098  F 90008.79283803  .00004720 +00000-0 +27428-2 0  9993
2 20372 047.2117 259.2813 7309187 005.9974 359.3573 02.22698785000562
1 20372U 89098  F 90013.73127715  .00004890 +00000-0 +26252-2 0  9994
2 20372 047.1989 257.9301 7310660 007.2903 359.0207 02.22747979000673
1 20372U 89098  F 90013.73171416  .00005153 +00000-0 +28783-2 0  9995
2 20372 047.2284 257.9350 7309684 007.3262 359.3674 02.22751949000672
1 20372U 89098  F 90015.07843363  .00005250 +00000-0 +28085-2 0  9994
2 20372 047.2243 257.5673 7310163 007.6815 359.3426 02.22765876000705
1 20372U 89098  F 90017.77191872  .00005189 +00000-0 +24775-2 0  9997
2 20372 047.1833 256.8113 7312598 008.4013 359.2284 02.22791394000764
1 20372U 89098  F 90018.66928051  .00005254 +00000-0 +25243-2 0  9997
2 20372 047.1766 256.5550 7312386 008.6436 359.1920 02.22800081000789
1 20372U 89098  F 90018.66956986  .00005254 +00000-0 +25243-2 0  9995
2 20372 047.1766 256.5550 7312386 008.6436 359.1920 02.22800081000789
1 20372U 89098  F 90022.70826314  .00005669 +00000-0 +26404-2 0  9996
2 20372 047.2145 255.4915 7313110 009.6993 359.1142 02.22846356000870
1 20372U 89098  F 90022.70830474  .00005757 +00000-0 +26709-2 0  9994
2 20372 047.2391 255.5119 7312834 009.7167 359.1443 02.22846319000879
1 20372U 89098  F 90022.70855242  .00005761 +00000-0 +26404-2 0  9991
2 20372 047.2145 255.4915 7313110 009.6992 359.1142 02.22846356000879
1 20372U 89098  F 90026.74640427  .00006040 +00000-0 +25984-2 0  9999
2 20372 047.2053 254.3879 7314472 010.7477 359.0748 02.22896657000967
1 20372U 89098  F 90027.19496477  .00006650 +00000-0 +28342-2 0  9991
2 20372 047.1732 254.2359 7314565 010.8763 359.1028 02.22910071000974
1 20372U 89098  F 90030.33469439  .00006154 +00000-0 +25126-2 0  9995
2 20372 047.1427 253.3457 7315209 011.7287 358.8449 02.22946181001044
1 20372U 89098  F 90031.68024998  .00006298 +00000-0 +25118-2 0  9991
2 20372 047.1373 252.9757 7315582 012.0819 358.8343 02.22962578001075
1 20372U 89098  F 90036.16469091  .00005818 +00000-0 +20565-2 0  9994
2 20372 047.1182 251.7406 7317403 013.2918 358.7028 02.23010992001173
1 20372U 89098  F 90039.75150849  .00005687 +00000-0 +18374-2 0  9999
2 20372 047.0980 250.7531 7318929 014.2443 358.5929 02.23050626001259
1 20372U 89098  F 90040.64811909  .00005592 +00000-0 +18137-2 0  9992
2 20372 047.0946 250.5054 7319129 014.4853 358.5715 02.23060681001276
1 20372U 89098  F 90041.99293371  .00005867 +00000-0 +18426-2 0  9994
2 20372 047.0887 250.1252 7319305 014.8530 358.5222 02.23075985001308
1 20372U 89098  F 90044.68227210  .00005378 +00000-0 +15871-2 0  9990
2 20372 047.0873 249.3728 7320687 015.5632 358.3679 02.23102898001361
1 20372U 89098  F 90046.02689162  .00005568 +00000-0 +15377-2 0  9990
2 20372 047.0758 248.9905 7321874 015.9399 358.3590 02.23117602001392
1 20372U 89098  F 90050.95624313  .00005399 +00000-0 +13471-2 0  9999
2 20372 047.0453 247.6291 7323395 017.2626 358.1861 02.23170056001500
1 20372U 89098  F 90050.95624870  .00006218 +00000-0 +15308-2 0  9999
2 20372 047.0570 247.6270 7323616 017.2518 358.2300 02.23173887001507
1 20372U 89098  F 90053.64455375  .00007056 +00000-0 +15576-2 0  9998
2 20372 047.0226 246.8656 7324975 017.9715 358.3926 02.23220330001566
1 20372U 89098  F 90057.22757085  .00007855 +00000-0 +17012-2 0  9993
2 20372 047.0171 245.8875 7325123 018.9263 358.1035 02.23280927001648
1 20372U 89098  F 90062.15275411  .00008518 +00000-0 +16477-2 0  9990
2 20372 047.0099 244.5285 7326448 020.2484 357.8153 02.23367240001753
1 20372U 89098  F 90062.15318857  .00008519 +00000-0 +16477-2 0  9993
2 20372 047.0099 244.5284 7326448 020.2485 358.1646 02.23367248001752
1 20372U 89098  F 90062.60042331  .00008639 +00000-0 +15661-2 0  9991
2 20372 047.0170 244.4228 7327520 020.3508 357.8085 02.23375313001764
1 20372U 89098  F 90063.94333360  .00011913 +00000-0 +20701-2 0  9994
2 20372 047.0094 244.0422 7327844 020.7196 357.8774 02.23425365001798
1 20372U 89098  F 90067.52360362  .00008822 +00000-0 +14306-2 0  9993
2 20372 047.0035 243.0592 7328696 021.6723 357.6115 02.23464528001872
1 20372U 89098  F 90067.52365165  .00003973 +00000-0 +64532-3 0  9998
2 20372 047.0136 243.0784 7328845 021.6175 357.6543 02.23440611001876
1 20372U 89098  F 90067.52365415  .00009409 +00000-0 +15181-2 0  9991
2 20372 047.0040 243.0780 7328758 021.6596 357.6512 02.23467322001870
1 20372U 89098  F 90071.55019097  .00008748 +00000-0 +12643-2 0  9996
2 20372 046.9841 241.9320 7330032 022.7672 357.3993 02.23534384001962
1 20372U 89098  F 90072.89223578  .00008740 +00000-0 +12213-2 0  9990
2 20372 046.8969 241.4901 7330385 023.1529 357.4417 02.23558144001994
1 20372U 89098  F 90073.78677446  .00008902 +00000-0 +10644-2 0  9992
2 20372 046.8633 241.1893 7332479 023.2372 357.4192 02.23573842002018
1 20372U 89098  F 90073.78677786  .00008902 +00000-0 +10644-2 0  9999
2 20372 046.8633 241.1893 7332479 023.2372 357.4219 02.23573842002018
1 20372U 89098  F 90075.57569972  .00008518 +00000-0 +10973-2 0  9993
2 20372 046.9224 240.7700 7331322 023.8763 357.3219 02.23602200002057
1 20372U 89098  F 90076.91728776  .00008557 +00000-0 +10602-2 0  9993
2 20372 046.9252 240.3903 7331743 024.2608 357.3157 02.23625385002082
1 20372U 89098  F 90077.81157625  .00009578 +00000-0 +10876-2 0  9999
2 20372 046.9296 240.1558 7332895 024.4272 357.3492 02.23649361002107
1 20372U 89098  F 90080.49387429  .00010106 +00000-0 +11363-2 0  9995
2 20372 046.9374 239.4264 7332572 025.2136 357.3006 02.23707914002165
1 20372U 89098  F 90084.51593129  .00014145 +00000-0 +14257-2 0  9990
2 20372 046.9058 238.2706 7333136 026.3275 357.5821 02.23841342002256
1 20372U 89098  F 90088.53461578  .00015332 +00000-0 +13562-2 0  9995
2 20372 046.8950 237.1469 7333993 027.4015 356.9282 02.23969083002342
1 20372U 89098  F 90089.87385709  .00016782 -74054-5 +13505-2 0  9997
2 20372 046.8955 236.7636 7334064 027.7709 356.8587 02.24012839002370
1 20372U 89098  F 90092.55168221  .00024540 -48900-4 +12033-2 0  9990
2 20372 046.9065 236.0258 7336222 028.3616 357.0410 02.24119801002430
1 20372U 89098  F 90093.44368118  .00018656 -80469-5 +11880-2 0  9993
2 20372 046.9003 235.7442 7336163 028.6343 356.7902 02.24151306002457
1 20372U 89098  F 90094.78180404  .00019502 -83596-5 +12780-2 0  9996
2 20372 046.8572 235.3672 7335361 029.1099 356.7241 02.24204655002486
1 20372U 89098  F 90094.78184890  .00025343 -49000-4 +11783-2 0  9992
2 20372 046.8860 235.3357 7336446 029.0172 356.7392 02.24198508002488
1 20372U 89098  F 90097.45720019  .00019494 -89125-5 +11610-2 0  9990
2 20372 046.8450 234.5974 7335784 029.8355 356.6073 02.24301338002543
1 20372U 89098  F 90098.79448910  .00025358 -49299-4 +10994-2 0  9992
2 20372 046.8423 234.2157 7336103 030.2040 356.5715 02.24350121002575
1 20372U 89098  F 90110.36639697  .00003358 -11518-4 +99999-4 0  9997
2 20372 046.8769 230.9493 7330566 033.5503 356.3286 02.25068890002842
1 20372U 89098  F 90110.81052723  .00034975 -11444-4 +13841-2 0  9993
2 20372 046.8097 230.8163 7334853 033.5243 356.0770 02.25072189002855
1 20372U 89098  F 90113.47531037  .00038187 -11953-4 +13976-2 0  9991
2 20372 046.7988 230.0520 7334127 034.2684 356.3140 02.25277615002915
1 20372U 89098  F 90114.80639895  .00041791 -12243-4 +14844-2 0  9993
2 20372 046.8151 229.7030 7333560 034.6128 356.1436 02.25395262002944
1 20372U 89098  F 90118.35324382  .00048265 -12862-4 +14456-2 0  9998
2 20372 046.7724 228.6364 7332748 035.6941 356.4116 02.25735792003022
1 20372U 89098  F 90118.79562518  .00049027 -13128-4 +14468-2 0  9997
2 20372 046.7902 228.5317 7332554 035.8600 355.9462 02.25779819003033
1 20372U 89098  F 90122.77657176  .00063508 -13837-4 +17382-2 0  9990
2 20372 046.8316 227.4439 7329233 036.9618 355.8034 02.26306733003123
1 20372U 89098  F 90122.77665816  .00060074 -13872-4 +16771-2 0  9995
2 20372 046.8240 227.4336 7329163 037.0572 355.7929 02.26287007003122
1 20372U 89098  F 90122.77829122  .00063484 -13763-4 +17333-2 0  9999
2 20372 046.8281 227.4392 7329258 036.9571 357.2048 02.26306844003121
1 20372U 89098  F 90122.77840299  .00059850 -13858-4 +16741-2 0  9996
2 20372 046.8185 227.4261 7329151 037.0730 357.2085 02.26285934003127
1 20372U 89098  F 90125.42578509  .00062708 -14207-4 +14717-2 0  9999
2 20372 046.7618 226.6037 7328242 037.6568 355.6726 02.26626597003188
1 20372U 89098  F 90126.74901843  .00063483 -14486-4 +14347-2 0  9995
2 20372 046.7620 226.2224 7327306 038.0378 355.6466 02.26791391003219
1 20372U 89098  F 90126.74903662  .00064038 -14332-4 +14655-2 0  9995
2 20372 046.7460 226.1969 7327160 038.0686 355.6741 02.26794788003215
1 20372U 89098  F 90126.74905748  .00068527 -50499-4 +14483-2 0  9992
2 20372 046.7444 226.1940 7327193 038.0723 355.6762 02.26790608003214
1 20372U 89098  F 90126.74905780  .00063324 -14514-4 +14483-2 0  9996
2 20372 046.7444 226.1940 7327193 038.0724 355.6762 02.26790608003215
1 20372U 89098  F 90129.83285992  .00076157 -15030-4 +16430-2 0  9991
2 20372 046.7920 225.3862 7323835 038.9731 356.6171 02.27292375003285
1 20372U 89098  F 90130.27132042  .00083078 -50499-4 +14409-2 0  9990
2 20372 046.7517 225.1842 7324681 038.9453 355.5704 02.27372100003290
1 20372U 89098  F 90130.27137297  .00073443 -14967-4 +15087-2 0  9995
2 20372 046.7469 225.1751 7323841 038.9847 355.6087 02.27350167003293
1 20372U 89098  F 90135.53951234  .00135950 -15932-4 +24169-2 0  9990
2 20372 046.7388 223.6357 7313701 040.5607 001.9339 02.28820516003411
1 20372U 89098  F 90142.49524123  .00162600 -50199-4 +30072-2 0  9992
2 20372 046.7106 221.5519 7295128 042.7789 001.6823 02.31095860003575
1 20372U 89098  F 90144.21237043  .00214936 -16870-4 +16556-2 0  9995
2 20372 046.6887 221.0170 7291242 042.7563 355.0268 02.32224022003610
1 20372U 89098  F 90144.21603121  .00214942 -16904-4 +16560-2 0  9999
2 20372 046.6887 221.0159 7291229 042.7574 358.0873 02.32225583003612
1 20372U 89098  F 90147.21109002  .00402163 -17313-4 +21137-2 0  9996
2 20372 046.7090 220.1302 7274781 043.9953 354.7921 02.34611093003688
1 20372U 89098  F 90147.21113974  .00402179 -17288-4 +21093-2 0  9998
2 20372 046.7113 220.1322 7274792 043.9928 354.8344 02.34611222003684
1 20372U 89098  F 90147.21113991  .00402151 -17223-4 +21137-2 0  9995
2 20372 046.7090 220.1302 7274781 043.9953 354.8342 02.34611127003684
1 20372U 89098  F 90147.21114130  .00402157 -17309-4 +21814-2 0  9994
2 20372 046.7126 220.1334 7274597 043.9452 354.8408 02.34611163003681
1 20372U 89098  F 90147.21114155  .00402169 -17389-4 +21776-2 0  9999
2 20372 046.7126 220.1333 7274607 043.9453 354.8410 02.34611172003686
1 20372U 89098  F 90148.07405257  .00431923 -17467-4 +25961-2 0  9997
2 20372 046.6860 219.8324 7268045 044.2748 004.8877 02.35377879003701
1 20372U 89098  F 90148.48662259  .00414126 -17119-4 +11039-2 0  9990
2 20372 046.5943 219.5776 7270687 043.9805 354.7939 02.35694623003711
1 20372U 89098  F 90148.48662323  .00418760 -49100-4 +11039-2 0  9995
2 20372 046.5943 219.5775 7270687 043.9805 354.7939 02.35694623003710
