1 05941U 72029  A 72105.09582511  .00084673 +00000-0 +00000-0 0  9993
2 05941 064.9243 251.8324 0164622 059.8223 301.9077 15.78709577000018
1  5941U 72029A   75236.96611111 -.00000067 +00000-0 +00000-0 0  9992
2  5941 064.9280 253.5400 9357800 284.7000 351.6140 00.24939387005147
1  5941U 72029A   75236.96611111 -.00000067 +00000-0 +00000-0 0  9992
2  5941 064.9280 253.5400 9357800 284.7000 351.6140 00.24939387005147
1 05941U 72029A   75236.96611111 -.00000067 +00000-0 +00000-0 0  9992
2 05941 064.9280 253.5400 9357800 284.7000 351.6140 00.24939387005147
1 05941U 72029A   75236.96611111 -.00000066  00000-0  10000-3 0  9995
2 05941 064.9280 253.5400 9357800 284.7000 351.6140 00.24939387  5147
1 05941U 72029A   75236.96611111 -.00000066  00000-0  10000-3 0  9995
2 05941 064.9280 253.5400 9357800 284.7000 351.6140 00.24939387  5147
1 05941U 72029A   75236.96611111 -.00000066  00000-0  10000-3 0  9995
2 05941 064.9280 253.5400 9357800 284.7000 351.6140 00.24939387  5147
1  5941U 72029A   75236.96611111 -.00000066 +00000-0 +10000-3 0  9995
2  5941 064.9280 253.5400 9357800 284.7000 351.6140 00.24939387005147
1  5941U 72029A   75236.96611111 -.00000066 +00000-0 +10000-3 0  9995
2  5941 064.9280 253.5400 9357800 284.7000 351.6140 00.24939387005147
1  5941U 72029A   75236.96611111 -.00000066 +00000-0 +10000-3 0  9995
2  5941 064.9280 253.5400 9357800 284.7000 351.6140 00.24939387005147
1  5941U 72029A   75236.96611111 -.00000066 +00000-0 +10000-3 0  9995
2  5941 064.9280 253.5400 9357800 284.7000 351.6140 00.24939387005147
1  5941U 72029A   75236.96611111 -.00000066 +00000-0 +10000-3 0  9995
2  5941 064.9280 253.5400 9357800 284.7000 351.6140 00.24939387005147
1  5941U 72029A   75236.96611111 -.00000066 +00000-0 +10000-3 0  9995
2  5941 064.9280 253.5400 9357800 284.7000 351.6140 00.24939387005147
