1 15201U 84088  C 84230.74937291  .00000338 +00000-0 +99999-4 0  9999
2 15201 028.6769 006.1747 8908909 000.4303 086.3680 00.54228643000013
1 15201U 84088  C 85033.98090372  .00000332 +00000-0 +00000-0 0  9992
2 15201 027.7873 354.7124 8819661 020.5957 350.2016 00.54143562000937
1 15201U 84088  C 85046.95348074  .00000332 +00000-0 +00000-0 0  9998
2 15201 027.4913 353.4821 8822743 022.3075 358.3550 00.54142261001001
1 15201U 84088  C 85048.79934001  .00000332 +00000-0 +00000-0 0  9993
2 15201 027.4656 353.3870 8830408 022.4763 358.4126 00.54144429001019
1 15201U 84088  C 85050.64505645  .00000332 +00000-0 +00000-0 0  9998
2 15201 027.4362 353.2247 8829923 022.7018 358.1329 00.54144658001023
1 15201U 84088  C 85052.49252652  .00000332 +00000-0 +00000-0 0  9990
2 15201 027.4251 353.0797 8831934 022.8560 358.5477 00.54147915001034
1 15201U 84088  C 85058.03437705  .00000333 +00000-0 +00000-0 0  9991
2 15201 027.4356 352.7488 8835190 023.3751 358.9784 00.54150325001066
1 15201U 84088  C 85083.89231282  .00000333 +00000-0 +00000-0 0  9995
2 15201 027.1382 350.6515 8838762 026.5759 358.6437 00.54149862001203
1 15201U 84088  C 85091.28123456 -.00000320 +00000-0 +99999-4 0  9996
2 15201 026.9256 350.2734 8839335 027.2517 358.9674 00.54148578001249
1 15201U 84088  C 85091.28124613 -.00000320 +00000-0 +99999-4 0  9992
2 15201 026.9256 350.2734 8839335 027.2517 358.9674 00.54148578001249
1 15201U 84088  C 85091.28125770 -.00000320 +00000-0 +99999-4 0  9997
2 15201 026.9256 350.2734 8839335 027.2517 358.9674 00.54148578001249
1 15201U 84088  C 85091.28126927  .00000332 +00000-0 +00000-4 0  9999
2 15201 026.9256 350.2734 8839335 027.2517 358.9674 00.54148577001248
1 15201U 84088  C 85091.28128085  .00000332 +00000-0 +00000-4 0  9996
2 15201 026.9256 350.2734 8839335 027.2517 358.9674 00.54148577001248
1 15201U 84088  C 85091.28129242  .00000332 +00000-0 +00000-0 0  9998
2 15201 026.9256 350.2734 8839335 027.2517 358.9674 00.54148577001248
1 15201U 84088  C 85091.28131556  .00000333 +00000-0 +00000-0 0  9990
2 15201 026.9256 350.2735 8839335 027.2518 358.9674 00.54148577001240
1 15201U 84088C   85091.28131557 -.00001219 +00000-0 +10000-3 0  9990
2 15201 026.9256 350.2735 8839335 027.2518 358.9674 00.54148577001240
1 15201U 84088C   85091.28131557 -.00001219 +00000-0 +10000-3 0  9990
2 15201 026.9256 350.2735 8839335 027.2518 358.9674 00.54148577001240
1 15201U 84088  C 85091.28157020  .00000332 +00000-0 +00000-0 0  9993
2 15201 026.9256 350.2734 8839335 027.2517 358.9674 00.54148577001248
1 15201U 84088  C 95091.28124613 -.00000320 +00000-0 +99999-4 0  9993
2 15201 026.9256 350.2734 8839335 027.2517 358.9674 00.54148578001249
1 15201U 84088  C 95091.28131557 -.00000320 +00000-0 +99999-4 0  9998
2 15201 026.9256 350.2734 8839335 027.2517 358.9674 00.54148578001249
1 15201U 84088C   97099.00000000 -.00000662  00000-0  10000-3 0  9990
2 15201 022.0586 280.0838 8843992 334.4427 344.6578 00.54144034 25024
