1 11801U 80016  E 80071.63729559  .00000079 +00000-0 +00000-0 0  9994
2 11801 047.3602 274.5116 7323923 005.0222 359.5660 02.22337513000003
1 11801U 80016  E 80094.56295563  .00006399 +00000-0 +14697-2 0  9994
2 11801 047.2574 268.2467 7329416 011.0931 358.7528 02.22582185000513
1 11801U 80016  E 80098.60581169  .00005969 +00000-0 +12855-2 0  9999
2 11801 047.2399 267.1393 7330188 012.1716 358.6105 02.22629050000608
1 11801U 80016  E 80099.50416042  .00007340 +00000-0 +15585-2 0  9994
2 11801 047.2453 266.9057 7330349 012.3989 358.6434 02.22648603000628
1 11801U 80016  E 80100.85144623  .00007329 +00000-0 +15152-2 0  9995
2 11801 047.2389 266.5342 7330671 012.7557 358.5864 02.22667965000653
1 11801U 80016  E 80104.89258567  .00007332 +00000-0 +13844-2 0  9996
2 11801 047.2213 265.4190 7331799 013.8166 358.4078 02.22726239000744
1 11801U 80016  E 80104.89261050  .00007332 +00000-0 +13845-2 0  9998
2 11801 047.2213 265.4190 7331798 013.8166 358.4278 02.22726243000740
1 11801U 80016  E 80106.68833727  .00007464 +00000-0 +14119-2 0  9994
2 11801 047.2060 264.9024 7331547 014.3262 358.3771 02.22754108000787
1 11801U 80016  E 80108.48381926  .00007642 +00000-0 +14016-2 0  9997
2 11801 047.1965 264.4078 7331857 014.8178 358.3063 02.22782776000820
1 11801U 80016  E 80116.56036962  .00009047 +00000-0 +13419-3 0  9990
2 11801 047.1545 262.1718 7334931 016.9264 358.0756 02.22931003001001
1 11801U 80016  E 80116.56037344  .00009192 +00000-0 +13761-3 0  9996
2 11801 047.1606 262.1801 7334717 016.9378 358.0772 02.22932187001002
1 11801U 80016  E 80117.45743173  .00009962 +00000-0 +14575-3 0  9998
2 11801 047.1530 261.9318 7335054 017.1705 358.0723 02.22957770001023
1 11801U 80016  E 80120.59642637  .00009104 +00000-0 +12732-3 0  9991
2 11801 047.1436 261.0616 7335589 018.0167 357.8926 02.23013202001098
1 11801U 80016  E 80120.59647693  .00009105 +00000-0 +12733-3 0  9990
2 11801 047.1436 261.0616 7335589 018.0167 357.9332 02.23013206001094
1 11801U 80016  E 80122.83820855  .00009568 +00000-0 +13093-3 0  9995
2 11801 047.1299 260.4189 7335727 018.6275 357.9043 02.23057833001148
1 11801U 80016  E 80131.35188003  .00014508 +00000-0 +16882-3 0  9993
2 11801 047.0998 258.0741 7337435 020.8901 358.0261 02.23295416001335
1 11801U 80016  E 80134.48579317  .00015385 +00000-0 +17006-3 0  9995
2 11801 047.0916 257.1980 7337699 021.7146 357.8976 02.23398238001407
1 11801U 80016  E 80135.82801352  .00016909 +00000-0 +07932-4 0  9992
2 11801 047.0892 256.8269 7338179 022.0521 357.4943 02.23447943001432
1 11801U 80016  E 80135.82802181  .00017130 +00000-0 +18239-3 0  9991
2 11801 047.0884 256.8264 7338091 022.0610 357.5019 02.23449046001431
1 11801U 80016  E 80144.77026148  .00031665 +07778-5 +02315-4 0  9998
2 11801 047.0336 254.2671 7338274 024.5293 357.2719 02.23870635001632
1 11801U 80016  E 80148.34245362  .00035238 +08012-5 +02872-4 0  9996
2 11801 047.0243 253.2781 7338679 025.4748 357.7189 02.24085331001711
1 11801U 80016  E 80155.47263161  .00048258 +08351-5 +00557-4 0  9995
2 11801 046.9868 251.2312 7335701 027.4634 356.9987 02.24663258001873
