1 39461U 13071B   13339.10594422 -.00000405  00000-0  00000+0 0  9990
2 39461 020.4709 242.8850 8539746 179.2548 356.3022 00.86362344    12
1 39461U 13071B   13340.56399919 -.00000338  00000-0  00000+0 0  9991
2 39461 006.1909 242.8341 6136700 179.9014 040.7449 00.69596842    27
1 39461U 13071B   13341.96478554 -.00000494  00000-0  00000+0 0  9992
2 39461 020.4572 242.2770 8535230 180.3584 177.9932 00.87325819    38
1 39461U 13071B   13343.10381580  .00000511  00000-0  11828-1 0  9993
2 39461 020.4397 242.1309 8535840 180.6297 176.0625 00.87328304    54
1 39461U 13071B   13343.58685630 -.00000371  00000-0  00000+0 0  9991
2 39461 001.1862 242.0464 3432291 179.8947 023.1408 00.53300519    42
1 39461U 13071B   13360.19486112  .00000489  00000-0  60250-2 0  9996
2 39461 020.1512 239.8603 8542706 184.7361 149.6474 00.87353796   204
1 39461U 13071B   13364.74979079 -.00002173  00000-0 -13103-1 0  9998
2 39461 020.1567 238.9476 8545305 186.1949 141.8506 00.87336531   240
1 39461U 13071B   14004.30180553  .00000944  00000-0  69038-2 0  9994
2 39461 020.0566 238.3595 8546919 187.1863 133.3267 00.87359642   284
1 39461U 13071B   14005.44154054  .00000557  00000-0  49062-2 0  9992
2 39461 020.0354 238.2186 8547022 187.4502 131.7534 00.87360092   294
1 39461U 13071B   14009.99984144 -.00000169  00000-0  42344-3 0  9994
2 39461 019.9447 237.6056 8549188 188.5647 125.2320 00.87358918   330
1 39461U 13071B   14014.56006216 -.00000187  00000-0 -50381-3 0  9999
2 39461 019.8109 237.1105 8549447 189.5156 119.4424 00.87372340   366
1 39461U 13071B   14016.83915690  .00000506  00000-0  24879-2 0  9991
2 39461 019.8194 236.6765 8551024 190.1705 116.2830 00.87370611   385
1 39461U 13071B   14017.97693661  .00000471  00000-0  23032-2 0  9999
2 39461 019.8038 236.5181 8551230 190.4394 114.1386 00.87371424   396
1 39461U 13071B   14020.25811855  .00000221  00000-0  10944-2 0  9992
2 39461 019.6945 236.3097 8552196 190.9095 111.6500 00.87367218   408
1 39461U 13071B   14020.25812502  .00000552  00000-0  26386-2 0  9996
2 39461 019.7525 236.3156 8551161 190.9249 111.6160 00.87371065   408
1 39461U 13071B   14024.81757890  .00000415  00000-0  17224-2 0  9999
2 39461 019.6718 235.6941 8552804 192.0325 105.6997 00.87374686   445
1 39461U 13071B   14025.95743775  .00000569  00000-0  21424-2 0  9999
2 39461 019.6501 235.5341 8553253 192.3131 104.2525 00.87377496   450
1 39461U 13071B   14028.23687510  .00000871  00000-0  11750-2 0  9994
2 39461 019.5324 235.1920 8555844 192.8805 101.1126 00.87371874   460
1 39461U 13071B   14031.65731173  .00000550  00000-0  10357-2 0  9995
2 39461 019.4861 234.7249 8557355 193.7082 096.9568 00.87374919   486
1 39461U 13071B   14035.07868580 -.00000249  00000-0  67728-3 0  9999
2 39461 019.4326 234.2484 8558561 194.5493 093.1055 00.87379450   501
1 39461U 13071B   14036.21898387  .00000043  00000-0  84956-3 0  9997
2 39461 019.3574 234.0494 8565558 194.8842 091.6745 00.87378719   516
1 39461U 13071B   14036.21898398 -.00000483  00000-0  14977-3 0  9994
2 39461 019.3878 234.0480 8561553 194.8842 091.7865 00.87375763   519
1 39461U 13071B   14038.49857483  .00000024  00000-0  59706-3 0  9995
2 39461 019.3523 233.7106 8562121 195.4696 088.8356 00.87379134   533
1 39461U 13071B   14041.91919255  .00000733  00000-0  55148-3 0  9995
2 39461 019.2789 233.2100 8564795 196.3342 084.8029 00.87381505   563
1 39461U 13071B   14044.20001607  .00000480  00000-0  56833-4 0  9995
2 39461 019.2352 232.8938 8566092 196.9015 082.2609 00.87381183   588
1 39461U 13071B   14046.48160726  .00000145  00000-0  22014-4 0  9997
2 39461 019.1907 232.5539 8567207 197.4937 079.9494 00.87380718   606
1 39461U 13071B   14051.04597305  .00000383  00000-0  74444-3 0  9999
2 39461 019.1134 231.9365 8566539 198.5330 076.0375 00.87384324   630
1 39461U 13071B   14052.18674170  .00000501  00000-0  65149-3 0  9995
2 39461 019.1465 231.7978 8567042 198.8093 074.9173 00.87390398   646
1 39461U 13071B   14059.03163009  .00001557  00000-0  11127-2 0  9998
2 39461 018.9560 230.7309 8569827 200.6115 068.2805 00.87396446   701
1 39461U 13071B   14059.03182706  .00001268  00000-0  81477-3 0  9998
2 39461 018.9678 230.7506 8570268 200.5769 068.3637 00.87392555   706
1 39461U 13071B   14060.17302131  .00001295  00000-0  10188-2 0  9991
2 39461 018.9440 230.5428 8570923 200.9136 067.3865 00.87398704   719
1 39461U 13071B   14062.45490708 -.00001452  00000-0 -63710-3 0  9999
2 39461 018.8980 230.1990 8573306 201.5028 065.3436 00.87397956   734
1 39461U 13071B   14064.73564686  .00000798  00000-0  46735-3 0  9997
2 39461 018.7532 229.7262 8573681 202.2350 062.9373 00.87402167   750
1 39461U 13071B   14064.73596214 -.00008705  00000-0  00000+0 0  9997
2 39461 018.7570 229.7639 8573469 202.1792 063.0954 00.87393438   750
1 39461U 13071B   14064.73719582 -.00000068  00000-0  24694-3 0  9995
2 39461 018.8578 229.8342 8572675 202.1221 063.4259 00.87401531   752
1 39461U 13071B   14067.02029024  .00000811  00000-0  49136-3 0  9998
2 39461 018.8405 229.5761 8573810 202.6032 061.8065 00.87409034   764
1 39461U 13071B   14071.58414836  .00000701  00000-0  24860-3 0  9998
2 39461 018.7550 228.8569 8577429 203.8189 057.9577 00.87415553   798
1 39461U 13071B   14071.58449597  .00002512 -17706-5  22850-3 0  9996
2 39461 018.7234 228.8474 8578102 203.8398 058.0442 00.87415849   806
1 39461U 13071B   14072.72437714  .00000213  00000-0  69721-4 0  9999
2 39461 018.6314 228.5520 8577996 204.2419 056.7808 00.87416389   803
1 39461U 13071B   14072.72538605  .00002673 -21353-5  26005-3 0  9999
2 39461 018.7122 228.6765 8577092 204.1415 057.0902 00.87417298   815
1 39461U 13071B   14073.86687541  .00002519 -20069-5  28873-3 0  9996
2 39461 018.7267 228.4709 8577449 204.4588 056.3292 00.87419923   823
1 39461U 13071B   14076.14950395  .00001928 -79222-7  63984-3 0  9992
2 39461 018.6366 228.0969 8578700 205.0471 054.7638 00.87414532   833
1 39461U 13071B   14079.57375214 -.00000544  00000-0  00000+0 0  9993
2 39461 018.6279 227.6301 8582300 205.8963 052.4345 00.87428725   857
1 39461U 13071B   14080.71418609  .00001755  19012-5  57134-3 0  9993
2 39461 018.5336 227.3344 8581846 206.3104 051.4061 00.87427559   860
1 39461U 13071B   14084.13743221 -.00009403 -19875-5 -12591-2 0  9999
2 39461 018.4709 226.7817 8584252 207.2321 049.0121 00.87451370   897
1 39461U 13071B   14086.41917330  .00002330  00000-0  22282-3 0  9999
2 39461 018.4122 226.3578 8584802 207.9180 047.3659 00.87465660   903
1 39461U 13071B   14087.56048044  .00008127 -18211-5  77816-3 0  9995
2 39461 018.4218 226.2239 8584204 208.1645 046.9091 00.87435538   914
1 39461U 13071B   14092.12455172  .00004446  23590-5  26312-3 0  9997
2 39461 018.3219 225.4263 8587119 209.4676 044.0717 00.87496828   944
1 39461U 13071B   14095.54592532  .00006203  14520-5  81691-4 0  9996
2 39461 018.2577 224.8391 8590626 210.4467 041.9915 00.87545071   965
1 39461U 13071B   14095.54592545  .00004970  14521-5  14542-3 0  9990
2 39461 018.2801 224.8782 8587981 210.3964 042.0560 00.87548238   966
1 39461U 13071B   14098.96577943  .00009439 -12308-5  67170-4 0  9997
2 39461 018.2020 224.2565 8591185 211.3998 040.1882 00.87603291   980
1 39461U 13071B   14098.96578667  .00008681 -12303-5  10834-3 0  9998
2 39461 018.2323 224.3211 8588998 211.3236 040.2155 00.87603778   982
1 39461U 13071B   14101.24467103  .00017684 -58125-4  52746-4 0  9999
2 39461 018.1588 223.8594 8591768 212.0568 039.0203 00.87640048   999
1 39461U 13071B   14101.24467960  .00009547 -15585-5  10266-3 0  9993
2 39461 018.1905 223.9228 8589243 211.9741 039.0608 00.87636169   991
1 39461U 13071B   14104.66128182  .00016807  13804-5  14346-3 0  9993
2 39461 018.1249 223.3159 8590286 212.9687 037.3541 00.87702437  1011
1 39461U 13071B   14108.07313810  .00193481  13239-3  67073-3 0  9995
2 39461 018.0291 222.6354 8593256 214.0697 035.3786 00.87817711  1033
1 39461U 13071B   14119.61134271 -.88441670  71621-4 -37613-1 0  9998
2 39461 019.9920 220.6543 7569326 218.2744 359.6662 02.00099156  1137
1 39461U 13071B   14119.64538248  .00424655  23278-4  10000-3 0  9997
2 39461 018.0478 220.8866 7084023 217.0672 001.2840 02.63100910  1136
1 39461U 13071B   14119.64538248  .00424655  23278-4  10000-3 0  9997
2 39461 018.0478 220.8866 7084023 217.0672 001.2840 02.63100910  1136
1 39461U 13071B   14119.67839726 -.00691907  26368-4 -68441-4 0  9999
2 39461 017.9748 220.6597 7213844 217.3649 059.3803 02.46623338  1133
