1 60607U 24151B   24242.59273793 -.00001107  40439-5  00000+0 0  9995
2 60607  14.6423 178.7019 7199090 172.6045  39.2730  2.45899801    60
1 60607U 24151B   24243.59612205  .00608471  79436-6  33710-2 0  9994
2 60607  14.6270 178.2775 7173983 173.5097 211.8692  2.47678850    93
1 60607U 24151B   24247.17828704  .00829450  16382-5  18628-2 0  9998
2 60607  14.6957 176.6447 7136648 176.6235 201.0779  2.53358494   181
1 60607U 24151B   24261.03067414  .01162437  20483-5  27364-2 0  9992
2 60607  14.6585 169.5231 6954781 190.0240 140.9375  2.77671042   547
1 60607U 24151B   24261.03067414  .01162437  20483-5  27364-2 0  9992
2 60607  14.6585 169.5231 6954781 190.0240 140.9375  2.77671042   536
1 60607U 24151B   24261.03067414  .01162437  20483-5  27364-2 0  9992
2 60607  14.6585 169.5231 6954781 190.0240 140.9375  2.77671042   536
1 60607U 24151B   24261.03067419  .01162370  20483-5  27363-2 0  9992
2 60607  14.6585 169.5232 6954781 190.0240 140.9375  2.77671021   545
1 60607U 24151B   24261.03067419  .01162370  20483-5  27363-2 0  9992
2 60607  14.6585 169.5232 6954781 190.0240 140.9375  2.77671021   534
1 60607U 24151B   24261.03067420  .01162431  20483-5  27364-2 0  9993
2 60607  14.6585 169.5232 6954781 190.0240 140.9375  2.77671037   531
1 60607U 24151B   24261.03068028  .01161573  20483-5  27409-2 0  9994
2 60607  14.6584 169.5236 6954764 190.0223 140.9440  2.77670953   546
1 60607U 24151B   24261.03068028  .01161573  20483-5  27409-2 0  9994
2 60607  14.6584 169.5236 6954764 190.0223 140.9440  2.77670953   535
1 60607U 24151B   24261.03068029  .01161631  20483-5  27410-2 0  9992
2 60607  14.6584 169.5236 6954764 190.0223 140.9440  2.77670967   541
1 60607U 24151B   24261.03068029  .01161631  20483-5  27410-2 0  9992
2 60607  14.6584 169.5236 6954764 190.0223 140.9440  2.77670967   530
1 60607U 24151B   24261.03068542  .01161494  20484-5  27454-2 0  9998
2 60607  14.6581 169.5242 6954751 190.0209 140.9492  2.77671003   533
1 60607U 24151B   24261.03068545  .01161661  20484-5  27457-2 0  9990
2 60607  14.6581 169.5242 6954751 190.0209 140.9492  2.77671037   530
1 60607U 24151B   24261.03070037  .01159766  20484-5  27549-2 0  9994
2 60607  14.6574 169.5262 6954715 190.0168 140.9648  2.77670932   545
1 60607U 24151B   24261.03070037  .01159766  20484-5  27549-2 0  9994
2 60607  14.6574 169.5262 6954715 190.0168 140.9648  2.77670932   534
1 60607U 24151B   24261.03070045  .01160138  20484-5  27556-2 0  9996
2 60607  14.6574 169.5262 6954715 190.0168 140.9647  2.77670999   547
1 60607U 24151B   24261.03070046  .01160138  20484-5  27556-2 0  9997
2 60607  14.6574 169.5262 6954715 190.0168 140.9648  2.77670999   548
1 60607U 24151B   24261.03070046  .01160140  20484-5  27556-2 0  9990
2 60607  14.6574 169.5262 6954715 190.0168 140.9647  2.77671000   530
1 60607U 24151B   24261.03072416  .01161033  20484-5  27794-2 0  9999
2 60607  14.6562 169.5289 6954656 190.0106 140.9887  2.77671165   530
