0 TBA - TO BE ASSIGNED
1 62189U 24227B   24338.35257498 -.00002410  87103-6  00000+0 0  9998
2 62189  51.3634 112.3263 7533591 225.1763  63.5067  2.01074640    08
0 TBA - TO BE ASSIGNED
1 62189U 24227B   24338.40257826 -.00002430  90027-6  00000+0 0  9990
2 62189  51.3693 112.3143 7533626 225.1868  99.6971  2.01064869    01
0 TBA - TO BE ASSIGNED
1 62189U 24227B   24338.64430318 -.00002520  10331-5  00000+0 0  9994
2 62189  51.3650 112.2581 7533499 225.2337 274.6343  2.01042457    06
0 OBJECT B
1 62189U 24227B   24338.75408711 -.00002530  10764-5  00000+0 0  9999
2 62189  51.0534 112.6455 7529751 225.0551 354.0095  2.00914520    05
0 CZ-3B R/B
1 62189U 24227B   24338.80761109 -.00002576  11156-5  00000+0 0  9994
2 62189  51.4336 112.2516 7533967 225.2449  32.8226  2.01041761    01
0 CZ-3B R/B
1 62189U 24227B   24340.57486972  .00033754  14448-5  91178-3 0  9991
2 62189  51.4053 111.8429 7533540 225.5595 232.4322  2.01191412    45
0 CZ-3B R/B
1 62189U 24227B   24347.26038244  .00032584 -13547-5  62254-3 0  9992
2 62189  51.3719 110.3055 7531951 226.7602  39.2344  2.01607403   182
0 CZ-3B R/B
1 62189U 24227B   24347.75618265  .00034402 -11265-5  64420-3 0  9996
2 62189  51.3704 110.1907 7531693 226.8498  39.1256  2.01651707   195
0 CZ-3B R/B
1 62189U 24227B   24347.75618265  .00034402 -11265-5  64420-3 0  9996
2 62189  51.3704 110.1907 7531693 226.8498  39.1256  2.01651707   184
0 CZ-3B R/B
1 62189U 24227B   24348.25190644  .00034473 -83484-6  58754-3 0  9992
2 62189  51.3682 110.0758 7531839 226.9380  39.0122  2.01685712   202
0 CZ-3B R/B
1 62189U 24227B   24348.25190644  .00034473 -83484-6  58754-3 0  9992
2 62189  51.3682 110.0758 7531839 226.9380  39.0122  2.01685712   190
0 CZ-3B R/B
1 62189U 24227B   24350.72921642  .00042824  94131-6  61989-3 0  9990
2 62189  51.3648 109.5057 7531095 227.3810  38.4812  2.01876704   253
0 CZ-3B R/B
1 62189U 24227B   24350.72921642  .00042824  94131-6  61989-3 0  9990
2 62189  51.3648 109.5057 7531095 227.3810  38.4812  2.01876704   242
0 CZ-3B R/B
1 62189U 24227B   24351.22440034  .00038719  12348-5  54278-3 0  9997
2 62189  51.3645 109.3929 7530987 227.4703  38.3770  2.01912886   262
0 CZ-3B R/B
1 62189U 24227B   24351.22440034  .00038719  12348-5  54278-3 0  9997
2 62189  51.3645 109.3929 7530987 227.4703  38.3770  2.01912886   251
0 CZ-3B R/B
1 62189U 24227B   24351.71947357  .00043536  14804-5  57442-3 0  9999
2 62189  51.3642 109.2786 7530863 227.5590  38.2746  2.01959295   275
0 CZ-3B R/B
1 62189U 24227B   24351.71947357  .00043536  14804-5  57442-3 0  9999
2 62189  51.3642 109.2786 7530863 227.5590  38.2746  2.01959295   264
0 CZ-3B R/B
1 62189U 24227B   24352.21443612  .00040887  16688-5  50919-3 0  9990
2 62189  51.3638 109.1658 7530789 227.6474  38.1729  2.02003797   285
0 CZ-3B R/B
1 62189U 24227B   24352.21443612  .00040887  16688-5  50919-3 0  9990
2 62189  51.3638 109.1658 7530789 227.6474  38.1729  2.02003797   274
0 CZ-3B R/B
1 62189U 24227B   24353.20404160  .00046476  18659-5  51385-3 0  9993
2 62189  51.3623 108.9378 7530556 227.8260  37.9713  2.02095795   304
0 CZ-3B R/B
1 62189U 24227B   24353.20404160  .00046476  18659-5  51385-3 0  9993
2 62189  51.3623 108.9378 7530556 227.8260  37.9713  2.02095795   292
0 CZ-3B R/B
1 62189U 24227B   24354.19318146  .00050290  18370-5  49846-3 0  9998
2 62189  51.3600 108.7089 7530183 228.0065  37.7725  2.02200536   322
0 CZ-3B R/B
1 62189U 24227B   24354.19318146  .00050290  18370-5  49846-3 0  9998
2 62189  51.3600 108.7089 7530183 228.0065  37.7725  2.02200536   311
0 CZ-3B R/B
1 62189U 24227B   24354.19318248  .00049772  18349-5  49837-3 0  9990
2 62189  51.3602 108.7082 7530191 228.0057  37.7731  2.02193792   329
0 CZ-3B R/B
1 62189U 24227B   24354.19318248  .00049772  18349-5  49837-3 0  9990
2 62189  51.3602 108.7082 7530191 228.0057  37.7731  2.02193792   318
0 CZ-3B R/B
1 62189U 24227B   24354.68754904  .00050143  17459-5  47879-3 0  9996
2 62189  51.3589 108.5941 7529970 228.0959  37.6751  2.02246879   336
0 CZ-3B R/B
1 62189U 24227B   24354.68754904  .00050143  17459-5  47879-3 0  9996
2 62189  51.3589 108.5941 7529970 228.0959  37.6751  2.02246879   325
0 CZ-3B R/B
1 62189U 24227B   24355.18180390  .00050601  16148-5  46437-3 0  9996
2 62189  51.3578 108.4791 7529731 228.1855  37.5781  2.02297273   344
0 CZ-3B R/B
1 62189U 24227B   24355.18180390  .00050601  16148-5  46437-3 0  9996
2 62189  51.3578 108.4791 7529731 228.1855  37.5781  2.02297273   333
0 CZ-3B R/B
1 62189U 24227B   24356.66381046  .00054558  10564-5  46027-3 0  9997
2 62189  51.3543 108.1340 7528736 228.4554  37.2911  2.02460015   377
0 CZ-3B R/B
1 62189U 24227B   24356.66381046  .00054558  10564-5  46027-3 0  9997
2 62189  51.3543 108.1340 7528736 228.4554  37.2911  2.02460015   366
0 CZ-3B R/B
1 62189U 24227B   24357.15753491  .00052787  84128-6  42098-3 0  9993
2 62189  51.3533 108.0191 7528566 228.5445  37.1937  2.02512983   380
0 CZ-3B R/B
1 62189U 24227B   24357.15753491  .00052787  84128-6  42098-3 0  9993
2 62189  51.3533 108.0191 7528566 228.5445  37.1937  2.02512983   379
0 CZ-3B R/B
1 62189U 24227B   24359.62407516  .00060651 -51971-7  41042-3 0  9990
2 62189  51.3512 107.4465 7526847 228.9874  36.7215  2.02814015   435
0 CZ-3B R/B
1 62189U 24227B   24359.62407516  .00060651 -51971-7  41042-3 0  9990
2 62189  51.3512 107.4465 7526847 228.9874  36.7215  2.02814015   424
0 CZ-3B R/B
1 62189U 24227B   24359.62407536  .00065645 -48655-7  44198-3 0  9990
2 62189  51.3519 107.4484 7526786 228.9867  36.7236  2.02824879   439
0 CZ-3B R/B
1 62189U 24227B   24359.62407536  .00065645 -48655-7  44198-3 0  9990
2 62189  51.3519 107.4484 7526786 228.9867  36.7236  2.02824879   428
0 CZ-3B R/B
1 62189U 24227B   24360.60957262  .00069826 -17235-6  43225-3 0  9990
2 62189  51.3511 107.2188 7526116 229.1658  36.5318  2.02959709   450
0 CZ-3B R/B
1 62189U 24227B   24360.60957262  .00069826 -17235-6  43225-3 0  9990
2 62189  51.3511 107.2188 7526116 229.1658  36.5318  2.02959709   449
0 CZ-3B R/B
1 62189U 24227B   24362.57850334  .00076085  19620-6  41804-3 0  9995
2 62189  51.3494 106.7631 7524458 229.5198  36.1606  2.03243297   496
0 CZ-3B R/B
1 62189U 24227B   24362.57850334  .00076085  19620-6  41804-3 0  9995
2 62189  51.3494 106.7631 7524458 229.5198  36.1606  2.03243297   485
0 CZ-3B R/B
1 62189U 24227B   24362.57850361  .00073442  19807-6  40739-3 0  9992
2 62189  51.3501 106.7614 7524320 229.5204  36.1622  2.03253529   499
0 CZ-3B R/B
1 62189U 24227B   24362.57850361  .00073442  19807-6  40739-3 0  9992
2 62189  51.3501 106.7614 7524320 229.5204  36.1622  2.03253529   488
0 CZ-3B R/B
1 62189U 24227B   24363.56195505  .00076269  65303-6  39706-3 0  9998
2 62189  51.3474 106.5313 7523593 229.6989  35.9758  2.03388185   511
0 CZ-3B R/B
1 62189U 24227B   24363.56195505  .00076269  65303-6  39706-3 0  9998
2 62189  51.3474 106.5313 7523593 229.6989  35.9758  2.03388185   500
0 CZ-3B R/B
1 62189U 24227B   24364.54472085  .00093390  11817-5  44524-3 0  9996
2 62189  51.3481 106.3015 7522871 229.8788  35.7909  2.03540587   537
0 CZ-3B R/B
1 62189U 24227B   24364.54472085  .00093390  11817-5  44524-3 0  9996
2 62189  51.3481 106.3015 7522871 229.8788  35.7909  2.03540587   526
0 CZ-3B R/B
1 62189U 24227B   25003.44440566  .00131403  24184-6  49126-3 0  9998
2 62189  51.3479 105.1494 7515362 230.7678  34.9857  2.04633529   632
0 CZ-3B R/B
1 62189U 24227B   25003.93283124  .00136859 -29294-6  45991-3 0  9991
2 62189  51.3488 105.0336 7515009 230.8530  34.9050  2.04757076   642
0 CZ-3B R/B
1 62189U 24227B   25003.93283124  .00136859 -29294-6  45991-3 0  9991
2 62189  51.3488 105.0336 7515009 230.8530  34.9050  2.04757076   631
0 CZ-3B R/B
1 62189U 24227B   25005.39617869  .00138377 -18717-5  45454-3 0  9998
2 62189  51.3495 104.6878 7511654 231.1211  34.6842  2.05183450   677
0 CZ-3B R/B
1 62189U 24227B   25005.39617869  .00138377 -18717-5  45454-3 0  9998
2 62189  51.3495 104.6878 7511654 231.1211  34.6842  2.05183450   666
0 CZ-3B R/B
1 62189U 24227B   25005.88330266  .00135148 -22665-5  43497-3 0  9990
2 62189  51.3509 104.5734 7510740 231.2099  34.6071  2.05311208   682
0 CZ-3B R/B
1 62189U 24227B   25005.88330266  .00135148 -22665-5  43497-3 0  9990
2 62189  51.3509 104.5734 7510740 231.2099  34.6071  2.05311208   671
0 CZ-3B R/B
1 62189U 24227B   25007.34280471  .00141651 -27045-5  40757-3 0  9994
2 62189  51.3459 104.2284 7508180 231.4700  34.3762  2.05719042   715
0 CZ-3B R/B
1 62189U 24227B   25007.34280471  .00141651 -27045-5  40757-3 0  9994
2 62189  51.3459 104.2284 7508180 231.4700  34.3762  2.05719042   704
0 CZ-3B R/B
1 62189U 24227B   25007.34283446  .00131887 -27016-5  38221-3 0  9990
2 62189  51.3434 104.2267 7508355 231.4708  34.3724  2.05691027   711
0 CZ-3B R/B
1 62189U 24227B   25007.82864647  .00121072 -25520-5  35118-3 0  9996
2 62189  51.3506 104.1091 7507080 231.5608  34.2981  2.05849149   724
0 CZ-3B R/B
1 62189U 24227B   25007.82864647  .00121072 -25520-5  35118-3 0  9996
2 62189  51.3506 104.1091 7507080 231.5608  34.2981  2.05849149   713
0 CZ-3B R/B
1 62189U 24227B   25008.31423580  .00132673 -22532-5  37144-3 0  9998
2 62189  51.3433 103.9953 7506508 231.6469  34.2165  2.05952098   730
0 CZ-3B R/B
1 62189U 24227B   25008.31423580  .00132673 -22532-5  37144-3 0  9998
2 62189  51.3433 103.9953 7506508 231.6469  34.2165  2.05952098   729
0 CZ-3B R/B
1 62189U 24227B   25008.79953024  .00147471 -18193-5  39845-3 0  9991
2 62189  51.3380 103.8751 7505728 231.7378  34.1333  2.06080944   749
0 CZ-3B R/B
1 62189U 24227B   25009.28451204  .00148817 -12632-5  39074-3 0  9990
2 62189  51.3348 103.7573 7504686 231.8259  34.0574  2.06236522   757
0 CZ-3B R/B
1 62189U 24227B   25009.28451204  .00148817 -12632-5  39074-3 0  9990
2 62189  51.3348 103.7573 7504686 231.8259  34.0574  2.06236522   746
0 CZ-3B R/B
1 62189U 24227B   25009.76912682  .00159730 -63592-6  41461-3 0  9996
2 62189  51.3419 103.6417 7504179 231.9164  33.9712  2.06311633   765
0 CZ-3B R/B
1 62189U 24227B   25009.76912682  .00159730 -63592-6  41461-3 0  9996
2 62189  51.3419 103.6417 7504179 231.9164  33.9712  2.06311633   754
0 CZ-3B R/B
1 62189U 24227B   25011.22132219  .00165199  15259-5  41106-3 0  9997
2 62189  51.3405 103.2921 7500713 232.1841  33.7516  2.06782950   798
0 CZ-3B R/B
1 62189U 24227B   25011.22132219  .00165199  15259-5  41106-3 0  9997
2 62189  51.3405 103.2921 7500713 232.1841  33.7516  2.06782950   787
0 CZ-3B R/B
1 62189U 24227B   25011.70463456  .00168838  22111-5  40734-3 0  9994
2 62189  51.3413 103.1758 7499580 232.2729  33.6805  2.06950682   800
0 CZ-3B R/B
1 62189U 24227B   25011.70463456  .00168838  22111-5  40734-3 0  9994
2 62189  51.3413 103.1758 7499580 232.2729  33.6805  2.06950682   798
0 CZ-3B R/B
1 62189U 24227B   25012.67009228  .00224290  33193-5  47897-3 0  9998
2 62189  51.3409 102.9452 7497629 232.4508  33.5365  2.07294708   814
0 CZ-3B R/B
1 62189U 24227B   25013.15217103  .00234628  36970-5  47443-3 0  9994
2 62189  51.3434 102.8297 7496204 232.5407  33.4721  2.07518372   838
0 CZ-3B R/B
1 62189U 24227B   25013.15217103  .00234628  36970-5  47443-3 0  9994
2 62189  51.3434 102.8297 7496204 232.5407  33.4721  2.07518372   827
0 CZ-3B R/B
1 62189U 24227B   25013.15217452  .00242307  36950-5  50835-3 0  9991
2 62189  51.3424 102.8340 7495979 232.5381  33.4781  2.07512876   834
0 CZ-3B R/B
1 62189U 24227B   25013.63372471  .00261441  39078-5  51229-3 0  9999
2 62189  51.3414 102.7137 7494546 232.6304  33.4123  2.07749227   844
0 CZ-3B R/B
1 62189U 24227B   25013.63372471  .00261441  39078-5  51229-3 0  9999
2 62189  51.3414 102.7137 7494546 232.6304  33.4123  2.07749227   833
0 CZ-3B R/B
1 62189U 24227B   25014.59510831  .00337928  37424-5  62554-3 0  9999
2 62189  51.3457 102.4863 7490721 232.8103  33.3025  2.08268361   862
0 CZ-3B R/B
1 62189U 24227B   25014.59510831  .00337928  37424-5  62554-3 0  9999
2 62189  51.3457 102.4863 7490721 232.8103  33.3025  2.08268361   851
0 CZ-3B R/B
1 62189U 24227B   25016.03202282  .00347662  18662-5  61141-3 0  9998
2 62189  51.3411 102.1319 7483043 233.0861  33.1655  2.09259258   894
0 CZ-3B R/B
1 62189U 24227B   25016.03202282  .00347662  18662-5  61141-3 0  9998
2 62189  51.3411 102.1319 7483043 233.0861  33.1655  2.09259258   883
0 CZ-3B R/B
1 62189U 24227B   25016.98589073  .00484212  80214-4  75444-3 0  9993
2 62189  51.3431 101.8981 7477392 233.2716  33.0817  2.10093613   913
0 CZ-3B R/B
1 62189U 24227B   25016.98589073  .00484212  80214-4  75444-3 0  9993
2 62189  51.3431 101.8981 7477392 233.2716  33.0817  2.10093613   902
0 CZ-3B R/B
1 62189U 24227B   25019.35404134  .00461705  38399-4  67575-3 0  9996
2 62189  51.3378 101.3155 7461275 233.7186  32.9146  2.12146263   960
0 CZ-3B R/B
1 62189U 24227B   25019.35404134  .00461705  38399-4  67575-3 0  9996
2 62189  51.3378 101.3155 7461275 233.7186  32.9146  2.12146263   959
0 CZ-3B R/B
1 62189U 24227B   25020.29503293  .00490964  22191-4  71227-3 0  9998
2 62189  51.3391 101.0783 7454807 233.8989  32.8445  2.12954387   981
0 CZ-3B R/B
1 62189U 24227B   25020.29503293  .00490964  22191-4  71227-3 0  9998
2 62189  51.3391 101.0783 7454807 233.8989  32.8445  2.12954387   970
0 CZ-3B R/B
1 62189U 24227B   25020.76417300  .00480377  15064-4  63104-3 0  9996
2 62189  51.3396 100.9632 7452469 233.9832  32.8009  2.13342665   984
0 CZ-3B R/B
1 62189U 24227B   25020.76418044  .00453465  15068-4  63958-3 0  9991
2 62189  51.3396 100.9624 7451837 233.9852  32.8086  2.13350498   994
0 CZ-3B R/B
1 62189U 24227B   25020.76418044  .00453465  15068-4  63958-3 0  9991
2 62189  51.3396 100.9624 7451837 233.9852  32.8086  2.13350498   983
0 CZ-3B R/B
1 62189U 24227B   25021.23240525  .00486020  88617-5  62729-3 0  9990
2 62189  51.3422 100.8520 7449376 234.0676  32.7685  2.13744227  1003
0 CZ-3B R/B
1 62189U 24227B   25021.23240525  .00486020  88617-5  62729-3 0  9990
2 62189  51.3422 100.8520 7449376 234.0676  32.7685  2.13744227   990
0 CZ-3B R/B
1 62189U 24227B   25021.69973944  .00493711  37864-5  61495-3 0  9990
2 62189  51.3392 100.7301 7446256 234.1603  32.7284  2.14168256  1019
0 CZ-3B R/B
1 62189U 24227B   25021.69973944  .00493711  37864-5  61495-3 0  9990
2 62189  51.3392 100.7301 7446256 234.1603  32.7284  2.14168256  1008
0 CZ-3B R/B
1 62189U 24227B   25022.63165118  .00526554 -23967-5  62434-3 0  9997
2 62189  51.3388 100.4963 7439395 234.3401  32.6630  2.15074429  1034
0 CZ-3B R/B
1 62189U 24227B   25022.63165118  .00526554 -23967-5  62434-3 0  9997
2 62189  51.3388 100.4963 7439395 234.3401  32.6630  2.15074429  1023
0 CZ-3B R/B
1 62189U 24227B   25024.02163909  .00147842 -25994-6  17414-3 0  9998
2 62189  51.3184 100.1440 7429043 234.5997  32.5754  2.16379018  1068
0 CZ-3B R/B
1 62189U 24227B   25024.02163909  .00147842 -25994-6  17414-3 0  9998
2 62189  51.3184 100.1440 7429043 234.5997  32.5754  2.16379018  1057
0 CZ-3B R/B
1 62189U 24227B   25024.02164155  .00168791 -26741-6  19873-3 0  9990
2 62189  51.3158 100.1440 7428961 234.6004  32.5760  2.16389518  1060
0 CZ-3B R/B
1 62189U 24227B   25024.02164155  .00168791 -26741-6  19873-3 0  9990
2 62189  51.3158 100.1440 7428961 234.6004  32.5760  2.16389518  1059
0 CZ-3B R/B
1 62189U 24227B   25024.02164396  .00166577 -26608-6  19515-3 0  9992
2 62189  51.3247 100.1442 7428979 234.6004  32.5758  2.16392486  1065
0 CZ-3B R/B
1 62189U 24227B   25024.02164396  .00166577 -26608-6  19515-3 0  9992
2 62189  51.3247 100.1442 7428979 234.6004  32.5758  2.16392486  1054
0 CZ-3B R/B
1 62189U 24227B   25024.04384230  .00079925  48671-7  28288-3 0  9996
2 62189  51.3004 100.1131 7423237 234.7427  49.7901  2.16103207  1053
0 CZ-3B R/B
1 62189U 24227B   25024.04384230  .00542015  50214-7  88300-3 0  9998
2 62189  51.3954 100.1330 7424702 234.6241  49.9074  2.16595841  1051
0 CZ-3B R/B
1 62189U 24227B   25024.04384230  .00552784 -26007-6  82660-3 0  9998
2 62189  51.3923 100.1399 7425248 234.6316  49.9053  2.16610665  1050
0 CZ-3B R/B
1 62189U 24227B   25052.03828810 -.00001123  71063-5  00000+0 0  9996
2 62189  51.1975  84.9873 3177569 246.9654  81.8039  9.34586791  1663
