1 08414U 75097  D 75301.26153037  .00000947 +00000-0 +00000-0 0  9998
2 08414 047.2468 026.6172 7270022 005.3664 359.4127 02.27881198000487
1 08414U 75097  D 75305.21073244  .00001068 +00000-0 +00000-0 0  9993
2 08414 047.2694 025.5296 7271315 006.3473 359.3063 02.27890481000571
1 08414U 75097  D 75331.53569983  .00001231 +00000-0 +00000-0 0  9999
2 08414 047.2726 018.2082 7265401 013.4000 358.5271 02.27940299001175
1 08414U 75097  D 75335.04536055  .00000895 +00000-0 +00000-0 0  9998
2 08414 047.2726 017.2346 7265331 014.3340 358.4229 02.27941444001250
1 08414U 75097  D 75337.23882242  .00000887 +00000-0 +00000-0 0  9994
2 08414 047.2726 016.6261 7265299 014.9177 358.3577 02.27944974001308
1 08414U 75097  D 75345.13527108  .00000515 +00000-0 +00000-0 0  9997
2 08414 047.2726 014.4356 7265187 017.0191 358.1216 02.27947890001482
1 08414U 75097  D 76006.01620531  .00000943 +00000-0 +00000-0 0  9998
2 08414 047.2260 007.3054 7251506 024.2886 357.2655 02.27973785002077
1 08414U 75097  D 76018.29801177  .00000246 +00000-0 +00000-0 0  9994
2 08414 047.1870 003.8049 7248068 027.4463 356.8826 02.27973985002351
1 08414U 75097  D 76020.49111795  .00000374 +00000-0 +00000-0 0  9991
2 08414 047.1869 003.2017 7248059 028.0272 356.8122 02.27977633002402
1 08414U 75097  D 76024.00010108  .00000358 +00000-0 +00000-0 0  9990
2 08414 047.1868 002.2365 7248037 028.9568 356.6990 02.27979360002487
1 08414U 75097  D 76035.40398454  .00000447 +00000-0 +00000-0 0  9998
2 08414 047.2033 359.1346 7249057 031.9902 356.3262 02.27989113002749
1 08414U 75097  D 76040.22854518  .00000471 +00000-0 +00000-0 0  9999
2 08414 047.2031 357.8071 7249020 033.2678 356.1656 02.27993542002850
1 08414U 75097  D 76049.87738847  .00000512 +00000-0 +00000-0 0  9991
2 08414 047.1358 355.0811 7250681 035.7699 355.8497 02.28002553003076
1 08414U 75097  D 76052.94734668  .00000671 +00000-0 +00000-0 0  9996
2 08414 047.1159 354.2427 7252542 036.5730 355.7502 02.28008872003146
1 08414U 75097  D 76056.89440154  .00000549 +00000-0 +00000-0 0  9992
2 08414 047.1180 353.1570 7253903 037.6253 355.6161 02.28011534003230
1 08414U 75097  D 76058.21005868  .00000559 +00000-0 +00000-0 0  9990
2 08414 047.1246 352.7844 7254534 037.9727 355.5720 02.28013268003261
1 08414U 75097  D 76062.15691995  .00000629 +00000-0 +00000-0 0  9998
2 08414 047.1245 351.6930 7254498 039.0272 355.4325 02.28019982003350
1 08414U 75097  D 76069.17333078  .00000746 +00000-0 +00000-0 0  9992
2 08414 047.1060 349.6695 7259375 040.8986 355.1946 02.28031967003512
1 08414U 75097  D 76091.09557676  .00001954 +00000-0 +94512-3 0  9996
2 08414 047.1169 343.5044 7269165 046.9846 354.3742 02.28107923004010
1 08414U 75097  D 76095.04069471  .00002029 +00000-0 +00000-0 0  9996
2 08414 047.1169 342.4024 7269041 048.0498 354.2191 02.28125501004104
1 08414U 75097  D 76102.05338429  .00002422 +00000-0 +00000-0 0  9995
2 08414 047.1305 340.3427 7272473 050.0379 353.9365 02.28163876004267
1 08414U 75097  D 76111.69393820  .00002463 +00000-0 +00000-0 0  9996
2 08414 047.1182 337.6200 7276533 052.6329 353.5559 02.28214413004481
1 08414U 75097  D 76116.07514234  .00003133 +00000-0 +00000-0 0  9992
2 08414 047.0827 336.2761 7278002 053.9380 353.3576 02.28248265004587
1 08414U 75097  D 76144.54226254  .00002427 +00000-0 +00000-0 0  9992
2 08414 046.9524 328.0871 7276443 062.0275 351.9947 02.28391755005233
1 08414U 75097  D 76147.60693692  .00002317 +00000-0 +00000-0 0  9994
2 08414 046.9523 327.2219 7276324 062.8701 351.8424 02.28404218005305
1 08414U 75097  D 76151.54706715  .00001948 +00000-0 +00000-0 0  9992
2 08414 046.9404 326.1053 7274879 063.9545 351.6371 02.28414721005396
1 08414U 75097  D 76158.55107159  .00001824 +00000-0 +00000-0 0  9990
2 08414 046.9278 324.0895 7271786 065.9755 351.2416 02.28438723005557
1 08414U 75097  D 76159.86424684  .00001807 +00000-0 +00000-0 0  9991
2 08414 046.9223 323.7071 7271968 066.3078 351.1785 02.28443099005587
1 08414U 75097  D 76165.55466747  .00000975 +00000-0 +00000-0 0  9995
2 08414 046.8861 322.0525 7269583 067.8216 350.8700 02.28446044005711
1 08414U 75097  D 76167.74318885  .00001015 +00000-0 +00000-0 0  9993
2 08414 046.8670 321.4166 7270402 068.4511 350.7485 02.28451039005764
1 08414U 75097  D 76173.43308398  .00001085 +00000-0 +00000-0 0  9991
2 08414 046.8532 319.7775 7268510 070.0852 350.4049 02.28464364005893
1 08414U 75097  D 76178.68518014  .00000542 +00000-0 +00000-0 0  9998
2 08414 046.8492 318.2176 7265870 071.5507 350.0820 02.28466106006010
1 08414U 75097  D 76187.43819522  .00000749 +00000-0 +00000-0 0  9998
2 08414 046.8385 315.7340 7264779 073.9624 349.5478 02.28481664006219
1 08414U 75097  D 76188.75110620  .00000749 +00000-0 +00000-0 0  9997
2 08414 046.8384 315.3649 7264763 074.3238 349.4663 02.28483631006249
1 08414U 75097  D 76195.75329590  .00000443 +00000-0 +00000-0 0  9994
2 08414 046.8229 313.3418 7260522 076.2543 348.9955 02.28485538006402
1 08414U 75097  D 76199.69190022  .00000492 +00000-0 +00000-0 0  9991
2 08414 046.8327 312.2138 7259406 077.3544 348.7262 02.28490013006492
1 08414U 75097  D 76213.69564949  .00000301 +00000-0 +00000-0 0  9990
2 08414 046.8250 308.2442 7257621 081.2193 347.7408 02.28495272006810
1 08414U 75097  D 76217.63410702  .00000293 +00000-0 +00000-0 0  9995
2 08414 046.8249 307.1414 7257601 082.2997 347.4529 02.28497222006904
1 08414U 75097  D 76224.63565499  .00000251 +00000-0 +00000-0 3  9994
2 08414 046.8100 305.0538 7254601 084.2011 346.9075 02.28499339007069
1 08414U 75097  D 76228.57400589  .00000251 +00000-0 +00000-0 3  9999
2 08414 046.8045 303.9174 7256271 085.3086 346.6030 02.28501364007159
1 08414U 75097  D 76231.63714189  .00000251 +00000-0 +00000-0 3  9994
2 08414 046.7971 303.0427 7255632 086.1632 346.3483 02.28502903007221
1 08414U 75097  D 76235.57537990  .00000251 +00000-0 +00000-0 3  9994
2 08414 046.7952 301.9279 7253598 087.2471 346.0085 02.28504738007317
1 08414U 75097  D 76238.63842106  .00000251 +00000-0 +00000-0 3  9992
2 08414 046.7926 301.0677 7254156 088.0720 345.7597 02.28506169007389
1 08414U 75097  D 76263.14178294  .00000000 +00000-0 +00000-0 3  9998
2 08414 046.7802 294.0112 7254190 094.9239 343.4403 02.28516484007940
1 08414U 75097  D 76278.45497605  .00000000 +00000-0 +00000-0 3  9998
2 08414 046.7712 289.5518 7256255 099.2021 341.7801 02.28536489008299
1 08414U 75097  D 76286.33007371  .00000000 +00000-0 +00000-0 3  9991
2 08414 046.7570 287.2374 7255195 101.4418 340.8079 02.28534685008477
1 08414U 75097  D 76313.88986093  .00000013 +00000-0 +00000-0 3  9993
2 08414 046.7986 279.3155 7248749 109.3116 336.7981 02.28559071009109
1 08414U 75097  D 76314.32728226  .00000013 +00000-0 +00000-0 3  9995
2 08414 046.8078 279.1648 7248800 109.4725 336.7074 02.28559033009114
1 08414U 75097  D 76321.32602388  .00000000 +00000-0 +00000-0 3  9999
2 08414 046.8265 277.1989 7246049 111.2792 335.6206 02.28569152009271
1 08414U 75097  D 76332.26122473  .00000000 +00000-0 +00000-0 3  9996
2 08414 046.8317 274.1014 7237969 114.3646 333.5688 02.28569770009523
1 08414U 75097  D 76339.25958916  .00000000 +00000-0 +00000-0 3  9991
2 08414 046.8518 272.1094 7236244 116.2932 332.2191 02.28572075009680
1 08414U 75097  D 76343.19606345  .00000000 +00000-0 +00000-0 3  9995
2 08414 046.8612 271.0342 7234108 117.3538 331.4232 02.28573903009778
1 08414U 75097  D 76347.13240095  .00000000 +00000-0 +00000-0 3  9999
2 08414 046.8455 269.9344 7230989 118.4746 330.5393 02.28574738009862
1 08414U 75097  D 76365.06412613 -.00000047 +00000-0 +00000-0 0  9997
2 08414 046.8318 264.9661 7225306 123.2211 326.3359 02.28580508010279
1 08414U 75097  D 77002.12572666 -.00000001 +00000-0 +00000-0 0  9998
2 08414 046.8423 264.1137 7224354 123.9973 325.7080 02.28583241010349
1 08414U 75097  D 77004.74978362  .00000019 +00000-0 +00000-0 0  9999
2 08414 046.8440 263.3845 7223544 124.7140 325.0255 02.28583217010407
1 08414U 75097  D 77006.06179463  .00000021 +00000-0 +00000-0 0  9994
2 08414 046.8448 263.0202 7223142 125.0722 324.6796 02.28583217010431
1 08414U 75097  D 77013.49640166  .00000013 +00000-0 +00000-0 0  9993
2 08414 046.8709 260.9480 7220557 127.1398 322.6250 02.28583264010608
1 08414U 75097  D 77023.99196942  .00000015 +00000-0 +00233-4 0  9991
2 08414 046.8773 258.0432 7217472 129.9946 319.4427 02.28584218010841
1 08414U 75097  D 77034.04987460  .00000157 +00000-0 +29488-3 0  9991
2 08414 046.8831 255.2678 7214675 132.7239 316.1497 02.28587362011076
1 08414U 75097  D 77044.98164473  .00000013 +00000-0 +12671-4 0  9994
2 08414 046.8889 252.2593 7211812 135.6843 311.9979 02.28586349011325
1 08414U 75097  D 77055.91319077  .00000116 +00000-0 +40767-3 0  9991
2 08414 046.9341 249.2711 7208957 138.5910 307.7640 02.28590235011574
1 08414U 75097  D 77066.84377909 -.00000051 +00000-0 +58724-4 0  9995
2 08414 046.9497 246.2885 7206457 141.5516 302.7855 02.28590238011828
1 08414U 75097  D 77078.21104249 -.00000092 +00000-0 +23340-3 0  9994
2 08414 046.9534 243.1872 7204300 144.6016 297.1795 02.28592230012089
1 08414U 75097  D 77088.70305628 -.00000007 +00000-0 +41294-3 0  9997
2 08414 046.9399 240.3490 7202198 147.4394 291.3338 02.28595430012327
1 08414U 75097  D 77098.75696379 -.00000170 +00000-0 -77910-4 0  9996
2 08414 046.9402 237.6056 7201239 150.1096 284.9728 02.28593676012550
1 08414U 75097  D 77109.24773674 -.00001018 +00000-0 -30945-2 0  9994
2 08414 046.9535 234.7410 7200559 152.9005 277.8648 02.28576806012797
1 08414U 75097  D 77124.54746474 -.00000219 +00000-0 -29860-3 0  9999
2 08414 046.9535 230.5918 7199618 156.9889 267.2433 02.28572058013141
1 08414U 75097  D 77134.59949632 -.00000078 +00000-0 +33767-3 0  9999
2 08414 046.9525 227.8242 7198038 159.6521 258.6543 02.28574899013373
1 08414U 75097  D 77145.52516335 -.00000040 +00000-0 +25030-3 0  9997
2 08414 046.9673 224.8645 7198279 162.5593 249.0067 02.28576808013625
1 08414U 75097  D 77156.44999486 -.00000119 +00000-0 -70938-4 0  9998
2 08414 046.9772 221.8956 7199203 165.4951 238.6645 02.28575637013877
1 08414U 75097  D 77168.24803252  .00000124 +00000-0 +49341-3 0  9991
2 08414 046.9641 218.6952 7198820 168.5880 226.9453 02.28579338014141
1 08414U 75097  D 77178.29748436  .00000040 +00000-0 +52672-4 0  9998
2 08414 046.9596 215.9765 7199705 171.2673 216.4165 02.28578353014371
1 08414U 75097  D 77188.34660523  .00000125 +00000-0 +49839-3 0  9999
2 08414 046.9544 213.2564 7200902 173.9482 205.6389 02.28579652014608
1 08414U 75097  D 77211.50144026 -.00000084 +00000-0 -16674-3 0  9996
2 08414 046.9583 206.9825 7205440 180.2109 179.3435 02.28578248015137
1 08414U 75097  D 77221.54983363  .00000120 +00000-0 +36567-3 0  9998
2 08414 046.9510 204.2529 7207595 182.8991 168.0024 02.28581757015362
1 08414U 75097  D 77232.03490249 -.00000002 +00000-0 +55615-4 0  9996
2 08414 046.9338 201.4168 7210016 185.6779 156.0338 02.28580933015602
1 08414U 75097  D 77242.52072779 -.00000262 +00000-0 -42021-3 0  9990
2 08414 046.9188 198.5498 7213164 188.5435 144.5859 02.28576332015849
1 08414U 75097  D 77246.45288866  .00000015 +00000-0 +24149-3 0  9997
2 08414 046.9154 197.4754 7214332 189.6020 140.3638 02.28582089015930
1 08414U 75097  D 77257.37573000 -.00000080 +00000-0 +68919-4 0  9994
2 08414 046.8926 194.4948 7217213 192.4878 128.6698 02.28582121016182
1 08414U 75097  D 77268.29974163 -.00000120 +00000-0 +11892-3 0  9994
2 08414 046.8824 191.5000 7220800 195.4395 117.9486 02.28583206016438
1 08414U 75097  D 77278.78711491  .00000032 +00000-0 +32824-3 0  9991
2 08414 046.8542 188.5899 7224661 198.3200 108.0148 02.28587925016677
1 08414U 75097  D 77289.27471835  .00000034 +00000-0 +23819-3 0  9998
2 08414 046.8437 185.6948 7227881 201.0898 098.3873 02.28590171016915
1 08414U 75097  D 77300.20071348  .00000251 +00000-0 +50624-3 0  9995
2 08414 046.8298 182.6521 7233207 204.1738 089.7592 02.28598309017161
1 08414U 75097  D 77311.12627751  .00000274 +00000-0 +42113-3 0  9992
2 08414 046.8180 179.6197 7237716 207.1625 081.0845 02.28605061017411
1 08414U 75097  D 77325.11247520  .00000390 +00000-0 +42687-3 0  9993
2 08414 046.8026 175.7242 7243766 211.0004 071.6053 02.28615277017736
1 08414U 75097  D 77336.03965190  .00000453 +00000-0 +37436-3 0  9992
2 08414 046.7918 172.6253 7249209 214.0440 065.0499 02.28625139017984
1 08414U 75097  D 77350.02674000  .00000584 +00000-0 +39905-3 0  9992
2 08414 046.7862 168.6882 7254533 217.7795 057.6206 02.28641664018305
1 08414U 75097  D 77357.02043203  .00000943 +00000-0 +50822-3 0  9994
2 08414 046.7694 166.7064 7260061 219.8862 054.4163 02.28657413018463
1 08414U 75097  D 78003.82108756  .00001008 +00000-0 +40459-3 0  9994
2 08414 046.7385 163.3506 7266449 223.1928 048.8009 02.28678626018736
1 08414U 75097  D 78023.92409390  .00001679 +00000-0 +46783-3 0  9995
2 08414 046.6971 157.6024 7275797 228.8207 041.2077 02.28750298019194
1 08414U 75097  D 78038.77867242  .00000140 +00000-0 +27045-4 0  9991
2 08414 046.6815 153.3296 7282498 232.9973 036.3262 02.28850932019521
1 08414U 75097  D 78038.77997296  .00002705 +00000-0 +52448-3 0  9997
2 08414 046.6815 153.3292 7282498 232.9977 037.3977 02.28834644019538
