1 00015U 59004  A 59011.07596599  .00141866 +00000-0 +00000-0 0  9996
2 00015 047.0999 025.2139 7504899 076.7382 327.1285 02.03707726003008
1 00015U 59004  A 59220.65986823  .00000000 +00000-0 +00000-0 0  9999
2 00015 046.9509 062.0119 7609000 035.9489 346.5449 01.87919755000029
1 00015U 59004  A 59222.25335884  .00000000 +00000-0 +00000-0 0  9992
2 00015 046.9509 061.6539 7606769 036.2984 346.3991 01.88188677000058
1 00015U 59004  A 59238.71821785  .00010056 +00000-0 +00000-0 0  9992
2 00015 046.9509 057.9561 7606115 039.9011 344.9525 01.88405807000365
1 00015U 59004  A 59251.44523620  .00010095 +00000-0 +00000-0 0  9997
2 00015 046.9509 055.0972 7604053 042.6859 343.8088 01.88649313000601
1 00015U 59004  A 59252.50529861  .00008069 +00000-0 +00000-0 0  9996
2 00015 046.9509 054.3587 7604076 042.8796 343.7292 01.88646926000627
1 00015U 59004  A 59262.04030609  .00008089 +00000-0 +00000-0 0  9995
2 00015 046.9509 052.0637 7602771 044.9544 342.8644 01.88801179000806
1 00015U 59004  A 59272.62543869  .00008106 +00000-0 +00000-0 0  9997
2 00015 046.9509 049.6823 7601812 047.2577 341.8928 01.88913924001001
