1 18447U 87091  E 87302.12981811  .00000267 +00000-0 +99999-4 0  9994
2 18447 047.3373 274.3842 7278888 359.6648 359.7748 02.26693292000006
1 18447U 87091  E 87304.33554148  .00000272 +00000-0 +99999-4 0  9994
2 18447 047.3242 273.7380 7279467 000.2783 359.8526 02.26694018000051
1 18447U 87091  E 87306.10002729  .00001665 +00000-0 +80277-3 0  9999
2 18447 047.3224 273.2653 7279620 000.7565 359.8738 02.26701702000091
1 18447U 87091  E 87306.98206939  .00002358 +00000-0 +11329-2 0  9995
2 18447 047.3144 273.0055 7279984 000.9948 359.7411 02.26707281000114
1 18447U 87091  E 87306.98233433  .00002358 +00000-0 +11329-2 0  9994
2 18447 047.3144 273.0055 7279984 000.9948 359.7411 02.26707282000115
1 18447U 87091  E 87307.42313628  .00002369 +00000-0 +11302-2 0  9992
2 18447 047.3128 272.8867 7280134 001.1093 359.7167 02.26709285000122
1 18447U 87091  E 87308.30527492  .00002385 +00000-0 +11227-2 0  9990
2 18447 047.3092 272.6468 7280425 001.3401 359.6811 02.26713262000142
1 18447U 87091  E 87310.95164749  .00002269 +00000-0 +10296-2 0  9992
2 18447 047.3001 271.9146 7281160 002.0479 359.5981 02.26723252000201
1 18447U 87091  E 87310.95191498  .00002269 +00000-0 +10296-2 0  9993
2 18447 047.3001 271.9146 7281160 002.0479 359.5981 02.26723252000201
1 18447U 87091  E 87311.39270187  .00002275 +00000-0 +10308-2 0  9996
2 18447 047.2962 271.8059 7281172 002.1599 359.5885 02.26725101000214
1 18447U 87091  E 87312.27480036  .00002306 +00000-0 +10324-2 0  9993
2 18447 047.2910 271.5627 7281428 002.3941 359.5706 02.26728993000238
1 18447U 87091  E 87312.71584584  .00002318 +00000-0 +10246-2 0  9991
2 18447 047.2869 271.4478 7281709 002.5031 359.5631 02.26730929000248
1 18447U 87091  E 87315.80331631  .00002445 +00000-0 +10188-2 0  9993
2 18447 047.2716 270.5915 7282963 003.3225 359.5068 02.26745228000312
1 18447U 87091  E 87317.12605420  .00002556 +00000-0 +10443-2 0  9997
2 18447 047.2660 270.2173 7283373 003.6777 359.4755 02.26752465000340
1 18447U 87091  E 87318.00803622  .00002662 +00000-0 +11090-2 0  9996
2 18447 047.2685 269.9614 7282917 003.9234 359.4668 02.26758166000365
1 18447U 87091  E 87319.33093036  .00002804 +00000-0 +11198-2 0  9990
2 18447 047.2560 269.6019 7283829 004.2663 359.4090 02.26766334000394
1 18447U 87091  E 87319.33119784  .00002804 +00000-0 +11198-2 0  9999
2 18447 047.2560 269.6018 7283829 004.2662 359.4090 02.26766334000392
1 18447U 87091  E 87321.53596066  .00002903 +00000-0 +11093-2 0  9990
2 18447 047.2490 268.9856 7284717 004.8521 359.3315 02.26778479000441
1 18447U 87091  E 87322.41756858  .00002935 +00000-0 +11059-2 0  9992
2 18447 047.2461 268.7393 7284983 005.0879 359.3005 02.26783265000464
1 18447U 87091  E 87324.18153314  .00003013 +00000-0 +11026-2 0  9998
2 18447 047.2388 268.2471 7285551 005.5598 359.2446 02.26793238000503
1 18447U 87091  E 87324.62218208  .00003017 +00000-0 +10875-2 0  9996
2 18447 047.2349 268.1256 7285860 005.6736 359.2300 02.26795413000515
1 18447U 87091  E 87327.26788710  .00003116 +00000-0 +10439-2 0  9995
2 18447 047.2227 267.3891 7287309 006.3794 359.1832 02.26810090000572
1 18447U 87091  E 87328.59053058  .00003224 +00000-0 +10498-2 0  9997
2 18447 047.2165 267.0181 7287858 006.7309 359.1700 02.26818887000607
1 18447U 87091  E 87330.35363620  .00003824 +00000-0 +12069-2 0  9995
2 18447 047.2042 266.5240 7288445 007.1958 359.1546 02.26837013000643
1 18447U 87091  E 87330.35390114  .00003823 +00000-0 +12101-2 0  9999
2 18447 047.2042 266.5236 7288387 007.1972 359.1548 02.26837019000647
1 18447U 87091  E 87331.67606153  .00003918 +00000-0 +12239-2 0  9995
2 18447 047.1944 266.1618 7288585 007.5514 359.0879 02.26846935000679
1 18447U 87091  E 87333.43922537  .00004495 +00000-0 +13261-2 0  9995
2 18447 047.1891 265.6622 7289644 008.0340 359.0828 02.26867914000718
1 18447U 87091  E 87333.87991608  .00004586 +00000-0 +13811-2 0  9990
2 18447 047.1864 265.5386 7289197 008.1599 359.0163 02.26872508000722
1 18447U 87091  E 87333.88018229  .00004586 +00000-0 +13811-2 0  9990
2 18447 047.1864 265.5385 7289197 008.1598 359.0163 02.26872508000720
1 18447U 87091  E 87337.40601147  .00004858 +00000-0 +13726-2 0  9996
2 18447 047.1726 264.5486 7290257 009.1112 358.8996 02.26903622000802
1 18447U 87091  E 87338.28714623  .00004914 +00000-0 +13438-2 0  9990
2 18447 047.1687 264.3012 7290844 009.3442 358.8826 02.26911546000829
1 18447U 87091  E 87339.16851292  .00004998 +00000-0 +13375-2 0  9994
2 18447 047.1656 264.0527 7291209 009.5815 358.8677 02.26920043000843
1 18447U 87091  E 87341.37178463  .00005242 +00000-0 +13993-2 0  9991
2 18447 047.1609 263.4255 7291091 010.1837 358.8411 02.26942464000895
1 18447U 87091  E 87342.25302565  .00005355 +00000-0 +13970-2 0  9991
2 18447 047.1466 263.1834 7291477 010.4216 358.8256 02.26951897000918
1 18447U 87091  E 87342.69363135  .00005407 +00000-0 +13897-2 0  9995
2 18447 047.1457 263.0586 7291733 010.5431 358.8160 02.26956619000928
1 18447U 87091  E 87343.13423059  .00005457 +00000-0 +13702-2 0  9997
2 18447 047.1380 262.9478 7292152 010.6502 358.8083 02.26961311000937
1 18447U 87091  E 87343.13449660  .00005457 +00000-0 +13886-2 0  9996
2 18447 047.1439 262.9343 7291894 010.6636 358.8085 02.26961353000931
1 18447U 87091  E 87344.45596675  .00005642 +00000-0 +13683-2 0  9992
2 18447 047.1330 262.5814 7292710 011.0130 358.7867 02.26976347000961
1 18447U 87091  E 87345.33706336  .00005852 +00000-0 +13278-2 0  9990
2 18447 047.1350 262.3269 7293886 011.2464 358.7838 02.26988421000988
1 18447U 87091  E 87345.77751604  .00005918 +00000-0 +13629-2 0  9999
2 18447 047.1425 262.1833 7293549 011.3614 358.7492 02.26996134000997
1 18447U 87091  E 87346.65853870  .00006020 +00000-0 +13645-2 0  9998
2 18447 047.1373 261.9323 7293770 011.6019 358.7239 02.27006326001017
1 18447U 87091  E 87347.53978647  .00006153 +00000-0 +13573-2 0  9993
2 18447 047.1346 261.6781 7294200 011.8413 358.7017 02.27017070001035
1 18447U 87091  E 87350.18219887  .00006503 +00000-0 +13547-2 0  9992
2 18447 047.1235 260.9315 7295013 012.5599 358.6141 02.27049402001090
1 18447U 87091  E 87350.18246635  .00006502 +00000-0 +13547-2 0  9992
2 18447 047.1235 260.9314 7295013 012.5599 358.6141 02.27049404001091
1 18447U 87091  E 87351.06302528  .00006618 +00000-0 +13257-2 0  9990
2 18447 047.1174 260.6861 7295644 012.7918 358.5974 02.27060474001110
1 18447U 87091  E 87351.06329276  .00006617 +00000-0 +13257-2 0  9998
2 18447 047.1174 260.6860 7295644 012.7918 358.5974 02.27060474001119
1 18447U 87091  E 87353.26488767  .00006598 +00000-0 +13236-2 0  9998
2 18447 047.1036 260.0619 7295374 013.3945 358.5713 02.27090752001167
1 18447U 87091  E 87355.02614275  .00007191 +00000-0 +13252-2 0  9997
2 18447 047.1082 259.5479 7296707 013.8730 358.5394 02.27117277001205
1 18447U 87091  E 87355.02640897  .00007191 +00000-0 +13252-2 0  9996
2 18447 047.1082 259.5479 7296707 013.8730 358.5394 02.27117277001205
1 18447U 87091  E 87355.46640574  .00007279 +00000-0 +13222-2 0  9990
2 18447 047.1037 259.4242 7296913 013.9934 358.5135 02.27123701001211
1 18447U 87091  E 87356.34693928  .00007542 +00000-0 +13238-2 0  9999
2 18447 047.0897 259.1803 7297412 014.2362 358.5034 02.27137855001233
1 18447U 87091  E 87356.34720422  .00007541 +00000-0 +13274-2 0  9998
2 18447 047.0898 259.1796 7297364 014.2373 358.5035 02.27137855001234
1 18447U 87091  E 87357.22740414  .00008540 +00000-0 +15200-2 0  9990
2 18447 047.0800 258.9422 7297009 014.4692 358.5509 02.27161552001251
1 18447U 87091  E 87358.10768817  .00008759 +00000-0 +15342-2 0  9994
2 18447 047.0718 258.6965 7297170 014.7162 358.4608 02.27177154001278
1 18447U 87091  E 87358.54810939  .00008883 +00000-0 +15315-2 0  9993
2 18447 047.0691 258.5694 7297386 014.8369 358.4442 02.27185169001287
1 18447U 87091  E 87359.42804671  .00009542 +00000-0 +16266-2 0  9996
2 18447 047.0654 258.3140 7297418 015.0704 358.4138 02.27207489001307
1 18447U 87091  E 87359.42811169  .00010835 +00000-0 +17559-2 0  9999
2 18447 047.0789 258.2953 7298278 015.0809 358.4715 02.27212107001302
1 18447U 87091  E 87360.30822773  .00009964 +00000-0 +16368-2 0  9999
2 18447 047.0623 258.0629 7297913 015.3111 358.4038 02.27226632001329
1 18447U 87091  E 87361.18830664  .00009875 +00000-0 +16705-2 0  9990
2 18447 047.0701 257.8032 7297256 015.5548 358.3724 02.27244848001349
1 18447U 87091  E 87362.06831459  .00010077 +00000-0 +16748-2 0  9994
2 18447 047.0667 257.5528 7297427 015.7974 358.3192 02.27262154001363
1 18447U 87091  E 87362.06858208  .00010077 +00000-0 +16806-2 0  9990
2 18447 047.0668 257.5524 7297368 015.7986 358.3193 02.27262152001366
1 18447U 87091  E 87363.38823950  .00010440 +00000-0 +16713-2 0  9993
2 18447 047.0575 257.1762 7297858 016.1645 358.2783 02.27289353001393
1 18447U 87091  E 87364.70801171  .00010817 +00000-0 +16851-2 0  9992
2 18447 047.0524 256.7994 7298102 016.5294 358.2442 02.27317556001429
1 18447U 87091  E 87365.14790328  .00010954 +00000-0 +16940-2 0  9993
2 18447 047.0504 256.6727 7298149 016.6531 358.2370 02.27327321001438
1 18447U 87091  E 88002.34704617  .00010531 +00000-0 +15172-2 0  9997
2 18447 047.0587 256.0365 7298948 017.2659 358.1942 02.27374097001487
1 18447U 87091  E 88002.34732396  .00010530 +00000-0 +15172-2 0  9991
2 18447 047.0587 256.0364 7298948 017.2658 358.1942 02.27374097001485
1 18447U 87091  E 88008.50237845  .00017244 +00000-0 +20332-2 0  9997
2 18447 047.0221 254.2760 7300466 018.9555 359.2558 02.27597126001624
1 18447U 87091  E 88009.37955664  .00017938 +00000-0 +20500-2 0  9996
2 18447 047.0182 254.0193 7300654 019.1827 358.0981 02.27635036001644
1 18447U 87091  E 88011.13663152  .00018697 +00000-0 +19678-2 0  9998
2 18447 047.0158 253.5084 7301422 019.6688 357.9628 02.27697621001682
1 18447U 87091  E 88012.01461054  .00019092 +00000-0 +20461-2 0  9995
2 18447 046.9962 253.2715 7300887 019.9176 357.9322 02.27730199001702
1 18447U 87091  E 88012.89302030  .00019501 +00000-0 +20557-2 0  9990
2 18447 046.9900 253.0177 7300873 020.1584 357.9048 02.27763603001729
1 18447U 87091  E 88013.33179422  .00018052 +00000-0 +18776-2 0  9997
2 18447 046.9902 252.8894 7300981 020.2877 357.8921 02.27774317001734
1 18447U 87091  E 88015.08765164  .00018138 +00000-0 +18298-2 0  9999
2 18447 046.9898 252.3793 7300958 020.7832 357.8542 02.27834801001779
1 18447U 87091  E 88015.08792946  .00018134 +00000-0 +18205-2 0  9991
2 18447 046.9879 252.3822 7301032 020.7800 357.8537 02.27834751001778
1 18447U 87091  E 88015.96540198  .00017475 +00000-0 +16940-2 0  9999
2 18447 046.9886 252.1252 7301318 021.0279 357.8239 02.27863332001790
1 18447U 87091  E 88018.15887584  .00024554 +00000-0 +21767-2 0  9995
2 18447 046.9900 251.4818 7301583 021.6419 357.8876 02.27998739001846
1 18447U 87091  E 88022.10428676  .00033684 +46444-4 +20698-2 0  9990
2 18447 046.9690 250.3295 7302072 022.7539 357.6948 02.28205331001936
1 18447U 87091  E 88022.98048284  .00034463 +46474-4 +21954-2 0  9994
2 18447 046.9652 250.0764 7301257 023.0128 357.6068 02.28253602001953
1 18447U 87091  E 88023.41853447  .00031632 +46521-4 +18969-2 0  9998
2 18447 046.9818 249.9693 7301735 023.1162 357.4801 02.28260687001960
1 18447U 87091  E 88023.85671074  .00031833 +46527-4 +18195-2 0  9990
2 18447 046.9777 249.8403 7302252 023.2359 357.5559 02.28281594001978
1 18447U 87091  E 88025.17094061  .00032169 -46600-4 +17870-2 0  9997
2 18447 046.9650 249.4473 7302188 023.6261 357.5124 02.28342492002003
1 18447U 87091  E 88034.35799659  .00038803 -47000-4 +16711-2 0  9991
2 18447 046.9150 246.7644 7302066 026.2064 357.2426 02.28844381002212
1 18447U 87091  E 88036.10538642  .00040377 -47099-4 +16887-2 0  9990
2 18447 046.9105 246.2512 7301625 026.7018 357.1737 02.28957754002252
1 18447U 87091  E 88038.28840055  .00036765 -47300-4 +13311-2 0  9995
2 18447 046.9218 245.6077 7302167 027.3224 356.9472 02.29078482002306
1 18447U 87091  E 88040.90645525  .00038155 -47400-4 +14333-2 0  9993
2 18447 046.8821 244.8468 7300410 028.0706 357.0228 02.29256107002361
1 18447U 87091  E 88042.21470208  .00039125 -47500-4 +12602-2 0  9999
2 18447 046.8870 244.4652 7301544 028.4458 357.0297 02.29349309002399
1 18447U 87091  E 88046.57074009  .00045465 -47700-4 +12614-2 0  9990
2 18447 046.8533 243.1782 7300676 029.6916 356.7960 02.29711809002494
1 18447U 87091  E 88047.00575735  .00056513 -47800-4 +15879-2 0  9994
2 18447 046.8689 243.0546 7300004 029.7979 357.0104 02.29826552002506
1 18447U 87091  E 88052.22051161  .00058583 -48000-4 +14624-2 0  9995
2 18447 046.8568 241.5330 7297178 031.2894 356.5433 02.30351154002622
1 18447U 87091  E 88053.52240788  .00056160 -48000-4 +11097-2 0  9994
2 18447 046.8624 241.1552 7298688 031.6677 356.2720 02.30455477002659
1 18447U 87091  E 88058.72286268  .00063148 -48100-4 +10489-2 0  9993
2 18447 046.8252 239.5821 7295652 033.1641 356.8705 02.31072691002778
1 18447U 87091  E 88061.31676517  .00072753 -48300-4 +11660-2 0  9998
2 18447 046.8139 238.8301 7293557 033.9029 356.1213 02.31400693002838
1 18447U 87091  E 88063.04483376  .00082460 -48400-4 +75757-3 0  9994
2 18447 046.8000 238.2821 7294959 034.4244 356.1324 02.31582222002874
1 18447U 87091  E 88066.06434811  .00063787 -48400-4 +60096-3 0  9990
2 18447 046.7807 237.3767 7292119 035.3038 355.2541 02.31912008002942
1 18447U 87091  E 88067.35827041  .00065724 -48500-4 +65016-3 0  9995
2 18447 046.7857 236.9900 7290659 035.6714 355.9347 02.32070520002971
1 18447U 87091  E 88072.95025183  .00075508 -48600-4 +58541-3 0  9991
2 18447 046.8034 235.3648 7285859 037.3056 355.6939 02.32850813003106
1 18447U 87091  E 88094.56343270  .00194323 +48534-4 +42480-3 0  9999
2 18447 046.7128 228.7312 7252234 043.8078 288.0179 02.38227661003605
1 18447U 87091  E 88094.56371081  .00194322 -48500-4 +42480-3 0  9993
2 18447 046.7128 228.7311 7252234 043.8077 288.0179 02.38227662003604
1 18447U 87091  E 88095.47997633  .00261422 +48350-4 +46910-3 0  9991
2 18447 046.7282 228.4745 7250506 043.9617 354.7165 02.38650378003626
1 18447U 87091  E 88095.48025379  .00261421 -48400-4 +46910-3 0  9997
2 18447 046.7282 228.4745 7250506 043.9616 354.7165 02.38650379003626
1 18447U 87091  E 88096.73520906  .00275911 +48404-4 +53652-3 0  9995
2 18447 046.7055 228.0417 7244593 044.3964 354.7278 02.39338021003652
1 18447U 87091  E 88096.73548653  .00275911 -48400-4 +53652-3 0  9991
2 18447 046.7055 228.0417 7244593 044.3964 354.7278 02.39338021003652
1 18447U 87091  E 88098.40000000  .00053677 -48300-4 +00000-4 0  9998
2 18447 046.7150 227.5179 7240226 044.8569 351.7680 02.39834979000038
1 18447U 87091  E 88098.40027778  .00053677 -48300-4 +00000-4 0  9999
2 18447 046.7150 227.5179 7240226 044.8569 351.7680 02.39834979000005
1 18447U 87091  E 88098.81910738  .00275277 +48128-4 +59753-3 0  9998
2 18447 046.7129 227.4034 7235156 044.9362 354.4551 02.40454931003703
1 18447U 87091  E 88098.81934841  .00045010 +48253-4 +99999-4 0  9995
2 18447 046.6959 227.3889 7234110 045.0243 354.5659 02.40436367003690
1 18447U 87091  E 88098.81938550  .00275277 -48100-4 +59753-3 0  9991
2 18447 046.7129 227.4033 7235156 044.9361 354.4551 02.40454931003701
1 18447U 87091  E 88098.81962652  .00045010 -48300-4 +00000-4 0  9995
2 18447 046.6959 227.3888 7234110 045.0243 354.5659 02.40436367003699
1 18447U 87091  E 88099.65032628  .00045727 +48115-4 +99999-4 0  9992
2 18447 046.6696 227.1593 7230771 045.2482 354.5234 02.40886575003716
1 18447U 87091  E 88099.65060407  .00045727 -48100-4 +00000-4 0  9998
2 18447 046.6696 227.1592 7230771 045.2481 354.5234 02.40886575003714
