1 06034U 72037  G 72151.41466335  .00000304 +00000-0 +00000-0 0  9997
2 06034 065.2731 072.1232 7385549 285.0039 010.0344 02.04524830000239
1 06034U 72037  G 72153.37014557  .00001454 +00000-0 +00000-0 0  9996
2 06034 065.3271 071.8045 7388119 284.9541 010.0304 02.04540075000278
1 06034U 72037  G 72156.79239404  .00001486 +00000-0 +00000-0 0  9990
2 06034 065.3300 071.3146 7388479 284.8729 010.0460 02.04550172000344
1 06034U 72037  G 72159.72581859  .00000682 +00000-0 +00000-0 0  9997
2 06034 065.2791 070.9048 7386689 284.6988 010.0942 02.04545060000401
1 06034U 72037  G 72161.68152831 -.00001080 +00000-0 +00000-0 0  9993
2 06034 065.3845 070.5946 7391349 284.7812 010.0493 02.04530015000440
1 06034U 72037  G 72166.57143512 -.00002747 +00000-0 +00000-0 0  9993
2 06034 065.3260 069.8703 7390789 284.6875 010.0730 02.04492948000545
1 06034U 72037  G 72167.54883138 -.00000948 +00000-0 +00000-0 0  9997
2 06034 065.3286 069.7470 7390409 284.6321 010.0872 02.04519365000560
1 06034U 72037  G 72169.50481059 -.00001227 +00000-0 +00000-0 0  9992
2 06034 065.3109 069.4381 7389489 284.6113 010.0970 02.04509620000604
1 06034U 72037  G 72170.48258948 -.00000932 +00000-0 +00000-0 0  9992
2 06034 065.3179 069.3168 7390429 284.5596 010.1029 02.04514094000622
1 06034U 72037  G 72172.43839084 -.00000850 +00000-0 +00000-0 0  9994
2 06034 065.3103 069.0295 7390749 284.4993 010.1142 02.04512793000666
1 06034U 72037  G 72177.32761123  .00000757 +00000-0 +00000-0 0  9990
2 06034 065.3039 068.3025 7394109 284.3567 010.1259 02.04529848000766
1 06034U 72037  G 72180.26111417  .00000902 +00000-0 +00000-0 0  9994
2 06034 065.2968 067.8810 7393699 284.3001 010.1406 02.04536947000827
1 06034U 72037  G 72182.70540449  .00001207 +00000-0 +00000-0 0  9995
2 06034 065.3210 067.5161 7398618 284.2581 010.1212 02.04547143000872
1 06034U 72037  G 72184.66095696  .00001123 +00000-0 +00000-0 0  9998
2 06034 065.3430 067.2196 7398761 284.2151 010.1298 02.04550287000915
1 06034U 72037  G 72186.61653965  .00001023 +00000-0 +00000-0 0  9993
2 06034 065.3429 066.9375 7398719 284.1712 010.1396 02.04551931000953
1 06034U 72037  G 72189.06108707  .00000440 +00000-0 +00000-0 0  9996
2 06034 065.4057 066.5606 7402290 284.1011 010.1341 02.04543858001002
1 06034U 72037  G 72191.99463031  .00000169 +00000-0 +00000-0 0  9993
2 06034 065.4723 066.1439 7405430 284.0312 010.1311 02.04539248001065
1 06034U 72037  G 72197.37351528 -.00001503 +00000-0 +00000-0 0  9992
2 06034 065.4141 065.3501 7398820 284.0131 010.1737 02.04504783001173
1 06034U 72037  G 72198.35132047 -.00001087 +00000-0 +00000-0 0  9991
2 06034 065.3858 065.1786 7404360 283.9189 010.1619 02.04509990001194
1 06034U 72037  G 72201.28522811 -.00001089 +00000-0 +00000-0 0  9992
2 06034 065.3858 064.7550 7404420 283.8512 010.1764 02.04503607001251
1 06034U 72037  G 72203.72966186 -.00000347 +00000-0 +00000-0 0  9996
2 06034 065.3543 064.3660 7411770 283.7193 010.1622 02.04517063001300
1 06034U 72037  G 72208.61835332  .00000850 +00000-0 +00000-0 0  9995
2 06034 065.3962 063.6129 7407030 283.6868 010.1973 02.04546275001406
1 06034U 72037  G 72210.57393792  .00000989 +89699-9 +00000-0 0  9995
2 06034 065.4048 063.3083 7407638 283.5945 010.2141 02.04550474001445
1 06034U 72037  G 72212.52956817  .00000398 +00000-0 +00000-0 0  9999
2 06034 065.3853 063.0088 7406420 283.5633 010.2281 02.04544298001488
1 06034U 72037  G 72214.48520643  .00000232 +64231-9 +00000-0 0  9992
2 06034 065.3852 062.7259 7406400 283.5181 010.2382 02.04542181001525
1 06034U 72037  G 72216.44096749 -.00000156 +00000-0 +00000-0 0  9996
2 06034 065.3851 062.4430 7406390 283.4729 010.2483 02.04534656001561
1 06034U 72037  G 72218.39684672 -.00000967 +00000-0 +00000-0 0  9990
2 06034 065.3567 062.1011 7413180 283.3635 010.2324 02.04521251001603
1 06034U 72037  G 72220.35264656 -.00001077 +89699-9 +00000-0 0  9998
2 06034 065.3635 061.8111 7413126 283.3395 010.2380 02.04516808001647
1 06034U 72037  G 72229.64348070 -.00001237 +00000-0 +00000-0 0  9990
2 06034 065.3707 060.4538 7413840 283.1146 010.2837 02.04492475001831
1 06034U 72037  G 72239.42030033  .00000700 +00000-0 +00000-0 0  9997
2 06034 065.3747 058.8344 7421870 282.9188 010.2794 02.04548129002039
1 06034U 72037  G 72242.35393805 -.00002164 +00000-0 +00000-0 0  9999
2 06034 065.4192 058.3559 7420110 282.9188 010.2899 02.04519135002090
1 06034U 72037  G 72257.51055213  .00000934 +00000-0 +00000-0 0  9993
2 06034 065.4328 056.0713 7416210 282.6230 010.3793 02.04548244002401
1 06034U 72037  G 72261.42153087  .00001064 +00000-0 +00000-0 0  9991
2 06034 065.5789 055.4676 7418760 282.4884 010.3943 02.04557542002485
1 06034U 72037  G 72263.37708582  .00000584 +00000-0 +00000-0 0  9999
2 06034 065.5483 055.1599 7421210 282.4010 010.3992 02.04553846002524
1 06034U 72037  G 72265.33266653  .00000264 +00000-0 +00000-0 0  9990
2 06034 065.5275 054.8616 7423420 282.3131 010.4057 02.04550191002564
1 06034U 72037  G 72274.13349600 -.00001050 +88644-9 +00000-0 0  9996
2 06034 065.4647 053.5468 7421155 282.1685 010.4519 02.04520226002741
1 06034U 72037  G 72278.53374246 -.00000715 +79931-9 +00000-0 0  9994
2 06034 065.4141 052.8528 7423003 282.0541 010.4666 02.04521761002831
1 06034U 72037  G 72303.46735992 -.00000805 +00000-0 +00000-0 0  9996
2 06034 065.4677 049.1099 7421709 281.4203 010.6190 02.04526770003342
1 06034U 72037  G 72304.44503479 -.00000489 +00000-0 +00000-0 0  9996
2 06034 065.6782 049.0663 7418929 281.2968 010.6646 02.04533383003369
1 06034U 72037  G 72305.42279649 -.00000439 +00000-0 +00000-0 0  9999
2 06034 065.6537 048.8815 7424029 281.1874 010.6584 02.04534225003385
1 06034U 72037  G 72308.35624444 -.00000419 +00000-0 +00000-0 0  9999
2 06034 065.7116 048.4900 7423619 281.0882 010.6839 02.04533021003445
1 06034U 72037  G 72310.31153568 -.00000206 +00000-0 +00000-0 0  9996
2 06034 065.6892 048.1363 7434029 280.8712 010.6696 02.04540014003486
1 06034U 72037  G 72311.28932023 -.00000136 +00000-0 +00000-0 0  9996
2 06034 065.6995 048.0117 7428119 280.9435 010.6895 02.04541568003501
1 06034U 72037  G 72314.22237728  .00000174 +00000-0 +00000-0 0  9994
2 06034 065.7192 047.6306 7424409 280.8760 010.7281 02.04551939003563
1 06034U 72037  G 72316.17753533  .00000546 +00000-0 +00000-0 0  9990
2 06034 065.7120 047.3543 7419239 280.8873 010.7576 02.04565203003605
1 06034U 72037  G 72319.59956459 -.00000163 +00000-0 +00000-0 0  9997
2 06034 065.6197 046.6902 7420369 280.8772 010.7529 02.04558021003678
1 06034U 72037  G 72323.51078879 -.00000421 +00000-0 +00000-0 0  9992
2 06034 065.6196 046.1243 7420379 280.7754 010.7766 02.04548714003750
1 06034U 72037  G 72327.42195283 -.00000554 +00000-0 +00000-0 0  9992
2 06034 065.5380 045.4314 7431179 280.6117 010.7475 02.04541967003836
1 06034U 72037  G 72328.39972036 -.00000472 +00000-0 +00000-0 0  9997
2 06034 065.5379 045.2885 7431189 280.5870 010.7532 02.04542927003854
1 06034U 72037  G 72332.31034798  .00002058 +00000-0 +00000-0 0  9999
2 06034 065.5899 044.6834 7443629 280.3880 010.7219 02.04577411003936
1 06034U 72037  G 72338.17660955  .00000319 +00000-0 +00000-0 0  9997
2 06034 065.5720 043.8337 7439919 280.3468 010.7547 02.04566466004053
1 06034U 72037  G 72339.15406776  .00000599 +00000-0 +00000-0 0  9995
2 06034 065.5791 043.6817 7438229 280.2946 010.7774 02.04575202004077
1 06034U 72037  G 72342.57578145  .00000810 +00000-0 +00000-0 0  9991
2 06034 065.5969 043.1432 7432949 280.2866 010.8123 02.04582497004147
1 06034U 72037  G 72344.04247670 -.00002272 +11206-7 +00000-0 0  9993
2 06034 065.5921 042.8954 7431590 280.2737 010.8239 02.04553621004176
1 06034U 72037  G 72357.24222310 -.00000573 +00000-0 +00000-0 0  9998
2 06034 065.5914 040.9576 7431229 279.9254 010.9081 02.04543570004443
1 06034U 72037  G 72360.17423141  .00000874 +00000-0 +00000-0 0  9992
2 06034 065.5928 040.5060 7429859 279.8885 010.9255 02.04582394004504
1 06034U 72037  G 72364.08456082  .00000939 +00000-0 +00000-0 0  9998
2 06034 065.5661 039.8647 7435429 279.7724 010.9178 02.04590935004583
1 06034U 72037  G 73001.99482457  .00000861 +00000-0 +00000-0 0  9996
2 06034 065.5617 039.2616 7441359 279.6003 010.9209 02.04595652004667
1 06034U 72037  G 73004.92752402  .00000770 +00000-0 +00000-0 0  9991
2 06034 065.5738 038.8307 7440409 279.5102 010.9484 02.04597415004728
1 06034U 72037  G 73005.41664373 -.00000884 +00000-0 +00000-0 0  9992
2 06034 065.6518 038.7414 7443469 279.5442 010.9209 02.04574708004735
1 06034U 72037  G 73011.28259786 -.00000059 +00000-0 +00000-0 0  9996
2 06034 065.5756 037.8116 7441759 279.4151 010.9624 02.04575909004851
1 06034U 72037  G 73020.56938985  .00000325 +00000-0 +00000-0 0  9997
2 06034 065.5755 036.4462 7441769 279.1747 011.0197 02.04591596005047
1 06034U 72037  G 73024.96795019  .00000813 +00000-0 +00000-0 0  9996
2 06034 065.5937 035.7671 7442279 279.0923 011.0361 02.04610105005136
1 06034U 72037  G 73032.29877216  .00000873 +00000-0 +00000-0 0  9997
2 06034 065.6319 034.5929 7446759 278.9630 011.0384 02.04623845005280
1 06034U 72037  G 73039.62983801  .00000376 +00000-0 +00000-0 0  9997
2 06034 065.6695 033.4712 7450349 278.6923 011.0802 02.04617583005431
1 06034U 72037  G 73042.56198796  .00001661 +00000-0 +00000-0 0  9993
2 06034 065.6746 032.8637 7452449 278.6979 011.0654 02.04635294005491
1 06034U 72037  G 73046.95985970  .00001793 +25900-8 +00000-0 0  9998
2 06034 065.6648 032.1601 7453412 278.6187 011.0783 02.04653691005582
1 06034U 72037  G 73049.89163523  .00001171 +18339-8 +00000-0 0  9994
2 06034 065.6729 031.6901 7454416 278.5719 011.0831 02.04657904005646
1 06034U 72037  G 73057.71040068 -.00000947 +00000-0 +00000-0 0  9991
2 06034 065.8092 030.4901 7456139 278.3737 011.1197 02.04632001005805
1 06034U 72037  G 73058.68783196 -.00001175 +19002-8 +00000-0 0  9998
2 06034 065.7655 030.3471 7454847 278.3227 011.1406 02.04626710005823
1 06034U 72037  G 73060.15392732 -.00000875 +15820-8 +00000-0 0  9995
2 06034 065.7939 030.1859 7454932 278.2679 011.1533 02.04627345005850
1 06034U 72037  G 73062.59810272 -.00004301 +45897-8 +00000-0 0  9994
2 06034 065.6025 029.8030 7445920 278.4727 011.1619 02.04589175005903
1 06034U 72037  G 73064.55251060  .00001596 +48133-8 +00000-0 0  9994
2 06034 065.5853 029.4993 7446075 278.4226 011.1730 02.04638915005946
1 06034U 72037  G 73067.48304309  .00002105 +29918-8 +00000-0 0  9991
2 06034 065.7138 028.9720 7453748 278.0330 011.2180 02.04675478006006
1 06034U 72037  G 73069.43745192  .00001990 +22631-8 +00000-0 0  9993
2 06034 065.6997 028.6790 7453368 278.0057 011.2273 02.04680564006045
1 06034U 72037  G 73071.88043795  .00001905 +20747-8 +00000-0 0  9997
2 06034 065.7206 028.2543 7450664 277.9926 011.2481 02.04686588006098
1 06034U 72037  G 73079.69808668 -.00001127 +21288-8 +00000-0 0  9990
2 06034 065.7839 027.0568 7450952 277.7690 011.3011 02.04658045006255
1 06034U 72037  G 73086.53847356 -.00000310 +72920-9 +00000-0 0  9991
2 06034 065.7585 026.0486 7451866 277.5546 011.3478 02.04662981006390
1 06034U 72037  G 73088.49272718 -.00000084 +71281-9 +00000-0 0  9999
2 06034 065.7461 025.7500 7452289 277.4892 011.3612 02.04667961006437
1 06034U 72037  G 73092.40107668  .00000695 +76464-9 +00000-0 0  9991
2 06034 065.7232 025.1485 7453963 277.3738 011.3787 02.04687332006513
1 06034U 72037  G 73094.35544364  .00002000 +17130-8 +00000-0 0  9991
2 06034 065.7496 024.8145 7444713 277.3368 011.4492 02.04703304006552
1 06034U 72037  G 73095.82094822  .00002044 +15347-8 +00000-0 0  9999
2 06034 065.7894 024.5567 7444352 277.2942 011.4621 02.04709636006586
1 06034U 72037  G 73097.77501043  .00001434 +10327-8 +00000-0 0  9998
2 06034 065.7931 024.2673 7446679 277.2146 011.4665 02.04706343006628
1 06034U 72037  G 73099.72902173  .00001433 +96562-9 +00000-0 0  9999
2 06034 065.7931 023.9810 7446621 277.1588 011.4808 02.04711956006662
1 06034U 72037  G 73111.45478092 -.00000953 +85282-9 +00000-0 0  9996
2 06034 065.7813 022.2507 7446857 276.8563 011.5551 02.04671102006907
1 06034U 72037  G 73116.34008771 -.00000477 +71518-9 +00000-0 0  9990
2 06034 065.7624 021.5070 7448911 276.6940 011.5823 02.04678688007004
1 06034U 72037  G 73153.95361238  .00000772 +00000-0 +00000-0 0  9994
2 06034 065.8352 015.8911 7452361 275.3725 011.8995 02.04737782007772
1 06034U 72037  G 73253.08035465  .00000861 +00000-0 +00000-0 0  9998
2 06034 065.9388 000.0776 7469359 272.8884 012.4411 02.04860783009804
1 06034U 72037  G 73261.37956753 -.00000056 +00000-0 +00000-0 0  9998
2 06034 065.9227 358.8194 7467356 272.6235 012.5284 02.04846263009971
1 06034U 72037  G 73354.56590536  .00000232 +00000-0 +00000-0 0  9990
2 06034 066.0011 344.1554 7470030 269.9217 013.2803 02.05088711011889
1 06034U 72037  G 74027.58359381  .00000030 +00000-0 +00000-0 0  9997
2 06034 065.9491 338.1254 7464266 269.1346 013.5600 02.05194592012668
1 06034U 72037  G 74089.46539020  .00000400 +04001-9 +00051-4 0  9997
2 06034 065.9313 328.6808 7464648 267.3156 014.1207 02.05256295013933
1 06034U 72037  G 74116.26070446  .00000543 +14001-8 +70051-3 0  9992
2 06034 065.8765 324.5846 7461875 266.4070 014.4355 02.05277636014484
1 06034U 72037  G 74186.88961648  .00000282 +00000-0 +00000-0 0  9990
2 06034 065.8656 313.6153 7442580 264.6519 015.1847 02.05323726015930
1 06034U 72037  G 74201.01398846  .00000167 +00000-0 +00000-0 0  9999
2 06034 065.8207 311.2484 7441502 264.2435 015.3356 02.05324250016222
1 06034U 72037  G 74229.26184698  .00000060 +00000-0 +00000-0 3  9999
2 06034 065.8705 307.0573 7422872 263.4671 015.7717 02.05334312016808
1 06034U 72037  G 74242.41145182  .00001014 +00000-0 +00000-0 3  9996
2 06034 065.8032 304.9442 7424205 263.0315 015.9180 02.05321936017079
1 06034U 72037  G 74254.58635517  .00001596 +00000-0 +00000-0 3  9998
2 06034 065.7828 303.0853 7422323 262.6637 016.0691 02.05339444017328
1 06034U 72037  G 74275.04028985 -.00001420 +00000-0 +00000-0 3  9994
2 06034 065.7897 299.9633 7427200 262.1287 016.2245 02.05347212017743
1 06034U 72037  G 74284.29286240  .00000411 +00000-0 +00000-0 0  9996
2 06034 065.7658 298.6559 7420103 261.8393 016.3965 02.05357063017936
1 06034U 72037  G 74289.65006017  .00000122 +00000-0 +00000-0 0  9992
2 06034 065.7150 297.8611 7421623 261.7025 016.4345 02.05347736018044
1 06034U 72037  G 74317.40669155  .00001401 +00000-0 +00000-0 3  9999
2 06034 065.6740 293.2825 7421997 261.2231 016.6142 02.05362776018614
1 06034U 72037  G 74327.63285923  .00001159 +00000-0 +00000-0 3  9992
2 06034 065.6953 291.7305 7416751 260.8342 016.8125 02.05350576018827
1 06034U 72037  G 74349.54552311  .00001430 +00000-0 +00000-0 3  9996
2 06034 065.6600 288.3365 7404599 260.3682 017.1075 02.05355823019271
1 06034U 72037  G 74359.77070999  .00001407 +00000-0 +00000-0 3  9993
2 06034 065.6337 286.7810 7402926 260.0577 017.2468 02.05371912019484
1 06034U 72037  G 75015.22208118  .00001195 +00000-0 +00000-0 3  9993
2 06034 065.6059 283.8308 7394015 259.4403 017.5803 02.05376203019905
1 06034U 72037  G 75019.11751079  .00001553 +00000-0 +00000-0 3  9992
2 06034 065.5215 283.2781 7395512 259.3277 017.6123 02.05362879019986
1 06034U 72037  G 75021.55229282  .00000862 +00000-0 +00000-0 3  9991
2 06034 065.5655 282.8842 7394048 259.2770 017.6473 02.05356884020032
1 06034U 72037  G 75033.23884439  .00000316 +00000-0 +00000-0 3  9994
2 06034 065.5769 281.1464 7392947 258.9638 017.7872 02.05378099020277
1 06034U 72037  G 75039.56878852  .00001628 +00000-0 +00000-0 3  9995
2 06034 065.5389 280.2382 7390952 258.7836 017.8813 02.05365363020407
1 06034U 72037  G 75047.36001396  .00001245 +00000-0 +00000-0 3  9998
2 06034 065.5337 279.0638 7392589 258.6105 017.9383 02.05358944020563
1 06034U 72037  G 75049.79473590  .00001781 +00000-0 +00000-0 3  9991
2 06034 065.5356 278.7001 7392222 258.5659 017.9605 02.05366706020619
1 06034U 72037  G 75058.07222556  .00001386 +00000-0 +00000-0 3  9997
2 06034 065.5295 277.4636 7392378 258.3171 018.0640 02.05374026020783
1 06034U 72037  G 75073.16745376  .00001403 +00000-0 +00000-0 3  9994
2 06034 065.5006 275.1728 7391030 257.9699 018.2247 02.05374527021090
1 06034U 72037  G 75084.36662959  .00001057 +00000-0 +00000-0 3  9998
2 06034 065.4464 273.4874 7388520 257.6637 018.3812 02.05359254021324
1 06034U 72037  G 75100.43538856  .00001410 +00000-0 +00000-0 3  9996
2 06034 065.4413 271.0316 7384814 257.2980 018.5767 02.05374467021652
1 06034U 72037  G 75117.96514887  .00000160 +00000-0 +00000-0 3  9991
2 06034 065.4499 268.3810 7377759 256.8711 018.8351 02.05379833022016
1 06034U 72037  G 75121.86041445  .00001474 +00000-0 +00000-0 3  9999
2 06034 065.4606 267.8223 7376755 256.7655 018.8921 02.05373857022090
1 06034U 72037  G 75122.83425522  .00001611 +00000-0 +00000-0 3  9992
2 06034 065.4591 267.6849 7376814 256.7314 018.9068 02.05370846022114
1 06034U 72037  G 75138.90315766  .00000244 +00000-0 +00000-0 3  9996
2 06034 065.4330 265.3114 7371947 256.3404 019.1318 02.05380507022445
1 06034U 72037  G 75141.82456774  .00001150 +00000-0 +00000-0 3  9993
2 06034 065.4464 264.8535 7371031 256.2778 019.1694 02.05377835022505
1 06034U 72037  G 75145.23304410  .00001591 +00000-0 +00000-0 3  9990
2 06034 065.4483 264.3517 7368343 256.1824 019.2400 02.05367640022570
1 06034U 72037  G 75145.71997924  .00001534 +00000-0 +00000-0 3  9998
2 06034 065.4473 264.2754 7368075 256.1713 019.2479 02.05366106022583
1 06034U 72037  G 75165.19705578  .00001606 +00000-0 +00000-0 3  9994
2 06034 065.4351 261.4560 7363935 255.6342 019.5373 02.05372104022989
1 06034U 72037  G 75168.60558505  .00001104 +00000-0 +00000-0 3  9992
2 06034 065.4277 260.9400 7363629 255.5551 019.5773 02.05362104023056
1 06034U 72037  G 75171.04035231  .00000114 +00000-0 +00000-0 3  9990
2 06034 065.4309 260.5812 7362061 255.4903 019.6233 02.05358981023100
1 06034U 72037  G 75180.77891011  .00000403 +00000-0 +00000-0 3  9997
2 06034 065.4245 259.1811 7361295 255.2131 019.7616 02.05381522023306
1 06034U 72037  G 75185.16102933  .00001459 +00000-0 +00000-0 3  9995
2 06034 065.4241 258.5386 7360363 255.0994 019.8245 02.05376093023397
1 06034U 72037  G 75194.41275496  .00000959 +00000-0 +00000-0 3  9992
2 06034 065.3629 257.1877 7362317 254.8846 019.9063 02.05361728023589
1 06034U 72037  G 75204.15105484  .00000769 +00000-0 +00000-0 3  9993
2 06034 065.3368 255.7690 7359999 254.6130 020.0605 02.05381374023788
1 06034U 72037  G 75217.78513764  .00001682 +00000-0 +00000-0 3  9995
2 06034 065.3532 253.7612 7359854 254.2822 020.2216 02.05368315024069
1 06034U 72037  G 75222.65418240  .00000554 +00000-0 +00000-0 3  9997
2 06034 065.3262 253.0298 7360477 254.2126 020.2487 02.05382312024166
1 06034U 72037  G 75229.47082185  .00001584 +00000-0 +00000-0 3  9993
2 06034 065.3065 252.0195 7359289 254.0485 020.3411 02.05370311024307
1 06034U 72037  G 75238.72267483  .00001657 +00000-0 +00000-0 3  9998
2 06034 065.3228 250.6555 7358846 253.8552 020.4408 02.05368374024495
1 06034U 72037  G 75245.53935241  .00000399 +00000-0 +00000-0 3  9991
2 06034 065.3016 249.6588 7358041 253.6816 020.5349 02.05383123024632
1 06034U 72037  G 75250.40840002  .00001590 +00000-0 +00000-0 3  9997
2 06034 065.3010 248.9085 7357829 253.5837 020.5858 02.05371090024731
1 06034U 72037  G 75256.25167752  .00000298 +00000-0 +00000-0 3  9994
2 06034 065.2813 248.0535 7356047 253.4444 020.6743 02.05360951024857
1 06034U 72037  G 75261.60793018  .00001714 +00000-0 +00000-0 3  9993
2 06034 065.2768 247.2517 7356276 253.3300 020.7290 02.05374825024966
1 06034U 72037  G 75264.52939462  .00000702 +00000-0 +00000-0 3  9998
2 06034 065.2740 246.7960 7355357 253.2569 020.7753 02.05382299025023
1 06034U 72037  G 75266.47697447  .00000324 +00000-0 +00000-0 3  9998
2 06034 065.2642 246.5281 7354326 253.1935 020.8180 02.05383198025067
1 06034U 72037  G 75270.37220477  .00001569 +00000-0 +00000-0 3  9999
2 06034 065.2441 246.0079 7353112 253.1001 020.8783 02.05374813025142
1 06034U 72037  G 75273.29373406  .00001307 +00000-0 +00000-0 3  9994
2 06034 065.2383 245.5683 7353502 253.0355 020.9066 02.05365929025206
1 06034U 72037  G 75280.59782215  .00001594 +00000-0 +00000-0 3  9995
2 06034 065.2223 244.4723 7352752 252.9069 020.9796 02.05367789025350
1 06034U 72037  G 75285.46701860  .00000767 +00000-0 +00000-0 3  9994
2 06034 065.2187 243.7787 7351972 252.7670 021.0595 02.05381767025452
1 06034U 72037  G 75293.74437377  .00001440 +00000-0 +00000-0 3  9992
2 06034 065.2268 242.5284 7349707 252.5695 021.1850 02.05367804025629
1 06034U 72037  G 75295.69208907  .00000900 +00000-0 +00000-0 3  9993
2 06034 065.2057 242.2633 7350247 252.5305 021.1993 02.05363212025660
1 06034U 72037  G 75302.50922247  .00001730 +00000-0 +00000-0 3  9994
2 06034 065.2104 241.2678 7350444 252.3700 021.2800 02.05370859025806
1 06034U 72037  G 75313.22112603  .00001589 +00000-0 +00000-0 3  9994
2 06034 065.1761 239.7544 7348963 252.0657 021.4542 02.05372974026029
1 06034U 72037  G 75316.62966677  .00000948 +00000-0 +00000-0 3  9997
2 06034 065.1757 239.2544 7348437 251.9902 021.4995 02.05363387026093
1 06034U 72037  G 75330.26356791  .00000599 +00000-0 +00000-0 3  9995
2 06034 065.1730 237.2971 7345499 251.6341 021.7193 02.05382599026375
1 06034U 72037  G 75341.46284864  .00000723 +00000-0 +00000-0 3  9999
2 06034 065.1690 235.6634 7346639 251.3714 021.8465 02.05361826026605
1 06034U 72037  G 75343.41060399  .00001484 +00000-0 +00000-0 3  9996
2 06034 065.1720 235.3722 7346713 251.3318 021.8670 02.05366228026640
1 06034U 72037  G 75348.27978990  .00000958 +00000-0 +00000-0 3  9995
2 06034 065.1727 234.6577 7346021 251.2276 021.9306 02.05381161026742
1 06034U 72037  G 75352.17499686 -.00000956 +00000-0 +00000-0 3  9998
2 06034 065.1689 234.1182 7345738 251.1060 021.9989 02.05380839028829
1 06034U 72037  G 75363.86127612  .00001280 +00000-0 +00000-0 3  9993
2 06034 065.1456 232.4129 7347189 250.8519 022.1202 02.05364176029064
1 06034U 72037  G 76018.82498073  .00000818 +00000-0 +00000-0 3  9995
2 06034 065.1085 229.5240 7349885 250.4072 022.3334 02.05361515029475
1 06034U 72037  G 76021.25966405  .00001654 +00000-0 +00000-0 3  9994
2 06034 065.1110 229.1597 7349451 250.3563 022.3663 02.05367820029524
1 06034U 72037  G 76028.07639503 -.00000401 +00000-0 +00000-0 3  9997
2 06034 065.0894 228.1764 7348584 250.1603 022.4845 02.05382140029666
1 06034U 72037  G 76034.40625572 -.00001378 +00000-0 +00000-0 3  9996
2 06034 065.0835 227.2522 7348164 250.0071 022.5744 02.05366019029795
1 06034U 72037  G 76048.04023361  .00000173 +00000-0 +00000-0 3  9990
2 06034 065.0864 225.2701 7348089 249.6892 022.7537 02.05382515030079
1 06034U 72037  G 76049.01401901 -.00000332 +00000-0 +00000-0 3  9996
2 06034 065.0786 225.1288 7347929 249.6708 022.7658 02.05382379030093
1 06034U 72037  G 76053.88304233 -.00001571 +00000-0 +00000-0 3  9992
2 06034 065.0639 224.4245 7348846 249.5611 022.8173 02.05371015030195
1 06034U 72037  G 76055.34381342 -.00001405 +00000-0 +00000-0 3  9997
2 06034 065.0646 224.2091 7349221 249.5309 022.8301 02.05366599030220
1 06034U 72037  G 76070.92539167 -.00000727 +00000-0 +00000-0 3  9994
2 06034 065.0951 221.9470 7349656 249.1808 023.0246 02.05381539030543
1 06034U 72037  G 76090.88916301 -.00000195 +00000-0 +00000-0 3  9999
2 06034 065.0929 219.0429 7350935 248.7299 023.2695 02.05382729030958
1 06034U 72037  G 76094.78436803 -.00001517 +00000-0 +00000-0 3  9995
2 06034 065.0983 218.4964 7351568 248.6163 023.3285 02.05375274031030
1 06034U 72037  G 76100.62751814 -.00000371 +00000-0 +00000-0 3  9995
2 06034 065.0865 217.6434 7353008 248.4925 023.3836 02.05361006031150
1 06034U 72037  G 76108.90531062  .00001308 +00000-0 +00000-0 3  9995
2 06034 065.0904 216.4578 7354598 248.2724 023.4946 02.05379562031328
1 06034U 72037  G 76116.69564910 -.00001572 +00000-0 +00000-0 3  9992
2 06034 065.0968 215.3211 7355866 248.0821 023.5916 02.05373373031484
1 06034U 72037  G 76129.84274432  .00001360 +00000-0 +00000-0 3  9994
2 06034 065.0913 213.4313 7359320 247.7719 023.7357 02.05379972031759
1 06034U 72037  G 76132.27719831  .00000195 +00000-0 +00000-0 3  9997
2 06034 065.0790 213.0701 7360743 247.7017 023.7606 02.05384024031808
1 06034U 72037  G 76137.63305137 -.00001571 +00000-0 +00000-0 3  9992
2 06034 065.0715 212.2850 7362855 247.5699 023.8145 02.05374257031919
1 06034U 72037  G 76139.09380912 -.00001495 +00000-0 +00000-0 3  9993
2 06034 065.0726 212.0627 7362959 247.5415 023.8304 02.05369689031945
1 06034U 72037  G 76144.45010514  .00000426 +00000-0 +00000-0 3  9999
2 06034 065.0791 211.2898 7363818 247.4279 023.8885 02.05362276032052
1 06034U 72037  G 76147.37169072  .00001602 +00000-0 +00000-0 3  9994
2 06034 065.0642 210.8613 7365357 247.3615 023.9102 02.05368797032114
1 06034U 72037  G 76152.24072738  .00000777 +00000-0 +00000-0 3  9990
2 06034 065.0227 210.1220 7367278 247.2612 023.9477 02.05383811032210
1 06034U 72037  G 76155.16206307 -.00000714 +00000-0 +00000-0 3  9997
2 06034 065.0237 209.6945 7367005 247.1972 023.9897 02.05384046032277
1 06034U 72037  G 76158.57035684 -.00001568 +00000-0 +00000-0 3  9991
2 06034 065.0224 209.1994 7367434 247.1136 024.0357 02.05375519032346
1 06034U 72037  G 76160.03109549 -.00001514 +00000-0 +00000-0 3  9998
2 06034 065.0167 208.9819 7367900 247.0821 024.0494 02.05370985032370
1 06034U 72037  G 76165.38734384  .00000359 +00000-0 +00000-0 3  9997
2 06034 065.0136 208.1782 7370168 246.9736 024.0882 02.05362842032486
1 06034U 72037  G 76179.50764606 -.00001562 +00000-0 +00000-0 3  9994
2 06034 064.9895 206.0846 7373038 246.6692 024.2403 02.05376022032779
1 06034U 72037  G 76187.29850958  .00000767 +00000-0 +00000-0 3  9990
2 06034 064.9892 204.9371 7374527 246.4835 024.3371 02.05363954032930
1 06034U 72037  G 76196.54973078 -.00000362 +00000-0 +00000-0 3  9999
2 06034 064.9707 203.5691 7375187 246.3001 024.4431 02.05385361033128
1 06034U 72037  G 76202.39256509 -.00001487 +00000-0 +00000-0 3  9992
2 06034 064.9740 202.7255 7376914 246.1529 024.5142 02.05370720033240
1 06034U 72037  G 76218.46078675 -.00000761 +00000-0 +00000-0 3  9997
2 06034 064.9323 200.3932 7380992 245.7858 024.6955 02.05384541033579
1 06034U 72037  G 76222.35597040 -.00001577 +00000-0 +00000-0 3  9998
2 06034 064.9430 199.8036 7381426 245.7091 024.7387 02.05374285033650
1 06034U 72037  G 76226.73833611 -.00000523 +00000-0 +00000-0 3  9991
2 06034 064.9372 199.1760 7382085 245.5998 024.8002 02.05363715033749
1 06034U 72037  G 76230.63380481  .00001298 +00000-0 +00000-0 3  9996
2 06034 064.9338 198.6024 7384547 245.5376 024.8093 02.05366842033826
1 06034U 72037  G 76234.52913559  .00001591 +00000-0 +00000-0 3  9992
2 06034 064.9365 198.0166 7385460 245.4583 024.8486 02.05379858033907
1 06034U 72037  G 76238.91117114 -.00000480 +00000-0 +00000-0 3  9999
2 06034 064.9337 197.3812 7385697 245.3421 024.9203 02.05385401033996
1 06034U 72037  G 76243.29323522 -.00001582 +00000-0 +00000-0 3  9992
2 06034 064.9317 196.7470 7388299 245.2263 024.9620 02.05374860034082
1 06034U 72037  G 76255.46639039  .00001632 +00000-0 +00000-0 3  9992
2 06034 064.9415 194.9424 7392984 244.9578 025.0774 02.05379615034334
1 06034U 72037  G 76260.82218766 -.00000863 +00000-0 +00000-0 3  9994
2 06034 064.9340 194.1532 7395890 244.8420 025.1162 02.05384401034440
1 06034U 72037  G 76264.23048871 -.00001585 +00000-0 +00000-0 3  9993
2 06034 064.9360 193.6507 7396697 244.7605 025.1593 02.05375280034519
1 06034U 72037  G 76265.69123694 -.00001483 +00000-0 +00000-0 3  9998
2 06034 064.9397 193.4319 7397275 244.7247 025.1753 02.05370727034545
1 06034U 72037  G 76271.04748452  .00000515 +00000-0 +00000-0 3  9993
2 06034 064.9495 192.6332 7401649 244.6032 025.1999 02.05363671034656
1 06034U 72037  G 76272.50828324  .00001202 +00000-0 +00000-0 3  9996
2 06034 064.9552 192.4068 7402557 244.5712 025.2093 02.05366249034680
1 06034U 72037  G 76277.37741694  .00001372 +00000-0 +00000-0 3  9998
2 06034 064.9680 191.6713 7404090 244.4669 025.2587 02.05382173034787
1 06034U 72037  G 76280.78565982 -.00000355 +00000-0 +00000-0 3  9992
2 06034 064.9503 191.1836 7405899 244.3781 025.2943 02.05385775034859
1 06034U 72037  G 76286.14154570 -.00001562 +00000-0 +00000-0 3  9996
2 06034 064.9501 190.3794 7409841 244.2583 025.3235 02.05372617034969
1 06034U 72037  G 76298.31466944  .00001435 +00000-0 +00000-0 3  9997
2 06034 064.9609 188.5357 7416899 243.9916 025.4109 02.05381855035213
1 06034U 72037  G 76302.20975178 -.00000531 +00000-0 +00000-0 3  9992
2 06034 064.9526 187.9429 7418379 243.9011 025.4521 02.05385818035294
1 06034U 72037  G 76305.13109210 -.00001496 +00000-0 +00000-0 3  9994
2 06034 064.9398 187.5165 7419405 243.8364 025.4821 02.05379583035357
1 06034U 72037  G 76316.33040366  .00001748 +00000-0 +00000-0 3  9993
2 06034 064.9329 185.7928 7425289 243.6104 025.5584 02.05371606035585
1 06034U 72037  G 76317.30422482  .00001845 +00000-0 +00000-0 3  9992
2 06034 064.9256 185.6418 7425585 243.5967 025.5640 02.05375174035602
1 06034U 72037  G 76322.17311533  .00000045 +00000-0 +00000-0 3  9998
2 06034 064.9229 184.9140 7427879 243.4740 025.6170 02.05387161035701
1 06034U 72037  G 76326.06814525 -.00001480 +00000-0 +00000-0 3  9994
2 06034 064.9230 184.3126 7431218 243.3845 025.6344 02.05381225035784
1 06034U 72037  G 76344.08365181 -.00000405 +00000-0 +00000-0 3  9991
2 06034 064.9002 181.5256 7436939 243.0352 025.7977 02.05389520036150
1 06034U 72037  G 76347.97864363 -.00001585 +00000-0 +00000-0 3  9998
2 06034 064.9203 180.9417 7437101 242.9081 025.8825 02.05382242036230
1 06034U 72037  G 76348.95244577 -.00001601 +00000-0 +00000-0 3  9995
2 06034 064.9148 180.7939 7437348 242.8812 025.8978 02.05379152036256
1 06034U 72037  G 76365.99438611 -.00000870 +00000-0 +00000-0 0  9996
2 06034 064.8871 178.2845 7446100 242.4892 026.8675 02.05397819036600
1 06034U 72037  G 77006.32253426  .00000779 +00000-0 +14142-3 0  9997
2 06034 064.8865 177.3019 7450156 242.3747 026.1569 02.05387103036734
1 06034U 72037  G 77018.98093828 -.00000428 +00000-0 +15144-3 0  9995
2 06034 064.8862 175.3452 7457967 242.1184 026.4538 02.05417337036990
1 06034U 72037  G 77032.61190258  .00001648 +00000-0 +13272-3 0  9990
2 06034 064.8687 173.2210 7465691 241.8291 026.4684 02.05411368037274
1 06034U 72037  G 77037.96653855  .00000353 +00000-0 +16863-3 0  9991
2 06034 064.8882 172.3826 7468612 241.7294 026.6452 02.05440957037385
1 06034U 72037  G 77056.46057988  .00027059 +00000-0 +00000-0 0  9997
2 06034 064.8642 169.4720 7479030 241.3469 026.5914 02.05525211037766
1 06034U 72037  G 77058.89242759  .00005254 +00000-0 +00000-0 0  9991
2 06034 064.8642 169.0912 7477954 241.3030 025.9837 02.05542467037817
1 06034U 72037  G 77061.81202587  .00003637 +00000-0 +00000-0 0  9995
2 06034 064.8802 168.7244 7477679 241.2462 026.4042 02.05558959037874
1 06034U 72037  G 77072.51287383  .00003637 +00000-0 +00000-0 0  9991
2 06034 064.8802 167.0508 7477042 241.0512 026.6626 02.05636793038095
1 06034U 72037  G 77074.45801990  .00007679 +00000-0 +00000-0 0  9992
2 06034 064.8718 166.6857 7484317 241.0169 026.9704 02.05696817038132
1 06034U 72037  G 77076.88809552  .00007679 +00000-0 +00000-0 0  9993
2 06034 064.8718 166.3032 7484013 240.9726 026.6270 02.05734137038182
1 06034U 72037  G 77077.37415840  .00027850 +00000-0 +00000-0 0  9994
2 06034 064.8637 166.2084 7494887 240.7958 026.7011 02.05777832038197
1 06034U 72037  G 77079.80310148  .00011420 +00000-0 +00000-0 0  9995
2 06034 064.8857 165.8402 7491822 240.8155 026.2114 02.05820644038241
1 06034U 72037  G 77083.68979660  .00011420 +00000-0 +00000-0 0  9996
2 06034 064.8857 165.2247 7491101 240.7435 026.6960 02.05909420038324
1 06034U 72037  G 77087.08878208  .00011420 +00000-0 +00000-0 0  9990
2 06034 064.8857 164.6862 7490470 240.6805 026.7480 02.05987056038394
1 06034U 72037  G 77087.08878518  .00011420 +00000-0 +00000-0 0  9994
2 06034 064.8857 164.6862 7490470 240.6805 026.7503 02.05987056038390
1 06034U 72037  G 77095.82315745  .00020732 +00000-0 +00000-0 0  9999
2 06034 064.8322 163.2821 7490981 240.3117 033.6832 02.06447929038570
1 06034U 72037  G 77126.67655665  .00220212 +00000-0 +00000-0 0  9990
2 06034 064.8424 158.0589 7398629 240.2086 028.3394 02.22042751039225
1 06034U 72037  G 77130.65944046  .01294248 +00000-0 +00000-0 0  9998
2 06034 064.8424 157.3421 7326430 240.2844 029.3164 02.30984592039318
