1 17149U 86090F   86326.15909420  .00000273 +00000-0 +99999-4 0  9991
2 17149 047.3243 277.6915 7273266 000.8282 359.7500 02.27486909000104
1 17149U 86090F   86326.59870234  .00000277 +00000-0 +99999-4 0  9993
2 17149 047.3249 277.5706 7273687 000.9350 359.7704 02.27487640000111
1 17149U 86090F   86327.91740094  .00000278 +00000-0 +99999-4 0  9991
2 17149 047.3071 277.1844 7273792 001.3203 359.7561 02.27490194000144
1 17149U 86090F   86328.35694062  .00000282 +00000-0 +99999-4 0  9998
2 17149 047.3071 277.0574 7274218 001.4339 359.7224 02.27490439000157
1 17149U 86090F   86329.23633321  .00000285 +00000-0 +00000-4 0  9995
2 17149 047.2939 276.8199 7274619 001.6619 359.6958 02.27490760000179
1 17149U 86090F   86330.55474893  .00000292 +00000-0 +99999-4 0  9992
2 17149 047.2930 276.4508 7275234 002.0100 359.6631 02.27492362000206
1 17149U 86090F   86331.43384514  .00000298 +00000-0 +99999-4 0  9996
2 17149 047.2927 276.2049 7275844 002.2432 359.6329 02.27493838000222
1 17149U 86090F   86332.31319999  .00000300 +00000-0 +00000-4 0  9998
2 17149 047.2894 275.9596 7276145 002.4789 359.5847 02.27494252000247
