1 07325U 74040  A 76060.99999999  .00000000 +00000-0 +00000-0 0  9993
2 07325 088.3280 287.1589 8457610 251.8590 255.0399 00.46795816003977
1 07325U 74040  A 76173.00000005  .00000000 +00000-0 +00000-0 0  9991
2 07325 087.7480 285.2650 8456310 248.2630 049.0260 00.46784645003506
1 07325U 74040  A 76327.00000005  .00000000 +00000-0 +00000-0 0  9992
2 07325 086.7150 282.8040 8516820 243.2080 081.0310 00.46794278004227
1 07325U 74040  A 77003.00000005  .00000000 +00000-0 +00000-0 0  9994
2 07325 086.6150 282.4280 8533550 241.7550 319.0780 00.46784933004415
1 07325U 74040  A 77046.00000005  .00000000 +00000-0 +00000-0 0  9991
2 07325 086.2280 281.7540 8574320 240.2180 005.2330 00.46772055004618
1 07325U 74040  A 77059.00000005  .00000000 +00000-0 +00000-0 0  9995
2 07325 086.1250 281.6280 8585700 239.8050 035.9780 00.46779351004680
1 07325U 74040  A 77073.00000005  .00000000 +00000-0 +00000-0 0  9991
2 07325 085.8950 281.2300 8598520 239.3920 235.2050 00.46800731004757
1 07325U 74040  A 77087.00000005  .00001101 +00000-0 +00000-0 0  9999
2 07325 085.8230 281.0870 8607230 238.9250 074.3647 00.46782371004818
1 07325U 74040  A 77101.00000005  .00000000 +00000-0 +00000-0 0  9993
2 07325 085.6260 280.6980 8616300 238.5030 273.7060 00.46793934004884
1 07325U 74040  A 77129.00000005  .00001035 +00000-0 +00000-0 0  9992
2 07325 085.4680 280.2750 8633000 237.5950 312.2318 00.46783744005014
1 07325U 74040  A 77144.00000005  .00001208 +00000-0 +00000-0 0  9991
2 07325 085.5050 280.2090 8647290 237.0950 319.9015 00.46787268005084
1 07325U 74040  A 77157.00000005  .00000995 +00000-0 +00000-0 0  9997
2 07325 085.3950 279.9670 8655810 236.6440 350.7399 00.46787147005147
1 07325U 74040  A 77178.00000000  .00001082 +00000-0 +00000-0 0  9993
2 07325 085.2700 279.7260 8682980 235.8990 289.4004 00.46787744005246
1 07325U 74040  A 77192.00000005  .00000887 +00000-0 +00000-0 0  9996
2 07325 085.2240 279.6160 8698600 235.3330 128.7224 00.46792059005314
1 07325U 74040  A 77206.00000005  .00000968 +00000-0 +00000-0 0  9992
2 07325 085.0590 279.3100 8719930 234.9940 327.6840 00.46779118005374
1 07325U 74040  A 77227.00000005  .00000988 +00000-0 +00000-0 0  9997
2 07325 084.8330 279.0280 8755890 234.1660 268.3129 00.46795258005470
1 07325U 74040  A 77241.00000000  .00000821 +00000-0 +00000-0 0  9994
2 07325 084.5560 278.6240 8769610 233.6680 105.5070 00.46795222005540
1 07325U 74040  A 77255.00000005  .00001079 +00000-0 +00000-0 0  9990
2 07325 084.3770 278.3710 8789020 233.2520 304.4805 00.46789781005602
1 07325U 74040  A 77269.00000005  .00000957 +00000-0 +00000-0 0  9999
2 07325 084.1070 277.9480 8797580 232.7420 143.8110 00.46797277005675
1 07325U 74040  A 77297.00000005  .00001102 +00000-0 +00000-0 0  9993
2 07325 083.8090 277.3910 8820010 231.7910 182.4147 00.46798406005802
1 07325U 74040  A 77311.00000005  .00001353 +00000-0 +00000-0 0  9998
2 07325 083.7990 277.2430 8837030 231.3100 021.4899 00.46777469005861
1 07325U 74040  A 77325.00000000  .00001108 +00000-0 +00000-0 0  9996
2 07325 083.7030 277.0130 8848970 230.7590 221.1917 00.46797818005930
1 07325U 74040  A 78003.00000005  .00001054 +00000-0 +00000-0 0  9995
2 07325 083.5320 276.5020 8919550 229.1030 266.9510 00.46791135006175
1 07325U 74040  A 78030.00000005  .00000937 +00000-0 +00000-0 0  9994
2 07325 083.1140 275.9190 8969390 228.0570 136.5490 00.46792399006303
1 07325U 74040  A 78035.00000005  .00000782 +00000-0 +00000-0 0  9997
2 07325 083.0730 275.8030 8975490 227.8450 259.2170 00.46796613006324
