0 TBA - TO BE ASSIGNED
1 44555U 10041AA  19273.12387788  .00001723  00000-0  11884-1 0  9991
2 44555  65.1891 278.5561 5713989  37.4536 351.2050  4.13664377  1399
0 SL-12 DEB
1 44555U 10041AA  19274.09084752  .00000785  00000-0  52717-2 0  9991
2 44555  65.2000 278.2333 5715295  37.3404 351.1333  4.13656386  1429
0 SL-12 DEB
1 44555U 10041AA  19276.26663890  .00000789  00000-0  52717-2 0  9992
2 44555  65.1979 277.4943 5715748  37.2311 351.2695  4.13660106  1528
0 SL-12 DEB
1 44555U 10041AA  19282.06853321  .00002007  00000-0  11518-1 0  9995
2 44555  65.2970 275.5862 5731125  36.7723 351.4339  4.13665831  1760
0 SL-12 DEB
1 44555U 10041AA  19283.03551126  .00000059  00000-0  79699-4 0  9993
2 44555  65.3041 275.2585 5732777  36.7087 351.4544  4.13664653  1800
0 SL-12 DEB
1 44555U 10041AA  19284.24422012  .00001074  00000-0  58347-2 0  9991
2 44555  65.3151 274.8617 5734558  36.6389 351.4752  4.13670111  1858
0 SL-12 DEB
1 44555U 10041AA  19285.45292747 -.00000656  00000-0 -38802-2 0  9996
2 44555  65.3212 274.4565 5736162  36.5677 351.4942  4.13667937  1905
0 SL-12 DEB
1 44555U 10041AA  19286.41990152 -.00000955 +00000-0 -54517-2 0  9991
2 44555 065.3269 274.1331 5737694 036.5121 351.5093 04.13664906001945
0 SL-12 DEB
1 44555U 10041AA  19287.14513572 -.00000590  00000-0 -34054-2 0  9998
2 44555  65.3330 273.8911 5739018  36.4695 351.5214  4.13663569  1973
0 SL-12 DEB
1 44555U 10041AA  19287.38687943 +.00000505 +00000-0 +24881-2 0  9999
2 44555 065.3348 273.8103 5739527 036.4553 351.5256 04.13665282001984
0 SL-12 DEB
1 44555U 10041AA  19288.11210861  .00000796  00000-0  39866-2 0  9993
2 44555  65.3406 273.5677 5740743  36.4132 351.5375  4.13666964  2012
0 SL-12 DEB
1 44555U 10041AA  19288.35385065 +.00001457 +00000-0 +74450-2 0  9991
2 44555 065.3426 273.4871 5741214 036.3988 351.5418 04.13668494002020
0 SL-12 DEB
1 44555U 10041AA  19289.56255285  .00001095  00000-0  53787-2 0  9993
2 44555  65.3520 273.0832 5743482  36.3274 351.5639  4.13673270  2073
0 SL-12 DEB
1 44555U 10041AA  19290.77123640  .00000856  00000-0  40463-2 0  9998
2 44555  65.3587 272.6775 5745203  36.2571 351.5857  4.13678775  2122
0 SL-12 DEB
1 44555U 10041AA  19291.49643930  .00000102  00000-0  22267-3 0  9994
2 44555  65.3645 272.4352 5746760  36.2134 351.6017  4.13682315  2157
0 SL-12 DEB
1 44555U 10041AA  19299.47340917  .00002094  00000-0  84095-2 0  9997
2 44555  65.4157 269.7575 5763203  35.7534 351.7538  4.13715454  2487
0 SL-12 DEB
1 44555U 10041AA  19300.92368110 +.00002223 +00000-0 +87301-2 0  9992
2 44555 065.4227 269.2671 5765580 035.6679 351.7748 04.13721818002547
0 SL-12 DEB
1 44555U 10041AA  19300.92368110  .00002223  00000-0  87301-2 0  9992
2 44555  65.4227 269.2671 5765580  35.6679 351.7748  4.13721818  2547
0 SL-12 DEB
1 44555U 10041AA  19301.40709825  .00002597  00000-0  10050-1 0  9998
2 44555  65.4267 269.1052 5766981  35.6406 351.7840  4.13726880  2566
0 SL-12 DEB
1 44555U 10041AA  19302.37392114  .00002648  00000-0  99693-2 0  9992
2 44555  65.4320 268.7789 5769313  35.5860 351.8025  4.13734182  2608
0 SL-12 DEB
1 44555U 10041AA  19303.34073017  .00003089  00000-0  11315-1 0  9992
2 44555  65.4377 268.4527 5771545  35.5328 351.8221  4.13741099  2643
0 SL-12 DEB
1 44555U 10041AA  19303.82412363 +.00005497 +00000-0 +20059-1 0  9996
2 44555 065.4384 268.2879 5772063 035.5054 351.8308 04.13748730002668
0 SL-12 DEB
1 44555U 10041AA  19304.06581925  .00005358  00000-0  19401-1 0  9999
2 44555  65.4400 268.2064 5772638  35.4923 351.8361  4.13751241  2676
0 SL-12 DEB
1 44555U 10041AA  19305.51595918  .00005642  00000-0  19461-1 0  9999
2 44555  65.4502 267.7180 5776350  35.4136 351.8701  4.13768441  2738
0 SL-12 DEB
1 44555U 10041AA  19305.99932684  .00004409  00000-0  15061-1 0  9998
2 44555  65.4508 267.5525 5776903  35.3864 351.8797  4.13771516  2750
0 SL-12 DEB
1 44555U 10041AA  19307.44939907  .00004396  00000-0  14286-1 0  9998
2 44555  65.4623 267.0668 5780641  35.3061 351.9140  4.13785868  2819
0 SL-12 DEB
1 44555U 10041AA  19308.41608892  .00005255  00000-0  16625-1 0  9996
2 44555  65.4658 266.7366 5782850  35.2526 351.9350  4.13794868  2854
0 SL-12 DEB
1 44555U 10041AA  19309.14109081  .00006382  00000-0  19774-1 0  9993
2 44555  65.4708 266.4939 5784582  35.2125 351.9502  4.13803482  2887
0 SL-12 DEB
1 44555U 10041AA  19310.34938509 +.00007678 +00000-0 +23003-1 0  9991
2 44555 065.4755 266.0790 5787257 035.1530 351.9718 04.13821234002931
0 SL-12 DEB
1 44555U 10041AA  19311.07433241  .00009083  00000-0  26838-1 0  9996
2 44555  65.4761 265.8308 5788362  35.1106 351.9841  4.13834773  2969
0 SL-12 DEB
1 44555U 10041AA  19313.00740637  .00010584  00000-0  29718-1 0  9999
2 44555  65.4839 265.1809 5792184  35.0264 352.0113  4.13873825  3040
0 SL-12 DEB
1 44555U 10041AA  19313.49064289  .00012844  00000-0  35386-1 0  9993
2 44555  65.4839 265.0109 5793573  34.9789 352.0260  4.13888280  3061
0 SL-12 DEB
1 44555U 10041AA  19314.45707385  .00012955  00000-0  34550-1 0  9996
2 44555  65.4864 264.6753 5795893  34.9224 352.0448  4.13912580  3104
0 SL-12 DEB
1 44555U 10041AA  19316.38975712  .00015398  00000-0  38520-1 0  9996
2 44555  65.4944 264.0179 5800273  34.8137 352.0834  4.13967371  3185
0 SL-12 DEB
1 44555U 10041AA  19316.87288762 +.00013880 +00000-0 +34237-1 0  9997
2 44555 065.4935 263.8489 5801196 034.7902 352.0924 04.13978786003205
0 SL-12 DEB
1 44555U 10041AA  19316.87288762  .00013880  00000-0  34237-1 0  9997
2 44555  65.4935 263.8489 5801196  34.7902 352.0924  4.13978786  3205
0 SL-12 DEB
1 44555U 10041AA  19318.32218894  .00014212  00000-0  33357-1 0  9990
2 44555  65.4975 263.3528 5804449  34.7130 352.1244  4.14019628  3269
0 SL-12 DEB
1 44555U 10041AA  19320.01286725  .00013925  00000-0  30775-1 0  9998
2 44555  65.5003 262.7685 5808325  34.6206 352.1647  4.14065638  3336
0 SL-12 DEB
1 44555U 10041AA  19320.97887043  .00018272  00000-0  39087-1 0  9998
2 44555  65.5021 262.4359 5810427  34.5704 352.1864  4.14101790  3374
0 SL-12 DEB
1 44555U 10041AA  19321.22035898 +.00018007 +00000-0 +38194-1 0  9994
2 44555 065.5025 262.3526 5810960 034.5576 352.1918 04.14109855003383
0 SL-12 DEB
1 44555U 10041AA  19321.94479125  .00018827  00000-0  38930-1 0  9996
2 44555  65.5042 262.1028 5812557  34.5193 352.2074  4.14137577  3416
0 SL-12 DEB
1 44555U 10041AA  19322.91062535 +.00017531 +00000-0 +35115-1 0  9990
2 44555 065.5056 261.7696 5814526 034.4683 352.2262 04.14172228003453
0 SL-12 DEB
1 44555U 10041AA  19322.91062535  .00017531  00000-0  35115-1 0  9990
2 44555  65.5056 261.7696 5814526  34.4683 352.2262  4.14172228  3453
0 SL-12 DEB
1 44555U 10041AA  19323.87636658 +.00020920 +00000-0 +40536-1 0  9998
2 44555 065.5074 261.4356 5816608 034.4162 352.2437 04.14214998003497
0 SL-12 DEB
1 44555U 10041AA  19324.11778854  .00020206  00000-0  38782-1 0  9998
2 44555  65.5074 261.3523 5817206  34.4034 352.2480  4.14223695  3509
0 SL-12 DEB
1 44555U 10041AA  19324.35920285 +.00019351 +00000-0 +36903-1 0  9993
2 44555 065.5091 261.2717 5817591 034.3971 352.2500 04.14232871003518
0 SL-12 DEB
1 44555U 10041AA  19325.80756688  .00022314  00000-0  40455-1 0  9998
2 44555  65.5088 260.7660 5820708  34.3168 352.2734  4.14296977  3579
0 SL-12 DEB
1 44555U 10041AA  19326.29030435  .00027567  00000-0  48893-1 0  9996
2 44555  65.5082 260.5984 5822038  34.2881 352.2825  4.14324811  3591
0 SL-12 DEB
1 44555U 10041AA  19328.22098027  .00029050  00000-0  47955-1 0  9999
2 44555  65.5084 259.9265 5826203  34.1908 352.3138  4.14423142  3678
0 SL-12 DEB
1 44555U 10041AA  19329.18613359  .00028756  00000-0  45907-1 0  9993
2 44555  65.5096 259.5906 5828034  34.1427 352.3313  4.14476848  3710
0 SL-12 DEB
1 44555U 10041AA  19330.39238998  .00028091  00000-0  42356-1 0  9997
2 44555  65.5109 259.1701 5831225  34.0844 352.3581  4.14547155  3764
0 SL-12 DEB
1 44555U 10041AA  19331.35725489  .00026531  00000-0  38462-1 0  9990
2 44555  65.5112 258.8328 5833339  34.0347 352.3806  4.14599403  3803
0 SL-12 DEB
1 44555U 10041AA  19332.08081418  .00030056  00000-0  42588-1 0  9999
2 44555  65.5123 258.5796 5834441  33.9964 352.3967  4.14644888  3838
0 SL-12 DEB
1 44555U 10041AA  19333.04545030  .00028590  00000-0  38994-1 0  9997
2 44555  65.5110 258.2412 5836420  33.9461 352.4195  4.14698606  3872
0 SL-12 DEB
1 44555U 10041AA  19339.31240140  .00030959  00000-0  32545-1 0  9995
2 44555  65.5069 256.0304 5849503  33.6330 352.5426  4.15075902  4136
0 SL-12 DEB
1 44555U 10041AA  19340.03509627  .00035264  00000-0  36928-1 0  9997
2 44555  65.5020 255.7731 5849362  33.5920 352.5518  4.15133284  4163
0 SL-12 DEB
1 44555U 10041AA  19340.27598090  .00033249  00000-0  34449-1 0  9992
2 44555  65.5030 255.6878 5849883  33.5834 352.5553  4.15148379  4178
0 SL-12 DEB
1 44555U 10041AA  19340.99857511  .00036110  00000-0  36372-1 0  9994
2 44555  65.5007 255.4309 5851154  33.5437 352.5688  4.15202546  4202
0 SL-12 DEB
1 44555U 10041AA  19341.23941676  .00037709  00000-0  37647-1 0  9999
2 44555  65.5007 255.3449 5851526  33.5356 352.5720  4.15223014  4210
0 SL-12 DEB
1 44555U 10041AA  19342.20268362  .00041607  00000-0  39963-1 0  9996
2 44555  65.4979 255.0017 5853199  33.4881 352.5897  4.15300799  4250
0 SL-12 DEB
1 44555U 10041AA  19343.88795927 +.00045855 +00000-0 +41187-1 0  9993
2 44555 065.4936 254.4006 5855948 033.4061 352.6230 04.15444802004322
0 SL-12 DEB
1 44555U 10041AA  19343.88795927  .00045855  00000-0  41187-1 0  9993
2 44555  65.4936 254.4006 5855948  33.4061 352.6230  4.15444802  4322
0 SL-12 DEB
1 44555U 10041AA  19344.36934850  .00047855  00000-0  42011-1 0  9996
2 44555  65.4924 254.2286 5856867  33.3827 352.6337  4.15493292  4344
0 SL-12 DEB
1 44555U 10041AA  19345.81318984 +.00053301 +00000-0 +44324-1 0  9993
2 44555 065.4899 253.7126 5858767 033.3099 352.6648 04.15640683004404
0 SL-12 DEB
1 44555U 10041AA  19345.81318984  .00053301  00000-0  44324-1 0  9993
2 44555  65.4899 253.7126 5858767  33.3099 352.6648  4.15640683  4404
0 SL-12 DEB
1 44555U 10041AA  19347.01599876  .00051020  00000-0  40344-1 0  9992
2 44555  65.4863 253.2807 5860596  33.2500 352.6916  4.15761778  4457
0 SL-12 DEB
1 44555U 10041AA  19348.21845661  .00048541  00000-0  36528-1 0  9994
2 44555  65.4795 252.8462 5862374  33.1882 352.7172  4.15879156  4502
0 SL-12 DEB
1 44555U 10041AA  19350.86246879 +.00057569 +00000-0 +39260-1 0  9990
2 44555 065.4703 251.8924 5865356 033.0603 352.7591 04.16193523004611
0 SL-12 DEB
1 44555U 10041AA  19351.10272526  .00067281  00000-0  45496-1 0  9996
2 44555  65.4708 251.8063 5865496  33.0502 352.7615  4.16239820  4622
0 SL-12 DEB
1 44555U 10041AA  19351.82339653  .00063092  00000-0  40880-1 0  9998
2 44555  65.4649 251.5366 5867076  32.9887 352.7789  4.16328890  4650
0 SL-12 DEB
1 44555U 10041AA  19352.30375032  .00063460  00000-0  40695-1 0  9996
2 44555  65.4698 251.3770 5867187  32.9975 352.7757  4.16391926  4679
0 SL-12 DEB
1 44555U 10041AA  19353.02412718  .00081213  00000-0  50807-1 0  9991
2 44555  65.4668 251.1123 5867634  32.9609 352.7837  4.16514233  4708
0 SL-12 DEB
1 44555U 10041AA  19353.26422020  .00077630  00000-0  48117-1 0  9993
2 44555  65.4678 251.0257 5867913  32.9516 352.7861  4.16542373  4717
0 SL-12 DEB
1 44555U 10041AA  19353.98432768  .00085768  00000-0  51571-1 0  9991
2 44555  65.4638 250.7635 5868576  32.9162 352.7950  4.16670385  4749
0 SL-12 DEB
1 44555U 10041AA  19354.22427387  .00107262  00000-0  63788-1 0  9997
2 44555  65.4789 250.6641 5868555  32.9013 352.7983  4.16754404  4756
0 SL-12 DEB
1 44555U 10041AA  19357.10237181  .00094774  00000-0  47689-1 0  9993
2 44555  65.4325 249.5955 5873544  32.7410 352.8566  4.17212596  4873
0 SL-12 DEB
1 44555U 10041AA  19364.75809440 +.00112041 +00000-0 +44462-1 0  9999
2 44555 065.3840 246.8007 5873247 032.4251 352.9525 04.18853121000016
0 SL-12 DEB
1 44555U 10041AA  19364.75809440 +.00112041 +00000-0 +44462-1 0  9999
2 44555 065.3840 246.8007 5873247 032.4251 352.9525 04.18853121005189
0 SL-12 DEB
1 44555U 10041AA  20002.62037350  .00113444  00000-0  40670-1 0  9994
2 44555  65.3829 245.7435 5872472  32.2836 352.9810  4.19634429  5316
0 SL-12 DEB
1 44555U 10041AA  20003.81138827 +.00183648 +00000-0 +61408-1 0  9992
2 44555 065.4062 245.4303 5872736 032.2009 353.0022 04.20039559005369
0 SL-12 DEB
1 44555U 10041AA  20003.81138827  .00183648  00000-0  61408-1 0  9992
2 44555  65.4062 245.4303 5872736  32.2009 353.0022  4.20039559  5369
0 SL-12 DEB
1 44555U 10041AA  20003.81138827 +.00183648 +00000-0 +61408-1 0  9992
2 44555 065.4062 245.4303 5872736 032.2009 353.0022 04.20039559005369
0 SL-12 DEB
1 44555U 10041AA  20003.81138827 +.00183648 +00000-0 +61408-1 0  9992
2 44555 065.4062 245.4303 5872736 032.2009 353.0022 04.20039559005369
0 SL-12 DEB
1 44555U 10041AA  20003.81138827 +.00183648 +00000-0 +61408-1 0  9992
2 44555 065.4062 245.4303 5872736 032.2009 353.0022 04.20039559005369
0 SL-12 DEB
1 44555U 10041AA  20003.81138827 +.00183648 +00000-0 +61408-1 0  9992
2 44555 065.4062 245.4303 5872736 032.2009 353.0022 04.20039559005369
0 SL-12 DEB
1 44555U 10041AA  20003.81138827 +.00183648 +00000-0 +61408-1 0  9992
2 44555 065.4062 245.4303 5872736 032.2009 353.0022 04.20039559005369
0 SL-12 DEB
1 44555U 10041AA  20003.81138827 +.00183648 +00000-0 +61408-1 0  9992
2 44555 065.4062 245.4303 5872736 032.2009 353.0022 04.20039559005369
0 SL-12 DEB
1 44555U 10041AA  20003.81138827 +.00183648 +00000-0 +61408-1 0  9992
2 44555 065.4062 245.4303 5872736 032.2009 353.0022 04.20039559005369
0 SL-12 DEB
1 44555U 10041AA  20003.81138827 +.00183648 +00000-0 +61408-1 0  9992
2 44555 065.4062 245.4303 5872736 032.2009 353.0022 04.20039559005369
0 SL-12 DEB
1 44555U 10041AA  20003.81138827 +.00183648 +00000-0 +61408-1 0  9992
2 44555 065.4062 245.4303 5872736 032.2009 353.0022 04.20039559005369
0 SL-12 DEB
1 44555U 10041AA  20003.81138827 +.00183648 +00000-0 +61408-1 0  9992
2 44555 065.4062 245.4303 5872736 032.2009 353.0022 04.20039559005369
0 SL-12 DEB
1 44555U 10041AA  20003.81138827 +.00183648 +00000-0 +61408-1 0  9992
2 44555 065.4062 245.4303 5872736 032.2009 353.0022 04.20039559005369
0 SL-12 DEB
1 44555U 10041AA  20003.81138827  .00183648  00000-0  61408-1 0  9992
2 44555  65.4062 245.4303 5872736  32.2009 353.0022  4.20039559  5369
0 SL-12 DEB
1 44555U 10041AA  20003.81138828  .00183648  00000-0  61408-1 0  9993
2 44555  65.4062 245.4303 5872736  32.2009 353.0022  4.20039559  5369
0 SL-12 DEB
1 44555U 10041AA  20003.81138828  .00183648  00000-0  61408-1 0  9993
2 44555  65.4062 245.4303 5872736  32.2009 353.0022  4.20039559  5369
