1 15633U 85024  F 85083.87861851  .00000369 +00000-0 +99999-4 0  9992
2 15633 047.4337 263.2122 7267479 000.5409 359.8403 02.29292111000074
1 15633U 85024  F 85086.93139480  .00000383 +00000-0 +99999-4 0  9994
2 15633 047.4212 262.3643 7268389 001.3628 359.7608 02.29294116000148
1 15633U 85024  F 85088.23972387  .00000416 +00000-0 +99999-4 0  9997
2 15633 047.4014 261.9938 7270498 001.6779 359.7566 02.29296714000176
1 15633U 85024  F 85089.54800559  .00000417 +00000-0 +99999-4 0  9994
2 15633 047.3880 261.6765 7270555 002.0281 359.7256 02.29298560000209
1 15633U 85024  F 85093.90887259  .00000456 +00000-0 +99999-4 0  9994
2 15633 047.3913 260.5308 7272603 003.1126 359.6401 02.29307512000303
1 15633U 85024  F 85097.83316319  .00001262 +00000-0 +30379-3 0  9996
2 15633 047.3875 259.2531 7272722 004.3232 359.3614 02.29323480000390
1 15633U 85024  F 85097.83340126  .00001020 +00000-0 +23142-3 0  9991
2 15633 047.3827 259.2650 7273504 004.3004 359.5176 02.29320132000391
1 15633U 85024  F 85107.42580137  .00001880 +00000-0 +37925-3 0  9994
2 15633 047.3562 256.5960 7276280 006.9017 359.1799 02.29355655000617
1 15633U 85024  F 85116.14491083  .00002295 +00000-0 +37925-3 0  9995
2 15633 047.3264 254.0923 7279675 009.2983 359.0913 02.29397144000815
1 15633U 85024  F 85124.86121190  .00004539 +00000-0 +61947-3 0  9996
2 15633 047.2755 251.6119 7282652 011.6529 358.7762 02.29483812001010
1 15633U 85024  F 85130.96073692  .00005243 +00000-0 +60379-3 0  9998
2 15633 047.2642 249.8669 7284921 013.3287 358.5839 02.29548381001156
1 15633U 85024  F 85145.33087488  .00008655 -45051-4 +16238-3 0  9998
2 15633 047.2350 245.7321 7289907 017.2657 000.9315 02.29745925001481
1 15633U 85024  F 85166.59691797  .00058017 -46028-4 +17522-2 0  9991
2 15633 047.1802 239.5526 7288357 023.1197 357.4847 02.31210850001974
1 15633U 85024  F 85166.59694516  .00058034 -45955-4 +17012-2 0  9994
2 15633 047.1795 239.5404 7288690 023.1290 357.5092 02.31211192001977
1 15633U 85024  F 85166.59694811  .00058032 -45908-4 +17002-2 0  9997
2 15633 047.1795 239.5404 7288696 023.1290 357.5117 02.31211199001978
1 15633U 85024  F 85166.59704909  .00057832 -46044-4 +17176-2 0  9998
2 15633 047.1800 239.5583 7288545 023.1098 357.5927 02.31210146001972
1 15633U 85024  F 85166.61024163  .00053413 -45991-4 +16767-2 0  9994
2 15633 047.1810 239.5462 7287976 023.1555 008.4853 02.31188007001974
1 15633U 85024  F 85261.88717600  .03773636 +48677-4 +17012-2 0  9990
2 15633 046.8979 210.8809 7242898 049.9895 353.7581 02.41292466004221
1 15633U 85024  F 85261.88744219  .00007055 -48700-4 +00000-0 0  9993
2 15633 046.8979 210.8808 7242899 049.9895 353.7581 02.41292467004222
