1 06741U 73045  D 73203.69105350  .00001429 +00000-0 +00000-0 0  9997
2 06741 065.3979 055.4926 7395939 284.8981 009.9976 02.04966406000248
1 06741U 73045  D 73212.47265502  .00001111 +00000-0 +00000-0 0  9997
2 06741 065.4397 054.1722 7395733 284.7446 010.0321 02.04984911000428
1 06741U 73045  D 73212.47284304 -.00000045 +00000-0 +00000-0 0  9994
2 06741 065.3978 054.2255 7395726 284.6950 010.0428 02.04968078000429
1 06741U 73045  D 73215.40030190 -.00000438 +12877-8 +00000-0 0  9991
2 06741 065.4776 053.7518 7398517 284.5910 010.0493 02.04959749000481
1 06741U 73045  D 73215.40038521 -.00000606 +00000-0 +00000-0 0  9991
2 06741 065.3977 053.8031 7395728 284.6273 010.0575 02.04956258000481
1 06741U 73045  D 73231.50130073 -.00000276 +043290  +00000-0 0  9995
2 06741 065.4308 051.3253 7401267 284.2006 010.1184 02.04952717000815
1 06741U 73045  D 73237.35594433 -.00000126 +043290  +00000-0 0  9992
2 06741 065.5064 050.5009 7397949 284.1550 010.1478 02.04957676000937
1 06741U 73045  D 73255.40820398 -.00000011 +043290  +00000-0 0  9993
2 06741 065.5062 047.9037 7397981 283.7146 010.2446 02.04961228001304
1 06741U 73045  D 73258.33565934 -.00000236 +043290  +00000-0 0  9999
2 06741 065.4782 047.2059 7403783 283.6448 010.2258 02.04955173001360
1 06741U 73045  D 73273.46034976  .00000596 +043290  +00000-0 0  9995
2 06741 065.5123 044.7612 7399711 283.4489 010.2933 02.04968810001671
1 06741U 73045  D 73303.22099163  .00000780 +043290  +00000-0 0  9997
2 06741 065.7026 040.4028 7399779 282.4223 010.5238 02.04984546002281
1 06741U 73045  D 73312.49114852 -.00000943 +043290  +00000-0 0  9991
2 06741 065.7058 039.0443 7401045 282.1650 010.5747 02.04953671002473
1 06741U 73045  D 73321.27311274 -.00000297 +00000-0 +00000-0 0  9999
2 06741 065.7000 037.7753 7401576 281.9490 010.6210 02.04960322002654
1 06741U 73045  D 73334.44535126  .00000374 +00000-0 +00000-0 0  9991
2 06741 065.7271 035.8087 7425033 281.4074 010.6017 02.04982114002928
1 06741U 73045  D 73350.05701762  .00000997 +00000-0 +00000-0 0  9998
2 06741 065.5890 033.2230 7425694 281.0310 010.6843 02.04994226003247
1 06741U 73045  D 73352.00845943  .00000531 +00000-0 +00000-0 0  9999
2 06741 065.5970 032.9537 7425663 281.0173 010.6876 02.04989719003286
1 06741U 73045  D 74015.79301153 -.00001096 +00000-0 +00000-0 0  9990
2 06741 065.7746 028.6251 7424034 280.4675 010.8258 02.04962182003871
1 06741U 73045  D 74050.43017721  .00001347 +00000-0 +00000-0 0  9993
2 06741 065.8008 023.2409 7426885 279.5490 011.0252 02.05003810004580
1 06741U 73045  D 74070.91954565  .00000109 +00000-0 +00000-0 0  9999
2 06741 065.8107 020.2371 7422624 278.9922 011.1865 02.04990840005001
1 06741U 73045  D 74086.52999782  .00000800 +00000-0 +00000-0 0  9991
2 06741 065.8590 017.7786 7418093 278.5387 011.3265 02.04978752005323
1 06741U 73045  D 74091.40844726  .00000418 +00000-0 +00000-0 0  9996
2 06741 065.8590 017.0768 7418158 278.3982 011.3606 02.04980433005426
1 06741U 73045  D 74094.33500671  .00000711 +00000-0 +00000-0 0  9995
2 06741 065.8652 016.6229 7419845 278.2870 011.3771 02.05001105005481
1 06741U 73045  D 74113.36027999  .00000256 +00000-0 +00000-0 0  9991
2 06741 065.8691 013.7837 7414455 277.6953 011.5599 02.04987958005875
1 06741U 73045  D 74117.26259707  .00001176 +00000-0 +00000-0 0  9990
2 06741 065.8552 013.2109 7415844 277.5784 011.5800 02.05007557005955
1 06741U 73045  D 74161.65188787  .00000839 +00000-0 +00000-0 0  9996
2 06741 065.9816 006.6578 7409524 276.1339 011.9926 02.05037795006865
1 06741U 73045  D 74230.43293569  .00000916 +00000-0 +00000-0 3  9993
2 06741 066.0341 355.9132 7429203 274.3485 012.3300 02.04999210008270
1 06741U 73045  D 74282.13636443  .00000045 +00000-0 +00000-0 0  9999
2 06741 066.0142 348.1455 7419368 272.8351 012.8173 02.05020122009336
1 06741U 73045  D 74320.66764211  .00001270 +00000-0 +00000-0 3  9999
2 06741 066.0488 342.3613 7417174 271.7506 013.1430 02.05048147010120
1 06741U 73045  D 75018.58097552  .00001341 +00000-0 +00000-0 3  9991
2 06741 066.0046 332.4692 7417269 270.0928 013.6326 02.05045667011418
1 06741U 73045  D 75022.48241901  .00001618 +00000-0 +00000-0 3  9991
2 06741 066.0101 331.8678 7417078 269.9965 013.6631 02.05059042011492
1 06741U 73045  D 75032.23542404  .00001690 +00000-0 +00000-0 3  9997
2 06741 066.0198 330.4194 7412249 269.6677 013.8005 02.05054824011690
1 06741U 73045  D 75039.06317853  .00000542 +00000-0 +00000-0 3  9998
2 06741 065.9906 329.4211 7409786 269.4671 013.8812 02.05044543011836
1 06741U 73045  D 75048.32889318  .00000347 +00000-0 +00000-0 3  9990
2 06741 065.9974 328.0730 7407833 269.1755 013.9868 02.05069294012027
1 06741U 73045  D 75050.27947807 -.00000644 +00000-0 +00000-0 3  9996
2 06741 066.0022 327.7710 7408499 269.1294 013.9957 02.05068486012069
1 06741U 73045  D 75061.00829887  .00000260 +00000-0 +00000-0 3  9999
2 06741 066.0198 326.1795 7407780 268.7850 014.1091 02.05045139012280
1 06741U 73045  D 75075.15049219 -.00001481 +00000-0 +00000-0 3  9990
2 06741 066.0200 324.0867 7407549 268.3364 014.2525 02.05064288012571
1 06741U 73045  D 75077.10113191 -.00001695 +00000-0 +00000-0 3  9995
2 06741 066.0271 323.7861 7408581 268.2991 014.2561 02.05058034012618
1 06741U 73045  D 75084.41647958  .00000609 +00000-0 +00000-0 3  9993
2 06741 066.0042 322.7181 7406562 268.0718 014.3446 02.05046457012765
1 06741U 73045  D 75100.02159018  .00001680 +00000-0 +00000-0 3  9994
2 06741 065.9787 320.3935 7408384 267.5942 014.4837 02.05057295013080
1 06741U 73045  D 75102.94766613  .00001067 +00000-0 +00000-0 3  9991
2 06741 065.9829 319.9439 7410208 267.5204 014.4929 02.05048804013144
1 06741U 73045  D 75108.31234644  .00001121 +00000-0 +00000-0 3  9993
2 06741 065.9572 319.1116 7408341 267.3839 014.5525 02.05049266013258
1 06741U 73045  D 75121.96669145  .00001689 +00000-0 +00000-0 3  9996
2 06741 065.9752 317.0280 7408675 267.0154 014.6704 02.05060293013538
1 06741U 73045  D 75127.33117956  .00000385 +00000-0 +00000-0 3  9993
2 06741 065.9425 316.2426 7408984 266.8555 014.7206 02.05047111013647
1 06741U 73045  D 75128.30656429  .00000035 +00000-0 +00000-0 3  9996
2 06741 065.9403 316.0960 7409435 266.8324 014.7244 02.05046847013669
1 06741U 73045  D 75141.96113869  .00001184 +00000-0 +00000-0 3  9995
2 06741 065.9505 314.0068 7407315 266.4720 014.8614 02.05068766013947
1 06741U 73045  D 75144.88709351  .00001687 +00000-0 +00000-0 3  9994
2 06741 065.9489 313.5390 7406992 266.4121 014.8842 02.05059823014000
1 06741U 73045  D 75164.39395613  .00001117 +00000-0 +00000-0 3  9992
2 06741 065.9376 310.6140 7396633 265.8744 015.1519 02.05069799014402
1 06741U 73045  D 75167.31985326  .00001676 +00000-0 +00000-0 3  9993
2 06741 065.9402 310.1903 7396417 265.7783 015.1866 02.05061074014465
1 06741U 73045  D 75187.80186935  .00001375 +00000-0 +00000-0 3  9994
2 06741 065.9273 307.1272 7388641 265.2142 015.4468 02.05068162014882
1 06741U 73045  D 75191.21548935  .00001572 +00000-0 +00000-0 3  9995
2 06741 065.9872 306.6340 7386033 265.1180 015.5022 02.05057472014958
1 06741U 73045  D 75209.74668260  .00001179 +00000-0 +00000-0 3  9990
2 06741 065.9683 303.9593 7381065 264.5333 015.7511 02.05070738015339
1 06741U 73045  D 75211.20959566  .00001551 +00000-0 +00000-0 3  9990
2 06741 065.9813 303.7440 7381250 264.5010 015.7614 02.05068425015368
1 06741U 73045  D 75212.18491788 -.00001651 +00000-0 +00000-0 3  9997
2 06741 065.9627 303.5929 7381270 264.4702 015.7722 02.05063547015382
1 06741U 73045  D 75214.13558383  .00001509 +00000-0 +00000-0 3  9990
2 06741 065.9509 303.2988 7380626 264.4238 015.7940 02.05057226015425
1 06741U 73045  D 75222.42617415  .00001481 +00000-0 +00000-0 3  9992
2 06741 065.9426 302.1193 7378545 264.1547 015.9087 02.05055810015595
1 06741U 73045  D 75224.86448951  .00001725 +00000-0 +00000-0 3  9990
2 06741 065.9452 301.7559 7379214 264.0935 015.9249 02.05063990015643
1 06741U 73045  D 75230.22850131  .00000282 +00000-0 +00000-0 3  9991
2 06741 065.9514 300.9750 7376452 263.9229 016.0106 02.05074516015753
1 06741U 73045  D 75234.61720655  .00001638 +00000-0 +00000-0 3  9991
2 06741 065.9458 300.3499 7376396 263.7699 016.0669 02.05064854015848
1 06741U 73045  D 75249.73485135  .00001178 +00000-0 +00000-0 3  9990
2 06741 065.9083 298.1183 7383055 263.3636 016.1577 02.05071760016151
1 06741U 73045  D 75257.04933115  .00001630 +00000-0 +00000-0 3  9992
2 06741 065.9047 297.0427 7378572 263.2602 016.2351 02.05066223016306
1 06741U 73045  D 75257.53698154  .00001651 +00000-0 +00000-0 3  9990
2 06741 065.9046 296.9697 7378446 263.2437 016.2421 02.05064627016313
1 06741U 73045  D 75267.29043002  .00001419 +00000-0 +00000-0 3  9992
2 06741 065.9101 295.5370 7381291 262.9936 016.3099 02.05056962016517
1 06741U 73045  D 75268.75343365  .00001710 +00000-0 +00000-0 3  9993
2 06741 065.9096 295.3154 7380981 262.9541 016.3271 02.05061683016546
1 06741U 73045  D 75275.58026934  .00000405 +00000-0 +00000-0 3  9992
2 06741 065.9175 294.3335 7381744 262.7025 016.4146 02.05076350016681
1 06741U 73045  D 75278.50606152  .00001476 +00000-0 +00000-0 3  9992
2 06741 065.9211 293.8792 7382436 262.6224 016.4384 02.05070347016743
1 06741U 73045  D 75280.94433591  .00001620 +00000-0 +00000-0 3  9999
2 06741 065.9196 293.4934 7381436 262.5753 016.4652 02.05062420016790
1 06741U 73045  D 75282.40734100  .00001384 +00000-0 +00000-0 3  9999
2 06741 065.9136 293.2657 7380279 262.5353 016.4907 02.05057995016822
1 06741U 73045  D 75294.11148594  .00001428 +00000-0 +00000-0 3  9995
2 06741 065.8612 291.5015 7375427 262.1784 016.6695 02.05071362017069
1 06741U 73045  D 75299.47543807  .00000985 +00000-0 +00000-0 3  9992
2 06741 065.8575 290.7060 7372087 262.0408 016.7522 02.05074461017174
1 06741U 73045  D 75302.40126891  .00001633 +00000-0 +00000-0 3  9991
2 06741 065.8509 290.2738 7371784 261.9658 016.7835 02.05066220017234
1 06741U 73045  D 75313.61776543  .00001671 +00000-0 +00000-0 3  9993
2 06741 065.8245 288.5883 7367649 261.7006 016.9236 02.05061458017462
1 06741U 73045  D 75316.54369353  .00001458 +00000-0 +00000-0 3  9998
2 06741 065.8092 288.1758 7367327 261.6412 016.9495 02.05070951017524
1 06741U 73045  D 75329.71008011  .00000696 +00000-0 +00000-0 3  9995
2 06741 065.7839 286.2488 7362310 261.2675 017.1416 02.05053993017797
1 06741U 73045  D 75341.41396614  .00000513 +00000-0 +00000-0 3  9993
2 06741 065.7672 284.5094 7355161 260.9484 017.3340 02.05076663018031
1 06741U 73045  D 75343.85208558 -.00000675 +00000-0 +00000-0 3  9992
2 06741 065.7651 284.1703 7355414 260.8657 017.3645 02.05076255018083
1 06741U 73045  D 75363.84604644  .00000561 +00000-0 +00000-0 3  9992
2 06741 065.7551 281.2720 7346475 260.3186 017.6685 02.05076667018497
1 06741U 73045  D 76005.18528127 -.00001608 +00000-0 +00000-0 3  9998
2 06741 065.7443 280.3964 7344536 260.1009 017.7758 02.05066394018628
1 06741U 73045  D 76012.50036287  .00000441 +00000-0 +00000-0 3  9996
2 06741 065.7383 279.3441 7342955 259.9130 017.8680 02.05053359018771
1 06741U 73045  D 76020.30287981  .00001040 +00000-0 +00000-0 3  9998
2 06741 065.7327 278.2684 7341718 259.6692 017.9808 02.05074254018930
1 06741U 73045  D 76021.27814149  .00000605 +00000-0 +00000-0 3  9993
2 06741 065.7314 278.1257 7341724 259.6456 017.9905 02.05075797018959
1 06741U 73045  D 76031.51867294 -.00000979 +00000-0 +00000-0 3  9995
2 06741 065.7043 276.6839 7339771 259.3435 018.1357 02.05055057019165
1 06741U 73045  D 76039.32144212  .00001708 +00000-0 +00000-0 3  9990
2 06741 065.7054 275.5460 7339836 259.1579 018.2132 02.05063342019320
1 06741U 73045  D 76048.09881973 -.00001263 +00000-0 +00000-0 3  9993
2 06741 065.7033 274.3049 7340247 258.8859 018.3247 02.05072100019502
1 06741U 73045  D 76049.56172990 -.00001551 +00000-0 +00000-0 3  9998
2 06741 065.7066 274.0767 7340455 258.8578 018.3346 02.05067906019532
1 06741U 73045  D 76054.92604255 -.00000676 +00000-0 +00000-0 3  9995
2 06741 065.7091 273.2934 7338334 258.7186 018.4146 02.05053549019643
1 06741U 73045  D 76062.24108791  .00001722 +00000-0 +00000-0 3  9995
2 06741 065.7189 272.2309 7339769 258.5302 018.4816 02.05064553019794
1 06741U 73045  D 76070.53088903 -.00001228 +00000-0 +00000-0 3  9990
2 06741 065.6812 271.0501 7337494 258.3101 018.5990 02.05072279019962
1 06741U 73045  D 76073.45673036 -.00001591 +00000-0 +00000-0 3  9994
2 06741 065.6810 270.6327 7338219 258.2242 018.6292 02.05063537020024
1 06741U 73045  D 76090.03715562  .00000044 +00000-0 +00000-0 3  9999
2 06741 065.6829 268.1780 7335636 257.8156 018.8331 02.05076271020360
1 06741U 73045  D 76092.47529220 -.00001032 +00000-0 +00000-0 3  9992
2 06741 065.6450 267.8578 7334765 257.7656 018.8638 02.05073791020417
1 06741U 73045  D 76095.40115117 -.00001590 +00000-0 +00000-0 3  9993
2 06741 065.6490 267.4343 7333178 257.6885 018.9137 02.05065660020474
1 06741U 73045  D 76111.49401660  .00000569 +00000-0 +00000-0 3  9996
2 06741 065.6098 265.1177 7327576 257.2876 019.1478 02.05075552020808
1 06741U 73045  D 76141.24057051 -.00001560 +00000-0 +00000-0 3  9996
2 06741 065.6014 260.8983 7318548 256.4873 019.6025 02.05063834021411
1 06741U 73045  D 76151.96935459  .00001690 +00000-0 +00000-0 3  9996
2 06741 065.6023 259.3930 7314754 256.2050 019.7716 02.05063868021635
1 06741U 73045  D 76159.28379102 -.00000720 +00000-0 +00000-0 3  9990
2 06741 065.6118 258.3638 7314125 255.9946 019.8767 02.05076117021780
1 06741U 73045  D 76162.69724082 -.00001554 +00000-0 +00000-0 3  9996
2 06741 065.6147 257.8832 7312310 255.8960 019.9417 02.05067713021854
1 06741U 73045  D 76171.47522873  .00000938 +00000-0 +00000-0 3  9990
2 06741 065.6147 256.6673 7312454 255.6584 020.0526 02.05056020022037
1 06741U 73045  D 76177.32707975  .00001280 +00000-0 +00000-0 3  9999
2 06741 065.6008 255.8601 7310590 255.4946 020.1497 02.05073565022158
1 06741U 73045  D 76183.17850778 -.00001202 +00000-0 +00000-0 3  9994
2 06741 065.5856 255.0500 7311406 255.3258 020.2218 02.05074088022276
1 06741U 73045  D 76189.51796577 -.00000885 +00000-0 +00000-0 3  9990
2 06741 065.5832 254.1543 7309894 255.1581 020.3183 02.05056626022407
1 06741U 73045  D 76195.36996074  .00001404 +00000-0 +00000-0 3  9991
2 06741 065.5083 253.3255 7310478 255.0137 020.3818 02.05060043022528
1 06741U 73045  D 76209.02367878 -.00001531 +00000-0 +00000-0 3  9996
2 06741 065.4977 251.3919 7309717 254.6762 020.5542 02.05064932022805
1 06741U 73045  D 76218.28933115  .00001506 +00000-0 +00000-0 3  9998
2 06741 065.4881 250.0860 7308251 254.4391 020.6861 02.05061648022994
1 06741U 73045  D 76228.52955670 -.00001281 +00000-0 +00000-0 3  9997
2 06741 065.4781 248.6461 7309082 254.1569 020.8173 02.05073865023207
1 06741U 73045  D 76230.48010023 -.00001553 +00000-0 +00000-0 3  9991
2 06741 065.4747 248.3710 7308640 254.1178 020.8411 02.05068185023246
1 06741U 73045  D 76231.45540137 -.00001534 +00000-0 +00000-0 3  9992
2 06741 065.4772 248.2369 7308467 254.0774 020.8633 02.05065153023261
1 06741U 73045  D 76243.15927088  .00001666 +00000-0 +00000-0 3  9991
2 06741 065.4548 246.5692 7308095 253.8118 021.0000 02.05069422023509
1 06741U 73045  D 76254.37472537 -.00001496 +00000-0 +00000-0 3  9993
2 06741 065.4376 244.9771 7307805 253.5372 021.1420 02.05063911023734
1 06741U 73045  D 76260.22674545  .00000385 +00000-0 +00000-0 3  9992
2 06741 065.4258 244.1647 7306599 253.3903 021.2295 02.05055411023854
1 06741U 73045  D 76263.64038923  .00001574 +00000-0 +00000-0 3  9996
2 06741 065.4287 243.6767 7306944 253.3147 021.2644 02.05062598023927
1 06741U 73045  D 76271.44247559 -.00000540 +00000-0 +00000-0 3  9993
2 06741 065.4106 242.5714 7304988 253.1116 021.3896 02.05078006024086
1 06741U 73045  D 76274.36821766 -.00001438 +00000-0 +00000-0 3  9992
2 06741 065.4112 242.1593 7305220 253.0245 021.4318 02.05071843024145
1 06741U 73045  D 76276.31877629 -.00001537 +00000-0 +00000-0 3  9998
2 06741 065.4111 241.8796 7305093 252.9741 021.4591 02.05065930024189
1 06741U 73045  D 76279.73238588 -.00000836 +00000-0 +00000-0 3  9993
2 06741 065.4035 241.3926 7304657 252.9018 021.5014 02.05057212024259
1 06741U 73045  D 76286.55974983  .00001637 +00000-0 +00000-0 3  9996
2 06741 065.4061 240.4407 7302942 252.7318 021.6080 02.05064192024392
1 06741U 73045  D 76298.75052541 -.00001535 +00000-0 +00000-0 3  9996
2 06741 065.3805 238.7507 7301165 252.3974 021.8025 02.05066094024640
1 06741U 73045  D 76300.70113944 -.00001270 +00000-0 +00000-0 3  9996
2 06741 065.3723 238.4922 7301103 252.3321 021.8380 02.05060539024681
1 06741U 73045  D 76303.62712689 -.00000313 +00000-0 +00000-0 3  9998
2 06741 065.3708 238.0890 7301673 252.2572 021.8714 02.05055610024745
1 06741U 73045  D 76316.30595114 -.00000473 +00000-0 +00000-0 3  9996
2 06741 065.3676 236.3269 7300079 251.9227 022.0667 02.05077935025006
1 06741U 73045  D 76317.28119112 -.00000869 +00000-0 +00000-0 3  9993
2 06741 065.3681 236.1891 7300281 251.8965 022.0784 02.05076608025022
1 06741U 73045  D 76321.18225341 -.00001535 +00000-0 +00000-0 3  9990
2 06741 065.3724 235.6312 7300385 251.8009 022.1287 02.05066145025109
1 06741U 73045  D 76324.59586094 -.00000888 +00000-0 +00000-0 3  9993
2 06741 065.3710 235.1533 7299783 251.7094 022.1843 02.05057292025174
1 06741U 73045  D 76332.39853232  .00001698 +00000-0 +00000-0 3  9990
2 06741 065.3623 234.0736 7300362 251.5004 022.2908 02.05066432025332
1 06741U 73045  D 76341.17585432 -.00001287 +00000-0 +00000-0 3  9995
2 06741 065.3740 232.8827 7300363 251.2652 022.4189 02.05073107025516
1 06741U 73045  D 76344.10171307 -.00001510 +00000-0 +00000-0 3  9992
2 06741 065.3486 232.4835 7300826 251.1750 022.4630 02.05064302025574
1 06741U 73045  D 76345.56467585 -.00001302 +00000-0 +00000-0 3  9998
2 06741 065.3390 232.2860 7301341 251.1421 022.4751 02.05060081025600
1 06741U 73045  D 77008.33625876  .00001305 +00000-0 +00000-0 0  9998
2 06741 065.3038 228.3130 7302348 250.4066 022.9122 02.05056802026198
1 06741U 73045  D 77020.03942306 -.00000804 +00000-0 +00000-0 0  9993
2 06741 065.2992 226.7011 7302696 250.0955 023.0131 02.05072662026436
1 06741U 73045  D 77035.64453841  .00000221 +00000-0 +00000-0 0  9999
2 06741 065.2971 224.4987 7303676 249.7189 023.2644 02.05071263026755
1 06741U 73045  D 77060.02678284 -.00000318 +00000-0 +00000-0 0  9997
2 06741 065.2819 221.0948 7307601 249.0972 023.5784 02.05075615027250
1 06741U 73045  D 77090.74838973 -.00000132 +00000-0 +10744-3 0  9995
2 06741 065.2542 216.7959 7312918 248.3194 024.0815 02.05063753027881
1 06741U 73045  D 77103.91510367 -.00000081 +00000-0 +10744-3 0  9996
2 06741 065.2431 214.9703 7315852 247.9817 024.1974 02.05073713028157
1 06741U 73045  D 77123.42094008  .00000834 +00000-0 +10744-3 0  9998
2 06741 065.2554 212.2174 7320172 247.5255 024.4225 02.05065730028555
1 06741U 73045  D 77133.66096412 -.00000695 +00000-0 +10744-3 0  9992
2 06741 065.2285 210.7780 7321516 247.2612 024.4431 02.05071381028760
1 06741U 73045  D 77144.38960026  .00001172 +00000-0 +10744-3 0  9994
2 06741 065.1829 209.2609 7324717 247.0143 024.6488 02.05061214028981
1 06741U 73045  D 77154.62969523 -.00000855 +00000-0 +10744-3 0  9991
2 06741 065.1890 207.8255 7327917 246.7642 024.6915 02.05075882029190
1 06741U 73045  D 77166.33341751  .00001258 +00000-0 +10744-3 0  9996
2 06741 065.1716 206.1675 7331386 246.4711 024.8237 02.05059769029436
1 06741U 73045  D 77176.57364799 -.00000840 +00000-0 +10744-3 0  9997
2 06741 065.1716 204.7366 7334445 246.2099 024.9502 02.05077181029640
1 06741U 73045  D 77187.30196383  .00001315 +00000-0 +10744-3 0  9999
2 06741 065.1686 203.2016 7338448 245.9469 025.0828 02.05056747029868
1 06741U 73045  D 77207.78281335  .00001141 +00000-0 +10744-3 0  9993
2 06741 065.1674 200.2961 7345794 245.4624 025.2956 02.05055863030281
1 06741U 73045  D 77218.51109105 -.00000554 +00000-0 +10744-3 0  9998
2 06741 065.1685 198.7747 7349546 245.1924 025.4958 02.05079182030504
1 06741U 73045  D 77228.75137113  .00000764 +00000-0 +10744-3 0  9997
2 06741 065.1612 197.3100 7353537 244.9392 025.5950 02.05058098030712
1 06741U 73045  D 77239.47978822 -.00000213 +00000-0 +10744-3 0  9998
2 06741 065.1357 195.7859 7358013 244.6681 025.7695 02.05077023030934
1 06741U 73045  D 77249.71992712  .00000264 +00000-0 +10744-3 0  9995
2 06741 065.1204 194.3157 7362418 244.4242 025.8349 02.05061911031146
1 06741U 73045  D 77260.44846771  .00000274 +00000-0 +10744-3 0  9992
2 06741 065.1231 192.7619 7367002 244.1759 025.9868 02.05073320031363
1 06741U 73045  D 77271.66377006  .00000034 +00000-0 +10744-3 0  9992
2 06741 065.1201 191.1407 7371889 243.9198 026.0000 02.05063366031594
1 06741U 73045  D 77284.34294137 -.00000171 +00000-0 +10744-3 0  9997
2 06741 065.1139 189.3051 7377128 243.6083 026.1887 02.05076558031850
1 06741U 73045  D 77294.58307004  .00000133 +00000-0 +10744-3 0  9999
2 06741 065.1045 187.8134 7381823 243.3674 026.2319 02.05062040032067
1 06741U 73045  D 77305.31166790  .00000304 +00000-0 +10744-3 0  9998
2 06741 065.0955 186.2589 7386233 243.0938 026.3251 02.05071927032287
1 06741U 73045  D 77316.52709059  .00000026 +00000-0 +10744-3 0  9995
2 06741 065.0959 184.6085 7391905 242.8418 026.4381 02.05063992032510
1 06741U 73045  D 77329.20613691 -.00000085 +00000-0 +10744-3 0  9996
2 06741 065.0980 182.7536 7398181 242.5290 026.6293 02.05077818032776
1 06741U 73045  D 77331.15650498 -.00000593 +00000-0 +10744-3 0  9993
2 06741 065.0937 182.4643 7399353 242.4903 026.5148 02.05080183032818
1 06741U 73045  D 77343.34749689  .00001258 +00000-0 +10744-3 0  9996
2 06741 065.0995 180.6601 7406178 242.2137 026.6694 02.05057162033063
1 06741U 73045  D 77353.10038303 -.00000436 +00000-0 +10744-3 0  9993
2 06741 065.1146 179.2106 7411560 241.9919 026.8902 02.05082167033260
1 06741U 73045  D 77364.80331182  .00001059 +00000-0 +10744-3 0  9994
2 06741 065.0905 177.4667 7418462 241.7253 026.9495 02.05060872033505
1 06741U 73045  D 78010.04374442 -.00000293 +00000-0 +10744-3 0  9995
2 06741 065.0853 175.9410 7424213 241.4623 027.1195 02.05084681033712
1 06741U 73045  D 78026.13498039  .00001383 +00000-0 +10744-3 0  9991
2 06741 065.1076 173.5004 7434731 241.1142 027.2362 02.05071334034047
1 06741U 73045  D 78033.93660036 -.00000619 +00000-0 +10744-3 0  9997
2 06741 065.1059 172.3214 7438099 240.9360 027.4605 02.05096478034204
1 06741U 73045  D 78036.86178785 -.00000906 +00000-0 +10744-3 0  9996
2 06741 065.1126 171.8897 7440098 240.8478 027.3787 02.05096030034261
1 06741U 73045  D 78045.63853942  .00001248 +00000-0 +10744-3 0  9995
2 06741 065.0462 170.5890 7448601 240.7139 027.5069 02.05080051034444
1 06741U 73045  D 78051.48949106  .00000777 +00000-0 +00744-4 0  9999
2 06741 065.0618 169.6915 7451490 240.6133 027.5489 02.05098605034560
1 06741U 73045  D 78062.70278541 -.00000276 +00000-0 +00744-4 0  9999
2 06741 065.0890 167.9679 7453042 240.2195 028.3928 02.05113363034790
1 06741U 73045  D 78083.66543081 -.00000467 +00000-0 +00744-4 0  9993
2 06741 065.0915 164.7913 7466222 239.7326 027.7895 02.05124569035222
1 06741U 73045  D 78103.62074324  .00000185 +00000-0 +08108-5 0  9990
2 06741 065.0640 161.6270 7483541 239.4260 027.6991 02.05520606035639
1 06741U 73045  D 78104.59393666  .00004688 +00000-0 +00000-0 0  9990
2 06741 065.1142 161.5782 7474971 239.2909 027.7605 02.05473876035650
1 06741U 73045  D 78105.56764230  .00007487 +00000-0 +09373-4 0  9993
2 06741 065.0919 161.3123 7485354 239.4563 028.2696 02.05554461035671
1 06741U 73045  D 78118.21012168  .00009449 +00000-0 +03811-4 0  9996
2 06741 065.0919 159.3399 7483459 239.1905 029.8243 02.05807161035936
1 06741U 73045  D 78134.21562301  .00021985 +00000-0 +00000-0 0  9995
2 06741 065.0535 156.7501 7486614 238.7635 031.0486 02.06539440036250
1 06741U 73045  D 78156.43062424  .00029986 +00000-0 +00000-0 0  9993
2 06741 065.0222 153.0968 7507978 238.3783 028.2498 02.07707214036716
