1 14828U 84028  D 84077.94669311  .00000066 +00000-0 +00000-0 0  9992
2 14828 047.4099 033.2928 7237218 000.2018 359.7632 02.28989547000049
1 14828U 84028  D 84078.38338760  .00000066 +00000-0 +00000-0 0  9992
2 14828 047.4156 033.1833 7237376 000.3029 359.7560 02.28989932000054
1 14828U 84028  D 84078.82007650  .00000823 +00000-0 +91310-3 0  9990
2 14828 047.4140 033.0629 7237274 000.4206 359.7464 02.28991672000062
1 14828U 84028  D 84080.13015435  .00000965 +00000-0 +10916-2 0  9996
2 14828 047.4176 032.7041 7237064 000.7721 359.7322 02.28994276000096
1 14828U 84028  D 84082.31353609  .00001366 +00000-0 +16086-2 0  9996
2 14828 047.4247 032.1059 7236436 001.3603 359.6908 02.29001564000141
1 14828U 84028  D 84083.18687061  .00001351 +00000-0 +16086-2 0  9998
2 14828 047.4246 031.8484 7236042 001.6066 359.6840 02.29004593000169
1 14828U 84028  D 84083.62351213  .00001376 +00000-0 +16086-2 0  9991
2 14828 047.4199 031.7072 7236627 001.7219 359.6631 02.29006070000179
1 14828U 84028  D 84085.37010930  .00001336 +00000-0 +16086-2 0  9999
2 14828 047.3937 031.2116 7235626 002.2266 359.6142 02.29011437000213
1 14828U 84028  D 84086.24337029  .00001377 +00000-0 +16086-2 0  9992
2 14828 047.4102 031.0218 7236572 002.3917 359.5675 02.29014724000238
1 14828U 84028  D 84086.67999243  .00001371 +00000-0 +16086-2 0  9995
2 14828 047.3969 030.9051 7236430 002.5106 359.5472 02.29016227000242
1 14828U 84028  D 84089.29974446  .00001356 +00000-0 +16086-2 0  9997
2 14828 047.4109 030.1776 7236010 003.2057 359.4636 02.29024347000302
1 14828U 84028  D 84092.35608487  .00001322 +00000-0 +16086-2 0  9990
2 14828 047.4058 029.3292 7235087 004.0076 359.4597 02.29034529000377
1 14828U 84028  D 84097.59507827  .00001323 +00000-0 +16086-2 0  9998
2 14828 047.4189 027.8750 7234975 005.3919 359.3294 02.29053444000492
1 14828U 84028  D 84098.46821213  .00001353 +00000-0 +16086-2 0  9996
2 14828 047.4383 027.6309 7235684 005.6178 359.3110 02.29056151000512
1 14828U 84028  D 84099.34132470  .00001564 +00000-0 +19265-2 0  9990
2 14828 047.4194 027.3934 7234756 005.8540 359.2910 02.29060271000534
1 14828U 84028  D 84100.21440410  .00001564 +00000-0 +19315-2 0  9991
2 14828 047.4202 027.1530 7234669 006.0848 359.2450 02.29062920000555
1 14828U 84028  D 84102.83362958  .00001570 +00000-0 +19855-2 0  9997
2 14828 047.4281 026.4264 7233859 006.7840 359.1554 02.29071215000615
1 14828U 84028  D 84106.76240108  .00001338 +00000-0 +17357-2 0  9992
2 14828 047.4569 025.3357 7232745 007.8569 359.0524 02.29079041000709
1 14828U 84028  D 84109.38154799  .00001331 +00000-0 +17336-2 0  9993
2 14828 047.4605 024.6158 7232562 008.5443 359.0340 02.29085674000768
1 14828U 84028  D 84113.74651104  .00002009 +00000-0 +25684-2 0  9998
2 14828 047.4642 023.4212 7233556 009.6204 358.9456 02.29102584000865
1 14828U 84028  D 84116.36525816  .00001343 +00000-0 +17487-2 0  9991
2 14828 047.4399 022.6750 7232429 010.4069 358.7732 02.29104646000922
1 14828U 84028  D 84116.80179144  .00002208 +00000-0 +28933-2 0  9998
2 14828 047.4587 022.5696 7232824 010.4801 358.8105 02.29108378000934
1 14828U 84028  D 84120.72988764  .00001507 +00000-0 +19628-2 0  9992
2 14828 047.4582 021.4840 7232498 011.5303 358.6856 02.29117629001025
1 14828U 84028  D 84120.72997091  .00001505 +00000-0 +19611-2 0  9995
2 14828 047.4573 021.4832 7232485 011.5296 358.7543 02.29117615001022
1 14828U 84028  D 84120.72997092  .00001507 +00000-0 +19628-2 0  9996
2 14828 047.4582 021.4840 7232498 011.5303 358.7542 02.29117630001020
1 14828U 84028  D 84128.14939015  .00001130 +00000-0 +14458-2 0  9999
2 14828 047.4577 019.4375 7232468 013.4742 358.5858 02.29132040001197
1 14828U 84028  D 84133.38637273  .00000779 +00000-0 +97086-3 0  9999
2 14828 047.4293 017.9672 7232380 014.8656 358.4370 02.29137119001311
1 14828U 84028  D 84141.67790724  .00000767 +00000-0 +97086-3 0  9998
2 14828 047.4261 015.6490 7231699 017.0679 358.2435 02.29154637001506
1 14828U 84028  D 84146.91430570  .00000780 +00000-0 +97086-3 0  9995
2 14828 047.4291 014.2180 7232246 018.4562 358.0577 02.29160976001626
1 14828U 84028  D 84148.22343269  .00000778 +00000-0 +97086-3 0  9996
2 14828 047.4251 013.8518 7232155 018.8063 358.0542 02.29162797001659
1 14828U 84028  D 84154.33234814  .00000817 +00000-0 +10388-2 0  9993
2 14828 047.4338 012.1734 7231602 020.4094 357.8948 02.29172560001797
1 14828U 84028  D 84154.33237398  .00000778 +00000-0 +97086-3 0  9990
2 14828 047.4150 012.1524 7232087 020.4237 357.9098 02.29171993001799
1 14828U 84028  D 84161.31370444  .00000575 +00000-0 +70106-3 0  9995
2 14828 047.4371 010.2115 7231775 022.2731 357.6460 02.29177723001956
1 14828U 84028  D 84161.31372525  .00000576 +00000-0 +68365-3 0  9992
2 14828 047.4331 010.2201 7232596 022.2443 357.6507 02.29177507001952
1 14828U 84028  D 84180.07514937  .00000564 +00000-0 +68365-3 0  9998
2 14828 047.4397 005.1042 7231736 027.1376 357.0122 02.29194154002386
1 14828U 84028  D 84180.07519050  .00000414 +00000-0 +47885-3 0  9997
2 14828 047.4245 005.0915 7231694 027.1666 357.0454 02.29193244002388
1 14828U 84028  D 84181.82035409  .00000409 +00000-0 +47885-3 0  9996
2 14828 047.4058 004.5953 7231295 027.6537 356.9575 02.29194289002422
1 14828U 84028  D 84194.47286219  .00000245 +00000-0 +23402-3 0  9995
2 14828 047.3821 001.0855 7233485 031.0018 356.4674 02.29197057002711
1 14828U 84028  D 84197.52683311  .00000248 +00000-0 +23402-3 0  9991
2 14828 047.3784 000.2323 7233991 031.8040 356.3214 02.29198334002780
1 14828U 84028  D 84220.64983552  .00000064 +00000-0 +00000-0 0  9993
2 14828 047.3245 353.8191 7235803 037.9638 355.4731 02.29202639003314
1 14828U 84028  D 84225.88507195  .00000065 +00000-0 +00000-0 0  9990
2 14828 047.2382 352.3751 7235973 039.3669 355.2211 02.29204089003434
1 14828U 84028  D 84228.50269776  .00000065 +00000-0 +00000-0 0  9992
2 14828 047.2680 351.6876 7235832 040.0269 355.0912 02.29203552003490
1 14828U 84028  D 84232.86552605  .00000065 +00000-0 +00000-0 0  9992
2 14828 047.2705 350.4778 7235717 041.1664 355.0288 02.29206137003598
1 14828U 84028  D 84234.61055796  .00000065 +00000-0 +00000-0 0  9996
2 14828 047.2410 349.9866 7235830 041.6483 354.9211 02.29206445003633
1 14828U 84028  D 84253.37060248  .00000291 +00000-0 +24546-3 0  9993
2 14828 047.1794 344.6921 7238576 046.7185 354.7089 02.29212760004062
1 14828U 84028  D 84254.24243673  .00001536 +00000-0 +15893-2 0  9992
2 14828 047.2007 344.4771 7238761 046.9384 354.1196 02.29215838004084
1 14828U 84028  D 84263.40324721  .00000277 +00000-0 +22316-3 0  9994
2 14828 047.1606 341.8678 7239443 049.4204 353.4016 02.29218435004294
1 14828U 84028  D 84266.45743114  .00000301 +00000-0 +24940-3 0  9996
2 14828 047.1576 341.0095 7239316 050.2435 353.6727 02.29220158004364
1 14828U 84028  D 84273.43731080  .00000339 +00000-0 +28084-3 0  9995
2 14828 047.1339 339.0378 7240136 052.1210 353.4505 02.29224458004523
1 14828U 84028  D 84280.41687926  .00000525 +00000-0 +47092-3 0  9997
2 14828 047.1526 337.0638 7240124 054.0323 353.1245 02.29231677004687
1 14828U 84028  D 84280.41694893  .00000464 +00000-0 +40634-3 0  9995
2 14828 047.1402 337.0623 7240311 054.0422 353.1811 02.29231254004682
1 14828U 84028  D 84284.34286306  .00000207 +00000-0 +14571-3 0  9993
2 14828 047.0705 335.9266 7239897 055.0980 352.9836 02.29233259004775
1 14828U 84028  D 84285.65154138  .00001039 +00000-0 +10055-2 0  9991
2 14828 047.0698 335.5552 7239889 055.4572 352.9738 02.29239032004802
1 14828U 84028  D 84291.32230996  .00000369 +00000-0 +31212-3 0  9993
2 14828 047.0567 333.9511 7239930 057.0066 352.7966 02.29240014004934
1 14828U 84028  D 84292.63081624  .00000663 +00000-0 +59933-3 0  9997
2 14828 047.1285 333.5842 7240672 057.3915 352.6672 02.29243069004965
1 14828U 84028  D 84293.50318580  .00000471 +00000-0 +40700-3 0  9997
2 14828 047.0649 333.3362 7240569 057.6231 352.6026 02.29242799004986
1 14828U 84028  D 84295.68416762  .00000419 +00000-0 +36628-3 0  9995
2 14828 047.0661 332.7133 7239645 058.1843 352.5163 02.29244519005037
1 14828U 84028  D 84296.12035935  .00000700 +00000-0 +68076-3 0  9999
2 14828 047.1044 332.5358 7238667 058.3868 352.5022 02.29246909005042
1 14828U 84028  D 84297.86509451  .00000752 +00000-0 +72502-3 0  9996
2 14828 047.0917 332.0535 7239110 058.8456 352.4138 02.29249294005085
1 14828U 84028  D 84299.60985087  .00000595 +00000-0 +54279-3 0  9999
2 14828 047.0695 331.5039 7239931 059.3167 352.3578 02.29250384005121
1 14828U 84028  D 84299.60985784  .00000548 +00000-0 +49228-3 0  9999
2 14828 047.0796 331.5540 7240096 059.2678 352.3645 02.29250216005129
1 14828U 84028  D 84301.35460164  .00000678 +00000-0 +63114-3 0  9999
2 14828 047.0720 331.0600 7239789 059.7527 352.3079 02.29252799005166
1 14828U 84028  D 84302.66311526  .00000550 +00000-0 +49932-3 0  9992
2 14828 047.0621 330.6564 7239712 060.1604 352.2285 02.29253423005194
1 14828U 84028  D 84306.58863527  .00000725 +00000-0 +67447-3 0  9995
2 14828 047.0557 329.5831 7239956 061.2036 352.0611 02.29259943005281
1 14828U 84028  D 84308.33323856  .00000630 +00000-0 +57275-3 0  9999
2 14828 047.0465 329.0902 7240120 061.6785 351.9327 02.29260901005326
1 14828U 84028  D 84309.64173201  .00000694 +00000-0 +65381-3 0  9998
2 14828 047.0596 328.7054 7239392 062.0187 351.8883 02.29263039005359
1 14828U 84028  D 84309.64174263  .00000369 +00000-0 +30172-3 0  9996
2 14828 047.0887 328.6740 7240649 062.0736 351.8856 02.29260316005355
1 14828U 84028  D 84313.56714745  .00000698 +00000-0 +64556-3 0  9995
2 14828 047.0802 327.5541 7239942 063.1331 351.7130 02.29266391005449
1 14828U 84028  D 84316.18408945  .00000621 +00000-0 +56928-3 0  9998
2 14828 047.0228 326.8623 7239786 063.8259 351.6264 02.29268689005502
1 14828U 84028  D 84320.54545144  .00000584 +00000-0 +56036-3 0  9994
2 14828 047.0235 325.6081 7238167 064.9987 351.3583 02.29272066005603
1 14828U 84028  D 84320.98160570  .00000569 +00000-0 +53707-3 0  9993
2 14828 047.0199 325.4859 7238528 065.1268 351.3488 02.29272352005612
1 14828U 84028  D 84322.72613780  .00000527 +00000-0 +49435-3 0  9990
2 14828 047.0261 324.9556 7238347 065.6538 351.2494 02.29273911005656
1 14828U 84028  D 84323.59839629  .00000789 +00000-0 +77912-3 0  9999
2 14828 047.0070 324.6538 7238247 065.9282 351.2003 02.29275681005673
1 14828U 84028  D 84325.77903122  .00000521 +00000-0 +48275-3 0  9995
2 14828 046.9775 324.0290 7238646 066.5204 351.0828 02.29277256005725
1 14828U 84028  D 84329.26804563  .00000463 +00000-0 +42466-3 0  9993
2 14828 046.9665 323.0623 7238360 067.4570 350.9166 02.29279701005800
1 14828U 84028  D 84330.57640722  .00000428 +00000-0 +38799-3 0  9999
2 14828 046.9669 322.6603 7238239 067.8359 350.8458 02.29280571005834
1 14828U 84028  D 84334.50141260  .00000415 +00000-0 +37702-3 0  9998
2 14828 046.9595 321.5364 7237978 068.9173 350.5970 02.29283266005929
1 14828U 84028  D 84335.37363398  .00000532 +00000-0 +52297-3 0  9998
2 14828 046.9750 321.2679 7236882 069.1727 350.5723 02.29286018005945
1 14828U 84028  D 84336.24580417  .00000560 +00000-0 +54382-3 0  9996
2 14828 046.9611 321.0075 7237467 069.4090 350.4832 02.29286745005964
1 14828U 84028  D 84337.55413376  .00000287 +00000-0 +24633-3 0  9992
2 14828 046.9683 320.6343 7236933 069.7747 350.4093 02.29285682005996
1 14828U 84028  D 84340.60688239  .00000508 +00000-0 +50776-3 0  9997
2 14828 046.9567 319.7643 7236115 070.5713 350.2690 02.29289911006063
1 14828U 84028  D 84340.60691412  .00000626 +00000-0 +63610-3 0  9996
2 14828 046.9573 319.7713 7236477 070.6128 350.2822 02.29289768006067
1 14828U 84028  D 84344.53175004  .00000458 +00000-0 +45476-3 0  9999
2 14828 046.9514 318.6461 7235767 071.7080 350.0196 02.29292375006150
1 14828U 84028  D 84346.71220029  .00000413 +00000-0 +41013-3 0  9993
2 14828 046.9557 318.0149 7235144 072.3275 349.8774 02.29293604006206
1 14828U 84028  D 84348.45653122  .00000163 +00000-0 +11236-3 0  9996
2 14828 046.9473 317.5171 7235113 072.7981 349.7392 02.29293115006242
1 14828U 84028  D 84351.50916403  .00000290 +00000-0 +26629-3 0  9993
2 14828 046.9463 316.6412 7234755 073.6364 349.5592 02.29294985006319
1 14828U 84028  D 84357.61431306  .00000314 +00000-0 +30638-3 0  9997
2 14828 046.9337 314.8917 7233526 075.3314 349.1573 02.29298142006457
1 14828U 84028  D 84357.61432999  .00000309 +00000-0 +29803-3 0  9992
2 14828 046.9385 314.8945 7233834 075.3244 349.1710 02.29298241006458
1 14828U 84028  D 84364.15539381  .00000316 +00000-0 +31904-3 0  9995
2 14828 046.9228 313.0308 7232488 077.1319 348.6799 02.29301612006600
1 14828U 84028  D 84365.46360411  .00000308 +00000-0 +31327-3 0  9996
2 14828 046.9271 312.6379 7232092 077.5135 348.5866 02.29302136006631
1 14828U 84028  D 85003.38823120  .00000548 +00000-0 +63773-3 0  9994
2 14828 046.8954 311.5596 7231563 078.5391 348.3255 02.29304815006720
1 14828U 84028  D 85004.69643750  .00000487 +00000-0 +56545-3 0  9999
2 14828 046.8996 311.1869 7231034 078.9043 348.2455 02.29305566006754
1 14828U 84028  D 85006.44071221  .00000204 +00000-0 +18308-3 0  9994
2 14828 046.9066 310.6849 7230847 079.3894 348.1214 02.29303829006791
1 14828U 84028  D 85011.67339297  .00000209 +00000-0 +19376-3 0  9996
2 14828 046.9013 309.1890 7230052 080.8205 347.6777 02.29305385006914
1 14828U 84028  D 85016.47004835  .00000201 +00000-0 +18673-3 0  9997
2 14828 046.8943 307.8283 7229290 082.1289 347.3187 02.29306580007028
1 14828U 84028  D 85020.39453995  .00000176 +00000-0 +15845-3 0  9997
2 14828 046.8857 306.7064 7227947 083.2233 346.9910 02.29306872007118
1 14828U 84028  D 85025.62714885  .00000217 +00000-0 +22533-3 0  9994
2 14828 046.8840 305.2099 7227055 084.6534 346.5589 02.29309237007230
1 14828U 84028  D 85029.55157852  .00000218 +00000-0 +23166-3 0  9999
2 14828 046.8795 304.0944 7226324 085.7362 346.2340 02.29310544007329
1 14828U 84028  D 85031.29575164  .00000217 +00000-0 +23575-3 0  9996
2 14828 046.8719 303.5941 7225435 086.2364 346.0827 02.29310901007365
1 14828U 84028  D 85031.29576546  .00000345 +00000-0 +43361-3 0  9998
2 14828 046.8651 303.5864 7225982 086.2347 346.0947 02.29311754007362
1 14828U 84028  D 85038.27236975  .00000218 +00000-0 +24820-3 0  9990
2 14828 046.8662 301.6798 7223920 088.1051 345.4228 02.29312365007524
1 14828U 84028  D 85039.58050969  .00000417 +00000-0 +59074-3 0  9992
2 14828 046.8826 301.2940 7223444 088.4655 345.3286 02.29313853007554
1 14828U 84028  D 85043.50481436 -.00000191 +00000-0 -46077-3 0  9996
2 14828 046.8706 300.1850 7222462 089.5435 344.9366 02.29311296007649
1 14828U 84028  D 85045.24902534 -.00000101 +00000-0 -30962-3 0  9993
2 14828 046.8760 299.6938 7221677 090.0121 344.8230 02.29311310007684
1 14828U 84028  D 85047.42916769  .00000266 +00000-0 +34917-3 0  9994
2 14828 046.8720 299.0455 7221780 090.6438 344.5937 02.29314466007732
1 14828U 84028  D 85047.42920217  .00000883 +00000-0 +14922-2 0  9995
2 14828 046.8780 299.0893 7220886 090.6240 344.6264 02.29316452007732
1 14828U 84028  D 85056.14973676  .00000236 +00000-0 +31922-3 0  9993
2 14828 046.8741 296.5679 7219074 093.0371 343.7404 02.29317314007938
1 14828U 84028  D 85058.32985633  .00000214 +00000-0 +28140-3 0  9995
2 14828 046.8648 295.9445 7218476 093.6505 343.5047 02.29317399007987
1 14828U 84028  D 85063.99819443  .00000227 +00000-0 +03104-4 0  9997
2 14828 046.8972 294.3988 7215713 095.2170 342.9512 02.29318523008115
1 14828U 84028  D 85066.17820117  .00000191 +00000-0 +04698-4 0  9999
2 14828 046.8658 293.7640 7216904 095.7745 342.6426 02.29318476008163
1 14828U 84028  D 85066.17824424  .00000182 +00000-0 +22885-3 0  9991
2 14828 046.8662 293.7665 7216846 095.7756 342.6778 02.29318396008163
1 14828U 84028  D 85075.33458839  .00000163 +00000-0 +21291-3 0  9991
2 14828 046.8912 291.2428 7212553 098.2400 341.6696 02.29319918008378
1 14828U 84028  D 85078.38665911  .00000157 +00000-0 +20408-3 0  9992
2 14828 046.8984 290.3926 7211771 099.0646 341.3046 02.29320324008449
1 14828U 84028  D 85080.13069880  .00000571 +00000-0 +11809-2 0  9995
2 14828 046.8833 289.8610 7211804 099.5723 341.1091 02.29323810008488
1 14828U 84028  D 85086.23483602  .00000461 +00000-0 +97327-3 0  9992
2 14828 046.8888 288.1651 7209687 101.2147 340.4397 02.29325103008626
1 14828U 84028  D 85087.10678031  .00000224 +00000-0 +37599-3 0  9993
2 14828 046.8581 287.9665 7210326 101.4174 340.2793 02.29323623008647
1 14828U 84028  D 85089.72281050  .00000168 +00000-0 +24238-3 0  9997
2 14828 046.8573 287.2507 7209498 102.1131 339.9776 02.29323767008707
1 14828U 84028  D 85095.39075188  .00000179 +00000-0 +28363-3 0  9995
2 14828 046.8657 285.6519 7207613 103.6737 339.2375 02.29325188008831
1 14828U 84028  D 85096.69872019  .00000164 +00000-0 +24954-3 0  9993
2 14828 046.8700 285.2737 7206843 104.0486 339.0500 02.29325164008863
1 14828U 84028  D 85100.18665411  .00000141 +00000-0 +19396-3 0  9998
2 14828 046.8875 284.2968 7205590 104.9970 338.5733 02.29325312008942
1 14828U 84028  D 85101.05864013  .00000407 +00000-0 +95115-3 0  9992
2 14828 046.8708 284.0744 7204875 105.1903 338.4583 02.29326755008967
1 14828U 84028  D 85105.41846997  .00000367 +00000-0 +87092-3 0  9997
2 14828 046.8802 282.8487 7203363 106.3866 337.8401 02.29329371009065
1 14828U 84028  D 85108.03432969 -.00000134 +00000-0 +62548-3 0  9990
2 14828 046.8840 282.0284 7201893 107.2050 337.4147 02.29326051009127
1 14828U 84028  D 85109.34226227  .00000343 +00000-0 +84795-3 0  9992
2 14828 046.8900 281.6826 7201041 107.5318 337.2150 02.29328098009154
1 14828U 84028  D 85113.26607848  .00000654 +00000-0 +18842-2 0  9994
2 14828 046.8858 280.6279 7199517 108.5697 336.6651 02.29332808009245
1 14828U 84028  D 85121.98546659  .00000708 +00000-0 +22234-2 0  9994
2 14828 046.8566 278.2476 7196362 110.8711 335.2616 02.29333482009448
1 14828U 84028  D 85126.34504779  .00000169 +00000-0 +35313-3 0  9990
2 14828 046.8735 277.0283 7195069 112.0768 334.4859 02.29331920009544
1 14828U 84028  D 85131.14080684 -.00000012 +00000-0 +31010-3 0  9996
2 14828 046.8814 275.6897 7193410 113.3880 333.8014 02.29330332009658
1 14828U 84028  D 85138.11596912  .00000389 +00000-0 +12733-2 0  9992
2 14828 046.8472 273.7745 7190558 115.2486 332.4653 02.29334127009810
1 14828U 84028  D 85140.29564215  .00000282 +00000-0 +86709-3 0  9992
2 14828 046.8882 273.1575 7189335 115.8401 332.0010 02.29334739009861
1 14828U 84028  D 85148.14259815  .00000081 +00000-0 +43711-4 0  9995
2 14828 046.8871 271.0045 7187898 117.9735 330.4321 02.29333791010049
1 14828U 84028  D 85155.55343869  .00000081 +00000-0 +43711-4 0  9991
2 14828 046.8899 268.9755 7186396 119.9819 328.7754 02.29333355010214
1 14828U 84028  D 85156.42533814  .00000080 +00000-0 +43711-4 0  9998
2 14828 046.9037 268.7401 7185524 120.2086 328.6051 02.29333276010231
1 14828U 84028  D 85158.16905069  .00000080 +00000-0 +43711-4 0  9996
2 14828 046.9019 268.2754 7183898 120.6502 328.2063 02.29333309010276
1 14828U 84028  D 85161.22053183  .00000080 +00000-0 +43711-4 0  9998
2 14828 046.9163 267.4491 7182375 121.4401 327.4995 02.29333415010342
1 14828U 84028  D 85166.88743016 -.00000021 +00000-0 -45264-3 0  9997
2 14828 046.8776 265.8042 7181245 123.0512 326.0883 02.29332944010472
1 14828U 84028  D 85169.06702884 -.00000021 +00000-0 -45264-3 0  9998
2 14828 046.8651 265.1444 7180903 123.6914 325.5619 02.29332797010528
1 14828U 84028  D 85173.42608798 -.00000018 +00000-0 -45264-3 0  9998
2 14828 046.8687 263.9690 7179491 124.8482 324.3692 02.29332021010628
1 14828U 84028  D 85183.45192865 -.00001162 +00000-0 -60699-2 0  9994
2 14828 046.8648 261.2994 7181335 127.5055 321.7102 02.29328999010850
1 14828U 84028  D 85184.32371483  .00000036 +00000-0 -18184-3 0  9997
2 14828 046.8824 261.0764 7178283 127.6745 321.4463 02.29332700010878
1 14828U 84028  D 85189.99022853  .00000019 +00000-0 -30448-3 0  9997
2 14828 046.9209 259.5482 7172779 129.1405 319.6988 02.29334146011002
1 14828U 84028  D 85199.57966138  .00000114 +00000-0 +27136-3 0  9990
2 14828 046.9004 256.9541 7170460 131.6641 316.7271 02.29334912011225
1 14828U 84028  D 85203.93830731  .00000025 +00000-0 -29782-3 0  9996
2 14828 046.9270 255.8178 7167536 132.7995 315.1981 02.29333231011323
1 14828U 84028  D 85210.47627457  .00000023 +00000-0 -31910-3 0  9996
2 14828 046.9341 254.0594 7165614 134.5169 312.8978 02.29332496011471
1 14828U 84028  D 85219.62895071  .00000605 +00000-0 +38684-2 0  9990
2 14828 046.9366 251.4424 7162705 137.1242 309.2989 02.29330676011683
1 14828U 84028  D 85245.34189712  .00000043 +00000-0 +20728-3 0  9993
2 14828 046.9656 244.7024 7160430 143.7760 297.8006 02.29333051012275
1 14828U 84028  D 85247.08508378  .00000043 +00000-0 +20798-3 0  9996
2 14828 046.9658 244.2428 7159924 144.2087 296.9704 02.29333028012318
1 14828U 84028  D 85262.33663569  .00000030 +00000-0 +31869-3 0  9992
2 14828 046.9580 240.1642 7156838 148.2172 288.5579 02.29332917012666
1 14828U 84028  D 85268.87264497 -.00000054 +00000-0 +10105-2 0  9990
2 14828 046.9608 238.4247 7156393 149.9450 284.6381 02.29332185012813
1 14828U 84028  D 85273.22980308 -.00000050 +00000-0 +10212-2 0  9996
2 14828 046.9749 237.2914 7154234 151.0309 281.8963 02.29333758012919
1 14828U 84028  D 85279.76545169 -.00000056 +00000-0 +10528-2 0  9999
2 14828 046.9842 235.5658 7155148 152.7434 277.7022 02.29332654013062
1 14828U 84028D   86060.23210387  .00000087 +00000-0 +73633-4 0  9992
2 14828 046.9039 196.7444 7173361 191.0458 134.8736 02.29336855016403
1 14828U 84028D   86065.45820268  .00000085 +00000-0 +60809-4 0  9995
2 14828 046.8898 195.3349 7174054 192.4166 129.5885 02.29337123016523
1 14828U 84028D   86070.24920452  .00000376 +00000-0 +16698-2 0  9992
2 14828 046.8747 194.0401 7175779 193.6821 125.0977 02.29339468016636
1 14828U 84028D   86071.12003220  .00000112 +00000-0 +19562-3 0  9997
2 14828 046.8554 193.7966 7177782 193.9198 124.0843 02.29338868016656
1 14828U 84028D   86081.13689192 -.00000096 +00000-0 -85225-3 0  9999
2 14828 046.8547 191.0711 7180784 196.5887 114.1700 02.29336640016880
1 14828U 84028D   86092.46164963  .00000018 +00000-0 -26736-3 0  9996
2 14828 046.8554 187.9450 7183802 199.6555 104.0174 02.29336246017147
1 14828U 84028D   86100.30246159 -.00000099 +00000-0 -68969-3 0  9991
2 14828 046.8327 185.8631 7191133 201.6878 097.7203 02.29336985017322
1 14828U 84028D   86115.98456214  .00000209 +00000-0 +48706-3 0  9994
2 14828 046.8260 181.5726 7193764 205.8888 085.3623 02.29343742017682
1 14828U 84028D   86122.95495964  .00000238 +00000-0 +54903-3 0  9992
2 14828 046.8229 179.6616 7197149 207.7724 080.3917 02.29346009017842
1 14828U 84028D   86122.95498266  .00000240 +00000-0 +55487-3 0  9991
2 14828 046.8191 179.6565 7197082 207.7755 080.4120 02.29346020017843
1 14828U 84028D   86122.95500450  .00000248 +00000-0 +58541-3 0  9992
2 14828 046.8153 179.6631 7196835 207.7701 080.4294 02.29346206017849
1 14828U 84028D   86133.41104062  .00000254 +00000-0 +53743-3 0  9990
2 14828 046.8157 176.7956 7201528 210.5936 073.4392 02.29349353018083
1 14828U 84028D   86146.04550640  .00002000 +00000-0 +52087-2 0  9990
2 14828 046.8414 173.3546 7206341 214.0780 064.9217 02.29351064018376
1 14828U 84028D   86223.18239696  .00000232 +00000-0 +99999-4 0  9996
2 14828 046.7420 151.7680 7250622 235.2401 034.6850 02.29358310020143
1 14828U 84028D   86241.05289523  .00000411 +00000-0 +17123-3 0  9993
2 14828 046.7069 146.7541 7256967 240.1342 030.3421 02.29365427020558
1 14828U 84028D   86243.66806573  .00000506 +00000-0 +20406-3 0  9995
2 14828 046.7082 145.9881 7258826 240.8963 029.7481 02.29367932020611
1 14828U 84028D   86271.56238588  .00001082 +00000-0 +26004-3 0  9990
2 14828 046.6984 137.8741 7271509 248.8276 024.4259 02.29416825021256
1 14828U 84028D   86287.68631400  .00000087 +00000-0 +00000-0 0  9999
2 14828 046.7181 133.2059 7279856 253.3442 022.9966 02.29471124021629
1 14828U 84028D   86287.68658147  .00000087 +00000-0 +00000-0 0  9996
2 14828 046.7181 133.2058 7279856 253.3441 022.9966 02.29471124021627
