1 15664U 85033  D 85116.28803169  .00000747 +00000-0 +00000-4 0  9991
2 15664 064.9874 337.2227 9363060 292.5000 000.0000 00.24891961000014
1 15664U 85033  D 85116.28804327  .00000747 +00000-0 +00000-4 0  9998
2 15664 064.9874 337.2227 9363060 292.5000 000.0000 00.24891961000014
1 15664U 85033  D 85116.28805484  .00000746 +00000-0 +00000-0 0  9998
2 15664 064.9874 337.2227 9363060 292.5000 000.0000 00.24891961000014
1 15664U 85033  D 85116.28807798  .00000748 +00000-0 +99999-4 0  9999
2 15664 064.9874 337.2228 9363060 292.5000 000.0000 00.24891960000014
1 15664U 85033  D 85116.28833262  .00000746 +00000-0 +00000-0 0  9993
2 15664 064.9874 337.2227 9363060 292.5000 000.0000 00.24891961000014
