0 TBA - TO BE ASSIGNED
1 28943U 06006A   06060.08447853 -.00000003  00000-0  00000+0 0  9992
2 28943 051.5234 109.7730 5075425 004.8138 358.7030 05.25280699    10
0 ARABSAT 4
1 28943U 06006A   06060.46539489  .00045209  00000-0  78939-1 0  9995
2 28943 051.5271 109.4858 5075906 005.0430 358.6510 05.25126837    38
0 ARABSAT 4
1 28943U 06006A   06060.46540458  .00061997  00000-0  10815+0 0  9992
2 28943 051.5238 109.4786 5075927 005.0451 358.6739 05.25136135    21
0 ARABSAT 4
1 28943U 06006A   06060.65580543  .00045932  00000-0  80223-1 0  9995
2 28943 051.5267 109.3480 5075768 005.1467 358.6203 05.25144945    40
0 ARABSAT 4
1 28943U 06006A   06061.22704074  .00017654  00000-0  30568-1 0  9993
2 28943 051.5296 108.9335 5076562 005.4588 358.5356 05.25150413    74
0 ARABSAT 4
1 28943U 06006A   06061.60785191 +.00014591 +00000-0 +25384-1 0  9991
2 28943 051.5299 108.6572 5076160 005.6686 358.4746 05.25157440000093
0 ARABSAT 4
1 28943U 06006A   06062.17904842  .00015858  00000-0  27629-1 0  9991
2 28943 051.5304 108.2445 5075942 005.9790 358.3845 05.25177725   122
0 ARABSAT 4
1 28943U 06006A   06062.75022535 +.00016029 +00000-0 +27941-1 0  9993
2 28943 051.5301 107.8292 5075823 006.2919 358.2936 05.25196621000158
0 ARABSAT 4
1 28943U 06006A   06063.13096216  .00021655  00000-0  37775-1 0  9990
2 28943 051.5289 107.5537 5075495 006.4988 358.2321 05.25231574   172
0 ARABSAT 4
1 28943U 06006A   06063.89244256 +.00021562 +00000-0 +37520-1 0  9997
2 28943 051.5297 107.0043 5075545 006.9092 358.1076 05.25264182000217
0 ARABSAT 4
1 28943U 06006A   06064.46349851  .00023200  00000-0  40382-1 0  9999
2 28943 051.5297 106.5918 5075292 007.2185 358.0234 05.25299083   244
0 ARABSAT 4
1 28943U 06006A   06065.22488168  .00024717  00000-0  43063-1 0  9992
2 28943 051.5306 106.0421 5074910 007.6302 357.9668 05.25344425   284
0 ARABSAT 4
1 28943U 06006A   06065.60551266 +.00024768 +00000-0 +43156-1 0  9993
2 28943 051.5303 105.7667 5074779 007.8378 357.8462 05.25363747000309
0 ARABSAT 4
1 28943U 06006A   06066.17645878  .00025406  00000-0  44082-1 0  9998
2 28943 051.5319 105.3537 5074903 008.1438 357.7600 05.25398855   332
0 ARABSAT 4
1 28943U 06006A   06066.55708411 +.00025403 +00000-0 +44080-1 0  9998
2 28943 051.5316 105.0779 5074765 008.3510 357.7016 05.25418346000354
0 ARABSAT 4
1 28943U 06006A   06067.50857823  .00025651  00000-0  44397-1 0  9992
2 28943 051.5319 104.3893 5074617 008.8645 357.5582 05.25469189   409
0 ARABSAT 4
1 28943U 06006A   06068.45999250 +.00025598 +00000-0 +44313-1 0  9996
2 28943 051.5333 103.7027 5074237 009.3799 357.4145 05.25517403000453
0 ARABSAT 4
1 28943U 06006A   06068.65029926  .00021235  00000-0  35638-1 0  9996
2 28943 051.5215 103.5595 5076772 009.4367 357.4205 05.25511448   469
0 ARABSAT 4
1 28943U 06006A   06069.45332532  .00025482  00000-0  44313-1 0  9993
2 28943 051.5354 102.9890 5073461 009.9217 076.7426 05.25566658   509
0 ARABSAT 4
1 28943U 06006A   06069.60157948  .00025552  00000-0  43485-1 0  9993
2 28943 051.5332 102.8687 5075287 009.9773 357.2493 05.25574904   518
0 ARABSAT 4
1 28943U 06006A   06070.17231492  .00025211  00000-0  42588-1 0  9999
2 28943 051.5312 102.4544 5075738 010.2823 357.1050 05.25599737   548
0 ARABSAT 4
1 28943U 06006A   06070.36258721 +.00025252 +00000-0 +42805-1 0  9991
2 28943 051.5314 102.3177 5075366 010.3890 357.1341 05.25609454000555
0 ARABSAT 4
1 28943U 06006A   06073.59616147  .00013932  00000-0  22746-1 0  9993
2 28943 051.5438 099.9707 5078090 012.1047 355.8947 05.25676348   725
0 ARABSAT 4
1 28943U 06006A   06074.16721936  .00011742  00000-0  19201-1 0  9999
2 28943 051.5417 099.5575 5077941 012.4112 356.5539 05.25681201   753
0 ARABSAT 4
1 28943U 06006A   06074.54764217 +.00011996 +00000-0 +19746-1 0  9995
2 28943 051.5420 099.2852 5077343 012.6257 356.4916 05.25690771000772
0 ARABSAT 4
1 28943U 06006A   06075.11828828  .00010183  00000-0  16663-1 0  9990
2 28943 051.5440 098.8654 5077889 012.9271 356.3861 05.25692474   807
0 ARABSAT 4
1 28943U 06006A   06075.49871291 +.00010171 +00000-0 +16658-1 0  9994
2 28943 051.5442 098.5900 5077804 013.1335 356.3417 05.25700216000824
0 ARABSAT 4
1 28943U 06006A   06076.06933317  .00009790  00000-0  15927-1 0  9999
2 28943 051.5436 098.1753 5078374 013.4260 356.2545 05.25709527   850
0 ARABSAT 4
1 28943U 06006A   06076.63993637 +.00009778 +00000-0 +15935-1 0  9998
2 28943 051.5437 097.7621 5078209 013.7387 356.1621 05.25720729000884
0 ARABSAT 4
1 28943U 06006A   06077.21052726  .00010020  00000-0  16403-1 0  9991
2 28943 051.5440 097.3489 5077782 014.0563 356.0797 05.25733620   912
0 ARABSAT 4
1 28943U 06006A   06077.59090599  .00009999  00000-0  16482-1 0  9992
2 28943 051.5457 097.0773 5077163 014.2763 356.0010 05.25741239   935
0 ARABSAT 4
1 28943U 06006A   06078.16147466  .00010927  00000-0  18019-1 0  9993
2 28943 051.5448 096.6635 5076994 014.5907 355.9851 05.25761808   969
0 ARABSAT 4
1 28943U 06006A   06078.92215797 +.00010926 +00000-0 +18032-1 0  9994
2 28943 051.5440 096.1114 5076821 015.0084 355.7843 05.25778592001002
0 ARABSAT 4
1 28943U 06006A   06079.11232681  .00011232  00000-0  18422-1 0  9991
2 28943 051.5454 095.9715 5077306 015.1141 355.7626 05.25785632  1018
0 ARABSAT 4
1 28943U 06006A   06079.49267045 +.00011229 +00000-0 +18421-1 0  9999
2 28943 051.5454 095.6960 5077222 015.3208 355.6930 05.25794211001032
0 ARABSAT 4
1 28943U 06006A   06080.44350503  .00011444  00000-0  18736-1 0  9996
2 28943 051.5457 095.0081 5077176 015.8485 355.5394 05.25817645  1088
0 ARABSAT 4
1 28943U 06006A   06081.20414113  .00011928  00000-0  19207-1 0  9990
2 28943 051.5506 094.4510 5078374 016.2212 355.4344 05.25839863  1122
0 ARABSAT 4
1 28943U 06006A   06082.15487318  .00012502  00000-0  20253-1 0  9994
2 28943 051.5552 093.7671 5077568 016.7644 355.2786 05.25868560  1170
0 ARABSAT 4
1 28943U 06006A   06082.34501466  .00012762  00000-0  20403-1 0  9991
2 28943 051.5561 093.6245 5078632 016.8433 355.2558 05.25875896  1184
0 ARABSAT 4
1 28943U 06006A   06082.53515527 +.00012851 +00000-0 +20621-1 0  9996
2 28943 051.5581 093.4900 5078262 016.9512 355.2243 05.25881432001195
0 ARABSAT 4
1 28943U 06006A   06082.53518356  .00004790  00000-0  74251-2 0  9991
2 28943 051.5608 093.4753 5081311 016.9233 355.2574 05.25860235  1195
