1 06294U 72095  A 73008.47993304 -.00000255 +00000-0 +00000-0 0  9994
2 06294 064.9741 171.6205 7419859 283.9368 010.0668 02.00627571000751
1 06294U 72095  A 73023.43329412 -.00000247 +00000-0 +00000-0 0  9991
2 06294 064.9876 169.4780 7432299 283.2840 010.1364 02.00620684001050
1 06294U 72095  A 73032.40563501 -.00000229 +00000-0 +00000-0 0  9997
2 06294 064.9979 168.2896 7399299 283.4590 010.2929 02.00615940001232
1 06294U 72095  A 73037.39031003 -.00000163 +75216-9 +00000-0 0  9994
2 06294 065.0017 167.5944 7403350 283.2570 010.3138 02.00615001001335
1 06294U 72095  A 73038.88575067 -.00000244 +75216-9 +00000-0 0  9992
2 06294 065.0192 167.3896 7408799 283.1573 010.3037 02.00613332001363
1 06294U 72095  A 73041.37810274 -.00000180 +71531-9 +00000-0 0  9997
2 06294 064.9982 167.0240 7410080 283.0684 010.3159 02.00613334001419
1 06294U 72095  A 73044.36897992 -.00000247 +70678-9 +00000-0 0  9996
2 06294 065.0283 166.6418 7402782 283.0800 010.3568 02.00611035001473
1 06294U 72095  A 73045.36597591 -.00000271 +70854-9 +00000-0 0  9992
2 06294 065.0168 166.4943 7398642 283.1243 010.3716 02.00609543001495
1 06294U 72095  A 73048.35683694 -.00000230 +70715-9 +00000-0 0  9995
2 06294 065.0087 166.0646 7400958 283.0227 010.3805 02.00609330001556
1 06294U 72095  A 73051.34775239 -.00000246 +00000-0 +00000-0 0  9993
2 06294 064.9879 165.6288 7397229 283.0120 010.4051 02.00607430001618
1 06294U 72095  A 73053.34174783 -.00000298 +71492-9 +00000-0 0  9991
2 06294 064.9712 165.3218 7399817 282.9537 010.4028 02.00605314001656
1 06294U 72095  A 73074.27837847 -.00000115 +62295-9 +00000-0 0  9992
2 06294 065.0484 162.4968 7391114 282.3462 010.5930 02.00603287002074
1 06294U 72095  A 73076.27237665 -.00000088 +62165-9 +00000-0 0  9991
2 06294 065.0417 162.2152 7390411 282.2914 010.6098 02.00603173002118
1 06294U 72095  A 73082.25442010 -.00000143 +62370-9 +00000-0 0  9998
2 06294 065.0337 161.3805 7389890 282.1539 010.6445 02.00600790002236
1 06294U 72095  A 73083.74993535 -.00000137 +66119-9 +00000-0 0  9994
2 06294 065.0347 161.1752 7389390 282.1071 010.6583 02.00600530002260
1 06294U 72095  A 73085.24546651 -.00000158 +62441-9 +00000-0 0  9991
2 06294 065.0318 160.9653 7389066 282.0686 010.6691 02.00599670002291
1 06294U 72095  A 73087.23949607 -.00002766 +57036-7 +00000-0 0  9999
2 06294 064.9854 160.6564 7386308 281.9797 010.7065 02.00595091002333
1 06294U 72095  A 73088.23650299 -.00000041 +12656-8 +00000-0 0  9990
2 06294 065.0115 160.5316 7387251 281.9897 010.6984 02.00600590002350
1 06294U 72095  A 73089.23352375 -.00000086 +12632-8 +00000-0 0  9998
2 06294 065.0163 160.4025 7387682 281.9482 010.7054 02.00599834002376
1 06294U 72095  A 73090.23053765 -.00000080 +12614-8 +00000-0 0  9995
2 06294 065.0137 160.2623 7387347 281.9202 010.7139 02.00599811002398
1 06294U 72095  A 73092.22457904 -.00000120 +12671-8 +00000-0 0  9997
2 06294 065.0134 159.9856 7387214 281.8760 010.7249 02.00598921002437
1 06294U 72095  A 73095.71412008 -.00000031 +12802-8 +00000-0 0  9997
2 06294 065.0153 159.5036 7387009 281.8013 010.7435 02.00599793002500
1 06294U 72095  A 73096.21263650 -.00000061 +12612-8 +00000-0 0  9992
2 06294 065.0118 159.4309 7386849 281.7910 010.7469 02.00599252002517
1 06294U 72095  A 73098.20667183 -.00000057 +11011-8 +00000-0 0  9999
2 06294 065.0108 159.1513 7386762 281.7486 010.7573 02.00599079002559
1 06294U 72095  A 73099.20369139 -.00000056 +96837-9 +00000-0 0  9999
2 06294 065.0108 159.0133 7386764 281.7308 010.7614 02.00598967002574
1 06294U 72095  A 73100.20073060 -.00000107 +86279-9 +00000-0 0  9993
2 06294 065.0061 158.8891 7386322 281.6740 010.7773 02.00597839002594
1 06294U 72095  A 73101.69626981 -.00000106 +74062-9 +00000-0 0  9999
2 06294 065.0061 158.6822 7386326 281.6476 010.7834 02.00597525002620
1 06294U 72095  A 73104.18878063 -.00000035 +61823-9 +00000-0 0  9998
2 06294 065.0269 158.3393 7386380 281.6031 010.7935 02.00599005002679
1 06294U 72095  A 73106.68134875 -.00000067 +61823-9 +00000-0 0  9996
2 06294 065.0208 157.9920 7386158 281.5329 010.8112 02.00597972002720
1 06294U 72095  A 73109.67243440 -.00000069 +65705-9 +00000-0 0  9992
2 06294 065.0288 157.5860 7385773 281.4546 010.8319 02.00597503002784
1 06294U 72095  A 73112.16509831 -.00000068 +31815-9 +00000-0 0  9993
2 06294 065.0368 157.2510 7385754 281.3991 010.8450 02.00577373002839
1 06294U 72095  A 73113.66055708 -.00000166 +32292-9 +00000-0 0  9997
2 06294 065.0185 157.0547 7385342 281.3360 010.8624 02.00597295002868
1 06294U 72095  A 73115.65461482 -.00000067 +61867-9 +00000-0 0  9998
2 06294 065.0311 156.7659 7385366 281.3078 010.8688 02.00596711002908
1 06294U 72095  A 73120.63979092 -.00000058 +65747-9 +00000-0 0  9994
2 06294 065.0261 156.0722 7384278 281.1947 010.9021 02.00596216003004
1 06294U 72095  A 73123.13237172 -.00000041 +65747-9 +00000-0 0  9990
2 06294 065.0272 155.7297 7383472 281.1300 010.9224 02.00596424003058
1 06294U 72095  A 73127.61898045  .00000008 +65747-9 +00000-0 0  9991
2 06294 065.0261 155.1090 7383438 281.0299 010.9463 02.00597347003149
1 06294U 72095  A 73129.61303701  .00000006 +65747-9 +00000-0 0  9991
2 06294 065.0272 154.8339 7383361 280.9916 010.9558 02.00597348003182
1 06294U 72095  A 73132.10560341  .00000020 +65747-9 +00000-0 0  9990
2 06294 065.0287 154.4853 7383476 280.9373 010.9679 02.00597622003234
1 06294U 72095  A 73143.07294492  .00000034 +65747-9 +00000-0 0  9994
2 06294 065.0360 152.9742 7381388 280.6405 011.0516 02.00597817003451
1 06294U 72095  A 73146.06402308  .00000047 +65747-9 +00000-0 0  9997
2 06294 064.9997 152.5500 7380770 280.5674 011.0729 02.00598206003510
1 06294U 72095  A 73151.04913220  .00000048 +65747-9 +00000-0 0  9992
2 06294 064.9996 151.8603 7380013 280.4572 011.1040 02.00598899003617
1 06294U 72095  A 73152.04615227  .00000048 +65747-9 +00000-0 0  9999
2 06294 064.9995 151.7228 7380012 280.4398 011.1082 02.00598995003638
1 06294U 72095  A 73155.03718436  .00000085 +65747-9 +00000-0 0  9998
2 06294 065.0234 151.3123 7380126 280.3711 011.1240 02.00600274003696
1 06294U 72095  A 73156.03419917  .00000086 +65747-9 +00000-0 0  9992
2 06294 065.0196 151.1713 7380082 280.3432 011.1310 02.00600392003719
1 06294U 72095  A 73159.02527045  .00000097 +65747-9 +00000-0 0  9998
2 06294 065.0196 150.7593 7380077 280.2903 011.1438 02.00600497003779
1 06294U 72095  A 73161.01927104  .00000078 +65747-9 +00000-0 0  9999
2 06294 065.0282 150.4847 7380591 280.2233 011.1567 02.00600896003812
1 06294U 72095  A 73162.01628920  .00000062 +65747-9 +00000-0 0  9997
2 06294 065.0415 150.3504 7380337 280.1930 011.1656 02.00600746003835
1 06294U 72095  A 73171.98633210  .00000137 +65747-9 +00000-0 0  9994
2 06294 065.0530 148.9691 7379520 279.9369 011.2328 02.00603656004030
1 06294U 72095  A 73175.97432458  .00000124 +65747-9 +00000-0 0  9994
2 06294 065.0499 148.4182 7379160 279.8582 011.2542 02.00604338004115
1 06294U 72095  A 73176.97133170  .00000096 +65747-9 +00000-0 0  9992
2 06294 065.0355 148.2738 7379035 279.8424 011.2588 02.00603981004132
1 06294U 72095  A 73180.95933161  .00000074 +65747-9 +00000-0 0  9999
2 06294 065.0506 147.7328 7379090 279.7655 011.2772 02.00604078004217
1 06294U 72095  A 73183.45168608  .00000175 +65747-9 +00000-0 0  9995
2 06294 065.0035 147.3496 7380117 279.6881 011.2895 02.00607650004268
1 06294U 72095  A 73186.44258623  .00000217 +65747-9 +00000-0 0  9991
2 06294 064.9977 146.9239 7380270 279.6105 011.3075 02.00609729004327
1 06294U 72095  A 73188.43658755  .00000088 +65747-9 +00000-0 0  9998
2 06294 064.9968 146.6410 7379600 279.5591 011.3243 02.00607662004363
1 06294U 72095  A 73190.43052244  .00000114 +65747-9 +00000-0 0  9992
2 06294 064.9981 146.3673 7379097 279.5049 011.3408 02.00608663004404
1 06294U 72095  A 73192.42446598  .00000110 +65747-9 +00000-0 0  9998
2 06294 064.9983 146.0928 7379108 279.4681 011.3498 02.00609022004443
1 06294U 72095  A 73202.89254670  .00000180 +65747-9 +00000-0 0  9996
2 06294 064.9996 144.6516 7377831 279.2372 011.4149 02.00613004004652
1 06294U 72095  A 73205.38485441  .00000222 +65747-9 +00000-0 0  9992
2 06294 065.0062 144.3118 7377667 279.1532 011.4367 02.00615390004705
1 06294U 72095  A 73208.87412295  .00000218 +65747-9 +00000-0 0  9991
2 06294 065.0112 143.8305 7377753 279.0646 011.4580 02.00616889004772
1 06294U 72095  A 73209.87104278  .00000356 +65747-9 +00000-0 0  9994
2 06294 065.0021 143.6926 7377504 279.0035 011.4748 02.00618774004797
1 06294U 72095  A 73211.86491556  .00000323 +65747-9 +00000-0 0  9998
2 06294 065.0021 143.4182 7377492 278.9687 011.4835 02.00618828004838
1 06294U 72095  A 73212.86183216  .00000246 +65747-9 +00000-0 0  9994
2 06294 065.0086 143.2776 7377412 278.9293 011.4938 02.00618848004859
1 06294U 72095  A 73216.84951638  .00000199 +65747-9 +00000-0 0  9994
2 06294 065.0080 142.7290 7377310 278.8500 011.5142 02.00619922004936
1 06294U 72095  A 73218.34494862  .00000189 +65747-9 +00000-0 0  9991
2 06294 065.0080 142.5233 7377305 278.8238 011.5208 02.00619132004962
1 06294U 72095  A 73220.33873407  .00000141 +97701-9 +00000-0 0  9992
2 06294 065.0054 142.2519 7377651 278.7495 011.5370 02.00620167005001
1 06294U 72095  A 73223.32948447  .00000125 +68795-9 +00000-0 0  9994
2 06294 065.0053 141.8395 7377877 278.6929 011.5497 02.00620577005069
1 06294U 72095  A 73224.82485426  .00000120 +61593-9 +00000-0 0  9997
2 06294 065.0089 141.6334 7377868 278.6604 011.5579 02.00620870005099
1 06294U 72095  A 73226.81862652  .00000201 +62219-9 +00000-0 0  9994
2 06294 065.0130 141.3554 7377677 278.6076 011.5724 02.00623276005138
1 06294U 72095  A 73227.81552118  .00000204 +64588-9 +00000-0 0  9992
2 06294 065.0181 141.2194 7377467 278.5775 011.5813 02.00623813005153
1 06294U 72095  A 73231.30465291  .00000190 +027150  +00000-0 0  9994
2 06294 065.0058 140.7327 7377754 278.5029 011.5981 02.00624919005221
1 06294U 72095  A 73233.79685846  .00000228 +004050  +00000-0 0  9995
2 06294 065.0130 140.3950 7378222 278.4230 011.6151 02.00626588005273
1 06294U 72095  A 73235.29229892  .00000125 +087660  +00000-0 0  9991
2 06294 065.0130 140.1892 7378215 278.3967 011.6218 02.00623822005300
1 06294U 72095  A 73236.78755781  .00000157 +017400  +00000-0 0  9997
2 06294 065.0171 139.9827 7378881 278.3607 011.6264 02.00625992005333
1 06294U 72095  A 73238.78133289  .00000149 +018740  +00000-0 0  9991
2 06294 065.0177 139.7065 7379031 278.3166 011.6365 02.00626373005379
1 06294U 72095  A 73240.27666558  .00000161 +023690  +00000-0 0  9992
2 06294 065.0265 139.4957 7379066 278.2694 011.6482 02.00626802005408
1 06294U 72095  A 73249.74729384 -.00000148 +044690  +00000-0 0  9999
2 06294 065.0192 138.1924 7380861 278.0255 011.6980 02.00620055005590
1 06294U 72095  A 73252.73801294 -.00000099 +017840  +00000-0 0  9995
2 06294 065.0157 137.7781 7380892 277.9610 011.7141 02.00620484005657
1 06294U 72095  A 73255.72874784 -.00000049 +044740  +00000-0 0  9995
2 06294 065.0053 137.3665 7381120 277.8992 011.7283 02.00620675005712
1 06294U 72095  A 73258.22105792 -.00000081 +061880  +00000-0 0  9999
2 06294 065.0033 137.0225 7381437 277.8494 011.7389 02.00619507005761
1 06294U 72095  A 73262.70704285  .00000083 +046280  +00000-0 0  9997
2 06294 065.0005 136.4024 7382463 277.7313 011.7621 02.00623322005858
1 06294U 72095  A 73266.69463694  .00000071 +016010  +00000-0 0  9990
2 06294 065.0221 135.8386 7382067 277.6248 011.7920 02.00623798005936
1 06294U 72095  A 73268.68845065  .00000012 +014210  +00000-0 0  9992
2 06294 065.0433 135.5596 7382300 277.5733 011.8036 02.00622821005978
1 06294U 72095  A 73269.68536844 -.00000057 +016660  +00000-0 0  9996
2 06294 065.0383 135.4194 7383587 277.5102 011.8111 02.00621605005998
1 06294U 72095  A 73273.67292581  .00000086 +016660  +00000-0 0  9998
2 06294 065.0374 134.8463 7384282 277.4050 011.8334 02.00624466006079
1 06294U 72095  A 73275.66671583  .00000158 +021060  +00000-0 0  9992
2 06294 065.0373 134.5710 7384284 277.3691 011.8427 02.00625396006113
1 06294U 72095  A 73277.66048792  .00000159 +047020  +00000-0 0  9999
2 06294 065.0495 134.2955 7385298 277.3052 011.8523 02.00626087006152
1 06294U 72095  A 73279.65431334  .00000110 +045470  +00000-0 0  9992
2 06294 065.0494 134.0200 7385291 277.2690 011.8616 02.00624919006191
1 06294U 72095  A 73281.64803212  .00000144 +047210  +00000-0 0  9993
2 06294 065.0444 133.7377 7386196 277.2157 011.8693 02.00626898006238
1 06294U 72095  A 73282.64491319  .00000144 +022240  +00000-0 0  9991
2 06294 065.0443 133.5999 7386192 277.1976 011.8740 02.00627184006253
1 06294U 72095  A 73283.64181120  .00000094 +018800  +00000-0 0  9999
2 06294 065.0429 133.4596 7386838 277.1668 011.8776 02.00626469006270
1 06294U 72095  A 73286.63245850  .00000094 +020660  +00000-0 0  9999
2 06294 065.0428 133.0461 7386831 277.1127 011.8916 02.00627041006339
1 06294U 72095  A 73289.62308572  .00000108 +019470  +00000-0 0  9995
2 06294 065.0455 132.6239 7387125 277.0340 011.9099 02.00627971006391
1 06294U 72095  A 73295.60430600  .00000123 +020850  +00000-0 0  9999
2 06294 065.0353 131.7949 7387162 276.9222 011.9386 02.00629830006513
1 06294U 72095  A 73298.59485628  .00000165 +052840  +00000-0 0  9990
2 06294 065.0308 131.3631 7388889 276.8448 011.9470 02.00631762006570
1 06294U 72095  A 73301.58537212  .00000198 +027760  +00000-0 0  9990
2 06294 065.0372 130.9429 7389819 276.7698 011.9602 02.00633931006635
1 06294U 72095  A 73303.57904328  .00000208 +026370  +00000-0 0  9995
2 06294 065.0474 130.6607 7389465 276.7205 011.9754 02.00635123006671
1 06294U 72095  A 73306.56956520  .00000195 +023530  +00000-0 0  9998
2 06294 065.0729 130.2482 7389257 276.6443 011.9966 02.00636101006732
1 06294U 72095  A 73307.56640756  .00000180 +022710  +00000-0 0  9993
2 06294 065.0734 130.1055 7388875 276.6200 012.0056 02.00636172006751
1 06294U 72095  A 73311.55373094  .00000210 +096230  +00000-0 0  9997
2 06294 065.0470 129.5273 7389982 276.5192 012.0243 02.00637913006832
1 06294U 72095  A 73314.54417545  .00000280 +002930  +00000-0 0  9990
2 06294 065.0526 129.1119 7393366 276.4073 012.0306 02.00640440006892
1 06294U 72095  A 73316.53779199  .00000290 +085000  +00000-0 0  9997
2 06294 065.0432 128.8263 7392289 276.3919 012.0420 02.00641775006939
1 06294U 72095  A 73318.53140270  .00000288 +037760  +00000-0 0  9998
2 06294 065.0289 128.5382 7391157 276.3789 012.0531 02.00642896006978
1 06294U 72095  A 73340.46055552  .00000429 +035280  +00000-0 0  9995
2 06294 065.0485 125.4200 7399670 275.7190 012.1684 02.00655031007413
1 06294U 72095  A 73355.41161881  .00000275 +004380  +00000-0 0  9995
2 06294 065.0686 123.3276 7397481 275.4383 012.2583 02.00660348007714
1 06294U 72095  A 73356.40833816  .00000268 +035950  +00000-0 0  9998
2 06294 065.0811 123.1913 7397428 275.4166 012.2644 02.00660753007730
1 06294U 72095  A 73358.40177807  .00000237 +029850  +00000-0 0  9999
2 06294 065.1068 122.9148 7397469 275.3772 012.2746 02.00661111007775
1 06294U 72095  A 73365.37877900  .00000122 +024480  +00000-0 0  9991
2 06294 065.1193 121.9417 7398715 275.2028 012.3127 02.00661469007916
1 06294U 72095  A 74032.27195547  .00000116 +01260-9 +08483-4 0  9993
2 06294 065.0943 117.4430 7412981 274.3303 012.4485 02.00675392008550
1 06294U 72095  A 74037.75344943  .00000148 +01522-9 +01118-3 0  9990
2 06294 065.1006 116.6728 7413423 274.2196 012.4755 02.00677371008664
1 06294U 72095  A 74092.07031202  .00000117 +65187-9 +51044-3 0  9993
2 06294 065.0870 108.7755 7434364 272.9965 012.6627 02.00668933009755
1 06294U 72095  A 74093.06694125  .00000119 +65608-9 +48308-3 0  9991
2 06294 065.0556 108.5876 7437329 272.9442 012.6558 02.00668981009770
1 06294U 72095  A 74094.06362724  .00000115 +68491-9 +46339-3 0  9990
2 06294 065.0870 108.4589 7437541 272.9142 012.6626 02.00668593009799
1 06294U 72095  A 74095.06030511  .00000148 +65930-9 +57903-3 0  9997
2 06294 065.0618 108.2993 7438723 272.8827 012.6629 02.00667755009813
1 06294U 72095  A 74098.05036163  .00000256 +74064-9 +97149-3 0  9992
2 06294 065.0506 107.8381 7439922 272.8320 012.6683 02.00665061009879
1 06294U 72095  A 74100.54211755  .00000246 +74064-9 +97148-3 0  9990
2 06294 065.0506 107.4811 7439933 272.7853 012.6812 02.00663492009921
1 06294U 72095  A 74102.53552580  .00000294 +70875-9 +11029-2 0  9997
2 06294 065.0679 107.1955 7440364 272.7354 012.6921 02.00661913009965
1 06294U 72095  A 74105.02729890  .00000289 +66714-9 +10817-2 0  9999
2 06294 065.0800 106.8320 7440580 272.6819 012.7054 02.00660613010010
1 06294U 72095  A 74107.51910205  .00000297 +67357-9 +11069-2 0  9990
2 06294 065.0786 106.4716 7440688 272.6325 012.7184 02.00658955010064
1 06294U 72095  A 74110.50927924  .00000285 +67869-9 +10589-2 0  9990
2 06294 065.0679 106.0397 7440767 272.5714 012.7350 02.00657442010127
1 06294U 72095  A 74113.49962663  .00000433 +69065-9 +15783-2 0  9996
2 06294 065.0608 105.5932 7441612 272.5119 012.7455 02.00651371010184
1 06294U 72095  A 74115.49319361  .00000530 +75092-9 +18798-2 0  9993
2 06294 065.0309 105.2819 7442634 272.4741 012.7486 02.00647467010228
1 06294U 72095  A 74117.48678679  .00000559 +71738-9 +19899-2 0  9991
2 06294 065.0121 104.9865 7442546 272.4485 012.7564 02.00644577010264
1 06294U 72095  A 74119.48028847  .00000476 +70035-9 +16515-2 0  9998
2 06294 065.0378 104.7010 7443438 272.3862 012.7674 02.00644903010307
1 06294U 72095  A 74121.47377681  .00000346 +75691-9 +12014-2 0  9992
2 06294 065.0330 104.3894 7443344 272.3653 012.7740 02.00646466010349
1 06294U 72095  A 74123.46737907  .00000391 +80551-9 +13543-2 0  9993
2 06294 065.0560 104.0838 7443441 272.3167 012.7870 02.00643938010386
1 06294U 72095  A 74125.95916935  .00000056 +68006-9 +19411-3 0  9999
2 06294 065.1259 103.6844 7445130 272.2585 012.7911 02.00651387010433
1 06294U 72095  A 74128.45116469  .00000248 +82200-9 +77725-3 0  9998
2 06294 065.1075 103.3171 7446961 272.1384 012.8115 02.00643613010483
1 06294U 72095  A 74134.93082235  .00000899 +81364-9 +28390-2 0  9996
2 06294 065.1165 102.3692 7446990 272.0634 012.8326 02.00625366010613
1 06294U 72095  A 74138.41971632  .00000624 +72597-9 +19168-2 0  9998
2 06294 065.1035 101.8700 7447907 271.9333 012.8626 02.00626945010680
1 06294U 72095  A 74142.40723656  .00000595 +71611-9 +18132-2 0  9996
2 06294 065.1131 101.2857 7448212 271.8530 012.8832 02.00623157010762
1 06294U 72095  A 74144.40106722  .00000703 +81655-9 +21070-2 0  9992
2 06294 065.0961 100.9950 7448831 271.7971 012.8946 02.00618599010802
1 06294U 72095  A 74147.39181229  .00000566 +78492-9 +17040-2 0  9992
2 06294 065.0884 100.5682 7448674 271.6874 012.9270 02.00617033010869
1 06294U 72095  A 74149.88409657  .00000536 +81305-9 +14738-2 0  9991
2 06294 065.0746 100.2000 7451789 271.6391 012.9177 02.00614290010916
1 06294U 72095  A 74152.37642521  .00000513 +71074-9 +13311-2 0  9991
2 06294 065.0920 099.8313 7453681 271.5400 012.9320 02.00611934010960
1 06294U 72095  A 74158.35836454  .00000668 +73870-9 +16807-2 0  9995
2 06294 065.1006 098.9638 7454820 271.4472 012.9501 02.00601716011082
1 06294U 72095  A 74160.85075138  .00000538 +73958-9 +13173-2 0  9993
2 06294 065.0970 098.5937 7455667 271.3148 012.9818 02.00602209011133
1 06294U 72095  A 74164.83887337  .00000587 +53313-9 +14282-2 0  9996
2 06294 065.1038 098.0169 7455977 271.2414 013.0006 02.00596290011212
1 06294U 72095  A 74166.33443254  .00000587 +48352-9 +14282-2 0  9996
2 06294 065.1037 097.8010 7455994 271.2120 013.0089 02.00594536011241
1 06294U 72095  A 74168.32869051  .00000703 +44508-9 +16470-2 0  9994
2 06294 065.1060 097.5075 7457263 271.1764 013.0097 02.00587854011287
1 06294U 72095  A 74170.82140443  .00000703 +38312-9 +16470-2 0  9995
2 06294 065.1059 097.1474 7457299 271.1274 013.0236 02.00584354011332
1 06294U 72095  A 74173.31416602  .00000704 +34266-9 +14742-2 0  9990
2 06294 065.0846 096.7548 7460861 271.1017 013.0044 02.00580162011381
1 06294U 72095  A 74177.30268236  .00000704 +28737-9 +14742-2 0  9997
2 06294 065.0845 096.1768 7460918 271.0241 013.0263 02.00574555011460
1 06294U 72095  A 74178.79830260  .00000686 +26471-9 +14282-2 0  9994
2 06294 065.1186 095.9730 7461099 270.9432 013.0483 02.00573721011497
1 06294U 72095  A 74181.78978440  .00000704 +24206-9 +13312-2 0  9998
2 06294 065.1329 095.5210 7464070 270.8649 013.0487 02.00568523011551
1 06294U 72095  A 74183.78412054  .00000670 +22038-9 +12338-2 0  9994
2 06294 065.1027 095.1925 7464901 270.8728 013.0402 02.00567004011590
1 06294U 72095  A 74187.27429385  .00000670 +19960-9 +12338-2 0  9997
2 06294 065.1026 094.6859 7464949 270.8040 013.0598 02.00562333011662
1 06294U 72095  A 74188.77010722  .00000670 +19088-9 +12338-2 0  9995
2 06294 065.1025 094.4686 7464969 270.7745 013.0682 02.00560334011696
1 06294U 72095  A 74190.76456496  .00000645 +17624-9 +11876-2 0  9991
2 06294 065.1024 094.1790 7464996 270.7352 013.0794 02.00558404011736
1 06294U 72095  A 74195.75049827  .00000605 +35978-9 +80932-3 0  9999
2 06294 065.1068 093.4647 7474062 270.5050 013.0780 02.00554729011837
1 06294U 72095  A 74197.74499413  .00000605 +35955-9 +80932-3 0  9995
2 06294 065.1067 093.1734 7474086 270.4653 013.0893 02.00552325011873
1 06294U 72095  A 74198.74230428  .00000716 +39230-9 +93059-3 0  9992
2 06294 065.1008 093.0244 7474920 270.4114 013.0987 02.00548216011892
1 06294U 72095  A 74200.75187919  .00000436 +00000-0 +00000-0 0  9997
2 06294 065.0625 092.6848 7474067 270.3775 013.1171 02.00619912011938
1 06294U 72095  A 74201.73420617  .00000852 +42612-9 +10840-2 0  9992
2 06294 065.1160 092.5855 7475569 270.3466 013.1127 02.00540545011953
1 06294U 72095  A 74203.23018450  .00000852 +41960-9 +10840-2 0  9992
2 06294 065.1159 092.3669 7475595 270.3166 013.1212 02.00538002011981
1 06294U 72095  A 74205.72320173  .00000516 +34218-9 +73316-3 0  9999
2 06294 065.1159 091.9910 7472499 270.2834 013.1544 02.00544587012036
1 06294U 72095  A 74242.62315506  .00000245 +00000-0 +00000-0 3  9995
2 06294 065.1245 086.8481 7383757 269.5520 014.0563 02.00613005012773
1 06294U 72095  A 74275.52221296  .00000304 +00000-0 +00000-0 3  9998
2 06294 065.1856 082.0362 7395849 268.9031 014.1648 02.00623257013431
1 06294U 72095  A 74282.99878403  .00000306 +00000-0 +00000-0 3  9997
2 06294 065.1574 080.9672 7397626 268.7206 014.2083 02.00628519013582
1 06294U 72095  A 74289.97663356  .00000302 +00000-0 +00000-0 3  9997
2 06294 065.1845 079.9368 7397527 268.5556 014.2615 02.00634426013720
1 06294U 72095  A 74302.93507192  .00000284 +00000-0 +00000-0 3  9993
2 06294 065.1543 078.0703 7400579 268.2813 014.3246 02.00644197013988
1 06294U 72095  A 74321.37471291  .00000233 +00000-0 +00000-0 3  9996
2 06294 065.1730 075.4445 7409256 267.8432 014.3956 02.00658032014356
1 06294U 72095  A 74333.83315656  .00000362 +00000-0 +00000-0 0  9992
2 06294 065.2024 073.7479 7405457 267.6118 014.5007 02.00671806014600
1 06294U 72095  A 74334.82981583  .00000015 +00000-0 +00000-0 3  9998
2 06294 065.2024 073.6091 7405450 267.5918 014.5073 02.00672528014626
1 06294U 72095  A 74349.28104589  .00000103 +00000-0 +00000-0 3  9995
2 06294 065.1707 071.4824 7424992 267.1626 014.4887 02.00673112014911
1 06294U 72095  A 74359.24721288  .00000051 +00000-0 +00000-0 3  9995
2 06294 065.1830 070.0179 7431627 266.9485 014.5046 02.00676934015115
1 06294U 72095  A 75017.16872691  .00000082 +00000-0 +00000-0 3  9997
2 06294 065.1590 066.5988 7444218 266.5250 014.5403 02.00686490015577
1 06294U 72095  A 75033.11365366  .00000182 +00000-0 +00000-0 3  9997
2 06294 065.1655 064.1504 7455881 266.2046 014.5496 02.00684837015895
1 06294U 72095  A 75040.08944940  .00000229 +00000-0 +00000-0 3  9994
2 06294 065.1839 063.1008 7462385 266.0555 014.5453 02.00686071016039
1 06294U 72095  A 75048.56031798  .00000279 +00000-0 +00000-0 3  9998
2 06294 065.1660 061.7876 7461151 265.8908 014.6100 02.00683770016209
1 06294U 72095  A 75054.53984832 -.00000312 +00000-0 +00000-0 3  9997
2 06294 065.1455 060.8623 7465079 265.7747 014.6158 02.00680932016327
1 06294U 72095  A 75061.51602601  .00000348 +00000-0 +00000-0 3  9992
2 06294 065.1492 059.7521 7465905 265.6736 014.6423 02.00678151016467
1 06294U 72095  A 75071.48238563  .00000392 +00000-0 +00000-0 3  9990
2 06294 065.1409 058.2122 7467723 265.4836 014.6903 02.00671323016664
1 06294U 72095  A 75099.88864182  .00000475 +00000-0 +00000-0 3  9998
2 06294 065.1269 053.8875 7471720 264.8704 014.8631 02.00646228017233
1 06294U 72095  A 75103.37744187  .00000480 +00000-0 +00000-0 3  9996
2 06294 065.1638 053.3714 7472108 264.7781 014.8911 02.00642087017303
1 06294U 72095  A 75112.84737300  .00000482 +00000-0 +00000-0 3  9999
2 06294 065.1547 051.9280 7475723 264.5725 014.9301 02.00631245017494
1 06294U 72095  A 75117.33328388  .00000482 +00000-0 +00000-0 3  9990
2 06294 065.1549 051.2754 7477368 264.4460 014.9595 02.00626073017585
1 06294U 72095  A 75121.32104916  .00000475 +00000-0 +00000-0 3  9995
2 06294 065.1464 050.6815 7481496 264.3591 014.9541 02.00619420017661
1 06294U 72095  A 75127.80120322  .00000461 +00000-0 +00000-0 3  9998
2 06294 065.1444 049.6901 7481511 264.2157 015.0029 02.00612140017797
1 06294U 72095  A 75131.29067083  .00000452 +00000-0 +00000-0 3  9990
2 06294 065.1574 049.1855 7483510 264.0819 015.0319 02.00607421017864
1 06294U 72095  A 75135.27882238  .00000436 +00000-0 +00000-0 3  9991
2 06294 065.1581 048.5934 7487461 263.9910 015.0298 02.00601473017948
1 06294U 72095  A 75141.26123522  .00000406 +00000-0 +00000-0 3  9998
2 06294 065.1312 047.6474 7489397 263.8862 015.0490 02.00593305018066
1 06294U 72095  A 75146.24689007  .00000377 +00000-0 +00000-0 3  9993
2 06294 065.1465 046.9270 7495453 263.7984 015.0274 02.00585532018169
1 06294U 72095  A 75151.73181577  .00000327 +00000-0 +00000-0 3  9997
2 06294 065.1659 046.0879 7495099 263.7145 015.0594 02.00574176018274
1 06294U 72095  A 75164.19687843  .00000015 +00000-0 +00000-0 3  9992
2 06294 065.1592 044.1843 7509130 263.4063 015.0454 02.00567235018529
1 06294U 72095  A 75175.66588782  .00000015 +00000-0 +00000-0 3  9998
2 06294 065.1555 042.3828 7509566 263.2165 015.1074 02.00551121018756
1 06294U 72095  A 75177.16157005  .00000015 +00000-0 +00000-0 3  9995
2 06294 065.1801 042.1744 7508424 263.2080 015.1205 02.00554637018787
1 06294U 72095  A 75180.65239331  .00000015 +00000-0 +00000-0 3  9996
2 06294 065.1605 041.5612 7509389 263.1222 015.1422 02.00549809018858
1 06294U 72095  A 75194.11536311  .00000000 +00000-0 +00000-0 3  9994
2 06294 065.1515 039.3668 7522464 262.9018 015.1055 02.00549054019128
1 06294U 72095  A 75200.09803533  .00000715 +00000-0 +00000-0 0  9992
2 06294 065.0852 038.6066 7516934 262.7242 015.2158 02.00574814019247
1 06294U 72095  A 75204.08615446  .00001161 +00000-0 +00000-0 0  9995
2 06294 065.0755 037.9607 7520299 262.6480 015.2133 02.00592041019328
1 06294U 72095  A 75208.57265091  .00001313 +00000-0 +00000-0 0  9999
2 06294 065.1098 037.2539 7520889 262.5653 015.2373 02.00606775019418
1 06294U 72095  A 75208.57282495  .00000918 +00000-0 +00000-0 0  9996
2 06294 065.0754 037.2832 7520213 262.5578 015.2458 02.00597277019419
1 06294U 72095  A 75218.54119963  .00001620 +00000-0 +00000-0 0  9994
2 06294 065.1367 035.6394 7523084 262.4228 015.2684 02.00645973019615
1 06294U 72095  A 75225.01956316  .00002015 +00000-0 +00000-0 0  9994
2 06294 065.0830 034.5027 7525293 262.3101 015.2889 02.00679429019747
1 06294U 72095  A 75230.00104090  .00003981 +00000-0 +00000-0 0  9996
2 06294 065.0656 033.6879 7526396 262.2272 015.3088 02.00747073019845
1 06294U 72095  A 75236.97342060  .00005748 +00000-0 +00000-0 0  9992
2 06294 065.0896 032.5343 7525711 262.1052 015.3581 02.00834513019989
1 06294U 72095  A 75240.95640180  .00005512 +00000-0 +00000-0 0  9998
2 06294 065.1072 031.9196 7524951 262.0221 015.3946 02.00878331020069
1 06294U 72095  A 75244.93843078  .00005482 +00000-0 +00000-0 0  9997
2 06294 065.0930 031.3130 7524341 261.9333 015.4317 02.00923863020141
1 06294U 72095  A 75254.88657568  .00009447 +00000-0 +00000-0 0  9994
2 06294 065.0732 029.6941 7523352 261.7485 015.5069 02.01136316020345
1 06294U 72095  A 75263.83671759  .00013160 +00000-0 +00000-0 0  9994
2 06294 065.0895 028.4389 7521272 261.5584 015.5943 02.01373431020516
1 06294U 72095  A 75268.79417034  .00012537 +00000-0 +00000-0 0  9995
2 06294 065.0678 027.5245 7519456 261.4547 015.6481 02.01504518020627
1 06294U 72095  A 75270.28276678  .00012741 +00000-0 +00000-0 0  9996
2 06294 065.0801 027.2828 7519610 261.4281 015.6565 02.01546266020658
1 06294U 72095  A 75275.73735330  .00017822 +00000-0 +00000-0 0  9991
2 06294 065.0629 026.3771 7517058 261.2845 015.7318 02.01763956020767
1 06294U 72095  A 75282.17615507  .00018444 +10422-5 +36562-3 0  9990
2 06294 065.0940 025.3193 7528752 261.3834 015.5912 02.02011053020899
1 06294U 72095  A 75315.13142347  .00070979 +00000-0 +00000-0 0  9992
2 06294 065.0165 020.0193 7509558 260.5579 016.0698 02.05081130021579
1 06294U 72095  A 75316.10642047  .00068539 +00000-0 +00000-0 0  9991
2 06294 065.0106 019.8595 7513644 260.5921 016.0198 02.05195510021582
1 06294U 72095  A 75316.59277580  .00229270 +00000-0 +00000-0 0  9991
2 06294 064.9985 019.7006 7511195 260.7274 015.9915 02.05662540021591
1 06294U 72095  A 75343.22157903  .00667391 +00000-0 +00000-0 0  9997
2 06294 065.0422 015.1628 7390804 259.8929 017.4290 02.21328895022153
1 06294U 72095  A 75345.02493997  .00670007 +00000-0 +00000-0 0  9991
2 06294 064.9991 014.8516 7382848 259.9214 017.4922 02.22970625022192
1 06294U 72095  A 75351.61260224  .00933335 +00000-0 +00000-0 0  9994
2 06294 065.0379 013.6928 7282720 259.4659 018.6333 02.33994189022343
1 06294U 72095  A 76005.56014871  .04289013 +00000-0 +00000-0 0  9991
2 06294 065.0081 008.9912 6522208 259.3903 026.2826 03.42750364022888
1 06294U 72095  A 76007.55492782  .04248570 +00000-0 +00000-0 0  9996
2 06294 064.9839 008.2896 6412864 259.4278 027.4002 03.59554776022957
1 06294U 72095  A 76011.52934837  .05430935 +00000-0 +00000-0 0  9999
2 06294 064.9617 006.9657 6156184 259.3720 030.1448 03.98533659023105
1 06294U 72095  A 76012.51779412  .05732335 +00000-0 +00000-0 0  9994
2 06294 064.9459 006.5812 6079208 259.2948 031.0168 04.10569226023147
1 06294U 72095  A 76013.94166612  .06884143 +00000-0 +00000-0 0  9990
2 06294 064.9334 005.9892 5973213 259.3773 032.1041 04.31362943023204
1 06294U 72095  A 76017.61360406  .08429270 +00000-0 +00000-0 0  9993
2 06294 064.9970 004.3565 5570361 258.9305 036.8195 04.93864404023391
1 06294U 72095  A 76022.46898221  .08970892 +00000-0 +00000-0 0  9994
2 06294 064.9745 001.6462 5071176 258.4464 042.7999 05.79148279023644
1 06294U 72095  A 76030.84337472  .17161736 +00000-0 +00000-0 0  9990
2 06294 064.9310 355.0167 3851840 257.8820 057.4310 08.06546072024198
1 06294U 72095  A 76040.29191589  .31109146 +00000-0 +00000-0 0  9990
2 06294 064.9614 339.6132 0771373 196.4498 161.0121 13.17223334025254
