1 24835U 97029B   97161.73695428  .00003719  00000-0  65401-3 0  9996
2 24835 028.5602 071.7889 7301042 179.8754 180.4716 02.26839173    14
1 24835U 97029B   97161.73695428 -.00000196 +00000-0 +00000-0 0  9994
2 24835 028.5602 071.7889 7301042 179.8754 180.4716 02.26787623000016
1 24835U 97029B   97161.73695428  .00000388  00000-0  10000-3 0  9990
2 24835 028.5602 071.7889 7301042 179.8754 180.4716 02.26787623    16
1 24835U 97029B   97161.73695428 +.00000388 +00000-0 +10000-3 0  9990
2 24835 028.5602 071.7889 7301042 179.8754 180.4716 02.26787623000016
1 24835U 97029B   97161.73695428 +.00000388 +00000-0 +10000-3 0  9990
2 24835 028.5602 071.7889 7301042 179.8754 180.4716 02.26787623000016
1 24835U 97029B   97161.73695428  .00000388  00000-0  10000-3 0  9990
2 24835 028.5602 071.7889 7301042 179.8754 180.4716 02.26787623    16
1 24835U 97029B   97161.73695428  .00000388  00000-0  10000-3 0  9990
2 24835 028.5602 071.7889 7301042 179.8754 180.4716 02.26787623    16
1 24835U 97029B   97161.73695428 +.00000388 +00000-0 +10000-3 0  9990
2 24835 028.5602 071.7889 7301042 179.8754 180.4716 02.26787623000016
1 24835U 97029B   97161.73695428 +.00000388 +00000-0 +10000-3 0  9990
2 24835 028.5602 071.7889 7301042 179.8754 180.4716 02.26787623000016
1 24835U 97029B   97161.73695428 +.00000388 +00000-0 +10000-3 0  9990
2 24835 028.5602 071.7889 7301042 179.8754 180.4716 02.26787623000016
1 24835U 97029B   97161.73695428 +.00000388 +00000-0 +10000-3 0  9990
2 24835 028.5602 071.7889 7301042 179.8754 180.4716 02.26787623000016
1 24835U 97029B   97161.73695428 +.00000388 +00000-0 +10000-3 0  9990
2 24835 028.5602 071.7889 7301042 179.8754 180.4716 02.26787623000016
1 24835U 97029B   97161.73695428 +.00000388 +00000-0 +10000-3 0  9990
2 24835 028.5602 071.7889 7301042 179.8754 180.4716 02.26787623000016
1 24835U 97029B   97161.73695428 +.00000388 +00000-0 +10000-3 0  9990
2 24835 028.5602 071.7889 7301042 179.8754 180.4716 02.26787623000016
1 24835U 97029B   97161.73695428 +.00000388 +00000-0 +10000-3 0  9990
2 24835 028.5602 071.7889 7301042 179.8754 180.4716 02.26787623000016
1 24835U 97029B   97161.73695428 +.00000388 +00000-0 +10000-3 0  9990
2 24835 028.5602 071.7889 7301042 179.8754 180.4716 02.26787623000016
1 24835U 97029B   97161.73695428 +.00000388 +00000-0 +10000-3 0  9990
2 24835 028.5602 071.7889 7301042 179.8754 180.4716 02.26787623000016
1 24835U 97029B   97161.73695428 +.00000388 +00000-0 +10000-3 0  9990
2 24835 028.5602 071.7889 7301042 179.8754 180.4716 02.26787623000016
1 24835U 97029B   97161.73695428 +.00000388 +00000-0 +10000-3 0  9990
2 24835 028.5602 071.7889 7301042 179.8754 180.4716 02.26787623000016
1 24835U 97029B   97161.73705902  .00282540  00000-0  46945-1 0  9996
2 24835 028.5573 071.7876 7301809 179.8716 180.5779 02.26757205    11
1 24835U 97029B   97161.73732628 -.00000196 +00000-0 +00000-0 0  9998
2 24835 028.6229 071.9103 7306822 179.7784 180.7699 02.26775607000029
1 24835U 97029B   97161.73732628 -.00000196  00000-0  00000+0 0  9997
2 24835  28.6229  71.9103 7306822 179.7784 180.7699  2.26775607    18
1 24835U 97029B   97161.73732628 -.00000196 +00000-0 +00000-0 0  9998
2 24835 028.6229 071.9103 7306822 179.7784 180.7699 02.26775607000018
1 24835U 97029B   97161.73732628 -.00000196  00000-0  00000-0 0  9998
2 24835  28.6229  71.9103 7306822 179.7784 180.7699  2.26775607    18
1 24835U 97029B   97161.73732628 -.00000196  00000-0  00000-0 0  9998
2 24835  28.6229  71.9103 7306822 179.7784 180.7699  2.26775607    18
1 24835U 97029B   97161.73732628 -.00000196  00000-0  00000-0 0  9998
2 24835  28.6229  71.9103 7306822 179.7784 180.7699  2.26775607    18
1 24835U 97029B   97161.73732628 -.00000196  00000-0  00000+0 0  9997
2 24835  28.6229  71.9103 7306822 179.7784 180.7699  2.26775607    18
