1 10408U 77092  E 77282.06328031  .00002259 +00000-0 +02514-4 0  9991
2 10408 047.2609 265.1549 7264437 004.8752 359.4567 02.29761767000426
1 10408U 77092  E 77292.94253111  .00002717 +00000-0 +00923-4 0  9996
2 10408 047.2127 262.0683 7268576 007.7065 359.3543 02.29821467000677
1 10408U 77092  E 77299.90328557  .00003670 +00000-0 +04237-4 0  9997
2 10408 047.1836 260.0600 7270924 009.7569 359.2327 02.29880285000831
1 10408U 77092  E 77308.60155387  .00004494 +00000-0 +06243-4 0  9998
2 10408 047.1555 257.6026 7273358 012.0953 358.9605 02.29962754001031
1 10408U 77092  E 77316.86170372  .00005706 +00000-0 +09320-4 0  9992
2 10408 047.1329 255.2325 7276217 014.3765 358.9765 02.30066848001228
1 10408U 77092  E 77325.98635043  .00009390 +00000-0 +12309-2 0  9998
2 10408 047.0823 252.5616 7277688 016.9357 359.9780 02.30260040001438
1 10408U 77092  E 78069.73840912  .00000070 +00000-0 +00000-0 0  9999
2 10408 046.7212 218.5936 7007620 049.9855 353.0172 02.71125841003952
