1 06231U 72081  A 72288.37822882  .00076867 +32125-4 +00000-0 0  9998
2 06231 065.4077 095.2806 0193660 051.2064 310.6166 15.78613303000028
1 06231U 72081  A 72288.44223585  .00043698 +00000-0 +00000-0 0  9990
2 06231 065.2468 094.8094 0188830 065.0662 296.9935 15.72171866000032
1 06231U 72081  A 72302.50919333  .00001850 +00000-0 +00000-0 0  9991
2 06231 065.3843 093.3342 7435000 283.9340 009.9814 02.04330578000288
1 06231U 72081  A 72306.95601379  .00000000 +00000-0 +00000-0 0  9998
2 06231 065.2966 092.6801 7359550 284.2806 010.3336 02.00610282000375
1 06231U 72081  A 72313.43631784  .00000206 +00000-0 +00000-0 0  9990
2 06231 065.3077 091.8259 7357630 284.0857 010.3993 02.00609730000508
1 06231U 72081  A 72321.41202013  .00000295 +00000-0 +00000-0 0  9994
2 06231 065.3077 090.7545 7357600 283.9222 010.4362 02.00613531000667
1 06231U 72081  A 72325.39998195 -.00000086 +00000-0 +00000-0 0  9997
2 06231 065.3077 090.2187 7357570 283.8404 010.4548 02.00607589000742
1 06231U 72081  A 72338.85912113  .00000002 +00000-0 +00000-0 0  9995
2 06231 065.4278 088.5584 7339770 283.7507 010.5810 02.00609023001011
1 06231U 72081  A 72351.81973566  .00000028 +58520-9 +00000-0 0  9992
2 06231 065.5062 086.8279 7332332 283.5449 010.6725 02.00609526001288
1 06231U 72081  A 72355.30909126  .00000088 +54633-9 +00000-0 0  9998
2 06231 065.5145 086.3654 7332889 283.4464 010.6918 02.00611091001357
1 06231U 72081  A 72359.29692410  .00000092 +00000-0 +00000-0 0  9990
2 06231 065.5212 085.8398 7333820 283.3307 010.7129 02.00611903001438
1 06231U 72081  A 72361.78927704  .00000160 +57278-9 +00000-0 0  9998
2 06231 065.5308 085.5199 7333597 283.2678 010.7288 02.00613941001486
1 06231U 72081  A 73003.26650129  .00000122 +00000-0 +00000-0 0  9999
2 06231 065.5401 084.5064 7334569 283.0528 010.7726 02.00613081001631
1 06231U 72081  A 73004.26339628  .00000086 +00000-0 +00000-0 0  9997
2 06231 065.5449 084.3791 7334599 283.0223 010.7796 02.00613686001653
1 06231U 72081  A 73007.75278080 -.00000189 +64199-9 +00000-0 0  9991
2 06231 065.5246 083.8819 7337938 282.9165 010.7839 02.00608728001723
1 06231U 72081  A 73014.73140616  .00000032 +91478-9 +00000-0 0  9996
2 06231 065.5140 082.9271 7341947 282.7355 010.8017 02.00613057001867
1 06231U 72081  A 73017.22373361  .00000023 +77467-9 +00000-0 0  9990
2 06231 065.5289 082.5918 7344083 282.6487 010.8089 02.00614040001912
1 06231U 72081  A 73021.21147088  .00000093 +68346-9 +00000-0 0  9992
2 06231 065.5241 082.0486 7344084 282.5734 010.8265 02.00615888001995
1 06231U 72081  A 73023.20529104  .00000085 +00000-0 +00000-0 0  9991
2 06231 065.4892 081.7417 7342969 282.5752 010.8328 02.00616837002037
1 06231U 72081  A 73025.19917044  .00000127 +61821-9 +00000-0 0  9999
2 06231 065.5310 081.5103 7344105 282.4889 010.8461 02.00617827002079
1 06231U 72081  A 73031.18079070  .00000028 +00000-0 +00000-0 0  9996
2 06231 065.5335 080.6956 7344009 282.3689 010.8747 02.00616574002190
1 06231U 72081  A 73032.17768028  .00000057 +58485-9 +00000-0 0  9995
2 06231 065.5344 080.5441 7349943 282.2702 010.8615 02.00617955002216
1 06231U 72081  A 73036.16539628  .00000014 +61886-9 +00000-0 0  9992
2 06231 065.5306 079.9861 7354606 282.1262 010.8667 02.00617570002292
1 06231U 72081  A 73040.15309067  .00000084 +00000-0 +00000-0 0  9997
2 06231 065.5453 079.4470 7353449 282.0483 010.8920 02.00618826002370
1 06231U 72081  A 73042.14691071  .00000101 +61930-9 +00000-0 0  9995
2 06231 065.5484 079.1643 7355522 281.9827 010.8947 02.00619790002412
1 06231U 72081  A 73046.13458087  .00000064 +77421-9 +00000-0 0  9996
2 06231 065.5423 078.6028 7358116 281.8751 010.9040 02.00620019002492
1 06231U 72081  A 73049.12530601  .00000103 +65939-9 +00000-0 0  9996
2 06231 065.5346 078.1767 7358541 281.8139 010.9158 02.00621291002553
1 06231U 72081  A 73055.10676359  .00000087 +62136-9 +00000-0 0  9999
2 06231 065.5464 077.3444 7359581 281.6805 010.9408 02.00622042002676
1 06231U 72081  A 73058.59594040  .00000031 +00000-0 +00000-0 0  9993
2 06231 065.5321 076.8599 7360679 281.5966 010.9538 02.00621691002741
1 06231U 72081  A 73061.08821124  .00000030 +62163-9 +00000-0 0  9993
2 06231 065.5321 076.5274 7360678 281.5394 010.9674 02.00621848002792
1 06231U 72081  A 73064.57735178  .00000057 +59165-9 +00000-0 0  9990
2 06231 065.5984 076.0495 7362447 281.4309 010.9821 02.00622895002863
1 06231U 72081  A 73066.07269839  .00000025 +55763-9 +00000-0 0  9998
2 06231 065.6015 075.8403 7363314 281.3962 010.9849 02.00622693002892
1 06231U 72081  A 73070.55868185  .00000070 +10763-8 +00000-0 0  9995
2 06231 065.5819 075.1820 7364436 281.2998 011.0008 02.00624750002988
1 06231U 72081  A 73072.05398004  .00000221 +13325-8 +00000-0 0  9995
2 06231 065.5788 074.9530 7365353 281.2572 011.0052 02.00627164003011
1 06231U 72081  A 73073.05086067  .00000221 +12289-8 +00000-0 0  9997
2 06231 065.5788 074.8199 7365349 281.2337 011.0108 02.00627610003035
1 06231U 72081  A 73076.04148928  .00000221 +89364-9 +00000-0 0  9993
2 06231 065.5788 074.4203 7365335 281.1633 011.0277 02.00628948003098
1 06231U 72081  A 73080.02896313  .00000222 +59455-9 +00000-0 0  9993
2 06231 065.5788 073.8875 7365316 281.0694 011.0501 02.00630732003174
1 06231U 72081  A 73081.02584629  .00000206 +57491-9 +00000-0 0  9998
2 06231 065.5898 073.7305 7365744 281.0522 011.0516 02.00630541003194
1 06231U 72081  A 73082.52119818  .00000136 +56717-9 +00000-0 0  9990
2 06231 065.6077 073.5285 7365822 281.0117 011.0607 02.00629323003227
1 06231U 72081  A 73085.01337972  .00000113 +56107-9 +00000-0 0  9998
2 06231 065.6223 073.1615 7366183 280.9477 011.0738 02.00629457003279
1 06231U 72081  A 73086.01024969  .00000113 +55845-9 +00000-0 0  9996
2 06231 065.6223 073.0285 7366181 280.9238 011.0795 02.00629685003292
1 06231U 72081  A 73089.00084374  .00000106 +11402-8 +00000-0 0  9996
2 06231 065.6215 072.5546 7368939 280.8296 011.0847 02.00630260003359
1 06231U 72081  A 73089.99771031  .00000086 +11392-8 +00000-0 0  9992
2 06231 065.6284 072.4066 7369282 280.8038 011.0888 02.00630250003373
1 06231U 72081  A 73092.48988220  .00000048 +11392-8 +00000-0 0  9998
2 06231 065.6228 072.0628 7368647 280.7421 011.1012 02.00630046003429
1 06231U 72081  A 73098.96952577  .00000013 +11392-8 +00000-0 0  9995
2 06231 065.6259 071.1726 7369941 280.5964 011.1343 02.00629894003550
1 06231U 72081  A 73102.45843552  .00000308 +11575-8 +00000-0 0  9997
2 06231 065.6391 070.6806 7370071 280.5248 011.1507 02.00635817003623
1 06231U 72081  A 73105.44892724  .00000368 +11565-8 +00000-0 0  9999
2 06231 065.6749 070.2287 7370184 280.4518 011.1676 02.00638129003685
1 06231U 72081  A 73105.94740206  .00000149 +11565-8 +00000-0 0  9998
2 06231 065.6741 070.1598 7369681 280.4523 011.1706 02.00635170003695
1 06231U 72081  A 73112.92521198 -.00000007 +11290-8 +00000-0 0  9990
2 06231 065.6882 069.2113 7369530 280.2246 011.2266 02.00636174003839
1 06231U 72081  A 73114.42048045 -.00000094 +14553-8 +00000-0 0  9993
2 06231 065.6894 068.9936 7370633 280.1171 011.2457 02.00634049003867
1 06231U 72081  A 73116.91255340  .00000166 +11984-8 +00000-0 0  9991
2 06231 065.6872 068.6478 7370943 280.0510 011.2599 02.00637114003910
1 06231U 72081  A 73119.90305560  .00000019 +11308-8 +00000-0 0  9990
2 06231 065.6926 068.2307 7371525 279.9667 011.2766 02.00636257003973
1 06231U 72081  A 73120.89987958  .00000113 +11310-8 +00000-0 0  9995
2 06231 065.6991 068.0869 7371327 279.9507 011.2818 02.00637603003995
1 06231U 72081  A 73123.39192421  .00000274 +11310-8 +00000-0 0  9994
2 06231 065.6932 067.7478 7371050 279.8939 011.2975 02.00640327004041
1 06231U 72081  A 73125.88394717  .00000306 +11310-8 +00000-0 0  9998
2 06231 065.6885 067.4130 7371229 279.8258 011.3129 02.00642146004090
1 06231U 72081  A 73129.37282687  .00000177 +11310-8 +00000-0 0  9994
2 06231 065.6872 066.9390 7371228 279.7287 011.3366 02.00641364004160
1 06231U 72081  A 73129.87123414  .00000154 +11310-8 +00000-0 0  9996
2 06231 065.6883 066.8663 7371264 279.7165 011.3395 02.00641270004178
1 06231U 72081  A 73138.84254641  .00000210 +11310-8 +00000-0 0  9993
2 06231 065.7251 065.6184 7372909 279.4397 011.3969 02.00642917004350
1 06231U 72081  A 73142.82979797  .00000044 +11310-8 +00000-0 0  9997
2 06231 065.7278 065.0747 7374350 279.3160 011.4181 02.00641520004432
1 06231U 72081  A 73144.82342019  .00000138 +11310-8 +00000-0 0  9994
2 06231 065.7236 064.7945 7375792 279.2403 011.4274 02.00642055004473
1 06231U 72081  A 73155.28986772  .00000072 +11310-8 +00000-0 0  9993
2 06231 065.7483 063.3680 7378084 278.9515 011.4841 02.00643259004685
1 06231U 72081  A 73157.28349188 -.00000012 +11310-8 +00000-0 0  9994
2 06231 065.7427 063.0807 7379418 278.8829 011.4925 02.00641361004720
1 06231U 72081  A 73161.27073425  .00000079 +11310-8 +00000-0 0  9998
2 06231 065.7426 062.5463 7379418 278.7813 011.5178 02.00642142004801
1 06231U 72081  A 73162.76586728  .00000184 +11310-8 +00000-0 0  9995
2 06231 065.7593 062.3280 7380852 278.7280 011.5218 02.00644759004837
1 06231U 72081  A 73163.76267211  .00000159 +11310-8 +00000-0 0  9991
2 06231 065.7566 062.1908 7381080 278.7053 011.5259 02.00644558004858
1 06231U 72081  A 73166.75302968  .00000209 +11310-8 +00000-0 0  9998
2 06231 065.7543 061.7860 7381654 278.6133 011.5451 02.00646443004916
1 06231U 72081  A 73170.74022579  .00000094 +11310-8 +00000-0 0  9991
2 06231 065.7501 061.2315 7382962 278.4966 011.5658 02.00645403004997
1 06231U 72081  A 73171.73715633 -.00000176 +11310-8 +00000-0 0  9993
2 06231 065.7565 061.0996 7384323 278.4517 011.5681 02.00639891005019
1 06231U 72081  A 73172.73390152  .00000132 +11310-8 +00000-0 0  9990
2 06231 065.7775 060.9460 7386386 278.4180 011.5630 02.00644033005033
1 06231U 72081  A 73174.72749732  .00000133 +11310-8 +00000-0 0  9994
2 06231 065.7774 060.6779 7386381 278.3662 011.5760 02.00644564005078
1 06231U 72081  A 73175.72430988 -.00000086 +11310-8 +00000-0 0  9993
2 06231 065.7742 060.5243 7388537 278.3198 011.5735 02.00641758005093
1 06231U 72081  A 73176.72111398 -.00000103 +11310-8 +00000-0 0  9995
2 06231 065.7856 060.3873 7389229 278.2851 011.5777 02.00641481005112
1 06231U 72081  A 73178.71469454  .00000211 +11310-8 +00000-0 0  9994
2 06231 065.8032 060.1031 7389410 278.2549 011.5841 02.00644718005151
1 06231U 72081  A 73181.70506601  .00000304 +11310-8 +00000-0 0  9996
2 06231 065.8154 059.6966 7389849 278.1773 011.6007 02.00646786005219
1 06231U 72081  A 73183.69866042  .00000190 +11310-8 +00000-0 0  9997
2 06231 065.8186 059.4246 7389907 278.1329 011.6115 02.00646188005255
1 06231U 72081  A 73185.69224044  .00000133 +11310-8 +00000-0 0  9996
2 06231 065.8026 059.1440 7390017 278.0858 011.6226 02.00646172005291
1 06231U 72081  A 73187.68587961 -.00000104 +11310-8 +00000-0 0  9996
2 06231 065.7835 058.8455 7390465 278.0481 011.6291 02.00642767005332
1 06231U 72081  A 73188.68268291 -.00000121 +11310-8 +00000-0 0  9998
2 06231 065.7720 058.6969 7390339 278.0362 011.6329 02.00642403005352
1 06231U 72081  A 73189.67948591 -.00000106 +11310-8 +00000-0 0  9999
2 06231 065.7765 058.5598 7390446 278.0108 011.6386 02.00642426005375
1 06231U 72081  A 73191.67307460 -.00000055 +11310-8 +00000-0 0  9999
2 06231 065.7419 058.2488 7398418 277.8429 011.6283 02.00642938005415
1 06231U 72081  A 73192.66986873 -.00000021 +11310-8 +00000-0 0  9993
2 06231 065.7416 058.1065 7398356 277.8254 011.6331 02.00643380005437
1 06231U 72081  A 73193.66666487  .00000051 +11310-8 +00000-0 0  9992
2 06231 065.7701 057.9764 7398613 277.8043 011.6367 02.00644174005452
1 06231U 72081  A 73198.65070286 -.00000123 +11310-8 +00000-0 0  9993
2 06231 065.7498 057.2635 7401413 277.6650 011.6534 02.00641591005557
1 06231U 72081  A 73200.64433049 -.00000167 +11310-8 +00000-0 0  9994
2 06231 065.7177 056.9670 7402005 277.6233 011.6600 02.00640467005590
1 06231U 72081  A 73204.63156262 -.00000057 +11310-8 +00000-0 0  9994
2 06231 065.7084 056.4066 7402937 277.5236 011.6790 02.00641224005678
1 06231U 72081  A 73209.61554914  .00000169 +11310-8 +00000-0 0  9996
2 06231 065.7371 055.7076 7404179 277.4093 011.6998 02.00644774005774
1 06231U 72081  A 73212.60595898  .00000065 +11310-8 +00000-0 0  9990
2 06231 065.7393 055.2687 7405761 277.3299 011.7094 02.00643809005839
1 06231U 72081  A 73213.60277443 -.00000026 +11310-8 +00000-0 0  9992
2 06231 065.7259 055.0972 7408095 277.2854 011.7051 02.00642403005858
1 06231U 72081  A 73214.59958435 -.00000056 +11310-8 +00000-0 0  9991
2 06231 065.7453 054.9554 7407946 277.2681 011.7105 02.00642019005875
1 06231U 72081  A 73216.59320197 -.00000079 +11310-8 +00000-0 0  9996
2 06231 065.7999 054.6887 7407651 277.2250 011.7235 02.00641777005910
1 06231U 72081  A 73219.58361095  .00000053 +11310-8 +00000-0 0  9991
2 06231 065.8086 054.2503 7410255 277.1223 011.7322 02.00642916005971
1 06231U 72081  A 73220.58042392  .00000021 +11310-8 +00000-0 0  9994
2 06231 065.8261 054.1223 7410312 277.0898 011.7401 02.00642577005998
1 06231U 72081  A 73221.57723120  .00000014 +11310-8 +00000-0 0  9991
2 06231 065.8144 053.9776 7410863 277.0583 011.7445 02.00642462006015
1 06231U 72081  A 73223.57085395 -.00000024 +11310-8 +00000-0 0  9990
2 06231 065.7702 053.6714 7412471 276.9982 011.7490 02.00641741006054
1 06231U 72081  A 73224.56767148 -.00000085 +11310-8 +00000-0 0  9990
2 06231 065.7448 053.5013 7413870 276.9712 011.7465 02.00640823006071
1 06231U 72081  A 73225.56448653 -.00000088 +11310-8 +00000-0 0  9991
2 06231 065.7203 053.3442 7415215 276.9346 011.7468 02.00640517006097
1 06231U 72081  A 73226.56130773 -.00000131 +11310-8 +00000-0 0  9992
2 06231 065.7033 053.1865 7415725 276.9124 011.7491 02.00639749006119
1 06231U 72081  A 73236.52943905  .00000140 +01310-9 +00000-0 0  9997
2 06231 065.7757 051.7739 7422518 276.5520 011.7956 02.00642562006315
1 06231U 72081  A 73238.52305662  .00000116 +01310-9 +00000-0 0  9994
2 06231 065.7415 051.4765 7423693 276.4899 011.8036 02.00642586006355
1 06231U 72081  A 73240.51669832  .00000032 +01310-9 +00000-0 0  9995
2 06231 065.7184 051.1699 7417475 276.5749 011.8238 02.00641441006394
1 06231U 72081  A 73249.48807407 -.00000009 +01310-9 +00000-0 0  9997
2 06231 065.7596 049.8559 7421361 276.2859 011.8720 02.00640059006578
1 06231U 72081  A 73252.47853249 -.00000008 +01310-9 +00000-0 0  9994
2 06231 065.7595 049.4441 7421360 276.2070 011.8924 02.00640011006638
1 06231U 72081  A 73252.47861378 -.00000368 +01310-9 +00000-0 0  9995
2 06231 065.7526 049.4161 7422189 276.1846 011.8926 02.00634289006633
1 06231U 72081  A 73266.43414291 -.00000113 +01310-9 +00000-0 0  9992
2 06231 065.8065 047.4262 7415977 275.8790 012.0146 02.00638127006916
1 06231U 72081  A 73268.42777944 -.00000202 +01310-9 +00000-0 0  9999
2 06231 065.8751 047.1344 7417094 275.8515 012.0141 02.00637531006950
1 06231U 72081  A 73270.91984078 -.00000043 +01310-9 +00000-0 0  9997
2 06231 065.8759 046.7834 7416259 275.7845 012.0374 02.00638723007003
1 06231U 72081  A 73274.40871425  .00000025 +01310-9 +00000-0 0  9995
2 06231 065.8550 046.2796 7417105 275.7347 012.0446 02.00639033007074
1 06231U 72081  A 73277.89762821 -.00000078 +01310-9 +00000-0 0  9999
2 06231 065.9074 045.7997 7417279 275.6407 012.0682 02.00637555007148
1 06231U 72081  A 73288.86278838  .00000155 +01310-9 +00000-0 0  9993
2 06231 065.8928 044.2532 7416494 275.2766 012.1698 02.00639415007365
1 06231U 72081  A 73289.85961649  .00000142 +01310-9 +00000-0 0  9998
2 06231 065.8706 044.1113 7416571 275.2394 012.1791 02.00639415007382
1 06231U 72081  A 73291.85330911  .00000012 +01310-9 +00000-0 0  9999
2 06231 065.8677 043.8303 7416829 275.1584 012.1989 02.00637507007426
1 06231U 72081  A 73293.84698073 -.00000048 +01310-9 +00000-0 0  9996
2 06231 065.9289 043.5464 7416680 275.0941 012.2171 02.00636911007468
1 06231U 72081  A 73296.33905876 -.00000092 +01310-9 +00000-0 0  9994
2 06231 065.9140 043.1849 7417625 275.0178 012.2308 02.00636387007514
1 06231U 72081  A 73300.82479780 -.00000003 +01310-9 +00000-0 0  9996
2 06231 065.9243 042.5536 7417633 274.8836 012.2667 02.00637364007605
1 06231U 72081  A 73301.82162608  .00000064 +01310-9 +00000-0 0  9991
2 06231 065.9267 042.4134 7417827 274.8569 012.2725 02.00638008007625
1 06231U 72081  A 73303.81532809 -.00000110 +01310-9 +00000-0 0  9999
2 06231 065.9243 042.1380 7418004 274.7884 012.2896 02.00635433007668
1 06231U 72081  A 73306.80585616 -.00000202 +01310-9 +00000-0 0  9997
2 06231 065.9229 041.7071 7418957 274.6871 012.3102 02.00633883007721
1 06231U 72081  A 73308.30111248  .00000057 +01310-9 +00000-0 0  9997
2 06231 065.9228 041.5029 7418962 274.6450 012.3214 02.00636244007751
1 06231U 72081  A 73310.79322912 -.00000101 +01310-9 +00000-0 0  9996
2 06231 065.9461 041.1480 7419183 274.5755 012.3386 02.00634217007804
1 06231U 72081  A 73312.28847122 -.00000009 +01310-9 +00000-0 0  9994
2 06231 065.9399 040.9373 7419440 274.5273 012.3498 02.00635505007831
1 06231U 72081  A 73313.28529159  .00000041 +01310-9 +00000-0 0  9997
2 06231 065.9257 040.7772 7420213 274.4904 012.3543 02.00636268007855
1 06231U 72081  A 73316.27578432  .00000108 +01310-9 +00000-0 0  9991
2 06231 065.9283 040.3601 7421279 274.3912 012.3737 02.00637507007911
1 06231U 72081  A 73322.25683455 -.00000162 +01310-9 +00000-0 0  9999
2 06231 065.9558 039.5019 7424006 274.2171 012.4015 02.00633931008037
1 06231U 72081  A 73324.25051502 -.00000079 +01310-9 +00000-0 0  9990
2 06231 065.9642 039.2227 7423957 274.1630 012.4167 02.00634646008078
1 06231U 72081  A 73327.24109535  .00000226 +01310-9 +00000-0 0  9995
2 06231 065.9641 038.8136 7423956 274.1629 012.4166 02.00637841008134
1 06231U 72081  A 73329.23464454  .00000227 +01310-9 +00000-0 0  9991
2 06231 065.9336 038.4930 7426201 274.0125 012.4416 02.00639009008179
1 06231U 72081  A 73330.23145495  .00000302 +01310-9 +00000-0 0  9998
2 06231 065.9067 038.3256 7427095 273.9921 012.4408 02.00640249008195
1 06231U 72081  A 73332.22510949  .00000181 +01310-9 +00000-0 0  9994
2 06231 065.8995 038.0345 7432855 273.8654 012.4344 02.00639653008233
1 06231U 72081  A 73333.72037481  .00000027 +01310-9 +00000-0 0  9994
2 06231 065.9082 037.8304 7433716 273.8118 012.4431 02.00637841008262
1 06231U 72081  A 73335.21559714  .00000037 +01310-9 +00000-0 0  9999
2 06231 065.8985 037.6121 7434737 273.7712 012.4467 02.00638461008292
1 06231U 72081  A 73336.21241762  .00000019 +01310-9 +00000-0 0  9991
2 06231 065.8976 037.4679 7435159 273.7468 012.4504 02.00638485008316
1 06231U 72081  A 73338.20607079 -.00000026 +01310-9 +00000-0 0  9998
2 06231 065.9031 037.1837 7435697 273.7095 012.4567 02.00638080008359
1 06231U 72081  A 73340.19971715  .00000018 +01310-9 +00000-0 0  9990
2 06231 065.9083 036.9050 7435631 273.6604 012.4706 02.00638747008392
1 06231U 72081  A 73341.19653021  .00000086 +01310-9 +00000-0 0  9993
2 06231 065.9145 036.7661 7435629 273.6390 012.4766 02.00639725008412
1 06231U 72081  A 73344.18696659  .00000210 +01310-9 +00000-0 0  9998
2 06231 065.9298 036.3420 7437139 273.5490 012.4904 02.00641847008476
1 06231U 72081  A 73345.18378009  .00000209 +01310-9 +00000-0 0  9993
2 06231 065.9343 036.2039 7437206 273.5204 012.4977 02.00642157008497
1 06231U 72081  A 73346.18060380  .00000149 +01310-9 +00000-0 0  9997
2 06231 065.9292 036.0615 7437199 273.4909 012.5059 02.00641608008515
1 06231U 72081  A 73349.17110637 -.00000034 +01310-9 +00000-0 0  9994
2 06231 065.9018 035.6274 7437746 273.4113 012.5239 02.00638962008577
1 06231U 72081  A 73350.66644014 -.00000322 +01310-9 +00000-0 0  9991
2 06231 065.8788 035.4013 7439816 273.3423 012.5281 02.00633812008602
1 06231U 72081  A 73352.16167622 -.00000263 +01310-9 +00000-0 0  9997
2 06231 065.8939 035.1846 7440698 273.3002 012.5332 02.00634313008631
1 06231U 72081  A 73353.15852068 -.00000231 +01310-9 +00000-0 0  9997
2 06231 065.9015 035.0469 7440773 273.2730 012.5402 02.00634217008651
1 06231U 72081  A 73355.15212052  .00000073 +01310-9 +00000-0 0  9995
2 06231 065.9152 034.7690 7441567 273.2117 012.5513 02.00638723008699
1 06231U 72081  A 73356.64733944 -.00000014 +01310-9 +00000-0 0  9994
2 06231 065.9027 034.5160 7445345 273.1562 012.5395 02.00637960008725
1 06231U 72081  A 73358.14259625 -.00000075 +01310-9 +00000-0 0  9997
2 06231 065.9341 034.2954 7445714 273.1326 012.5433 02.00637007008758
1 06231U 72081  A 73359.13943846 -.00000191 +01310-9 +00000-0 0  9991
2 06231 065.9524 034.1475 7446456 273.1139 012.5432 02.00635481008779
1 06231U 72081  A 73360.63471954 -.00000238 +01310-9 +00000-0 0  9996
2 06231 065.9468 033.9242 7447215 273.0684 012.5503 02.00633883008800
1 06231U 72081  A 73362.12995225 -.00000157 +01310-9 +00000-0 0  9994
2 06231 065.9563 033.7048 7447811 273.0367 012.5547 02.00634837008839
1 06231U 72081  A 73363.62523687 -.00000198 +01310-9 +00000-0 0  9994
2 06231 065.9458 033.4868 7448273 272.9924 012.5638 02.00633478008863
1 06231U 72081  A 73365.12047353 -.00000192 +01310-9 +00000-0 0  9996
2 06231 065.9322 033.2529 7449905 272.9447 012.5650 02.00633812008897
1 06231U 72081  A 74001.11729657 -.00000265 +01310-9 +00000-0 0  9998
2 06231 065.9321 033.1139 7449908 272.9160 012.5730 02.00633383008912
1 06231U 72081  A 74033.51412916  .00000109 +01310-9 +00000-0 0  9990
2 06231 065.9539 028.2646 7458560 272.0782 012.7438 02.00639105009563
1 06231U 72081  A 74037.00300216  .00000070 +01310-9 +00000-0 0  9994
2 06231 065.9626 027.7063 7458818 271.9909 012.7664 02.00639367009631
1 06231U 72081  A 74038.99678420 -.00000467 +01310-9 +00000-0 0  9999
2 06231 065.9633 027.4034 7458487 271.9473 012.7811 02.00631213009672
1 06231U 72081  A 74042.48572062 -.00000157 +01310-9 +00000-0 0  9999
2 06231 065.9411 026.8920 7459142 271.8445 012.8054 02.00633311009749
1 06231U 72081  A 74046.47294997  .00000144 +01310-9 +00000-0 0  9995
2 06231 065.9130 026.3184 7459519 271.7281 012.8355 02.00638938009822
1 06231U 72081  A 74048.46668100  .00000077 +01310-9 +00000-0 0  9992
2 06231 065.8965 026.0203 7459492 271.6925 012.8459 02.00637293009862
1 06231U 72081  A 74052.45407390 -.00000181 +01310-9 +00000-0 0  9995
2 06231 065.9067 025.4204 7459173 271.6039 012.8734 02.00634217009940
1 06231U 72081  A 74055.44451808  .00000165 +01310-9 +00000-0 0  9991
2 06231 065.9021 025.0024 7459939 271.5033 012.8963 02.00638270010005
1 06231U 72081  A 74063.41916799 -.00000210 +01310-9 +00000-0 0  9994
2 06231 065.9811 023.7524 7462467 271.3328 012.9263 02.00634122010160
1 06231U 72081  A 74065.41299104 -.00000383 +01310-9 +00000-0 0  9991
2 06231 066.0073 023.4408 7457916 271.2289 012.9901 02.00630736010209
1 06231U 72081  A 74071.39396762  .00000274 +01310-9 +00000-0 0  9991
2 06231 065.9671 022.6024 7458083 271.0178 013.0496 02.00638843010328
1 06231U 72081  A 74072.88920975  .00000376 +01310-9 +00000-0 0  9998
2 06231 065.9717 022.3815 7458459 270.9839 013.0566 02.00640297010350
1 06231U 72081  A 74074.38464021  .00000216 +01310-9 +00000-0 0  9993
2 06231 065.9682 022.1815 7457045 271.0035 013.0615 02.00636601010381
1 06231U 72081  A 74078.87039328  .00000218 +01310-9 +00000-0 0  9991
2 06231 065.9682 021.5542 7457028 270.8719 013.0998 02.00638556010473
1 06231U 72081  A 74080.86390781  .00000792 +01310-9 +00000-0 0  9993
2 06231 065.9551 021.2179 7463286 270.8201 013.0678 02.00642538010515
1 06231U 72081  A 74082.35944223  .00000647 +01310-9 +00000-0 0  9994
2 06231 065.9583 021.0145 7459962 270.7819 013.1038 02.00625849010541
1 06231U 72081  A 74084.35312318  .00000073 +01310-9 +00000-0 0  9993
2 06231 065.9706 020.6996 7455452 270.6086 013.1883 02.00631428010584
1 06231U 72081  A 74088.34070015  .00000940 +01310-9 +00000-0 0  9994
2 06231 065.9707 020.1427 7455457 270.4917 013.2225 02.00620103010663
1 06231U 72081  A 74091.33125972  .00000456 +11310-8 +00000-0 0  9992
2 06231 065.9798 019.6817 7454152 270.4155 013.2548 02.00626050010726
1 06231U 72081  A 74100.80149793  .00000756 +11310-8 +00000-0 0  9995
2 06231 065.9812 018.3220 7454966 270.0270 013.3634 02.00636317010919
1 06231U 72081  A 74102.29688783  .00000245 +11310-8 +00000-0 0  9990
2 06231 065.9812 018.1133 7454947 269.9830 013.3766 02.00624163010943
1 06231U 72081  A 74105.28752085  .00000144 +11310-8 +00000-0 0  9997
2 06231 065.9892 017.6605 7456973 269.8650 013.3962 02.00623938011004
1 06231U 72081  A 74107.77981276  .00000220 +11310-8 +00000-0 0  9994
2 06231 065.9919 017.3002 7457122 269.8083 013.4120 02.00621432011058
1 06231U 72081  A 74109.27516839  .00000177 +11310-8 +00000-0 0  9991
2 06231 065.9903 017.0904 7456990 269.7671 013.4253 02.00621820011084
1 06231U 72081  A 74113.26275346  .00000097 +11310-8 +00000-0 0  9991
2 06231 065.9893 016.5295 7456831 269.6503 013.4615 02.00622961011164
1 06231U 72081  A 74115.25656934  .00000097 +11310-8 +00000-0 0  9998
2 06231 065.9893 016.2510 7456834 269.5913 013.4791 02.00622571011205
1 06231U 72081  A 74118.24735783  .00000156 +11310-8 +00000-0 0  9996
2 06231 065.9985 015.8159 7456283 269.5126 013.5070 02.00620309011269
1 06231U 72081  A 74120.24114700  .00000136 +11310-8 +00000-0 0  9997
2 06231 066.0250 015.5017 7457299 269.4730 013.5111 02.00620523011303
1 06231U 72081  A 74122.23497242  .00000102 +11310-8 +00000-0 0  9996
2 06231 066.0273 015.2053 7457110 269.4045 013.5332 02.00620662011349
1 06231U 72081  A 74124.72727202  .00000164 +11310-8 +00000-0 0  9992
2 06231 066.0076 014.8621 7458195 269.3361 013.5455 02.00618848011394
1 06231U 72081  A 74132.70220992  .00000267 +11308-8 +00000-0 0  9994
2 06231 066.0506 013.7009 7460883 269.0427 013.6135 02.00628966011553
1 06231U 72081  A 74157.62411017  .00000128 +11307-8 +00000-0 0  9997
2 06231 066.0477 010.1837 7460871 268.2863 013.8457 02.00632702012050
1 06231U 72081  A 74211.95665356  .00000217 +11297-8 +00000-0 0  9998
2 06231 066.0312 001.8115 7482038 266.7841 014.1491 02.00633073013147
1 06231U 72081  A 74220.92826699  .00000196 +11295-8 +00000-0 0  9998
2 06231 066.0498 000.4517 7480497 266.4996 014.2529 02.00636425013325
1 06231U 72081  A 74223.42066001  .00000139 +11294-8 +00000-0 0  9995
2 06231 065.9886 000.0249 7480957 266.4618 014.2613 02.00632553013371
1 06231U 72081  A 74225.41431093  .00000164 +11293-8 +00000-0 0  9990
2 06231 065.9886 359.7418 7480952 266.4019 014.2807 02.00634237013414
1 06231U 72081  A 74226.41116427  .00000165 +11292-8 +00000-0 0  9992
2 06231 065.9885 359.6002 7480949 266.3719 014.2904 02.00634576013439
1 06231U 72081  A 74227.40801668  .00000192 +11291-8 +00000-0 0  9999
2 06231 065.9885 359.4586 7480946 266.3419 014.3001 02.00635462013454
1 06231U 72081  A 74239.86840865  .00000157 +11286-8 +00000-0 0  9999
2 06231 066.0186 357.5011 7476385 266.0107 014.4452 02.00639635013700
1 06231U 72081  A 74243.35735413  .00000146 +11285-8 +00000-0 0  9997
2 06231 065.9958 357.0038 7477020 265.9263 014.4676 02.00639538013774
1 06231U 72081  A 74247.84297990  .00000151 +11284-8 +00000-0 0  9993
2 06231 066.0105 356.3586 7476852 265.8377 014.4980 02.00642244013863
1 06231U 72081  A 74249.83334540  .00000182 +11283-8 +00000-0 0  9990
2 06231 066.0044 355.9253 7477369 265.7148 014.5342 02.00644446013904
1 06231U 72081  A 74256.81419181  .00000203 +11281-8 +00000-0 0  9993
2 06231 066.0328 355.0611 7474893 265.4678 014.6365 02.00646620014040
1 06231U 72081  A 74258.30940867  .00000189 +11280-8 +00000-0 0  9991
2 06231 066.0409 354.8499 7474477 265.4157 014.6573 02.00646515014078
1 06231U 72081  A 74259.30631731  .00000067 +32515-9 +86691-4 0  9993
2 06231 066.0236 354.6688 7474849 265.3726 014.6685 02.00642589014091
1 06231U 72081  A 74260.30308578  .00000129 +15349-9 +16873-3 0  9994
2 06231 066.0304 354.5595 7474279 265.3321 014.6867 02.00644622014116
1 06231U 72081  A 74261.29988668  .00000129 +15040-9 +16873-3 0  9995
2 06231 066.0303 354.4188 7474276 265.3017 014.6969 02.00644882014134
1 06231U 72081  A 74262.29660317  .00000160 +15547-9 +20517-3 0  9991
2 06231 066.0507 354.2752 7474620 265.2897 014.6981 02.00646939014154
1 06231U 72081  A 74263.29338928  .00000161 +15121-9 +20646-3 0  9994
2 06231 066.0549 354.1338 7474631 265.2597 014.7080 02.00647319014174
1 06231U 72081  A 74264.78854415  .00000179 +15619-9 +23303-3 0  9997
2 06231 066.0491 353.9149 7474271 265.2131 014.7266 02.00648512014207
1 06231U 72081  A 74267.28051662  .00000163 +15158-9 +21054-3 0  9990
2 06231 066.0503 353.5475 7474414 265.1404 014.7497 02.00648766014252
1 06231U 72081  A 74268.27730797  .00000155 +15151-9 +19989-3 0  9991
2 06231 066.0493 353.3971 7474599 265.1047 014.7602 02.00648788014270
1 06231U 72081  A 74271.26764628  .00000146 +15820-9 +18809-3 0  9997
2 06231 066.0523 352.9585 7474577 265.0049 014.7938 02.00649470014335
1 06231U 72081  A 74274.25795031  .00000151 +15110-9 +19541-3 0  9993
2 06231 066.0522 352.5277 7474426 264.9087 014.8276 02.00650677014394
1 06231U 72081  A 74275.25466395  .00000237 +31963-9 +30632-3 0  9995
2 06231 066.0349 352.3528 7474407 264.8766 014.8386 02.00653454014411
1 06231U 72081  A 74279.24166200  .00000146 +31962-9 +30631-3 0  9997
2 06231 066.0048 351.6933 7475245 264.7367 014.8788 02.00654760014491
1 06231U 72081  A 74282.23193355  .00000221 +15613-9 +28775-3 0  9996
2 06231 066.0269 351.3552 7474170 264.6682 014.9110 02.00656130014555
1 06231U 72081  A 74283.22870918  .00000197 +15316-9 +25780-3 0  9998
2 06231 066.0517 351.2228 7474001 264.6301 014.9255 02.00655658014577
1 06231U 72081  A 74286.21888923  .00000227 +16718-9 +28878-3 0  9997
2 06231 066.0434 350.7893 7474787 264.5338 014.9516 02.00658075014630
1 06231U 72081  A 74288.21230836  .00000243 +16125-9 +30157-3 0  9996
2 06231 066.0254 350.4877 7475426 264.4710 014.9677 02.00659756014672
1 06231U 72081  A 74290.20573664  .00000247 +16265-9 +29585-3 0  9999
2 06231 065.9993 350.1738 7476314 264.4145 014.9794 02.00660900014710
1 06231U 72081  A 74292.19914006  .00000263 +16516-9 +30232-3 0  9996
2 06231 065.9730 349.8542 7477397 264.3445 014.9941 02.00662471014754
1 06231U 72081  A 74295.68756435  .00000288 +16376-9 +32634-3 0  9992
2 06231 065.9545 349.3196 7477700 264.2533 015.0228 02.00665343014822
1 06231U 72081  A 74298.17927692  .00000309 +16671-9 +34300-3 0  9998
2 06231 065.9171 348.9238 7478199 264.1868 015.0414 02.00667419014870
1 06231U 72081  A 74301.16930435  .00000322 +16823-9 +35092-3 0  9994
2 06231 065.9206 348.4833 7478645 264.0939 015.0696 02.00669783014934
1 06231U 72081  A 74303.16263623  .00000329 +16932-9 +35773-3 0  9998
2 06231 065.9210 348.1871 7478711 264.0408 015.0874 02.00671372014972
1 06231U 72081  A 74304.65764284  .00000322 +16981-9 +32749-3 0  9999
2 06231 065.9045 347.9568 7480351 263.9757 015.0958 02.00671995015005
1 06231U 72081  A 74316.11903378  .00000362 +33484-9 +26631-3 0  9996
2 06231 065.8940 346.1672 7488082 263.6092 015.1566 02.00680273015233
1 06231U 72081  A 74337.54537487  .00000541 +33481-9 +00000-0 0  9995
2 06231 065.8952 342.9597 7491456 263.0166 015.3350 02.00701298015662
1 06231U 72081  A 74359.96691556  .00000540 +33478-9 +00000-0 0  9998
2 06231 065.8783 339.4023 7492589 262.4541 015.5252 02.00712318016116
1 06231U 72081  A 75010.91124009  .00000209 +11640-8 +15025-3 0  9996
2 06231 065.8201 336.9510 7488162 262.0541 015.7086 02.00699582016431
1 06231U 72081  A 75033.33378458  .00000540 +33475-9 +00000-0 0  9999
2 06231 065.7913 333.6290 7482069 261.4191 015.9962 02.00703750016880
1 06231U 72081  A 75046.29089689  .00000540 +33473-9 +00000-0 0  9991
2 06231 065.8138 331.6335 7480839 261.0484 016.1457 02.00684387017148
1 06231U 72081  A 75052.27126026  .00000540 +33472-9 +00000-0 0  9992
2 06231 065.8110 330.7526 7483026 260.9072 016.1790 02.00678178017266
1 06231U 72081  A 75075.19946527  .00000797 +33468-9 +00000-0 3  9996
2 06231 065.7354 327.3036 7479724 260.1108 016.5130 02.00614586017721
1 06231U 72081  A 75078.19026422 -.00000792 +33467-9 +00000-0 3  9997
2 06231 065.7553 326.8210 7481227 260.0425 016.5256 02.00610934017780
1 06231U 72081  A 75089.15713262  .00000764 +00000-0 +00000-0 3  9996
2 06231 065.7280 325.1623 7484725 259.7301 016.6144 02.00595702018009
1 06231U 72081  A 75099.62634706  .00000720 +00000-0 +00000-0 3  9996
2 06231 065.7323 323.5744 7486516 259.4510 016.7067 02.00581281018217
1 06231U 72081  A 75112.58911702  .00000645 +00000-0 +00000-0 3  9997
2 06231 065.7104 321.5711 7487746 259.1205 016.8255 02.00566981018478
1 06231U 72081  A 75121.06532236  .00000581 +00000-0 +00000-0 3  9990
2 06231 065.6988 320.2282 7488365 258.9427 016.8904 02.00558136018640
1 06231U 72081  A 75127.04870221  .00000535 +00000-0 +00000-0 3  9992
2 06231 065.6969 319.3247 7488882 258.7751 016.9522 02.00552451018765
1 06231U 72081  A 75131.53634214  .00000496 +00000-0 +00000-0 3  9997
2 06231 065.6893 318.6213 7489731 258.6818 016.9815 02.00549078018859
1 06231U 72081  A 75138.51727481  .00000432 +00000-0 +00000-0 3  9991
2 06231 065.6694 317.5483 7486684 258.5008 017.0835 02.00544626018992
1 06231U 72081  A 75146.49569173  .00000352 +00000-0 +00000-0 3  9990
2 06231 065.6548 316.2902 7486225 258.3269 017.1581 02.00539770019152
1 06231U 72081  A 75151.98095177  .00000297 +00000-0 +00000-0 3  9996
2 06231 065.6484 315.4665 7483955 258.1751 017.2417 02.00537113019269
1 06231U 72081  A 75166.44224262  .00000144 +00000-0 +00000-0 3  9993
2 06231 065.6222 313.2566 7480097 257.8145 017.4266 02.00534422019558
1 06231U 72081  A 75170.93028163  .00000094 +00000-0 +00000-0 3  9998
2 06231 065.6061 312.5621 7480036 257.7091 017.4710 02.00533917019647
1 06231U 72081  A 75177.41302633  .00000024 +00000-0 +00000-0 3  9998
2 06231 065.6088 311.5829 7475608 257.5377 017.5851 02.00534330019770
1 06231U 72081  A 75180.90367841  .00000011 +00000-0 +00000-0 3  9994
2 06231 065.6091 311.0766 7475505 257.4269 017.6327 02.00535042019842
1 06231U 72081  A 75194.86611982  .00000153 +00000-0 +00000-0 3  9999
2 06231 065.5664 309.0020 7472255 257.0387 017.8282 02.00540888020122
1 06231U 72081  A 75206.33485791  .00000260 +00000-0 +00000-0 3  9991
2 06231 065.5548 307.2975 7469205 256.7190 017.9947 02.00548432020358
1 06231U 72081  A 75208.82792229  .00000279 +00000-0 +00000-0 3  9994
2 06231 065.5687 306.9396 7469372 256.6403 018.0271 02.00552135020409
1 06231U 72081  A 75218.80011365  .00000358 +00000-0 +00000-0 3  9996
2 06231 065.5412 305.4484 7467433 256.3718 018.1622 02.00561555020608
1 06231U 72081  A 75222.78877353  .00000386 +00000-0 +00000-0 3  9996
2 06231 065.5324 304.8589 7469984 256.2621 018.1849 02.00565991020681
1 06231U 72081  A 75225.78023193  .00000407 +00000-0 +00000-0 3  9998
2 06231 065.5203 304.3958 7469972 256.1836 018.2192 02.00569631020740
1 06231U 72081  A 75229.76878494  .00000430 +00000-0 +00000-0 3  9998
2 06231 065.5153 303.7991 7467933 256.0742 018.2870 02.00574960020827
1 06231U 72081  A 75234.75429578  .00000457 +00000-0 +00000-0 3  9997
2 06231 065.5223 303.0662 7469079 255.9200 018.3436 02.00581238020929
1 06231U 72081  A 75238.74253558  .00000476 +00000-0 +00000-0 3  9994
2 06231 065.5275 302.4593 7471300 255.8369 018.3578 02.00587429021002
1 06231U 72081  A 75245.72175595  .00000502 +00000-0 +00000-0 3  9994
2 06231 065.4928 301.4149 7469705 255.6513 018.4560 02.00597222021146
1 06231U 72081  A 75254.69447369  .00000526 +00000-0 +00000-0 3  9997
2 06231 065.4915 300.0412 7471765 255.4272 018.5352 02.00610605021320
1 06231U 72081  A 75256.18986604  .00000529 +00000-0 +00000-0 3  9996
2 06231 065.4680 299.8121 7471545 255.4096 018.5453 02.00612840021359
1 06231U 72081  A 75261.67265413  .00000529 +00000-0 +00000-0 3  9994
2 06231 065.4596 299.0222 7472392 255.2286 018.6178 02.00623304021463
1 06231U 72081  A 75264.66318749  .00000529 +00000-0 +00000-0 3  9997
2 06231 065.4704 298.5620 7472744 255.1432 018.6524 02.00628853021529
1 06231U 72081  A 75267.65370223  .00000529 +00000-0 +00000-0 3  9994
2 06231 065.4805 298.0962 7473819 255.0902 018.6657 02.00633368021580
1 06231U 72081  A 75270.64409159  .00000526 +00000-0 +00000-0 3  9995
2 06231 065.4815 297.6157 7472470 255.0382 018.7029 02.00638934021641
1 06231U 72081  A 75274.63103528  .00000516 +00000-0 +00000-0 3  9998
2 06231 065.4631 297.0154 7472678 254.9449 018.7431 02.00652131021721
1 06231U 72081  A 75274.63107014  .00000517 +00000-0 +00000-0 3  9993
2 06231 065.4621 297.0163 7472948 254.9544 018.7357 02.00647925021728
1 06231U 72081  A 75277.62127685  .00000511 +00000-0 +00000-0 3  9995
2 06231 065.4310 296.5467 7474480 254.8813 018.7534 02.00652466021784
1 06231U 72081  A 75280.61148640  .00000505 +00000-0 +00000-0 3  9995
2 06231 065.4178 296.0648 7473869 254.8250 018.7848 02.00656274021843
1 06231U 72081  A 75284.59826612  .00000491 +00000-0 +00000-0 3  9992
2 06231 065.4040 295.4462 7472618 254.7498 018.8322 02.00662521021921
1 06231U 72081  A 75287.58821962  .00000476 +00000-0 +00000-0 3  9990
2 06231 065.3970 295.0053 7472384 254.6485 018.8806 02.00667918021987
1 06231U 72081  A 75291.57469031  .00000457 +00000-0 +00000-0 3  9998
2 06231 065.3722 294.3817 7473350 254.5497 018.9161 02.00675143022062
1 06231U 72081  A 75294.56454369  .00000442 +00000-0 +00000-0 3  9992
2 06231 065.4106 293.9023 7472387 254.4996 018.9487 02.00679128022120
1 06231U 72081  A 75295.56116054  .00000437 +00000-0 +00000-0 3  9993
2 06231 065.4120 293.7455 7471675 254.4740 018.9681 02.00680415022148
1 06231U 72081  A 75302.53692908  .00000387 +00000-0 +00000-0 3  9990
2 06231 065.3768 292.6970 7469953 254.3164 019.0585 02.00692560022284
1 06231U 72081  A 75309.01426362  .00000339 +00000-0 +00000-0 3  9996
2 06231 065.3416 291.6777 7468743 254.2052 019.1229 02.00700663022414
1 06231U 72081  A 75314.49487252  .00000291 +00000-0 +00000-0 3  9996
2 06231 065.3264 290.8563 7466245 254.0481 019.2217 02.00707548022527
1 06231U 72081  A 75316.48776959  .00000273 +00000-0 +00000-0 3  9992
2 06231 065.3199 290.5552 7466698 254.0096 019.2350 02.00709363022562
1 06231U 72081  A 75329.44114110  .00000142 +00000-0 +00000-0 3  9992
2 06231 065.2948 288.5906 7461719 253.7016 019.4317 02.00722565022823
1 06231U 72081  A 75341.39764832  .00000013 +00000-0 +00000-0 3  9999
2 06231 065.3019 286.7745 7457661 253.4176 019.6098 02.00728514023064
1 06231U 72081  A 75343.39032409 -.00000009 +00000-0 +00000-0 3  9995
2 06231 065.2961 286.4807 7458086 253.3644 019.6308 02.00729540023105
1 06231U 72081  A 75348.37209747 -.00000065 +00000-0 +00000-0 3  9991
2 06231 065.2772 285.7364 7457018 253.2546 019.6949 02.00730944023201
1 06231U 72081  A 75351.85938165 -.00000103 +00000-0 +00000-0 3  9994
2 06231 065.2632 285.2204 7454506 253.1623 019.7659 02.00731163023278
1 06231U 72081  A 75364.31393766 -.00000237 +00000-0 +00000-0 3  9999
2 06231 065.2532 283.3497 7451620 252.8448 019.9506 02.00727959023524
1 06231U 72081  A 76007.28499126 -.00000321 +00000-0 +00000-0 3  9991
2 06231 065.2301 282.1998 7452221 252.6184 020.0554 02.00723640023680
1 06231U 72081  A 76014.25988292 -.00000386 +00000-0 +00000-0 3  9994
2 06231 065.2196 281.1609 7450148 252.4501 020.1605 02.00719038023827
1 06231U 72081  A 76020.23845720 -.00000440 +00000-0 +00000-0 3  9998
2 06231 065.2110 280.2837 7451876 252.2831 020.2250 02.00713712023942
1 06231U 72081  A 76022.23136615 -.00000456 +00000-0 +00000-0 3  9993
2 06231 065.2076 279.9749 7452398 252.2425 020.2394 02.00711659023980
1 06231U 72081  A 76035.18580341 -.00000551 +00000-0 +00000-0 3  9996
2 06231 065.1813 278.0444 7453385 251.9224 020.3888 02.00697001024243
1 06231U 72081  A 76047.64292335 -.00000620 +00000-0 +00000-0 3  9990
2 06231 065.1532 276.1758 7454152 251.6260 020.5303 02.00681251024499
1 06231U 72081  A 76050.13446807 -.00000631 +00000-0 +00000-0 3  9995
2 06231 065.1570 275.7791 7454509 251.5841 020.5477 02.00677878024541
1 06231U 72081  A 76053.62273406 -.00000644 +00000-0 +00000-0 3  9999
2 06231 065.1565 275.2414 7453413 251.5119 020.5965 02.00672922024618
1 06231U 72081  A 76055.11773061 -.00000649 +00000-0 +00000-0 3  9992
2 06231 065.1557 275.0226 7453474 251.4749 020.6144 02.00670677024641
1 06231U 72081  A 76060.10113334 -.00000667 +00000-0 +00000-0 3  9998
2 06231 065.1377 274.2806 7455125 251.3539 020.6582 02.00663206024744
1 06231U 72081  A 76063.09126758 -.00000674 +00000-0 +00000-0 3  9991
2 06231 065.1275 273.8247 7455578 251.3003 020.6806 02.00658874024804
1 06231U 72081  A 76070.56691122 -.00000688 +00000-0 +00000-0 3  9998
2 06231 065.1027 272.6926 7453711 251.1391 020.7843 02.00648102024956
1 06231U 72081  A 76074.55404281 -.00000693 +00000-0 +00000-0 3  9995
2 06231 065.0923 272.0784 7455112 251.0585 020.8101 02.00642249025031
1 06231U 72081  A 76078.04292869 -.00000693 +00000-0 +00000-0 3  9990
2 06231 065.0897 271.5221 7455144 251.0080 020.8359 02.00636646025103
1 06231U 72081  A 76080.03662014 -.00000693 +00000-0 +00000-0 3  9995
2 06231 065.0882 271.2103 7454049 250.9688 020.8684 02.00633706025147
1 06231U 72081  A 76084.02406644 -.00000692 +00000-0 +00000-0 3  9992
2 06231 065.0798 270.6089 7453642 250.8755 020.9214 02.00627752025224
1 06231U 72081  A 76087.51321983 -.00000689 +00000-0 +00000-0 3  9997
2 06231 065.0744 270.0750 7454396 250.8050 020.9497 02.00621153025298
1 06231U 72081  A 76088.01166963 -.00000688 +00000-0 +00000-0 3  9997
2 06231 065.0718 270.0002 7454399 250.7993 020.9527 02.00620510025309
1 06231U 72081  A 76089.50705575 -.00000685 +00000-0 +00000-0 3  9997
2 06231 065.0358 269.7471 7453906 250.7608 020.9780 02.00620052025335
1 06231U 72081  A 76090.50397968 -.00000686 +00000-0 +00000-0 3  9993
2 06231 065.0414 269.6436 7453646 250.7509 020.9863 02.00616913025354
1 06231U 72081  A 76091.00243186 -.00000684 +00000-0 +00000-0 3  9999
2 06231 065.0526 269.5411 7453700 250.7490 020.9865 02.00616961025366
1 06231U 72081  A 76092.49785756 -.00000682 +00000-0 +00000-0 3  9995
2 06231 065.0239 269.3378 7452820 250.7133 021.0150 02.00614569025397
1 06231U 72081  A 76092.99631690 -.00000680 +00000-0 +00000-0 3  9995
2 06231 065.0451 269.2361 7452731 250.7113 021.0170 02.00614203025402
1 06231U 72081  A 76093.99328088 -.00000338 +00000-0 -90907-3 0  9996
2 06231 065.0200 269.1080 7452622 250.6907 021.0291 02.00614153025420
1 06231U 72081  A 76094.99023770 -.00000915 +00000-0 +00000-0 0  9999
2 06231 065.0242 268.9597 7452294 250.6683 021.0444 02.00612672025448
1 06231U 72081  A 76096.98415946 -.00000746 +00000-0 +00000-0 0  9992
2 06231 065.0602 268.7226 7453025 250.6238 021.0596 02.00609964025486
1 06231U 72081  A 76098.97812318 -.00000746 +00000-0 +00000-0 0  9997
2 06231 065.0574 268.4150 7452553 250.5833 021.0861 02.00607118025521
1 06231U 72081  A 76100.97213549 -.00000922 +00000-0 +00000-0 0  9998
2 06231 064.9993 268.1029 7451784 250.5386 021.1182 02.00602972025568
1 06231U 72081  A 76101.96911665 -.00000741 +00000-0 +00000-0 0  9991
2 06231 065.0288 267.9863 7452636 250.5267 021.1149 02.00602722025583
1 06231U 72081  A 76105.95721052 -.00000739 +00000-0 +00000-0 0  9990
2 06231 065.0095 267.3919 7452709 250.4506 021.1543 02.00596800025667
1 06231U 72081  A 76110.94245477 -.00000667 +00000-0 +00000-0 0  9997
2 06231 065.0035 266.6256 7452148 250.3729 021.2016 02.00591057025766
1 06231U 72081  A 76113.43523592 -.00005265 +00000-0 +00000-0 0  9990
2 06231 065.0073 266.1633 7448121 250.2822 021.2947 02.00582485025815
1 06231U 72081  A 76116.42668006 -.00001245 +00000-0 +00000-0 0  9996
2 06231 064.9940 265.8053 7452641 250.2430 021.2648 02.00571974025870
1 06231U 72081  A 76117.92218300 -.00000681 +00000-0 +00000-0 0  9993
2 06231 064.9630 265.5824 7449987 250.1878 021.3240 02.00581087025902
1 06231U 72081  A 76120.91357610 -.00000305 +00000-0 +00000-0 0  9997
2 06231 064.9678 265.0455 7448528 250.1454 021.3630 02.00578515025960
1 06231U 72081  A 76121.91069789 -.00000703 +00000-0 +00000-0 0  9997
2 06231 064.9525 264.9037 7449002 250.1447 021.3580 02.00575971025984
1 06231U 72081  A 76126.89654680 -.00000700 +00000-0 +00000-0 0  9996
2 06231 064.9580 264.2127 7448240 250.0280 021.4290 02.00568238026084
1 06231U 72081  A 76128.89089627 -.00000622 +00000-0 +00000-0 0  9994
2 06231 064.9632 263.8945 7447908 249.9950 021.4504 02.00566863026121
1 06231U 72081  A 76132.87969300 -.00000622 +00000-0 +00000-0 0  9992
2 06231 064.9667 263.3014 7447975 249.9206 021.4896 02.00561893026200
1 06231U 72081  A 76141.85486361 -.00000622 +00000-0 +00000-0 0  9991
2 06231 064.9531 261.9564 7445315 249.7045 021.6363 02.00551613026388
1 06231U 72081  A 76144.84667725 -.00000622 +00000-0 +00000-0 0  9998
2 06231 064.9461 261.5135 7444507 249.6282 021.6869 02.00548694026447
1 06231U 72081  A 76152.82506460 -.00000622 +00000-0 +00000-0 0  9993
2 06231 064.9346 260.3475 7443226 249.4472 021.8003 02.00539784026609
1 06231U 72081  A 76155.81703517 -.00000320 +00000-0 +00000-0 3  9995
2 06231 064.9288 259.9055 7442694 249.3702 021.8485 02.00536866026663
1 06231U 72081  A 76158.80893752 -.00000290 +00000-0 +00000-0 3  9994
2 06231 064.9204 259.3954 7442661 249.2759 021.9007 02.00536614026727
1 06231U 72081  A 76162.79831074 -.00000251 +00000-0 +00000-0 3  9993
2 06231 064.9215 258.8027 7441183 249.1770 021.9721 02.00533775026801
1 06231U 72081  A 76165.79033323 -.00000221 +00000-0 +00000-0 3  9994
2 06231 064.9181 258.3681 7441722 249.0993 022.0090 02.00532191026867
1 06231U 72081  A 76172.77179617 -.00000149 +00000-0 +00000-0 3  9996
2 06231 064.9023 257.3303 7442416 248.9542 022.0816 02.00529519027004
1 06231U 72081  A 76179.75334927 -.00000077 +00000-0 +00000-0 3  9998
2 06231 064.8825 256.3222 7442175 248.7806 022.1812 02.00528070027148
1 06231U 72081  A 76187.73227353  .00000009 +00000-0 +00000-0 3  9993
2 06231 064.8692 255.1284 7443150 248.6162 022.2619 02.00527370027309
1 06231U 72081  A 76189.72700735  .00000030 +00000-0 +00000-0 3  9998
2 06231 064.8660 254.8348 7442816 248.5688 022.2925 02.00527515027346
1 06231U 72081  A 76196.70850702  .00000107 +00000-0 +00000-0 3  9999
2 06231 064.8616 253.7821 7444987 248.4238 022.3495 02.00528818027487
1 06231U 72081  A 76207.67918363  .00000219 +00000-0 +00000-0 3  9990
2 06231 064.8387 252.1593 7445607 248.1942 022.4726 02.00534861027708
1 06231U 72081  A 76217.65225339  .00000317 +00000-0 +00000-0 3  9992
2 06231 064.8034 250.6522 7445259 247.9944 022.5908 02.00541643027905
1 06231U 72081  A 76222.63850610  .00000000 +00000-0 +00000-0 3  9991
2 06231 064.7709 249.8997 7447322 247.9087 022.6158 02.00547131028008
1 06231U 72081  A 76224.63302227  .00000379 +00000-0 +00000-0 3  9998
2 06231 064.7478 249.5918 7447049 247.8755 022.6381 02.00548900028045
1 06231U 72081  A 76228.62189846  .00000411 +00000-0 +00000-0 3  9998
2 06231 064.7263 248.9882 7447227 247.8326 022.6608 02.00553804028122
1 06231U 72081  A 76230.61634500  .00000426 +00000-0 +00000-0 3  9998
2 06231 064.7222 248.6951 7446715 247.7799 022.6974 02.00556164028167
1 06231U 72081  A 76235.60230963  .00000461 +00000-0 +00000-0 3  9996
2 06231 064.7441 247.9547 7447623 247.6640 022.7533 02.00562632028266
1 06231U 72081  A 76238.59371939  .00000481 +00000-0 +00000-0 3  9998
2 06231 064.7100 247.4954 7448998 247.6369 022.7529 02.00566837028322
1 06231U 72081  A 76243.57943724  .00000511 +00000-0 +00000-0 3  9993
2 06231 064.7146 246.7376 7447202 247.5286 022.8371 02.00573565028429
1 06231U 72081  A 76256.54129225  .00000568 +00000-0 +00000-0 3  9998
2 06231 064.6986 244.7796 7446423 247.2612 023.0030 02.00593757028686
1 06231U 72081  A 76260.52928539  .00000579 +00000-0 +00000-0 3  9998
2 06231 064.6877 244.1910 7446518 247.1868 023.0456 02.00600253028765
1 06231U 72081  A 76262.52317383  .00000583 +00000-0 +00000-0 3  9994
2 06231 064.6836 243.8949 7447585 247.1737 023.0405 02.00603895028802
1 06231U 72081  A 76266.51093826  .00000591 +00000-0 +00000-0 3  9999
2 06231 064.6828 243.2836 7448303 247.1287 023.0583 02.00610346028885
1 06231U 72081  A 76271.49543865  .00000596 +00000-0 +00000-0 3  9990
2 06231 064.6794 242.5283 7447660 247.0531 023.1108 02.00618651028983
1 06231U 72081  A 76273.48923937  .00000596 +00000-0 +00000-0 3  9993
2 06231 064.6767 242.2353 7446761 246.9676 023.1722 02.00622057029020
1 06231U 72081  A 76277.47661852  .00000595 +00000-0 +00000-0 3  9990
2 06231 064.6671 241.6311 7447272 246.8628 023.2286 02.00629178029101
1 06231U 72081  A 76280.46707984  .00000592 +00000-0 +00000-0 3  9997
2 06231 064.6599 241.1786 7446324 246.8174 023.2667 02.00634619029169
1 06231U 72081  A 76286.44773136  .00000580 +00000-0 +00000-0 3  9990
2 06231 064.6505 240.2975 7446633 246.7359 023.3118 02.00645136029284
1 06231U 72081  A 76298.40822691  .00000539 +00000-0 +00000-0 3  9994
2 06231 064.6565 238.5194 7445850 246.4470 023.4948 02.00665061029522
1 06231U 72081  A 76302.39482506  .00000520 +00000-0 +00000-0 3  9995
2 06231 064.6356 237.9291 7446770 246.3401 023.5483 02.00670812029600
1 06231U 72081  A 76305.38460497  .00000504 +00000-0 +00000-0 3  9994
2 06231 064.6546 237.4742 7447569 246.3161 023.5532 02.00675978029666
1 06231U 72081  A 76314.35375161  .00000000 +00000-0 +00000-0 3  9995
2 06231 064.6552 236.1402 7447645 246.1068 023.6799 02.00689132029844
1 06231U 72081  A 76316.34687749  .00000432 +00000-0 +00000-0 3  9993
2 06231 064.6537 235.8478 7446404 246.0220 023.7466 02.00691816029885
1 06231U 72081  A 76317.34339807  .00000424 +00000-0 +00000-0 3  9994
2 06231 064.6528 235.6990 7446788 246.0029 023.7538 02.00693106029901
1 06231U 72081  A 76326.80994124  .00000346 +00000-0 +00000-0 3  9997
2 06231 064.6384 234.2977 7450501 245.8799 023.7840 02.00704762030099
1 06231U 72081  A 76333.28681708  .00000288 +00000-0 +00000-0 3  9993
2 06231 064.6386 233.3200 7452175 245.7534 023.8417 02.00711687030225
1 06231U 72081  A 76338.26892988  .00000000 +00000-0 +00000-0 3  9992
2 06231 064.6231 232.5973 7451312 245.6047 023.9441 02.00718453030329
1 06231U 72081  A 76340.26176788  .00000219 +00000-0 +00000-0 3  9990
2 06231 064.6449 232.2802 7452582 245.5854 023.9406 02.00717832030368
1 06231U 72081  A 76344.24734863  .00000179 +00000-0 +00000-0 3  9991
2 06231 064.6391 231.6856 7454141 245.4996 023.9747 02.00720650030444
1 06231U 72081  A 76347.23648224  .00000148 +00000-0 +00000-0 3  9994
2 06231 064.6279 231.2345 7454892 245.4559 023.9927 02.00722651030506
1 06231U 72081  A 76351.22200676  .00000106 +00000-0 +00000-0 3  9997
2 06231 064.6165 230.6333 7455212 245.3822 024.0347 02.00724158030589
1 06231U 72081  A 77010.13094398  .00000117 +00000-0 +00000-0 0  9991
2 06231 064.5652 226.9136 7458460 244.8936 024.3220 02.00729033031082
1 06231U 72081  A 77021.09086971 -.00000018 +00000-0 +00000-0 0  9997
2 06231 064.5549 225.2636 7461102 244.6975 024.3130 02.00724915031301
1 06231U 72081  A 77028.06564700 -.00000050 +00000-0 +00000-0 0  9998
2 06231 064.5506 224.2125 7462004 244.5382 024.3761 02.00720822031447
1 06231U 72081  A 77033.04778754 -.00000061 +00000-0 +00000-0 0  9990
2 06231 064.5388 223.4608 7463933 244.4696 024.4553 02.00717266031540
1 06231U 72081  A 77035.04064807 -.00000074 +00000-0 +00000-0 0  9993
2 06231 064.5379 223.1628 7464344 244.4324 024.4653 02.00715494031580
1 06231U 72081  A 77038.02997661 -.00000102 +00000-0 +00000-0 0  9999
2 06231 064.5306 222.7111 7465330 244.3670 024.4815 02.00712574031644
1 06231U 72081  A 77043.01228119 -.00000147 +00000-0 +00000-0 0  9998
2 06231 064.5196 221.9597 7466735 244.2774 024.5165 02.00707842031746
1 06231U 72081  A 77046.99823078 -.00000197 +00000-0 +00000-0 0  9998
2 06231 064.5127 221.3563 7467726 244.2050 024.5556 02.00703717031825
1 06231U 72081  A 77051.98077864 -.00000235 +00000-0 +00000-0 0  9990
2 06231 064.5118 220.5978 7469572 244.1187 024.6089 02.00698314031926
1 06231U 72081  A 77056.96346787 -.00000231 +00000-0 +00000-0 0  9992
2 06231 064.5091 219.8432 7471150 244.0290 024.6476 02.00692739032028
1 06231U 72081  A 77060.94973307 -.00000237 +00000-0 +00000-0 0  9995
2 06231 064.5050 219.2414 7472833 243.9563 024.6874 02.00687890032100
1 06231U 72081  A 77063.93950261 -.00000255 +00000-0 +00000-0 0  9991
2 06231 064.5039 218.7920 7473585 243.9013 024.7212 02.00684055032161
1 06231U 72081  A 77069.91914008 -.00000294 +00000-0 +00000-0 0  9997
2 06231 064.4852 217.8772 7474730 243.7767 024.7430 02.00676356032285
1 06231U 72081  A 77072.90914718 -.00000323 +00000-0 +00000-0 0  9991
2 06231 064.4826 217.4212 7475899 243.7237 024.8125 02.00671926032347
1 06231U 72081  A 77078.88915792 -.00000367 +00000-0 +00000-0 0  9995
2 06231 064.4770 216.5061 7478361 243.6308 024.8637 02.00664319032461
1 06231U 72081  A 77083.87269532 -.00000350 +00000-0 +00000-0 0  9996
2 06231 064.4752 215.7465 7479592 243.5271 024.8986 02.00657769032564
1 06231U 72081  A 77088.85641055 -.00000345 +00000-0 +00000-0 0  9997
2 06231 064.4694 214.9898 7481117 243.4318 024.9378 02.00650840032667
1 06231U 72081  A 77096.83064660 -.00000370 +00000-0 +00000-0 0  9993
2 06231 064.4573 213.7689 7483931 243.3017 024.9966 02.00640344032828
1 06231U 72081  A 77107.79584550 -.00000411 +00000-0 +00000-0 0  9992
2 06231 064.4319 212.0979 7486016 243.0527 025.1241 02.00627451033048
1 06231U 72081  A 77118.76177980 -.00000368 +00000-0 +00000-0 0  9997
2 06231 064.4601 210.4144 7489381 242.8380 025.3203 02.00615940033264
1 06231U 72081  A 77123.74638122 -.00000364 +00000-0 +00000-0 0  9997
2 06231 064.4490 209.6556 7490726 242.7514 025.3392 02.00611154033363
1 06231U 72081  A 77125.74021983 -.00000367 +00000-0 +00000-0 0  9993
2 06231 064.4487 209.3530 7491432 242.7161 025.3406 02.00609681033404
1 06231U 72081  A 77127.73407851 -.00000380 +00000-0 +00000-0 0  9991
2 06231 064.4485 209.0503 7492144 242.6809 025.3448 02.00608122033447
1 06231U 72081  A 77128.73100101 -.00000388 +00000-0 +00000-0 0  9998
2 06231 064.4333 208.8855 7492695 242.6648 025.3680 02.00608002033465
1 06231U 72081  A 77131.72183870 -.00000397 +00000-0 +00000-0 0  9995
2 06231 064.4329 208.4308 7493778 242.6124 025.3857 02.00605509033523
1 06231U 72081  A 77134.71272717 -.00000377 +00000-0 +00000-0 0  9994
2 06231 064.4468 207.9718 7494588 242.5537 025.4027 02.00603177033588
1 06231U 72081  A 77136.70666023 -.00000363 +00000-0 +00000-0 0  9997
2 06231 064.3781 207.6640 7495559 242.5288 025.5310 02.00609145033620
1 06231U 72081  A 77141.69126111 -.00000321 +00000-0 +00000-0 0  9994
2 06231 064.4215 206.8911 7496983 242.4112 025.3901 02.00601352033729
1 06231U 72081  A 77143.68528366 -.00000319 +00000-0 +00000-0 0  9990
2 06231 064.3656 206.5912 7498317 242.4076 025.5649 02.00609358033766
1 06231U 72081  A 77149.66684888  .00000195 +00000-0 +21869-3 0  9996
2 06231 064.4105 205.6553 7499708 242.2877 025.5250 02.00610075033888
1 06231U 72081  A 77160.63316771  .00000230 +00000-0 +19294-3 0  9998
2 06231 064.3779 203.9595 7503956 242.0980 025.5547 02.00611441034108
1 06231U 72081  A 77168.60863527  .00000446 +00000-0 +20579-3 0  9996
2 06231 064.3522 202.7257 7507147 241.9614 025.6528 02.00616820034267
1 06231U 72081  A 77175.58684636  .00000610 +00000-0 +20871-3 0  9991
2 06231 064.3441 201.6374 7510197 241.8481 025.7117 02.00624303034401
1 06231U 72081  A 77180.57102149  .00000838 +00000-0 +22948-3 0  9999
2 06231 064.3415 200.8603 7512509 241.7725 025.7190 02.00633629034500
1 06231U 72081  A 77185.55494645  .00000892 +00000-0 +21431-3 0  9993
2 06231 064.3315 200.0863 7514913 241.7009 025.7200 02.00642430034608
1 06231U 72081  A 77187.54841701  .00001066 +00000-0 +22629-3 0  9997
2 06231 064.3247 199.7675 7516115 241.6781 025.7383 02.00649285034640
1 06231U 72081  A 77192.53196623  .00001270 +00000-0 +19054-3 0  9993
2 06231 064.3119 198.9886 7520302 241.6643 025.7510 02.00662502034743
1 06231U 72081  A 77201.50154963  .00001373 +00000-0 +16759-3 0  9995
2 06231 064.2948 197.5834 7522906 241.4609 025.7893 02.00685106034921
1 06231U 72081  A 77206.48421855  .00001520 +00000-0 +16981-3 0  9995
2 06231 064.2786 196.8046 7523889 241.3481 025.8566 02.00701076035021
1 06231U 72081  A 77209.47357187  .00001629 +00000-0 +16033-3 0  9991
2 06231 064.2756 196.3329 7525535 241.2991 025.9175 02.00712962035081
1 06231U 72081  A 77216.44816913  .00002915 +00000-0 +20738-3 0  9999
2 06231 064.2902 195.2146 7528253 241.1773 026.2390 02.00755760035228
1 06231U 72081  A 77224.41666608  .00002988 +00000-0 +13600-3 0  9999
2 06231 064.2763 193.9653 7532818 241.0696 026.0433 02.00803426035382
1 06231U 72081  A 77227.40437293  .00004034 +00000-0 +14373-3 0  9999
2 06231 064.2616 193.4895 7534583 241.0550 026.1959 02.00837862035444
1 06231U 72081  A 77231.38699649  .00003705 +00000-0 +16788-3 0  9992
2 06231 064.2638 192.8552 7532337 240.9189 026.0154 02.00866821035524
1 06231U 72081  A 77233.37834989  .00005106 +00000-0 +13016-3 0  9999
2 06231 064.2533 192.5306 7536974 240.9817 026.2289 02.00898991035569
1 06231U 72081  A 77241.34054291  .00008228 +00000-0 +14829-3 0  9996
2 06231 064.2455 191.2615 7538539 240.8172 026.7545 02.01028087035723
1 06231U 72081  A 77244.32389577  .00009325 +00000-0 +15569-3 0  9996
2 06231 064.2481 190.7806 7538570 240.7408 026.2019 02.01089078035788
1 06231U 72081  A 77246.31277393  .00009103 +00000-0 +13505-3 0  9991
2 06231 064.2483 190.4656 7539197 240.7115 026.1784 02.01126582035826
1 06231U 72081  A 77247.30706638  .00012566 +00000-0 +14895-3 0  9990
2 06231 064.2230 190.3175 7540208 240.7037 026.2774 02.01169782035840
1 06231U 72081  A 77250.28877790  .00013531 +00000-0 +12691-3 0  9994
2 06231 064.2449 189.8218 7541040 240.6807 026.2648 02.01258273035903
1 06231U 72081  A 77254.26252972  .00019386 +00000-0 +12227-3 0  9994
2 06231 064.2166 189.1972 7541853 240.5985 027.0198 02.01437566035988
1 06231U 72081  A 77263.18438056  .00047562 +00000-0 +25969-3 0  9998
2 06231 064.2342 187.7437 7536429 240.4054 027.7002 02.02163713036166
