1 12633U 81069  D 81216.46090832  .00000139 +00000-0 +09999-5 0  9993
2 12633 047.3374 280.9786 7287325 001.0043 000.1367 02.21910739000110
1 12633U 81069  D 81227.27567230  .00000148 +00000-0 +09999-5 0  9995
2 12633 047.3149 278.1266 7291175 003.7322 000.1436 02.21924591000353
1 12633U 81069  D 81230.87993208  .00000146 +00000-0 +09999-5 0  9991
2 12633 047.2828 277.1776 7289889 004.6727 359.7669 02.21930218000432
1 12633U 81069  D 81237.18788236  .00001048 +00000-0 +02702-3 0  9990
2 12633 047.2781 275.4764 7293285 006.2855 359.7457 02.21948218000572
1 12633U 81069  D 81244.39567045  .00002113 +00000-0 +24326-2 0  9993
2 12633 047.2682 273.5660 7295755 008.1413 359.2599 02.21978966000734
1 12633U 81069  D 81244.39597266  .00001683 +00000-0 +19192-2 0  9997
2 12633 047.2620 273.5590 7295775 008.1486 359.4862 02.21975288000739
1 12633U 81069  D 81246.19753474  .00001150 +00000-0 +12516-2 0  9994
2 12633 047.2483 273.0754 7296433 008.6205 359.1474 02.21979478000774
1 12633U 81069  D 81252.05347992  .00001818 +00000-0 +18796-2 0  9997
2 12633 047.2337 271.5102 7298494 010.1248 359.0446 02.22002422000906
1 12633U 81069  D 81252.05348094  .00001801 +00000-0 +18594-2 0  9999
2 12633 047.2346 271.5121 7298525 010.1278 359.0439 02.22002250000906
1 12633U 81069  D 81261.06125637  .00002043 +00000-0 +19700-2 0  9995
2 12633 047.2047 269.0848 7300301 012.4947 358.7078 02.22038387001104
1 12633U 81069  D 81266.01498753  .00002232 +00000-0 +19700-2 0  9997
2 12633 047.1640 267.7376 7302672 013.8026 358.6086 02.22060456001211
1 12633U 81069  D 81275.02030991  .00002621 +00000-0 +19700-2 0  9996
2 12633 047.1465 265.3230 7306706 016.1115 358.4499 02.22109070001410
1 12633U 81069  D 81283.12289980  .00003530 +00000-0 +23066-2 0  9990
2 12633 047.0964 263.1159 7310036 018.2252 358.0168 02.22164284001591
1 12633U 81069  D 81297.97210600  .00004643 +00000-0 +23066-2 0  9997
2 12633 047.0206 259.0902 7315705 022.1368 357.5212 02.22293519001925
1 12633U 81069  D 81311.91194722  .00006730 +00000-0 +09755-3 0  9993
2 12633 046.9761 255.1761 7317073 025.8398 357.1008 02.22464657002239
1 12633U 81069  D 81314.15916742  .00007440 +00000-0 +08118-3 0  9997
2 12633 046.9581 254.6285 7320202 026.4345 357.0162 02.22502923002285
1 12633U 81069  D 81316.85537372  .00008113 +00000-0 +08116-3 0  9990
2 12633 046.9453 253.9016 7321685 027.1210 356.9364 02.22547412002343
1 12633U 81069  D 81318.20328537  .00008151 +00000-0 +08156-3 0  9998
2 12633 046.9369 253.5017 7321572 027.5152 356.9023 02.22569418002375
1 12633U 81069  D 81320.89862455  .00008779 +00000-0 +07670-3 0  9994
2 12633 046.9237 252.7710 7323046 028.2000 356.8464 02.22620940002431
1 12633U 81069  D 81325.83836203  .00010307 +00000-0 +08546-3 0  9998
2 12633 046.8937 251.3970 7324831 029.5414 356.6734 02.22721362002546
1 12633U 81069  D 81325.83836206  .00009703 +00000-0 +08546-3 0  9999
2 12633 046.8892 251.3906 7323638 029.5839 356.6696 02.22720218002546
1 12633U 81069  D 81325.83836273  .00009702 +00000-0 +08347-3 0  9991
2 12633 046.8909 251.3974 7323774 029.5736 356.6707 02.22720194002543
1 12633U 81069  D 81331.22486582  .00009556 +00000-0 +03629-3 0  9990
2 12633 046.8737 249.8848 7326172 030.9935 356.5332 02.22821474002665
1 12633U 81069  D 81334.81434112  .00010954 +00000-0 +05454-3 0  9992
2 12633 046.8686 248.8929 7326682 031.9557 356.4604 02.22905421002749
1 12633U 81069  D 81334.81452816  .00010157 +00000-0 +03631-3 0  9993
2 12633 046.8735 248.8977 7326669 031.9587 356.6099 02.22902274002748
1 12633U 81069  D 81338.85068522  .00012945 +00000-0 +07649-3 0  9998
2 12633 046.8619 247.7666 7327362 033.0519 356.3331 02.23015833002834
1 12633U 81069  D 81338.85095686  .00011824 +00000-0 +05454-3 0  9996
2 12633 046.8601 247.7713 7327239 033.0605 356.5514 02.23011446002838
1 12633U 81069  D 81342.88513913  .00011029 +00000-0 +01397-3 0  9991
2 12633 046.8481 246.6366 7328131 034.1451 356.4489 02.23129201002928
1 12633U 81069  D 81343.78096681  .00017216 +00000-0 +02402-3 0  9991
2 12633 046.8431 246.3819 7328288 034.3766 356.1712 02.23184752002947
1 12633U 81069  D 81343.78096700  .00017217 +00000-0 +02352-3 0  9998
2 12633 046.8413 246.3800 7328315 034.3763 356.1715 02.23184752002948
1 12633U 81069  D 81350.94552486  .00020613 +00000-0 +03864-3 0  9995
2 12633 046.8558 244.4047 7328250 036.2033 356.5347 02.23480487003107
1 12633U 81069  D 81352.73427672  .00020740 +00000-0 +01919-3 0  9992
2 12633 046.8519 243.8950 7328733 036.6519 355.9204 02.23555827003149
1 12633U 81069  D 81352.73427743  .00020740 +00000-0 +01925-3 0  9998
2 12633 046.8520 243.8952 7328730 036.6516 355.9210 02.23555803003148
1 12633U 81069  D 81360.77925289  .00021638 +00000-0 +06821-3 0  9996
2 12633 046.8250 241.6482 7329389 039.0318 355.6792 02.23905849003321
