1 23804U 96013C   96056.19861111  .00362846 -46777-6  40237-1 0  9994
2 23804 085.9781 027.1625 7933277 292.1879 024.4218 01.53317769    10
1 23804U 96013C   96056.81657409 +.00000391 -38122-6 +10000-4 0  9993
2 23804 085.9780 027.1436 7931734 292.0969 006.0061 01.53523656000021
1 23804U 96013C   96060.72476206 +.00010740 +37604-6 +13170-2 0  9993
2 23804 085.9933 027.0395 7929845 291.5716 006.8188 01.53619731000082
1 23804U 96013C   96062.67605481 +.00009992 +49135-6 +13133-2 0  9996
2 23804 086.0134 026.9973 7928821 291.3061 006.1005 01.53657224000115
1 23804U 96013C   96066.00000000  .00008190  00000-0  13205-2 0  9994
2 23804 085.9760 026.9100 7925491 290.8680 045.1640 01.53710215   164
1 23804U 96013C   96067.88139158 +.00008452 -75754-6 +10380-2 0  9995
2 23804 086.0558 026.8769 7927417 290.5957 006.2734 01.53731628000191
1 23804U 96013C   96069.83279562 +.00007294 -90178-6 +10048-2 0  9997
2 23804 085.9676 026.8004 7925727 290.3723 006.3170 01.53750575000224
1 23804U 96013C   96071.78385288  .00006025 -53969-6  78318-3 0  9990
2 23804 085.9966 026.7586 7926570 290.0692 006.3119 01.53768494   254
1 23804U 96013C   96080.88563825 +.00005648 +00000-0 +92555-3 0  9996
2 23804 086.0437 026.5313 7923741 288.8659 006.4959 01.53866137000391
1 23804U 96013C   96084.78471189 +.00005265 +00000-0 +87798-3 0  9998
2 23804 086.0443 026.4289 7923527 288.3274 006.3803 01.53900251000459
1 23804U 96013C   96099.07341374 +.00001962 +00000-0 +37211-3 0  9993
2 23804 086.0927 026.0618 7920177 286.4421 004.0019 01.53940900000672
1 23804U 96013C   96099.72904981  .00000264  00000-0  10000-4 0  9996
2 23804 085.9988 026.1316 7900133 286.3089 006.9812 01.53933867   689
1 23804U 96013C   96099.72919537 +.00000297 +00000-0 +10000-4 0  9995
2 23804 086.0828 026.0362 7920016 286.3639 007.4262 01.53918114000680
1 23804U 96013C   96101.02772934  .00000288  00000-0  10000-4 0  9990
2 23804 086.0817 026.0096 7918301 286.2053 006.9760 01.53940020   706
1 23804U 96013C   96112.71900253  .00001102  00000-0  26528-3 0  9992
2 23804 086.1109 025.7090 7917215 284.6536 007.2108 01.53972963   882
1 23804U 96013C   96112.72063054 +.00001529 +00000-0 +38444-3 0  9995
2 23804 086.1099 025.7075 7917066 284.6558 008.1137 01.53978303000887
1 23804U 96013C   96114.01791248 +.00001927 +00000-0 +49002-3 0  9996
2 23804 086.1198 025.6749 7917172 284.4819 007.2372 01.53978622000908
1 23804U 96013C   96116.61561834  .00000470  00000-0  69669-4 0  9994
2 23804 086.1200 025.6129 7917171 284.1347 007.2705 01.53980572   947
1 23804U 96013C   96125.70765860 +.00001014 +00000-0 +21392-3 0  9994
2 23804 086.1391 025.3785 7916317 282.9258 007.6854 01.53995554001082
1 23804U 96013C   96127.00603589  .00000686  00000-0  10000-3 0  9996
2 23804 086.1385 025.3549 7919224 282.7848 007.5091 01.53989734  1104
1 23804U 96013C   96127.65539436 +.00000684 +00000-0 +10000-3 0  9994
2 23804 086.1425 025.3352 7919115 282.6762 007.5696 01.53991954001113
1 23804U 96013C   96136.74635751 -.00000506  00000-0  00000+0 0  9990
2 23804 086.1659 025.2002 7904288 281.4460 007.7831 01.54000644  1234
1 23804U 96013C   96136.74647549  .00000837  00000-0  16260-3 0  9993
2 23804 086.1581 025.1036 7918391 281.4595 007.9431 01.54010351  1259
1 23804U 96013C   96140.64193805 +.00001109 +00000-0 +33944-3 0  9999
2 23804 086.1652 024.9937 7914640 280.9465 007.7857 01.54017011001315
1 23804U 96013C   96142.58978943  .00000570  00000-0  15495-3 0  9990
2 23804 086.1672 024.9445 7914345 280.6897 007.8336 01.54018668  1344
1 23804U 96013C   96146.48542855 +.00000705 +00000-0 +14982-3 0  9992
2 23804 086.1716 024.8449 7914102 280.1704 007.9316 01.54022161001408
1 23804U 96013C   96148.43321983  .00001152  00000-0  30464-3 0  9996
2 23804 086.1763 024.7914 7913580 279.8940 008.1021 01.54031445  1436
1 23804U 96013C   96151.67929846  .00000883  00000-0  38897-3 0  9996
2 23804 086.1755 024.8372 7910026 279.5150 008.0900 01.54038342  1481
1 23804U 96013C   96160.11823111 +.00000822 +00000-0 +21432-3 0  9993
2 23804 086.1924 024.4954 7913304 278.3354 007.9166 01.54042384001614
1 23804U 96013C   96163.36466525  .00001169  00000-0  36157-3 0  9990
2 23804 086.1927 024.4166 7914293 277.9432 008.3346 01.54052112  1662
1 23804U 96013C   96166.61021816 +.00000084 +00000-0 +49216-4 0  9997
2 23804 086.1954 024.3365 7914746 277.5005 008.3215 01.54051209001714
1 23804U 96013C   96168.55774696 +.00000849 +00000-0 +28923-3 0  9993
2 23804 086.1989 024.2822 7914252 277.2410 008.4651 01.54058132001748
1 23804U 96013C   96170.50501541  .00001205  00000-0  39072-3 0  9992
2 23804 086.1973 024.2344 7913762 276.9742 008.5043 01.54064040  1773
1 23804U 96013C   96176.34657718  .00000833  00000-0  25680-3 0  9994
2 23804 086.2122 024.0984 7912625 276.2309 008.5965 01.54070381  1865
1 23804U 96013C   96177.64481996 +.00001306 +00000-0 +40628-3 0  9996
2 23804 086.2194 024.0762 7913688 276.0529 008.7337 01.54076630001880
1 23804U 96013C   96179.59178913 +.00001804 +00000-0 +61332-3 0  9992
2 23804 086.1974 024.0234 7912978 275.7745 008.7476 01.54086308001917
1 23804U 96013C   96179.59184214  .00001061  00000-0  30211-3 0  9990
2 23804 086.1725 024.0905 7915599 275.7756 008.7585 01.54085794  1920
1 23804U 96013C   96181.53873033 +.00000803 +00000-0 +23830-3 0  9993
2 23804 086.2070 023.9765 7914196 275.5054 008.7401 01.54084530001943
1 23804U 96013C   96183.48432097 +.00001093 +00000-0 +39830-3 0  9999
2 23804 086.1910 023.9183 7910661 275.3202 008.0288 01.54088688001961
1 23804U 96013C   96183.48432097 +.00001093 +00000-0 +39830-3 0  9999
2 23804 086.1910 023.9183 7910661 275.3202 008.0288 01.54088688001961
1 23804U 96013C   96183.48569318  .00001384  00000-0  41399-3 0  9992
2 23804 086.1876 024.0007 7914838 275.1841 008.8802 01.54098847  1986
1 23804U 96013C   96183.48580942  .00001108  00000-0  31331-3 0  9997
2 23804 086.2147 023.9259 7914183 275.2496 008.8559 01.54089427  1977
1 23804U 96013C   96194.51685380 +.00001756 +00000-0 +31331-3 0  9994
2 23804 086.1924 023.5520 7921747 273.6258 009.1667 01.54113911002148
