0 TBA - TO BE ASSIGNED
1 45036U 09070P   20021.54869179  .00006269  00000-0  94056-2 0  9997
2 45036  64.7321  28.0449 5779749  27.6706 353.8529  4.21985945   176
0 TBA - TO BE ASSIGNED
1 45036U 09070P   20022.49657710  .00006841  00000-0  94830-2 0  9994
2 45036  64.7331  27.6756 5784697  27.5003 353.8789  4.22000563   218
0 SL-12 DEB
1 45036U 09070P   20022.97051726  .00006666  00000-0  90453-2 0  9994
2 45036  64.7438  27.5433 5786029  27.4213 353.8947  4.22006038   231
0 SL-12 DEB
1 45036U 09070P   20024.15532650  .00006611  00000-0  90033-2 0  9990
2 45036  64.7463  27.1059 5785844  27.4066 353.9042  4.22021565   283
0 SL-12 DEB
1 45036U 09070P   20024.39228112  .00006667  00000-0  90088-2 0  9992
2 45036  64.7482  27.0094 5786356  27.3876 353.9086  4.22025137   297
0 SL-12 DEB
1 45036U 09070P   20025.10313254  .00006695  00000-0  89093-2 0  9999
2 45036  64.7415  26.7149 5787425  27.3325 353.9170  4.22034971   321
0 SL-12 DEB
1 45036U 09070P   20026.05090904 +.00006703 +00000-0 +89179-2 0  9993
2 45036 064.7389 026.3549 5787609 027.3060 353.9161 04.22047985000364
0 SL-12 DEB
1 45036U 09070P   20026.28784750  .00006734  00000-0  90715-2 0  9999
2 45036  64.7456  26.2830 5786866  27.3321 353.9081  4.22051512   378
0 SL-12 DEB
1 45036U 09070P   20026.99865286  .00006781  00000-0  90219-2 0  9992
2 45036  64.7563  26.0496 5787768  27.2405 353.9198  4.22061837   401
0 SL-12 DEB
1 45036U 09070P   20027.23558649  .00006832  00000-0  90910-2 0  9997
2 45036  64.7579  25.9633 5787788  27.2651 353.9157  4.22065424   416
0 SL-12 DEB
1 45036U 09070P   20029.13097748  .00007304  00000-0  95943-2 0  9992
2 45036  64.7592  25.2578 5788629  27.2334 353.9390  4.22095937   494
0 SL-12 DEB
1 45036U 09070P   20030.07860426  .00007554  00000-0  97805-2 0  9994
2 45036  64.7654  24.9061 5789388  27.1639 353.9502  4.22112680   531
0 SL-12 DEB
1 45036U 09070P   20031.02619753  .00007703  00000-0  10007-1 0  9999
2 45036  64.7722  24.5649 5788935  27.1861 353.9309  4.22128277   577
0 SL-12 DEB
1 45036U 09070P   20031.97376507  .00008724  00000-0  11416-1 0  9999
2 45036  64.8104  24.2676 5788024  27.0022 354.0417  4.22152891   612
0 SL-12 DEB
1 45036U 09070P   20032.44747812  .00008942  00000-0  11611-1 0  9992
2 45036  64.8098  24.0904 5788316  27.0578 353.9607  4.22162654   635
0 SL-12 DEB
1 45036U 09070P   20033.15809794  .00010363  00000-0  12818-1 0  9999
2 45036  64.7834  23.7900 5790986  27.0517 353.9982  4.22185322   669
0 SL-12 DEB
1 45036U 09070P   20033.39493987 +.00010398 +00000-0 +12841-1 0  9992
2 45036 064.7864 023.7040 5790994 027.0497 353.9669 04.22190465000670
0 SL-12 DEB
1 45036U 09070P   20034.10551336 +.00010500 +00000-0 +12849-1 0  9998
2 45036 064.7957 023.4443 5791284 027.0505 353.9684 04.22205803000704
0 SL-12 DEB
1 45036U 09070P   20035.05290397  .00009666  00000-0  11468-1 0  9997
2 45036  64.7831  23.0791 5792885  27.0342 353.9362  4.22219680   749
0 SL-12 DEB
1 45036U 09070P   20036.23712348  .00009693  00000-0  11516-1 0  9997
2 45036  64.7833  22.6429 5792494  27.0251 353.9752  4.22242541   799
0 SL-12 DEB
1 45036U 09070P   20037.18442929 +.00009599 +00000-0 +11388-1 0  9999
2 45036 064.7886 022.2956 5792452 026.9951 353.9708 04.22260095000837
0 SL-12 DEB
1 45036U 09070P   20037.42125248  .00009590  00000-0  11387-1 0  9998
2 45036  64.7900  22.2094 5792389  26.9940 353.9728  4.22264551   848
0 SL-12 DEB
1 45036U 09070P   20038.13169856  .00009644  00000-0  11374-1 0  9996
2 45036  64.7971  21.9453 5792792  26.9863 353.9664  4.22278382   872
0 SL-12 DEB
1 45036U 09070P   20040.02608606 +.00013435 +00000-0 +13842-1 0  9993
2 45036 064.7866 021.1886 5800846 026.7344 354.0268 04.22335796000953
0 SL-12 DEB
1 45036U 09070P   20040.02608606  .00013435  00000-0  13842-1 0  9993
2 45036  64.7866  21.1886 5800846  26.7344 354.0268  4.22335796   953
0 SL-12 DEB
1 45036U 09070P   20044.99769731  .00012241  00000-0  11515-1 0  9999
2 45036  64.7956  19.3499 5805544  26.5264 354.0666  4.22464023  1163
0 SL-12 DEB
1 45036U 09070P   20046.18118849  .00012775  00000-0  12235-1 0  9992
2 45036  64.8166  18.9532 5804080  26.5416 354.0632  4.22498593  1211
0 SL-12 DEB
1 45036U 09070P   20046.89124173 +.00013051 +00000-0 +12475-1 0  9991
2 45036 064.8163 018.6862 5803961 026.5191 354.0696 04.22516608001249
0 SL-12 DEB
1 45036U 09070P   20047.12792308  .00010418  00000-0  10014-1 0  9990
2 45036  64.8131  18.5861 5803609  26.5549 354.0607  4.22517545  1252
0 SL-12 DEB
1 45036U 09070P   20048.07460116  .00013439  00000-0  12796-1 0  9999
2 45036  64.7929  18.2314 5803875  26.5491 354.0622  4.22543332  1291
0 SL-12 DEB
1 45036U 09070P   20053.98919643  .00024869  00000-0  22469-1 0  9996
2 45036  64.8220  16.0614 5805161  26.4040 354.0632  4.22841542  1547
0 SL-12 DEB
1 45036U 09070P   20055.40785482  .00038682  00000-0  31134-1 0  9994
2 45036  64.8360  15.5176 5810452  26.1871 354.1216  4.23005595  1604
0 SL-12 DEB
1 45036U 09070P   20056.35374199  .00024602  00000-0  20345-1 0  9997
2 45036  64.8377  15.1645 5809405  26.2329 354.1090  4.22965382  1646
0 SL-12 DEB
1 45036U 09070P   20060.84479920  .00036530  00000-0  27757-1 0  9991
2 45036  64.8436  13.4783 5812101  26.0880 354.1685  4.23202492  1831
0 SL-12 DEB
1 45036U 09070P   20062.02617468  .00037065  00000-0  26686-1 0  9998
2 45036  64.8426  13.0433 5814365  26.0877 354.1772  4.23283317  1885
0 SL-12 DEB
1 45036U 09070P   20062.97111657  .00033006  00000-0  23520-1 0  9996
2 45036  64.8401  12.6857 5814477  26.0490 354.1870  4.23341420  1922
0 SL-12 DEB
1 45036U 09070P   20067.92943699  .00042617  00000-0  27091-1 0  9990
2 45036  64.8546  10.8423 5817934  25.7709 354.2362  4.23738114  2132
0 SL-12 DEB
1 45036U 09070P   20072.88256779 +.00064398 +00000-0 +39500-1 0  9995
2 45036 064.8575 008.9816 5816187 025.6745 354.2730 04.24255553002340
0 SL-12 DEB
1 45036U 09070P   20073.11823587  .00075024  00000-0  47256-1 0  9994
2 45036  64.8445   8.8721 5814449  25.7080 354.2631  4.24308294  2354
0 SL-12 DEB
1 45036U 09070P   20075.00337428 +.00049789 +00000-0 +28570-1 0  9995
2 45036 064.8413 008.1813 5817949 025.5886 354.3068 04.24485318002431
0 SL-12 DEB
1 45036U 09070P   20075.94560365  .00052635  00000-0  29798-1 0  9993
2 45036  64.8413   7.8124 5817966  25.5403 354.3187  4.24580644  2470
0 SL-12 DEB
1 45036U 09070P   20076.88760768 +.00057794 +00000-0 +31798-1 0  9990
2 45036 064.8530 007.4613 5818672 025.4796 354.3328 04.24686238002516
0 SL-12 DEB
1 45036U 09070P   20076.88760768 +.00057794 +00000-0 +31798-1 0  9990
2 45036 064.8530 007.4613 5818672 025.4796 354.3328 04.24686238002516
0 SL-12 DEB
1 45036U 09070P   20082.06328485  .00076381  00000-0  40505-1 0  9992
2 45036  64.8501   5.4866 5815361  25.3852 354.3427  4.25464768  2733
0 TBA - TO BE ASSIGNED
1 45036U 09070P   20083.94292470  .00088262  00000-0  45575-1 0  9997
2 45036  64.8373   4.7729 5814540  25.3295 354.3655  4.25777840  2819
0 TBA - TO BE ASSIGNED
1 45036U 09070P   20084.88219468  .00085003  00000-0  43683-1 0  9995
2 45036  64.8403   4.4187 5813634  25.2895 354.3810  4.25946300  2852
0 TBA - TO BE ASSIGNED
1 45036U 09070P   20086.75968628  .00071773  00000-0  36097-1 0  9992
2 45036  64.8397   3.6889 5812656  25.1850 354.4205  4.26243568  2932
0 TBA - TO BE ASSIGNED
1 45036U 09070P   20088.16702925  .00069847  00000-0  34799-1 0  9991
2 45036  64.8346   3.1561 5811757  25.2216 354.4211  4.26437341  2993
0 TBA - TO BE ASSIGNED
1 45036U 09070P   20088.16703038  .00068288  00000-0  33963-1 0  9997
2 45036  64.8313   3.1529 5811858  25.2135 354.4231  4.26435119  2996
0 TBA - TO BE ASSIGNED
1 45036U 09070P   20088.87044621 +.00072990 +00000-0 +36267-1 0  9996
2 45036 064.8347 002.8872 5811138 025.1915 354.4307 04.26544519003020
0 TBA - TO BE ASSIGNED
1 45036U 09070P   20088.87044621  .00072990  00000-0  36267-1 0  9996
2 45036  64.8347   2.8872 5811138  25.1915 354.4307  4.26544519  3020
0 SL-12 DEB
1 45036U 09070P   20091.91627158  .00111047  00000-0  52728-1 0  9994
2 45036  64.8225   1.7140 5809304  25.0558 354.4619  4.27135297  3155
0 SL-12 DEB
1 45036U 09070P   20092.85248385  .00096125  00000-0  45400-1 0  9997
2 45036  64.8205   1.3519 5808212  25.0140 354.4672  4.27339131  3199
0 SL-12 DEB
1 45036U 09070P   20095.89243930 +.00081959 +00000-0 +34955-1 0  9997
2 45036 064.8167 000.1656 5809348 024.8401 354.5097 04.27898864003323
0 SL-12 DEB
1 45036U 09070P   20095.89243930  .00081959  00000-0  34955-1 0  9997
2 45036  64.8167   0.1656 5809348  24.8401 354.5097  4.27898864  3323
0 SL-12 DEB
1 45036U 09070P   20096.82704188  .00089136  00000-0  39184-1 0  9992
2 45036  64.8292 359.8399 5806749  24.8640 354.5033  4.28075321  3367
0 SL-12 DEB
1 45036U 09070P   20097.99474019  .00089612  00000-0  39808-1 0  9990
2 45036  64.8323 359.3883 5804735  24.8608 354.5088  4.28300470  3414
0 SL-12 DEB
1 45036U 09070P   20098.92850101  .00088633  00000-0  39233-1 0  9998
2 45036  64.8292 359.0252 5803795  24.8221 354.5243  4.28462561  3459
0 SL-12 DEB
1 45036U 09070P   20099.39519154  .00122259  00000-0  53993-1 0  9992
2 45036  64.8293 358.8458 5802920  24.8031 354.5312  4.28602738  3474
0 SL-12 DEB
1 45036U 09070P   20099.86192065 +.00102514 +00000-0 +44680-1 0  9997
2 45036 064.8190 358.6597 5803326 024.8316 354.5292 04.28634812003496
0 SL-12 DEB
1 45036U 09070P   20099.86192065  .00102514  00000-0  44680-1 0  9997
2 45036  64.8190 358.6597 5803326  24.8316 354.5292  4.28634812  3496
0 SL-12 DEB
1 45036U 09070P   20101.26126858  .00074801  00000-0  32322-1 0  9999
2 45036  64.8163 358.1190 5802017  24.8030 354.5421  4.28888061  3557
0 SL-12 DEB
1 45036U 09070P   20101.96061275  .00095476  00000-0  40935-1 0  9997
2 45036  64.8192 357.8483 5801316  24.7673 354.5513  4.29043173  3586
0 SL-12 DEB
1 45036U 09070P   20102.19366809  .00094300  00000-0  40457-1 0  9998
2 45036  64.8171 357.7574 5800964  24.7591 354.5530  4.29090950  3595
0 SL-12 DEB
1 45036U 09070P   20102.89275327 +.00085712 +00000-0 +36825-1 0  9990
2 45036 064.8116 357.4858 5800162 024.7302 354.5585 04.29200914003623
0 SL-12 DEB
1 45036U 09070P   20104.75566535  .00087675  00000-0  36985-1 0  9998
2 45036  64.8151 356.7650 5798213  24.6606 354.5676  4.29622445  3700
0 SL-12 DEB
1 45036U 09070P   20105.68638428 +.00131494 +00000-0 +55592-1 0  9996
2 45036 064.8120 356.4048 5796264 024.6277 354.5693 04.29897252003745
0 SL-12 DEB
1 45036U 09070P   20105.68638428  .00131494  00000-0  55592-1 0  9996
2 45036  64.8120 356.4048 5796264  24.6277 354.5693  4.29897252  3745
0 SL-12 DEB
1 45036U 09070P   20108.94118022  .00074846  00000-0  31027-1 0  9995
2 45036  64.8035 355.1373 5793888  24.5378 354.5898  4.30408400  3884
0 SL-12 DEB
1 45036U 09070P   20109.17350358 +.00112895 +00000-0 +46193-1 0  9998
2 45036 064.8035 355.0453 5794022 024.5292 354.5932 04.30469056003892
0 SL-12 DEB
1 45036U 09070P   20109.87036811 +.00073198 +00000-0 +29990-1 0  9998
2 45036 064.8025 354.7746 5793484 024.5013 354.6027 04.30551640003925
0 SL-12 DEB
1 45036U 09070P   20109.87036811  .00073198  00000-0  29990-1 0  9998
2 45036  64.8025 354.7746 5793484  24.5013 354.6027  4.30551640  3925
0 SL-12 DEB
1 45036U 09070P   20110.10259022 +.00090445 +00000-0 +36772-1 0  9997
2 45036 064.8008 354.6831 5793178 024.4950 354.6052 04.30644594003939
0 SL-12 DEB
1 45036U 09070P   20110.33479394  .00066282  00000-0  27023-1 0  9999
2 45036  64.8010 354.5933 5792914  24.4844 354.6088  4.30673914  3941
0 SL-12 DEB
1 45036U 09070P   20111.95975093  .00126519  00000-0  51724-1 0  9990
2 45036  64.7953 353.9592 5790727  24.4367 354.6284  4.30963572  4019
0 SL-12 DEB
1 45036U 09070P   20113.11961691  .00099621  00000-0  40316-1 0  9997
2 45036  64.7897 353.5032 5789522  24.4155 354.6403  4.31214243  4060
0 SL-12 DEB
1 45036U 09070P   20113.11961878  .00090186  00000-0  36573-1 0  9991
2 45036  64.7888 353.5046 5789526  24.4162 354.6403  4.31201112  4068
0 SL-12 DEB
1 45036U 09070P   20114.04708573  .00176999  00000-0  71108-1 0  9995
2 45036  64.7880 353.1416 5788370  24.3814 354.6524  4.31427832  4104
0 SL-12 DEB
1 45036U 09070P   20114.27887626  .00035790  00000-0  14462-1 0  9990
2 45036  64.7896 353.0515 5788213  24.3710 354.6560  4.31436329  4113
0 SL-12 DEB
1 45036U 09070P   20114.74243520  .00079483  00000-0  31956-1 0  9995
2 45036  64.7892 352.8706 5788017  24.3520 354.6624  4.31480486  4135
0 SL-12 DEB
1 45036U 09070P   20115.20588104  .00103799  00000-0  42070-1 0  9994
2 45036  64.7816 352.6872 5786816  24.3528 354.6617  4.31600035  4154
0 SL-12 DEB
1 45036U 09070P   20115.43756515  .00083918  00000-0  33956-1 0  9995
2 45036  64.7831 352.5976 5786582  24.3420 354.6647  4.31647322  4160
0 SL-12 DEB
1 45036U 09070P   20115.90087836  .00071141  00000-0  28755-1 0  9996
2 45036  64.7824 352.4163 5786228  24.3221 354.6697  4.31707169  4188
0 SL-12 DEB
1 45036U 09070P   20116.13249162  .00134571  00000-0  54391-1 0  9996
2 45036  64.7807 352.3261 5785654  24.3160 354.6705  4.31789210  4199
0 SL-12 DEB
1 45036U 09070P   20117.05871178 +.00100820 +00000-0 +40626-1 0  9992
2 45036 064.7781 351.9610 5784602 024.2846 354.6760 04.31967181004236
0 SL-12 DEB
1 45036U 09070P   20118.90998244 +.00098829 +00000-0 +39809-1 0  9997
2 45036 064.7777 351.2385 5782328 024.2137 354.6833 04.32311463004316
0 SL-12 DEB
1 45036U 09070P   20118.90998244  .00098829  00000-0  39809-1 0  9997
2 45036  64.7777 351.2385 5782328  24.2137 354.6833  4.32311463  4316
0 SL-12 DEB
1 45036U 09070P   20119.14127495 +.00129457 +00000-0 +52248-1 0  9990
2 45036 064.7722 351.1438 5781728 024.2152 354.6809 04.32387185004322
0 SL-12 DEB
1 45036U 09070P   20119.37255616  .00125495  00000-0  50631-1 0  9994
2 45036  64.7716 351.0532 5781553  24.2115 354.6805  4.32416449  4337
0 SL-12 DEB
1 45036U 09070P   20119.83505542  .00078981  00000-0  31900-1 0  9996
2 45036  64.7692 350.8717 5781118  24.1991 354.6807  4.32478466  4351
0 SL-12 DEB
1 45036U 09070P   20120.06627137  .00111329  00000-0  44896-1 0  9990
2 45036  64.7680 350.7801 5780849  24.1910 354.6812  4.32527434  4369
0 SL-12 DEB
1 45036U 09070P   20120.29746255  .00055264  00000-0  22277-1 0  9992
2 45036  64.7680 350.6899 5780715  24.1820 354.6822  4.32559257  4377
0 SL-12 DEB
1 45036U 09070P   20120.29746404  .00052399  00000-0  21140-1 0  9992
2 45036  64.7691 350.6904 5780709  24.1817 354.6823  4.32555097  4374
0 SL-12 DEB
1 45036U 09070P   20121.22208103  .00066617  00000-0  26792-1 0  9991
2 45036  64.7679 350.3273 5780050  24.1435 354.6873  4.32676684  4417
0 SL-12 DEB
1 45036U 09070P   20122.83949633 +.00067883 +00000-0 +27356-1 0  9992
2 45036 064.7647 349.6895 5778553 024.0891 354.6968 04.32891939004487
0 SL-12 DEB
1 45036U 09070P   20122.83949633  .00067883  00000-0  27356-1 0  9992
2 45036  64.7647 349.6895 5778553  24.0891 354.6968  4.32891939  4487
0 SL-12 DEB
1 45036U 09070P   20123.30143455  .00075882  00000-0  30475-1 0  9997
2 45036  64.7630 349.5077 5777968  24.0713 354.7009  4.33001011  4507
0 SL-12 DEB
1 45036U 09070P   20123.76336029  .00044092  00000-0  17780-1 0  9991
2 45036  64.7633 349.3276 5777954  24.0533 354.7068  4.32989200  4525
0 SL-12 DEB
1 45036U 09070P   20124.68694761  .00064311  00000-0  26037-1 0  9994
2 45036  64.7622 348.9658 5776508  24.0297 354.7138  4.33164256  4562
0 SL-12 DEB
1 45036U 09070P   20125.84105240 +.00055922 +00000-0 +22223-1 0  9993
2 45036 064.7526 348.5112 5776363 023.9810 354.7314 04.33310931004619
0 SL-12 DEB
1 45036U 09070P   20125.84105240  .00055922  00000-0  22223-1 0  9993
2 45036  64.7526 348.5112 5776363  23.9810 354.7314  4.33310931  4619
0 SL-12 DEB
1 45036U 09070P   20126.76396805 +.00064960 +00000-0 +26029-1 0  9994
2 45036 064.7456 348.1440 5774843 023.9571 354.7382 04.33473354004654
0 SL-12 DEB
1 45036U 09070P   20126.99464352  .00076886  00000-0  31202-1 0  9991
2 45036  64.7429 348.0510 5773897  23.9661 354.7350  4.33524279  4668
0 SL-12 DEB
1 45036U 09070P   20127.68651722  .00083293  00000-0  34184-1 0  9999
2 45036  64.7478 347.7886 5772384  23.9691 354.7329  4.33669381  4690
0 SL-12 DEB
1 45036U 09070P   20128.83918768  .00074304  00000-0  30191-1 0  9990
2 45036  64.7437 347.3308 5771511  23.9109 354.7443  4.33867167  4740
0 SL-12 DEB
1 45036U 09070P   20129.76101812 +.00065086 +00000-0 +26367-1 0  9994
2 45036 064.7410 346.9671 5770905 023.8713 354.7493 04.33978478004782
0 SL-12 DEB
1 45036U 09070P   20129.76101812  .00065086  00000-0  26367-1 0  9994
2 45036  64.7410 346.9671 5770905  23.8713 354.7493  4.33978478  4782
0 SL-12 DEB
1 45036U 09070P   20130.68263500 +.00061521 +00000-0 +25345-1 0  9995
2 45036 064.7454 346.6243 5769497 023.8643 354.7433 04.34074631004826
0 SL-12 DEB
1 45036U 09070P   20130.68263500  .00061521  00000-0  25345-1 0  9995
2 45036  64.7454 346.6243 5769497  23.8643 354.7433  4.34074631  4826
0 SL-12 DEB
1 45036U 09070P   20131.83440857 +.00043917 +00000-0 +17962-1 0  9990
2 45036 064.7314 346.1265 5769290 023.8121 354.7482 04.34164748004870
0 SL-12 DEB
1 45036U 09070P   20132.06473163  .00040830  00000-0  16996-1 0  9999
2 45036  64.7326 346.0552 5768378  23.8224 354.7427  4.34181096  4886
0 SL-12 DEB
1 45036U 09070P   20132.75564515 +.00046075 +00000-0 +19072-1 0  9992
2 45036 064.7306 345.7850 5768260 023.7871 354.7470 04.34241758004912
0 SL-12 DEB
1 45036U 09070P   20132.98592624  .00039347  00000-0  16218-1 0  9992
2 45036  64.7173 345.6556 5768377  23.7745 354.7491  4.34258990  4925
0 SL-12 DEB
1 45036U 09070P   20133.21620101  .00035803  00000-0  14944-1 0  9998
2 45036  64.7239 345.5838 5767722  23.7864 354.7440  4.34273521  4937
0 SL-12 DEB
1 45036U 09070P   20133.67670798  .00041850  00000-0  17520-1 0  9997
2 45036  64.7193 345.4037 5767254  23.7662 354.7462  4.34322410  4950
0 SL-12 DEB
1 45036U 09070P   20134.82779628 +.00041597 +00000-0 +17468-1 0  9996
2 45036 064.7132 344.9512 5766478 023.7200 354.7534 04.34424299005005
0 SL-12 DEB
1 45036U 09070P   20134.82779628  .00041597  00000-0  17468-1 0  9996
2 45036  64.7132 344.9512 5766478  23.7200 354.7534  4.34424299  5005
0 SL-12 DEB
1 45036U 09070P   20138.27924616 +.00042333 +00000-0 +17671-1 0  9993
2 45036 064.7127 343.5884 5764436 023.5880 354.7885 04.34768964005155
0 SL-12 DEB
1 45036U 09070P   20139.65917942  .00035198  00000-0  15591-1 0  9990
2 45036  64.6942 343.0329 5761009  23.5770 354.7892  4.34855136  5212
0 SL-12 DEB
1 45036U 09070P   20140.57897581 +.00050250 +00000-0 +22472-1 0  9991
2 45036 064.6872 342.6694 5759981 023.5464 354.7965 04.34926812005255
0 SL-12 DEB
1 45036U 09070P   20140.57897581  .00050250  00000-0  22472-1 0  9991
2 45036  64.6872 342.6694 5759981  23.5464 354.7965  4.34926812  5255
0 SL-12 DEB
1 45036U 09070P   20141.26873382  .00031952  00000-0  14226-1 0  9997
2 45036  64.6950 342.3933 5759913  23.5230 354.8025  4.34966979  5280
0 SL-12 DEB
1 45036U 09070P   20143.10767293 +.00042700 +00000-0 +19686-1 0  9993
2 45036 064.6681 341.6670 5757154 023.4673 354.8071 04.35116338005363
0 SL-12 DEB
1 45036U 09070P   20149.53957403  .00023516  00000-0  12110-1 0  9999
2 45036  64.6613 339.1109 5749296  23.3524 354.7833  4.35517730  5646
0 SL-12 DEB
1 45036U 09070P   20151.14684828  .00019976  00000-0  10200-1 0  9990
2 45036  64.6704 338.4905 5749509  23.2851 354.7997  4.35543883  5719
0 SL-12 DEB
1 45036U 09070P   20151.60590144  .00039718  00000-0  19852-1 0  9996
2 45036  64.6229 338.2795 5749954  23.0821 354.8488  4.35617829  5735
0 SL-12 DEB
1 45036U 09070P   20153.67168803  .00023150  00000-0  11326-1 0  9999
2 45036  64.6218 337.4613 5750119  22.9555 354.8809  4.35728738  5829
0 SL-12 DEB
1 45036U 09070P   20153.90119025 +.00023557 +00000-0 +11456-1 0  9992
2 45036 064.6266 337.3708 5750325 022.9153 354.8905 04.35739582005836
0 SL-12 DEB
1 45036U 09070P   20153.90119025  .00023557  00000-0  11456-1 0  9992
2 45036  64.6266 337.3708 5750325  22.9153 354.8905  4.35739582  5836
0 SL-12 DEB
1 45036U 09070P   20155.50747895 +.00020682 +00000-0 +11597-1 0  9994
2 45036 064.6088 336.7364 5742510 023.1663 354.8112 04.35828275005901
0 SL-12 DEB
1 45036U 09070P   20155.50747895 +.00020682 +00000-0 +11597-1 0  9994
2 45036 064.6088 336.7364 5742510 023.1663 354.8112 04.35828275005901
0 SL-12 DEB
1 45036U 09070P   20156.88408819 +.00018985 +00000-0 +10504-1 0  9996
2 45036 064.5901 336.1777 5742876 022.9672 354.8486 04.35881621005962
0 SL-12 DEB
1 45036U 09070P   20156.88408819  .00018985  00000-0  10504-1 0  9996
2 45036  64.5901 336.1777 5742876  22.9672 354.8486  4.35881621  5962
0 SL-12 DEB
1 45036U 09070P   20157.57232558 +.00015276 +00000-0 +85281-2 0  9993
2 45036 064.5793 335.8996 5742293 022.9548 354.8445 04.35907399005994
0 SL-12 DEB
1 45036U 09070P   20157.57232558  .00015276  00000-0  85281-2 0  9993
2 45036  64.5793 335.8996 5742293  22.9548 354.8445  4.35907399  5994
0 SL-12 DEB
1 45036U 09070P   20157.57232558 +.00015276 +00000-0 +85281-2 0  9993
2 45036 064.5793 335.8996 5742293 022.9548 354.8445 04.35907399005994
0 SL-12 DEB
1 45036U 09070P   20157.57232558 +.00015276 +00000-0 +85281-2 0  9993
2 45036 064.5793 335.8996 5742293 022.9548 354.8445 04.35907399005994
0 SL-12 DEB
1 45036U 09070P   20160.55433938  .00013987  00000-0  87477-2 0  9996
2 45036  64.5723 334.7200 5736304  23.0003 354.8000  4.35986713  6127
0 SL-12 DEB
1 45036U 09070P   20162.61853499  .00015011  00000-0  92101-2 0  9993
2 45036  64.5699 333.9145 5737072  22.8866 354.8235  4.36034153  6218
0 SL-12 DEB
1 45036U 09070P   20163.53588312 +.00012382 +00000-0 +75014-2 0  9996
2 45036 064.5732 333.5686 5737653 022.8138 354.8424 04.36055537006252
0 SL-12 DEB
1 45036U 09070P   20163.76520353  .00010799  00000-0  68891-2 0  9997
2 45036  64.5626 333.4433 5734952  22.9583 354.8035  4.36059303  6261
0 SL-12 DEB
1 45036U 09070P   20164.68251862 +.00006353 +00000-0 +41812-2 0  9990
2 45036 064.5540 333.0886 5733441 022.7864 354.8424 04.36064696006304
0 SL-12 DEB
1 45036U 09070P   20164.91184609  .00005072  00000-0  33400-2 0  9991
2 45036  64.5525 332.9956 5733522  22.7491 354.8517  4.36065167  6317
0 SL-12 DEB
1 45036U 09070P   20165.59981728 +.00006135 +00000-0 +40051-2 0  9994
2 45036 064.5511 332.7233 5733601 022.7241 354.8590 04.36072373006340
0 SL-12 DEB
1 45036U 09070P   20166.51710112  .00003443  00000-0  22387-2 0  9995
2 45036  64.5462 332.3592 5733697  22.6857 354.8693  4.36076330  6381
0 SL-12 DEB
1 45036U 09070P   20166.74641383  .00002395  00000-0  16274-2 0  9996
2 45036  64.5522 332.2620 5731328  22.7847 354.8417  4.36076293  6391
0 SL-12 DEB
1 45036U 09070P   20167.89300954  .00001111  00000-0  74574-3 0  9992
2 45036  64.5469 331.8128 5730805  22.6641 354.8684  4.36077470  6449
0 SL-12 DEB
1 45036U 09070P   20169.49822832 +.00001395 +00000-0 +91986-3 0  9994
2 45036 064.5415 331.1789 5730948 022.6053 354.8780 04.36081916006516
0 SL-12 DEB
1 45036U 09070P   20169.72753828  .00001718  00000-0  11902-2 0  9996
2 45036  64.5279 331.0842 5728605  22.6634 354.8588  4.36082194  6521
0 SL-12 DEB
1 45036U 09070P   20173.62589951 -.00000667  00000-0 -46827-3 0  9993
2 45036  64.5150 329.5417 5725270  22.4934 354.8676  4.36079277  6699
0 SL-12 DEB
1 45036U 09070P   20175.68976116 -.00001644  00000-0 -12234-2 0  9994
2 45036  64.5046 328.7242 5723412  22.4187 354.8731  4.36073613  6786
0 SL-12 DEB
1 45036U 09070P   20176.60704852 -.00001696 +00000-0 -12885-2 0  9992
2 45036 064.5018 328.3609 5722671 022.3930 354.8769 04.36068486006827
0 SL-12 DEB
1 45036U 09070P   20176.60704852 -.00001696  00000-0 -12885-2 0  9992
2 45036  64.5018 328.3609 5722671  22.3930 354.8769  4.36068486  6827
0 SL-12 DEB
1 45036U 09070P   20177.52434421 -.00000432 +00000-0 -31197-3 0  9991
2 45036 064.4972 327.9979 5721955 022.3601 354.8842 04.36066314006863
0 SL-12 DEB
1 45036U 09070P   20178.67096857 -.00001950  00000-0 -15801-2 0  9994
2 45036  64.4921 327.5441 5721049  22.3206 354.8942  4.36062734  6911
0 SL-12 DEB
1 45036U 09070P   20179.81760169 -.00000244  00000-0 -22440-3 0  9998
2 45036  64.4860 327.0905 5720160  22.2788 354.9044  4.36060916  6969
0 TBA - TO BE ASSIGNED
1 45036U 09070P   20180.50558326 -.00000124 +00000-0 -13864-3 0  9993
2 45036 064.4833 326.8182 5719647 022.2557 354.9092 04.36060096006990
0 SL-12 DEB
1 45036U 09070P   20182.56952912 -.00001880  00000-0 -16494-2 0  9991
2 45036  64.4751 326.0019 5717859  22.1835 354.9170  4.36054224  7085
0 SL-12 DEB
1 45036U 09070P   20183.48684619 +.00000096 +00000-0 +71160-4 0  9998
2 45036 064.4721 325.6402 5717366 022.1485 354.9187 04.36054619007128
0 SL-12 DEB
1 45036U 09070P   20183.48684619  .00000096  00000-0  71160-4 0  9998
2 45036  64.4721 325.6402 5717366  22.1485 354.9187  4.36054619  7128
0 SL-12 DEB
1 45036U 09070P   20184.63349555 -.00002027  00000-0 -17612-2 0  9991
2 45036  64.4678 325.1874 5716543  22.1062 354.9192  4.36050554  7179
0 SL-12 DEB
1 45036U 09070P   20185.55082251 -.00001061 +00000-0 -88977-3 0  9990
2 45036 064.4645 324.8255 5715972 022.0702 354.9206 04.36048548007218
0 SL-12 DEB
1 45036U 09070P   20185.55082251 -.00001061  00000-0 -88977-3 0  9990
2 45036  64.4645 324.8255 5715972  22.0702 354.9206  4.36048548  7218
0 SL-12 DEB
1 45036U 09070P   20186.46815688 -.00001205 +00000-0 -10078-2 0  9995
2 45036 064.4616 324.4655 5715105 022.0388 354.9218 04.36045336007253
0 SL-12 DEB
1 45036U 09070P   20187.38549149 -.00000792  00000-0 -62393-3 0  9991
2 45036  64.4582 324.1006 5714366  22.0077 354.9252  4.36045719  7292
0 SL-12 DEB
1 45036U 09070P   20187.84416269 -.00002182 +00000-0 -19021-2 0  9992
2 45036 064.4568 323.9204 5713999 021.9942 354.9272 04.36042773007315
0 SL-12 DEB
1 45036U 09070P   20188.76150600 -.00000150  00000-0 -28949-4 0  9992
2 45036  64.4536 323.5576 5713275  21.9608 354.9343  4.36042994  7352
0 SL-12 DEB
1 45036U 09070P   20189.44951572 -.00000217 +00000-0 -97051-4 0  9999
2 45036 064.4510 323.2861 5712766 021.9342 354.9412 04.36042559007384
0 SL-12 DEB
1 45036U 09070P   20190.36686229 -.00001601  00000-0 -14269-2 0  9992
2 45036  64.4477 322.9227 5712070  21.9016 354.9509  4.36040918  7423
0 SL-12 DEB
1 45036U 09070P   20190.59620042 -.00002386 +00000-0 -21873-2 0  9998
2 45036 064.4473 322.8328 5711803 021.8919 354.9536 04.36039252007434
0 SL-12 DEB
1 45036U 09070P   20191.51355934 -.00001550 +00000-0 -14273-2 0  9994
2 45036 064.4443 322.4703 5711033 021.8578 354.9642 04.36035438007474
0 SL-12 DEB
1 45036U 09070P   20192.43092357 -.00000759  00000-0 -69106-3 0  9999
2 45036  64.4426 322.1083 5710381  21.8258 354.9744  4.36033834  7519
0 SL-12 DEB
1 45036U 09070P   20193.34829159 -.00002159 +00000-0 -21058-2 0  9997
2 45036 064.4406 321.7468 5709704 021.7917 354.9844 04.36030194007558
0 SL-12 DEB
1 45036U 09070P   20193.80697828 -.00001782 +00000-0 -17491-2 0  9991
2 45036 064.4382 321.5648 5709388 021.7672 354.9907 04.36028889007575
0 SL-12 DEB
1 45036U 09070P   20193.80697828 -.00001782 +00000-0 -17491-2 0  9991
2 45036 064.4382 321.5648 5709388 021.7672 354.9907 04.36028889007575
0 SL-12 DEB
1 45036U 09070P   20194.49501337 -.00001902 +00000-0 -18954-2 0  9995
2 45036 064.4368 321.2941 5708862 021.7418 354.9969 04.36025085007603
0 SL-12 DEB
1 45036U 09070P   20194.49501337 -.00001902  00000-0 -18954-2 0  9995
2 45036  64.4368 321.2941 5708862  21.7418 354.9969  4.36025085  7603
0 SL-12 DEB
1 45036U 09070P   20195.64174522 -.00001115 +00000-0 -11242-2 0  9994
2 45036 064.4332 320.8417 5708037 021.6971 355.0063 04.36021927007657
0 SL-12 DEB
1 45036U 09070P   20195.64174522 -.00001115  00000-0 -11242-2 0  9994
2 45036  64.4332 320.8417 5708037  21.6971 355.0063  4.36021927  7657
0 SL-12 DEB
1 45036U 09070P   20198.62326581 -.00001351 +00000-0 -13699-2 0  9999
2 45036 064.4262 319.6676 5705761 021.5850 355.0219 04.36017663007787
0 SL-12 DEB
1 45036U 09070P   20198.62326581 -.00001351  00000-0 -13699-2 0  9999
2 45036  64.4262 319.6676 5705761  21.5850 355.0219  4.36017663  7787
0 SL-12 DEB
1 45036U 09070P   20199.31130993 -.00001713 +00000-0 -17541-2 0  9998
2 45036 064.4249 319.3973 5705194 021.5589 355.0250 04.36017438007817
0 SL-12 DEB
1 45036U 09070P   20200.45806264 -.00000980 +00000-0 -96241-3 0  9997
2 45036 064.4235 318.9467 5704439 021.5202 355.0303 04.36013424007863
0 SL-12 DEB
1 45036U 09070P   20201.37547238 -.00001536  00000-0 -15742-2 0  9996
2 45036  64.4214 318.5857 5703754  21.4836 355.0372  4.36010013  7902
0 SL-12 DEB
1 45036U 09070P   20201.60482565 -.00001720 +00000-0 -17794-2 0  9997
2 45036 064.4223 318.4958 5703643 021.4758 355.0390 04.36009344007919
0 SL-12 DEB
1 45036U 09070P   20202.52224504 -.00001906  00000-0 -20102-2 0  9999
2 45036  64.4224 318.1358 5703027  21.4394 355.0481  4.36005539  7950
0 SL-12 DEB
1 45036U 09070P   20203.43967715 -.00001489 +00000-0 -15829-2 0  9994
2 45036 064.4195 317.7746 5702386 021.4014 355.0593 04.36000730007995
0 SL-12 DEB
1 45036U 09070P   20203.43967715 -.00001489  00000-0 -15829-2 0  9994
2 45036  64.4195 317.7746 5702386  21.4014 355.0593  4.36000730  7995
0 SL-12 DEB
1 45036U 09070P   20208.48563150 -.00000306  00000-0 -35811-3 0  9990
2 45036  64.4078 315.7901 5698988  21.2041 355.1209  4.35994233  8216
0 SL-12 DEB
1 45036U 09070P   20209.40307460 -.00000313 +00000-0 -35107-3 0  9999
2 45036 064.4050 315.4293 5698273 021.1668 355.1273 04.35994580008258
0 SL-12 DEB
1 45036U 09070P   20210.54988416 -.00001241 +00000-0 -14382-2 0  9994
2 45036 064.4020 314.9782 5697623 021.1170 355.1347 04.35991146008301
0 SL-12 DEB
1 45036U 09070P   20211.46733809 -.00000649  00000-0 -69529-3 0  9995
2 45036  64.4003 314.6187 5697085  21.0757 355.1405  4.35988939  8345
0 SL-12 DEB
1 45036U 09070P   20212.38479443 +.00000696 +00000-0 +98106-3 0  9991
2 45036 064.3994 314.2592 5696627 021.0373 355.1466 04.35989498008386
0 SL-12 DEB
1 45036U 09070P   20212.38479443  .00000696  00000-0  98106-3 0  9991
2 45036  64.3994 314.2592 5696627  21.0373 355.1466  4.35989498  8386
0 SL-12 DEB
1 45036U 09070P   20214.44909200 -.00001035  00000-0 -11320-2 0  9991
2 45036  64.3982 313.4493 5695484  20.9566 355.1651  4.35981799  8478
0 SL-12 DEB
1 45036U 09070P   20215.36656900 -.00000136 +00000-0 -10573-4 0  9991
2 45036 064.3981 313.0893 5694968 020.9216 355.1765 04.35980633008512
0 SL-12 DEB
1 45036U 09070P   20216.28404284 +.00000134 +00000-0 +31772-3 0  9998
2 45036 064.3977 312.7291 5694400 020.8864 355.1894 04.35982426008553
0 SL-12 DEB
1 45036U 09070P   20217.43088421 +.00000895 +00000-0 +12702-2 0  9992
2 45036 064.3977 312.2795 5693854 020.8416 355.2073 04.35984068008602
0 SL-12 DEB
1 45036U 09070P   20217.66025127 +.00002067 +00000-0 +27866-2 0  9991
2 45036 064.3998 312.1929 5693387 020.8251 355.2123 04.35985496008614
0 SL-12 DEB
1 45036U 09070P   20217.66025127  .00002067  00000-0  27866-2 0  9991
2 45036  64.3998 312.1929 5693387  20.8251 355.2123  4.35985496  8614
0 SL-12 DEB
1 45036U 09070P   20218.34835121 +.00001303 +00000-0 +17870-2 0  9996
2 45036 064.3997 311.9226 5693196 020.7997 355.2228 04.35987275008640
0 SL-12 DEB
1 45036U 09070P   20219.26581275 -.00000263  00000-0 -26561-3 0  9990
2 45036  64.4001 311.5625 5692728  20.7624 355.2370  4.35987872  8688
0 SL-12 DEB
1 45036U 09070P   20220.41264173  .00000275  00000-0  42145-3 0  9991
2 45036  64.4008 311.1126 5692165  20.7153 355.2535  4.35987439  8737
0 SL-12 DEB
1 45036U 09070P   20220.64200798 +.00000423 +00000-0 +61516-3 0  9997
2 45036 064.4007 311.0231 5692050 020.7054 355.2566 04.35987169008740
0 SL-12 DEB
1 45036U 09070P   20221.33010289 +.00001204 +00000-0 +16488-2 0  9993
2 45036 064.4009 310.7539 5691714 020.6766 355.2654 04.35989181008771
0 SL-12 DEB
1 45036U 09070P   20222.24756114 -.00000566 +00000-0 -69662-3 0  9993
2 45036 064.4012 310.3949 5691334 020.6391 355.2758 04.35988325008817
0 SL-12 DEB
1 45036U 09070P   20222.24756114 -.00000566  00000-0 -69662-3 0  9993
2 45036  64.4012 310.3949 5691334  20.6391 355.2758  4.35988325  8817
0 SL-12 DEB
1 45036U 09070P   20223.39438469 -.00000478  00000-0 -56779-3 0  9997
2 45036  64.4020 309.9458 5690783  20.5903 355.2876  4.35987477  8863
0 SL-12 DEB
1 45036U 09070P   20224.31184659 +.00000190 +00000-0 +35101-3 0  9994
2 45036 064.4025 309.5868 5690394 020.5520 355.2961 04.35986877008905
0 SL-12 DEB
1 45036U 09070P   20225.45866775 -.00000412  00000-0 -44213-3 0  9999
2 45036  64.4026 309.1382 5689965  20.5008 355.3072  4.35988352  8955
0 SL-12 DEB
1 45036U 09070P   20226.37612933 -.00000143 +00000-0 -60854-4 0  9997
2 45036 064.4035 308.7798 5689618 020.4623 355.3159 04.35986771008991
0 SL-12 DEB
1 45036U 09070P   20226.37612933 -.00000143  00000-0 -60854-4 0  9997
2 45036  64.4035 308.7798 5689618  20.4623 355.3159  4.35986771  8991
0 SL-12 DEB
1 45036U 09070P   20227.52295646 +.00000420 +00000-0 +71903-3 0  9995
2 45036 064.4039 308.3303 5689171 020.4154 355.3278 04.35987676009040
0 SL-12 DEB
1 45036U 09070P   20227.52295646  .00000420  00000-0  71903-3 0  9995
2 45036  64.4039 308.3303 5689171  20.4154 355.3278  4.35987676  9040
0 SL-12 DEB
1 45036U 09070P   20230.27535105  .00000515  00000-0  80283-3 0  9994
2 45036  64.4074 307.2545 5688444  20.3023 355.3661  4.35986658  9169
0 SL-12 DEB
1 45036U 09070P   20230.50471726 +.00000284 +00000-0 +47433-3 0  9991
2 45036 064.4079 307.1650 5688379 020.2930 355.3697 04.35986689009177
0 SL-12 DEB
1 45036U 09070P   20231.65155172 -.00000088  00000-0 -83777-4 0  9998
2 45036  64.4094 306.7168 5688147  20.2447 355.3890  4.35985651  9228
0 SL-12 DEB
1 45036U 09070P   20233.71584333 -.00000100  00000-0 -14495-3 0  9997
2 45036  64.4127 305.9105 5687714  20.1591 355.4209  4.35988463  9314
0 SL-12 DEB
1 45036U 09070P   20234.40393861 -.00000183 +00000-0 -26297-3 0  9992
2 45036 064.4145 305.6421 5687553 020.1314 355.4294 04.35988014009345
0 SL-12 DEB
1 45036U 09070P   20235.32139533 +.00001496 +00000-0 +21228-2 0  9992
2 45036 064.4162 305.2837 5687395 020.0935 355.4391 04.35990729009381
0 SL-12 DEB
1 45036U 09070P   20235.32139533  .00001496  00000-0  21228-2 0  9992
2 45036  64.4162 305.2837 5687395  20.0935 355.4391  4.35990729  9381
0 SL-12 DEB
1 45036U 09070P   20236.46820993 +.00001040 +00000-0 +15137-2 0  9992
2 45036 064.4184 304.8359 5687216 020.0454 355.4487 04.35992536009437
0 SL-12 DEB
1 45036U 09070P   20236.69757078  .00001839  00000-0  26558-2 0  9995
2 45036  64.4165 304.7458 5687175  20.0351 355.4505  4.35994594  9443
0 SL-12 DEB
1 45036U 09070P   20237.38565311 +.00001298 +00000-0 +19150-2 0  9998
2 45036 064.4179 304.4773 5687080 020.0067 355.4552 04.35995951009477
0 SL-12 DEB
1 45036U 09070P   20237.38565311  .00001298  00000-0  19150-2 0  9998
2 45036  64.4179 304.4773 5687080  20.0067 355.4552  4.35995951  9477
0 SL-12 DEB
1 45036U 09070P   20239.44989030  .00001329  00000-0  20207-2 0  9995
2 45036  64.4221 303.6717 5686962  19.9211 355.4709  4.36000235  9567
0 SL-12 DEB
1 45036U 09070P   20240.36732394 +.00001701 +00000-0 +25607-2 0  9990
2 45036 064.4234 303.3140 5686939 019.8840 355.4802 04.36002224009608
0 SL-12 DEB
1 45036U 09070P   20241.28475216 +.00002731 +00000-0 +40233-2 0  9995
2 45036 064.4253 302.9560 5686894 019.8464 355.4915 04.36006342009646
0 SL-12 DEB
1 45036U 09070P   20241.28475216  .00002731  00000-0  40233-2 0  9995
2 45036  64.4253 302.9560 5686894  19.8464 355.4915  4.36006342  9646
0 SL-12 DEB
1 45036U 09070P   20242.43152334 +.00002970 +00000-0 +43430-2 0  9993
2 45036 064.4272 302.5086 5686873 019.8019 355.5076 04.36013139009695
0 SL-12 DEB
1 45036U 09070P   20243.34893167  .00002496  00000-0  36476-2 0  9995
2 45036  64.4300 302.1510 5686827  19.7618 355.5227  4.36016303  9737
0 SL-12 DEB
1 45036U 09070P   20244.26632677 +.00004747 +00000-0 +68214-2 0  9990
2 45036 064.4312 301.7936 5686778 019.7191 355.5386 04.36024970009777
0 SL-12 DEB
1 45036U 09070P   20244.26632677  .00004747  00000-0  68214-2 0  9990
2 45036  64.4312 301.7936 5686778  19.7191 355.5386  4.36024970  9777
0 SL-12 DEB
1 45036U 09070P   20245.41304252 +.00004127 +00000-0 +59037-2 0  9998
2 45036 064.4349 301.3465 5686757 019.6702 355.5570 04.36035810009820
0 SL-12 DEB
1 45036U 09070P   20245.41304252 +.00004127 +00000-0 +59037-2 0  9998
2 45036 064.4349 301.3465 5686757 019.6702 355.5570 04.36035810009820
0 SL-12 DEB
1 45036U 09070P   20246.55972450  .00004526  00000-0  64390-2 0  9996
2 45036  64.4389 300.8997 5686781  19.6218 355.5735  4.36048131  9875
0 SL-12 DEB
1 45036U 09070P   20247.24771954 +.00004164 +00000-0 +59085-2 0  9992
2 45036 064.4418 300.6326 5686861 019.5886 355.5835 04.36054498009909
0 SL-12 DEB
1 45036U 09070P   20248.16503393  .00002819  00000-0  39967-2 0  9996
2 45036  64.4454 300.2750 5686936  19.5504 355.5940  4.36059993  9942
0 SL-12 DEB
1 45036U 09070P   20249.31165791 +.00003914 +00000-0 +55416-2 0  9994
2 45036 064.4485 299.8279 5687069 019.5046 355.6049 04.36068711009998
0 SL-12 DEB
1 45036U 09070P   20250.22893950 +.00003968 +00000-0 +56177-2 0  9995
2 45036 064.4513 299.4706 5687208 019.4674 355.6127 04.36076099010034
0 SL-12 DEB
1 45036U 09070P   20250.22893950  .00003968  00000-0  56177-2 0  9995
2 45036  64.4513 299.4706 5687208  19.4674 355.6127  4.36076099 10034
0 SL-12 DEB
1 45036U 09070P   20252.29276795  .00002971  00000-0  42332-2 0  9997
2 45036  64.4611 298.6675 5687473  19.3796 355.6300  4.36089669 10127
0 SL-12 DEB
1 45036U 09070P   20252.52207784 +.00004388 +00000-0 +62028-2 0  9993
2 45036 064.4592 298.5731 5687605 019.3653 355.6332 04.36093310010130
0 SL-12 DEB
1 45036U 09070P   20253.21000440 +.00003850 +00000-0 +54469-2 0  9993
2 45036 064.4618 298.3063 5687716 019.3361 355.6395 04.36097596010166
0 SL-12 DEB
1 45036U 09070P   20254.12722948  .00002689  00000-0  38221-2 0  9995
2 45036  64.4657 297.9499 5687778  19.3018 355.6476  4.36102054 10205
0 SL-12 DEB
1 45036U 09070P   20254.58583717 +.00003657 +00000-0 +51582-2 0  9995
2 45036 064.4658 297.7695 5687812 019.2880 355.6514 04.36106212010222
0 SL-12 DEB
1 45036U 09070P   20254.58583717  .00003657  00000-0  51582-2 0  9995
2 45036  64.4658 297.7695 5687812  19.2880 355.6514  4.36106212 10222
0 SL-12 DEB
1 45036U 09070P   20256.19094645  .00005015  00000-0  69380-2 0  9996
2 45036  64.4702 297.1463 5688340  19.2170 355.6729  4.36117683 10297
0 SL-12 DEB
1 45036U 09070P   20256.64953944 +.00005196 +00000-0 +71641-2 0  9995
2 45036 064.4732 296.9686 5688366 019.2042 355.6778 04.36121928010314
0 SL-12 DEB
1 45036U 09070P   20259.40102385 +.00003353 +00000-0 +44601-2 0  9996
2 45036 064.4833 295.8977 5689356 019.0913 355.7172 04.36139478010433
0 SL-12 DEB
1 45036U 09070P   20259.40102385  .00003353  00000-0  44601-2 0  9996
2 45036  64.4833 295.8977 5689356  19.0913 355.7172  4.36139478 10433
0 SL-12 DEB
1 45036U 09070P   20260.08886751  .00004941  00000-0  65694-2 0  9997
2 45036  64.4859 295.6292 5689551  19.0640 355.7253  4.36149905 10462
0 SL-12 DEB
1 45036U 09070P   20260.31814817 +.00003666 +00000-0 +48469-2 0  9991
2 45036 064.4876 295.5392 5689600 019.0551 355.7277 04.36150167010476
0 SL-12 DEB
1 45036U 09070P   20261.23525233 +.00005011 +00000-0 +66086-2 0  9995
2 45036 064.4917 295.1814 5690003 019.0162 355.7371 04.36161249010517
0 SL-12 DEB
1 45036U 09070P   20262.38160379  .00004707  00000-0  61612-2 0  9999
2 45036  64.4969 294.7355 5690581  18.9655 355.7462  4.36173162 10568
0 SL-12 DEB
1 45036U 09070P   20263.75718858 +.00004505 +00000-0 +58824-2 0  9999
2 45036 064.4979 294.1997 5691101 018.9114 355.7520 04.36184697010621
0 SL-12 DEB
1 45036U 09070P   20263.75718858  .00004505  00000-0  58824-2 0  9999
2 45036  64.4979 294.1997 5691101  18.9114 355.7520  4.36184697 10621
0 SL-12 DEB
1 45036U 09070P   20265.36198815 +.00005117 +00000-0 +66459-2 0  9996
2 45036 064.5031 293.5742 5691858 018.8485 355.7584 04.36200607010698
0 SL-12 DEB
1 45036U 09070P   20266.27899082  .00006605  00000-0  85186-2 0  9992
2 45036  64.5073 293.2192 5692300  18.8094 355.7643  4.36211110 10731
0 SL-12 DEB
1 45036U 09070P   20266.50824115 +.00005485 +00000-0 +70790-2 0  9993
2 45036 064.5088 293.1310 5692347 018.7989 355.7661 04.36211050010745
0 SL-12 DEB
1 45036U 09070P   20266.50824115  .00005485  00000-0  70790-2 0  9993
2 45036  64.5088 293.1310 5692347  18.7989 355.7661  4.36211050 10745
0 SL-12 DEB
1 45036U 09070P   20267.19597668  .00008993  00000-0  11482-1 0  9998
2 45036  64.5132 292.8629 5692806  18.7695 355.7724  4.36223249 10774
0 SL-12 DEB
1 45036U 09070P   20268.34217023  .00011269  00000-0  14240-1 0  9995
2 45036  64.5156 292.4145 5693228  18.7273 355.7830  4.36242709 10826
0 SL-12 DEB
1 45036U 09070P   20271.32193259  .00013082  00000-0  16029-1 0  9993
2 45036  64.5247 291.2520 5694365  18.6124 355.8188  4.36319677 10958
0 SL-12 DEB
1 45036U 09070P   20271.55112399 +.00011828 +00000-0 +14424-1 0  9997
2 45036 064.5273 291.1651 5694604 018.5988 355.8228 04.36323161010963
0 SL-12 DEB
1 45036U 09070P   20271.55112399 +.00011828 +00000-0 +14424-1 0  9997
2 45036 064.5273 291.1651 5694604 018.5988 355.8228 04.36323161010963
0 SL-12 DEB
1 45036U 09070P   20272.46785587 +.00014613 +00000-0 +17748-1 0  9990
2 45036 064.5276 290.8035 5694661 018.5703 355.8305 04.36348186011002
0 SL-12 DEB
1 45036U 09070P   20273.15536825  .00018149  00000-0  21876-1 0  9991
2 45036  64.5329 290.5356 5695004  18.5457 355.8366  4.36371827 11030
0 SL-12 DEB
1 45036U 09070P   20274.30115196 +.00014144 +00000-0 +16824-1 0  9991
2 45036 064.5388 290.0893 5695587 018.5025 355.8455 04.36400765011081
0 SL-12 DEB
1 45036U 09070P   20275.44686820  .00012658  00000-0  14937-1 0  9995
2 45036  64.5396 289.6411 5695952  18.4609 355.8516  4.36423973 11133
0 SL-12 DEB
1 45036U 09070P   20276.13426534  .00011788  00000-0  13743-1 0  9993
2 45036  64.5418 289.3760 5696654  18.4174 355.8596  4.36438971 11164
0 SL-12 DEB
1 45036U 09070P   20277.05074302  .00013455  00000-0  15583-1 0  9994
2 45036  64.5445 289.0181 5696992  18.3851 355.8627  4.36466549 11206
0 SL-12 DEB
1 45036U 09070P   20277.50896470 +.00010613 +00000-0 +12231-1 0  9992
2 45036 064.5491 288.8394 5697277 018.3733 355.8634 04.36474825011222
0 SL-12 DEB
1 45036U 09070P   20277.50896470  .00010613  00000-0  12231-1 0  9992
2 45036  64.5491 288.8394 5697277  18.3733 355.8634  4.36474825 11222
0 SL-12 DEB
1 45036U 09070P   20278.42537417 +.00011002 +00000-0 +12572-1 0  9998
2 45036 064.5524 288.4836 5697763 018.3342 355.8684 04.36496662011264
0 SL-12 DEB
1 45036U 09070P   20278.88356407 +.00011481 +00000-0 +13080-1 0  9992
2 45036 064.5534 288.3051 5697921 018.3172 355.8704 04.36506953011280
0 SL-12 DEB
1 45036U 09070P   20279.11265629  .00010744  00000-0  12198-1 0  9994
2 45036  64.5545 288.2151 5698133  18.3081 355.8719  4.36510793 11291
0 SL-12 DEB
1 45036U 09070P   20279.57083102 +.00009362 +00000-0 +10576-1 0  9990
2 45036 064.5562 288.0363 5698434 018.2908 355.8744 04.36519330011311
0 SL-12 DEB
1 45036U 09070P   20280.02899559 +.00010678 +00000-0 +12002-1 0  9991
2 45036 064.5577 287.8579 5698666 018.2736 355.8772 04.36530811011339
0 SL-12 DEB
1 45036U 09070P   20280.48714688 +.00013627 +00000-0 +15251-1 0  9996
2 45036 064.5591 287.6788 5698806 018.2564 355.8801 04.36545488011351
0 SL-12 DEB
1 45036U 09070P   20280.48714688 +.00013627 +00000-0 +15251-1 0  9996
2 45036 064.5591 287.6788 5698806 018.2564 355.8801 04.36545488011351
0 SL-12 DEB
1 45036U 09070P   20282.09057958 +.00014227 +00000-0 +15606-1 0  9996
2 45036 064.5640 287.0529 5699680 018.1962 355.8935 04.36587951011422
0 SL-12 DEB
1 45036U 09070P   20282.09057958  .00014227  00000-0  15606-1 0  9996
2 45036  64.5640 287.0529 5699680  18.1962 355.8935  4.36587951 11422
0 SL-12 DEB
1 45036U 09070P   20285.06803230  .00011676  00000-0  12179-1 0  9995
2 45036  64.5762 285.8895 5701875  18.0825 355.9267  4.36650204 11551
0 SL-12 DEB
1 45036U 09070P   20285.29704516 +.00012908 +00000-0 +13437-1 0  9994
2 45036 064.5778 285.8003 5701939 018.0691 355.9302 04.36660809011564
0 SL-12 DEB
1 45036U 09070P   20285.29704516 +.00012908 +00000-0 +13437-1 0  9994
2 45036 064.5778 285.8003 5701939 018.0691 355.9302 04.36660809011564
0 SL-12 DEB
1 45036U 09070P   20286.44205521  .00014768  00000-0  15130-1 0  9992
2 45036  64.5801 285.3540 5702620  18.0265 355.9410  4.36696611 11613
0 SL-12 DEB
1 45036U 09070P   20286.44205521 +.00014768 +00000-0 +15130-1 0  9992
2 45036 064.5801 285.3540 5702620 018.0265 355.9410 04.36696611011613
0 SL-12 DEB
1 45036U 09070P   20286.44205521 +.00014768 +00000-0 +15130-1 0  9992
2 45036 064.5801 285.3540 5702620 018.0265 355.9410 04.36696611011613
0 SL-12 DEB
1 45036U 09070P   20288.27389783  .00013665  00000-0  13609-1 0  9992
2 45036  64.5855 284.6382 5703964  17.9591 355.9526  4.36746001 11695
0 SL-12 DEB
1 45036U 09070P   20289.41869434 +.00013241 +00000-0 +13004-1 0  9994
2 45036 064.5886 284.1899 5704716 017.9182 355.9553 04.36775021011749
0 SL-12 DEB
1 45036U 09070P   20290.10553340 +.00014901 +00000-0 +14506-1 0  9990
2 45036 064.5906 283.9217 5705249 017.8929 355.9564 04.36795071011775
0 SL-12 DEB
1 45036U 09070P   20291.47910713  .00016214  00000-0  15433-1 0  9991
2 45036  64.5964 283.3842 5706493  17.8425 355.9583  4.36840072 11830
0 SL-12 DEB
1 45036U 09070P   20292.39473895 +.00018556 +00000-0 +17481-1 0  9994
2 45036 064.5994 283.0244 5706971 017.8090 355.9603 04.36874266011874
0 SL-12 DEB
1 45036U 09070P   20292.39473895  .00018556  00000-0  17481-1 0  9994
2 45036  64.5994 283.0244 5706971  17.8090 355.9603  4.36874266 11874
0 SL-12 DEB
1 45036U 09070P   20293.08142076 +.00019297 +00000-0 +18043-1 0  9993
2 45036 064.6002 282.7553 5707285 017.7839 355.9628 04.36899088011903
0 SL-12 DEB
1 45036U 09070P   20293.31030453 +.00019329 +00000-0 +18008-1 0  9991
2 45036 064.6014 282.6669 5707447 017.7761 355.9638 04.36907978011917
0 SL-12 DEB
1 45036U 09070P   20294.45464912  .00023094  00000-0  21064-1 0  9998
2 45036  64.6049 282.2190 5708339  17.7347 355.9720  4.36960517 11966
0 SL-12 DEB
1 45036U 09070P   20294.45464912 +.00023094 +00000-0 +21064-1 0  9998
2 45036 064.6049 282.2190 5708339 017.7347 355.9720 04.36960517011966
0 SL-12 DEB
1 45036U 09070P   20295.14118067  .00026945  00000-0  24371-1 0  9994
2 45036  64.6059 281.9498 5708541  17.7101 355.9777  4.37000129 11997
0 SL-12 DEB
1 45036U 09070P   20296.05646316  .00030839  00000-0  27425-1 0  9998
2 45036  64.6090 281.5914 5709121  17.6765 355.9871  4.37055282 12032
0 SL-12 DEB
1 45036U 09070P   20296.05646316 +.00030839 +00000-0 +27425-1 0  9998
2 45036 064.6090 281.5914 5709121 017.6765 355.9871 04.37055282012032
0 SL-12 DEB
1 45036U 09070P   20297.42916950 +.00027789 +00000-0 +24045-1 0  9999
2 45036 064.6136 281.0534 5710110 017.6274 356.0018 04.37133755012094
0 SL-12 DEB
1 45036U 09070P   20298.11544278  .00032205  00000-0  27554-1 0  9993
2 45036  64.6155 280.7844 5710486  17.6027 356.0086  4.37172558 12120
0 SL-12 DEB
1 45036U 09070P   20298.34418618  .00035853  00000-0  30599-1 0  9991
2 45036  64.6155 280.6945 5710524  17.5947 356.0106  4.37188812 12138
0 SL-12 DEB
1 45036U 09070P   20299.03037839  .00034320  00000-0  28931-1 0  9995
2 45036  64.6181 280.4251 5710965  17.5709 356.0165  4.37225516 12161
0 SL-12 DEB
1 45036U 09070P   20299.03037985  .00028410  00000-0  23938-1 0  9992
2 45036  64.6185 280.4230 5711009  17.5682 356.0172  4.37218713 12161
0 SL-12 DEB
1 45036U 09070P   20299.03037985 +.00028410 +00000-0 +23938-1 0  9992
2 45036 064.6185 280.4230 5711009 017.5682 356.0172 04.37218713012161
0 SL-12 DEB
1 45036U 09070P   20302.00302072  .00027020  00000-0  22325-1 0  9991
2 45036  64.6223 279.2520 5710801  17.4530 356.0335  4.37419721 12299
0 SL-12 DEB
1 45036U 09070P   20302.23163182  .00031763  00000-0  25421-1 0  9992
2 45036  64.6209 279.1684 5712524  17.3629 356.0556  4.37438450 12302
0 SL-12 DEB
1 45036U 09070P   20304.06020469 +.00040962 +00000-0 +32354-1 0  9999
2 45036 064.6299 278.4494 5712487 017.4191 356.0325 04.37569841012386
0 SL-12 DEB
1 45036U 09070P   20305.20275381  .00039053  00000-0  29652-1 0  9997
2 45036  64.6367 278.0012 5714098  17.3267 356.0506  4.37668314 12439
0 SL-12 DEB
1 45036U 09070P   20305.43123306 +.00037616 +00000-0 +28484-1 0  9996
2 45036 064.6314 277.9100 5714133 017.3470 356.0451 04.37687064012446
0 SL-12 DEB
1 45036U 09070P   20305.43123306  .00037616  00000-0  28484-1 0  9996
2 45036  64.6314 277.9100 5714133  17.3470 356.0451  4.37687064 12446
0 SL-12 DEB
1 45036U 09070P   20305.88815350 +.00049873 +00000-0 +37677-1 0  9994
2 45036 064.6326 277.7295 5713923 017.3320 356.0466 04.37738067012460
0 SL-12 DEB
1 45036U 09070P   20306.11659493 +.00047818 +00000-0 +36124-1 0  9998
2 45036 064.6277 277.6386 5713775 017.3188 356.0487 04.37761230012474
0 SL-12 DEB
1 45036U 09070P   20311.36751460  .00048520  00000-0  34358-1 0  9996
2 45036  64.6577 275.5951 5713945  17.2344 356.0738  4.38252313 12707
0 SL-12 DEB
1 45036U 09070P   20312.05199197  .00061714  00000-0  42406-1 0  9999
2 45036  64.6434 275.3112 5715017  17.1548 356.0954  4.38336462 12734
0 SL-12 DEB
1 45036U 09070P   20315.47245277 +.00043079 +00000+0 +27007-1 0  9992
2 45036  64.6510 273.9463 5717220  17.0030 356.1290  4.38735248012880
0 SL-12 DEB
1 45036U 09070P   20316.15616003 +.00063875 +00000+0 +38816-1 0  9993
2 45036  64.6527 273.6751 5718256  16.9751 356.1332  4.38836848012912
0 SL-12 DEB
1 45036U 09070P   20317.29533579 +.00084172 +00000+0 +50616-1 0  9990
2 45036  64.6620 273.2257 5717749  16.9765 356.1252  4.39002834012961
0 SL-12 DEB
1 45036U 09070P   20319.34465705 +.00086415 +00000-0 +49845-1 0  9998
2 45036 064.6339 272.4111 5717723 016.8763 356.1385 04.39340974013055
0 SL-12 DEB
1 45036U 09070P   20319.57226273 +.00063974 +00000-0 +36785-1 0  9992
2 45036 064.6350 272.3206 5717699 016.8671 356.1401 04.39371657013064
0 SL-12 DEB
1 45036U 09070P   20320.93755502  .00075028  00000-0  41127-1 0  9995
2 45036  64.6708 271.7728 5718855  16.8084 356.1552  4.39568680 13124
0 SL-12 DEB
1 45036U 09070P   20321.84737341  .00079484  00000-0  43146-1 0  9990
2 45036  64.6727 271.4096 5718295  16.7700 356.1658  4.39725645 13169
0 SL-12 DEB
1 45036U 09070P   20323.21147380  .00097470  00000-0  52070-1 0  9992
2 45036  64.6662 270.8672 5717418  16.7339 356.1787  4.39974619 13221
0 SL-12 DEB
1 45036U 09070P   20324.12049969  .00104099  00000-0  52645-1 0  9991
2 45036  64.6608 270.5066 5718964  16.7182 356.1885  4.40156308 13260
0 SL-12 DEB
1 45036U 09070P   20325.25624984  .00093285  00000-0  46828-1 0  9992
2 45036  64.6587 270.0490 5718106  16.7186 356.1910  4.40337655 13315
0 SL-12 DEB
1 45036U 09070P   20325.93743093  .00082407  00000-0  41287-1 0  9998
2 45036  64.6660 269.7749 5717263  16.7096 356.1932  4.40476982 13346
0 SL-12 DEB
1 45036U 09070P   20327.29906515  .00148448  00000-0  74000-1 0  9996
2 45036  64.6561 269.2295 5715229  16.6960 356.1937  4.40822099 13402
0 SL-12 DEB
1 45036U 09070P   20329.11250817  .00108264  00000-0  48975-1 0  9990
2 45036  64.6579 268.5079 5716414  16.4853 356.2406  4.41367395 13483
0 SL-12 DEB
1 45036U 09070P   20329.56545124  .00168247  00000-0  75663-1 0  9998
2 45036  64.6787 268.3348 5714920  16.4913 356.2361  4.41636400 13507
0 SL-12 DEB
1 45036U 09070P   20330.24458958  .00177738  00000-0  79328-1 0  9990
2 45036  64.6569 268.0515 5713862  16.5439 356.2211  4.41852286 13535
0 SL-12 DEB
1 45036U 09070P   20330.92340259  .00205944  00000-0  85293-1 0  9998
2 45036  64.6766 267.8214 5715879  16.3805 356.2604  4.42092302 13567
0 SL-12 DEB
1 45036U 09070P   20332.27963470  .00195313  00000-0  78691-1 0  9996
2 45036  64.6539 267.2476 5713266  16.2841 356.2786  4.42686090 13627
0 SL-12 DEB
1 45036U 09070P   20333.40902545  .00206803  00000-0  87299-1 0  9999
2 45036  64.6705 266.7763 5709039  16.3733 356.2542  4.42988437 13674
0 SL-12 DEB
1 45036U 09070P   20334.98805240  .00206137  00000-0  81347-1 0  9995
2 45036  64.6468 266.1374 5707735  16.3400 356.2665  4.43669791 13748
0 SL-12 DEB
1 45036U 09070P   20334.98805240 +.00206137 +00000-0 +81347-1 0  9995
2 45036 064.6468 266.1374 5707735 016.3400 356.2665 04.43669791013748
0 SL-12 DEB
1 45036U 09070P   20338.36338173  .00228869  00000-0  83248-1 0  9995
2 45036  64.6622 264.7636 5701787  16.2295 356.3059  4.45139553 13891
0 SL-12 DEB
1 45036U 09070P   20338.36338173  .00228869  00000-0  83248-1 0  9995
2 45036  64.6622 264.7636 5701787  16.2295 356.3059  4.45139553 13891
0 SL-12 DEB
1 45036U 09070P   20338.36338173 +.00228869 +00000-0 +83248-1 0  9995
2 45036 064.6622 264.7636 5701787 016.2295 356.3059 04.45139553013891
0 SL-12 DEB
1 45036U 09070P   20341.95021716  .00252382  00000-0  83654-1 0  9994
2 45036  64.6451 263.2938 5693673  16.1279 356.3272  4.47011565 14055
0 SL-12 DEB
1 45036U 09070P   20342.17390056  .00244993  00000-0  79290-1 0  9995
2 45036  64.6510 263.2014 5694019  16.1120 356.3311  4.47122811 14068
0 SL-12 DEB
1 45036U 09070P   20342.62111029  .00260591  00000-0  83522-1 0  9991
2 45036  64.6655 263.0204 5693048  16.0965 356.3324  4.47337318 14080
0 SL-12 DEB
1 45036U 09070P   20342.62111029  .00260591  00000-0  83522-1 0  9991
2 45036  64.6655 263.0204 5693048  16.0965 356.3324  4.47337318 14080
0 SL-12 DEB
1 45036U 09070P   20346.41487789 +.00285668 +00000-0 +87492-1 0  9993
2 45036 064.6502 261.4495 5684095 015.9437 356.3506 04.49013428014255
0 SL-12 DEB
1 45036U 09070P   20346.41487789  .00285668  00000-0  87492-1 0  9993
2 45036  64.6502 261.4495 5684095  15.9437 356.3506  4.49013428 14255
0 SL-12 DEB
1 45036U 09070P   20346.86033330  .00191205  00000-0  55334-1 0  9994
2 45036  64.6428 261.2654 5685931  15.9525 356.3522  4.49117645 14271
0 SL-12 DEB
1 45036U 09070P   20346.86033330  .00191205  00000-0  55334-1 0  9994
2 45036  64.6428 261.2654 5685931  15.9525 356.3522  4.49117645 14271
0 SL-12 DEB
1 45036U 09070P   20347.97286712  .00229484  00000-0  65860-1 0  9997
2 45036  64.6504 260.8028 5682511  15.9089 356.3629  4.49693480 14322
0 SL-12 DEB
1 45036U 09070P   20347.97286712  .00229484  00000-0  65860-1 0  9997
2 45036  64.6504 260.8028 5682511  15.9089 356.3629  4.49693480 14322
0 SL-12 DEB
1 45036U 09070P   20349.30579927  .00329833  00000-0  87812-1 0  9999
2 45036  64.6452 260.2415 5679758  15.8137 356.3905  4.50608075 14381
0 SL-12 DEB
1 45036U 09070P   20349.30579927  .00329833  00000-0  87812-1 0  9999
2 45036  64.6452 260.2415 5679758  15.8137 356.3905  4.50608075 14381
0 SL-12 DEB
1 45036U 09070P   20349.30580070  .00343153  00000-0  91287-1 0  9992
2 45036  64.6453 260.2417 5679750  15.8137 356.3905  4.50614311 14386
0 SL-12 DEB
1 45036U 09070P   20358.79921151  .00386942  00000-0  10948+0 0  9990
2 45036  64.6428 256.2979 5642204  15.8550 356.3493  4.55943872 14811
0 SL-12 DEB
1 45036U 09070P   20358.79921151  .00386942  00000-0  10948+0 0  9990
2 45036  64.6428 256.2979 5642204  15.8550 356.3493  4.55943872 14811
0 SL-12 DEB
1 45036U 09070P   20361.86165418  .00567495  00000-0  11031+0 0  9996
2 45036  64.6290 254.9751 5639942  15.3028 356.4912  4.58724082 14956
0 SL-12 DEB
1 45036U 09070P   20361.86165418  .00567495  00000-0  11031+0 0  9996
2 45036  64.6290 254.9751 5639942  15.3028 356.4912  4.58724082 14956
0 SL-12 DEB
1 45036U 09070P   21005.81613979  .00336278  00000-0  57867-1 0  9999
2 45036  64.5884 250.5856 5601951  15.1393 356.4960  4.65353693 15413
0 SL-12 DEB
1 45036U 09070P   21005.81613979  .00336278  00000-0  57867-1 0  9999
2 45036  64.5884 250.5856 5601951  15.1393 356.4960  4.65353693 15402
0 SL-12 DEB
1 45036U 09070P   21009.67228149  .00310481  00000-0  46495-1 0  9991
2 45036  64.5967 248.9096 5590260  14.8476 356.5591  4.68009255 15595
0 SL-12 DEB
1 45036U 09070P   21009.67228149  .00310481  00000-0  46495-1 0  9991
2 45036  64.5967 248.9096 5590260  14.8476 356.5591  4.68009255 15584
0 SL-12 DEB
1 45036U 09070P   21010.73987704  .00330290  00000-0  49052-1 0  9991
2 45036  64.5798 248.4287 5586198  14.9000 356.5462  4.68690833 15644
0 SL-12 DEB
1 45036U 09070P   21010.73987704  .00330290  00000-0  49052-1 0  9991
2 45036  64.5798 248.4287 5586198  14.9000 356.5462  4.68690833 15633
0 SL-12 DEB
1 45036U 09070P   21011.80582205  .00346578  00000-0  53300-1 0  9994
2 45036  64.5646 247.9408 5579976  14.9786 356.5228  4.69451837 15697
0 SL-12 DEB
1 45036U 09070P   21011.80582205  .00346578  00000-0  53300-1 0  9994
2 45036  64.5646 247.9408 5579976  14.9786 356.5228  4.69451837 15686
0 SL-12 DEB
1 45036U 09070P   21012.23160992  .00500384  00000-0  76673-1 0  9992
2 45036  64.5592 247.7483 5577032  14.9690 356.5220  4.69933269 15712
0 SL-12 DEB
1 45036U 09070P   21012.23160992  .00500384  00000-0  76673-1 0  9992
2 45036  64.5592 247.7483 5577032  14.9690 356.5220  4.69933269 15701
0 SL-12 DEB
1 45036U 09070P   21012.65694779  .00466016  00000-0  70135-1 0  9993
2 45036  64.5587 247.5544 5574727  14.9307 356.5287  4.70400530 15721
0 SL-12 DEB
1 45036U 09070P   21012.86948836  .00431092  00000-0  65475-1 0  9999
2 45036  64.5544 247.4688 5573068  14.9494 356.5220  4.70604483 15748
0 SL-12 DEB
1 45036U 09070P   21013.08198849  .00369873  00000-0  55339-1 0  9990
2 45036  64.5494 247.3659 5573052  14.9182 356.5295  4.70696745 15740
0 SL-12 DEB
1 45036U 09070P   21013.29436095  .00354740  00000-0  52040-1 0  9994
2 45036  64.5445 247.2681 5572576  14.8876 356.5361  4.70888519 15767
0 SL-12 DEB
1 45036U 09070P   21013.29436095  .00354740  00000-0  52040-1 0  9994
2 45036  64.5445 247.2681 5572576  14.8876 356.5361  4.70888519 15756
0 SL-12 DEB
1 45036U 09070P   21013.71899051  .00356334  00000-0  51890-1 0  9999
2 45036  64.5504 247.0782 5571082  14.8805 356.5352  4.71165773 15789
0 SL-12 DEB
1 45036U 09070P   21013.71899051  .00356334  00000-0  51890-1 0  9999
2 45036  64.5504 247.0782 5571082  14.8805 356.5352  4.71165773 15778
0 SL-12 DEB
1 45036U 09070P   21014.35543358  .00380799  00000-0  54302-1 0  9999
2 45036  64.5540 246.7929 5568959  14.8628 356.5350  4.71622275 15817
0 SL-12 DEB
1 45036U 09070P   21014.35543358  .00380799  00000-0  54302-1 0  9999
2 45036  64.5540 246.7929 5568959  14.8628 356.5350  4.71622275 15806
0 SL-12 DEB
1 45036U 09070P   21014.99130211  .00239013  00000-0  33950-1 0  9997
2 45036  64.5513 246.5057 5567082  14.8305 356.5381  4.71938223 15834
0 SL-12 DEB
1 45036U 09070P   21015.20316085  .00354354  00000-0  50445-1 0  9991
2 45036  64.5439 246.4080 5565848  14.8264 356.5366  4.72119045 15846
0 SL-12 DEB
1 45036U 09070P   21015.62669887  .00218049  00000-0  30723-1 0  9995
2 45036  64.5479 246.2176 5565013  14.8100 356.5377  4.72309996 15878
0 SL-12 DEB
1 45036U 09070P   21015.62669887  .00218049  00000-0  30723-1 0  9995
2 45036  64.5479 246.2176 5565013  14.8100 356.5377  4.72309996 15867
0 SL-12 DEB
1 45036U 09070P   21016.04999154  .00308060  00000-0  42696-1 0  9990
2 45036  64.5371 246.0247 5563646  14.7939 356.5379  4.72622251 15891
0 SL-12 DEB
1 45036U 09070P   21016.04999154  .00308060  00000-0  42696-1 0  9990
2 45036  64.5371 246.0247 5563646  14.7939 356.5379  4.72622251 15880
0 SL-12 DEB
1 45036U 09070P   21016.68452743  .00297132  00000-0  41028-1 0  9993
2 45036  64.5358 245.7378 5561553  14.7726 356.5375  4.72972419 15920
0 SL-12 DEB
1 45036U 09070P   21016.68452743  .00297132  00000-0  41028-1 0  9993
2 45036  64.5358 245.7378 5561553  14.7726 356.5375  4.72972419 15919
0 SL-12 DEB
1 45036U 09070P   21017.10729676  .00293467  00000-0  39986-1 0  9990
2 45036  64.5298 245.5470 5560515  14.7729 356.5342  4.73213734 15949
0 SL-12 DEB
1 45036U 09070P   21017.10729676  .00293467  00000-0  39986-1 0  9990
2 45036  64.5298 245.5470 5560515  14.7729 356.5342  4.73213734 15938
0 SL-12 DEB
1 45036U 09070P   21018.16307371  .00416938  00000-0  55915-1 0  9991
2 45036  64.5235 245.0665 5555990  14.7376 356.5331  4.74016682 15997
0 SL-12 DEB
1 45036U 09070P   21018.16307371  .00416938  00000-0  55915-1 0  9991
2 45036  64.5235 245.0665 5555990  14.7376 356.5331  4.74016682 15986
0 SL-12 DEB
1 45036U 09070P   21018.79564075  .00330461  00000-0  44142-1 0  9992
2 45036  64.5249 244.7801 5553202  14.7130 356.5340  4.74477582 16027
0 SL-12 DEB
1 45036U 09070P   21018.79564075  .00330461  00000-0  44142-1 0  9992
2 45036  64.5249 244.7801 5553202  14.7130 356.5340  4.74477582 16016
0 SL-12 DEB
1 45036U 09070P   21060.17875745  .00402041  00000-0  39110-1 0  9993
2 45036  64.2650 224.7830 5329564  13.1859 356.5388  5.11923099 18062
0 SL-12 DEB
1 45036U 09070P   21060.17875745  .00402041  00000-0  39110-1 0  9993
2 45036  64.2650 224.7830 5329564  13.1859 356.5388  5.11923099 17971
0 SL-12 DEB
1 45036U 09070P   21091.50973749  .00460140  00000-0  54867-1 0  9997
2 45036  64.1871 208.1926 5144207  12.0119 356.6708  5.40708970 19614
0 SL-12 DEB
1 45036U 09070P   21091.50973749  .00460140  00000-0  54867-1 0  9997
2 45036  64.1871 208.1926 5144207  12.0119 356.6708  5.40708970 19580
0 SL-12 DEB
1 45036U 09070P   21093.35660194  .00448652  00000-0  53007-1 0  9998
2 45036  64.1845 207.1713 5135216  11.9497 356.6805  5.42242789 19717
0 SL-12 DEB
1 45036U 09070P   21093.35660194  .00448652  00000-0  53007-1 0  9998
2 45036  64.1845 207.1713 5135216  11.9497 356.6805  5.42242789 19683
0 SL-12 DEB
1 45036U 09070P   21098.50571526  .00325717  00000-0  37044-1 0  9999
2 45036  64.1391 204.2257 5116938  11.6421 356.7435  5.45505696 19990
0 SL-12 DEB
1 45036U 09070P   21098.50571526  .00325717  00000-0  37044-1 0  9999
2 45036  64.1391 204.2257 5116938  11.6421 356.7435  5.45505696 19967
0 SL-12 DEB
1 45036U 09070P   21100.33713528  .00298706  00000-0  34293-1 0  9994
2 45036  64.1467 203.2318 5110107  11.5861 356.7618  5.46562783 20097
0 SL-12 DEB
1 45036U 09070P   21100.33713528  .00298706  00000-0  34293-1 0  9994
2 45036  64.1467 203.2318 5110107  11.5861 356.7618  5.46562783 20064
0 SL-12 DEB
1 45036U 09070P   21101.25152630  .00346836  00000-0  46097-1 0  9990
2 45036  64.1563 202.7604 5100515  11.6639 356.7361  5.47101268 20141
0 SL-12 DEB
1 45036U 09070P   21101.25152630  .00346836  00000-0  46097-1 0  9990
2 45036  64.1563 202.7604 5100515  11.6639 356.7361  5.47101268 20118
0 SL-12 DEB
1 45036U 09070P   21102.34757341  .00269797  00000-0  36011-1 0  9996
2 45036  64.1529 202.1429 5096449  11.6375 356.7479  5.47736941 20208
0 SL-12 DEB
1 45036U 09070P   21102.34757341  .00269797  00000-0  36011-1 0  9996
2 45036  64.1529 202.1429 5096449  11.6375 356.7479  5.47736941 20174
0 SL-12 DEB
1 45036U 09070P   21102.71262551  .00302297  00000-0  37978-1 0  9997
2 45036  64.1597 201.9532 5097543  11.5028 356.7901  5.47990691 20197
0 SL-12 DEB
1 45036U 09070P   21103.44224183  .00294341  00000-0  37784-1 0  9992
2 45036  64.1654 201.5425 5093812  11.5148 356.7881  5.48448125 20239
0 SL-12 DEB
1 45036U 09070P   21104.35336070  .00306305  00000-0  40199-1 0  9990
2 45036  64.1595 201.0211 5089038  11.5163 356.7884  5.49070980 20316
0 SL-12 DEB
1 45036U 09070P   21104.35336070  .00306305  00000-0  40199-1 0  9990
2 45036  64.1595 201.0211 5089038  11.5163 356.7884  5.49070980 20282
0 SL-12 DEB
1 45036U 09070P   21105.26357279  .00456162  00000-0  60938-1 0  9995
2 45036  64.1622 200.5151 5084586  11.5088 356.7902  5.49671616 20339
0 SL-12 DEB
1 45036U 09070P   21105.44551351  .00376960  00000-0  49513-1 0  9995
2 45036  64.1705 200.4202 5085013  11.4428 356.8102  5.49724058 20376
0 SL-12 DEB
1 45036U 09070P   21105.44551351  .00376960  00000-0  49513-1 0  9995
2 45036  64.1705 200.4202 5085013  11.4428 356.8102  5.49724058 20343
0 SL-12 DEB
1 45036U 09070P   21106.53621377  .00327475  00000-0  42662-1 0  9997
2 45036  64.1667 199.8036 5080880  11.3913 356.8235  5.50461106 20432
0 SL-12 DEB
1 45036U 09070P   21106.71786806  .00269766  00000-0  34903-1 0  9993
2 45036  64.1640 199.6969 5080640  11.3533 356.8343  5.50550030 20444
0 SL-12 DEB
1 45036U 09070P   21106.71786806  .00269766  00000-0  34903-1 0  9993
2 45036  64.1640 199.6969 5080640  11.3533 356.8343  5.50550030 20411
0 SL-12 DEB
1 45036U 09070P   21116.27321455  .00323951  00000-0  42155-1 0  9995
2 45036  64.2013 194.2842 5035303  10.7848 356.9720  5.57970415 20932
0 SL-12 DEB
1 45036U 09070P   21123.23020794  .00285539  00000-0  38086-1 0  9998
2 45036  64.1859 190.2501 5005952  10.6789 356.9715  5.62632331 21323
0 SL-12 DEB
1 45036U 09070P   21126.24723193  .00201158  00000-0  27790-1 0  9990
2 45036  64.1847 188.4836 4995208  10.6373 356.9770  5.64147277 21536
0 SL-12 DEB
1 45036U 09070P   21126.24723193  .00201158  00000-0  27790-1 0  9990
2 45036  64.1847 188.4836 4995208  10.6373 356.9770  5.64147277 21491
0 SL-12 DEB
1 45036U 09070P   21127.13308859  .00240758  00000-0  32660-1 0  9998
2 45036  64.1745 187.9442 4993005  10.5912 356.9927  5.64648275 21584
0 SL-12 DEB
1 45036U 09070P   21127.13308859  .00240758  00000-0  32660-1 0  9998
2 45036  64.1745 187.9442 4993005  10.5912 356.9927  5.64648275 21540
0 SL-12 DEB
1 45036U 09070P   21129.43328680  .00235463  00000-0  30786-1 0  9991
2 45036  64.2049 186.6167 4988323  10.3731 357.0641  5.65698198 21716
0 SL-12 DEB
1 45036U 09070P   21129.43328680  .00235463  00000-0  30786-1 0  9991
2 45036  64.2049 186.6167 4988323  10.3731 357.0641  5.65698198 21671
0 SL-12 DEB
1 45036U 09070P   21130.31685007  .00240428  00000-0  31331-1 0  9993
2 45036  64.2130 186.1024 4985970  10.3306 357.0777  5.66111163 21765
0 SL-12 DEB
1 45036U 09070P   21130.31685007  .00240428  00000-0  31331-1 0  9993
2 45036  64.2130 186.1024 4985970  10.3306 357.0777  5.66111163 21721
0 SL-12 DEB
1 45036U 09070P   21138.22601158  .00419898  00000-0  57523-1 0  9996
2 45036  64.2160 181.4035 4948604  10.1182 357.0866  5.71925935 22217
0 SL-12 DEB
1 45036U 09070P   21138.22601158  .00419898  00000-0  57523-1 0  9996
2 45036  64.2160 181.4035 4948604  10.1182 357.0866  5.71925935 22172
0 SL-12 DEB
1 45036U 09070P   21140.14658233  .00376978  00000-0  48485-1 0  9994
2 45036  64.2386 180.2924 4942065   9.9352 357.1346  5.73498807 22322
0 SL-12 DEB
1 45036U 09070P   21140.14658233  .00376978  00000-0  48485-1 0  9994
2 45036  64.2386 180.2924 4942065   9.9352 357.1346  5.73498807 22287
0 SL-12 DEB
1 45036U 09070P   21141.19174788  .00487290  00000-0  61438-1 0  9991
2 45036  64.2399 179.6601 4936210   9.8837 357.1468  5.74623796 22381
0 SL-12 DEB
1 45036U 09070P   21141.19174788  .00487290  00000-0  61438-1 0  9991
2 45036  64.2399 179.6601 4936210   9.8837 357.1468  5.74623796 22347
0 SL-12 DEB
1 45036U 09070P   21142.06112007  .00384506  00000-0  48423-1 0  9999
2 45036  64.2392 179.1381 4930906   9.8553 357.1529  5.75514955 22436
0 SL-12 DEB
1 45036U 09070P   21142.06112007  .00384506  00000-0  48423-1 0  9999
2 45036  64.2392 179.1381 4930906   9.8553 357.1529  5.75514955 22391
0 SL-12 DEB
1 45036U 09070P   21143.27618670  .00404983  00000-0  49186-1 0  9999
2 45036  64.2484 178.4179 4925980   9.7301 357.1886  5.76610064 22469
0 SL-12 DEB
1 45036U 09070P   21144.14270498  .00405033  00000-0  48949-1 0  9991
2 45036  64.2492 177.8964 4921572   9.6956 357.1952  5.77381649 22550
0 SL-12 DEB
1 45036U 09070P   21144.14270498  .00405033  00000-0  48949-1 0  9991
2 45036  64.2492 177.8964 4921572   9.6956 357.1952  5.77381649 22516
0 SL-12 DEB
1 45036U 09070P   21145.35395538  .00371366  00000-0  45290-1 0  9995
2 45036  64.2544 177.1638 4915094   9.6592 357.1974  5.78391986 22625
0 SL-12 DEB
1 45036U 09070P   21145.35395538  .00371366  00000-0  45290-1 0  9995
2 45036  64.2544 177.1638 4915094   9.6592 357.1974  5.78391986 22580
0 SL-12 DEB
1 45036U 09070P   21146.56303570  .00207311  00000-0  25062-1 0  9997
2 45036  64.2607 176.4370 4910106   9.6039 357.2028  5.79288786 22653
0 SL-12 DEB
1 45036U 09070P   21146.56303570  .00207311  00000-0  25062-1 0  9997
2 45036  64.2607 176.4370 4910106   9.6039 357.2028  5.79288786 22653
0 SL-12 DEB
1 45036U 09070P   21146.56303570  .00207311  00000-0  25062-1 0  9997
2 45036  64.2607 176.4370 4910106   9.6039 357.2028  5.79288786 22653
