0 TBA - TO BE ASSIGNED
1 45493U 10041AP  20099.39880817  .00001440  00000-0  95629-3 0  9998
2 45493  64.8466 203.8477 5762605  27.0397 353.8871  4.31996358  7876
0 TBA - TO BE ASSIGNED
1 45493U 10041AP  20101.25068550  .00001214  00000-0  74307-3 0  9998
2 45493  64.8433 203.1328 5763311  26.9424 353.9042  4.31999166  7952
0 SL-12 DEB
1 45493U 10041AP  20102.40811721  .00001100  00000-0  64118-3 0  9995
2 45493  64.8490 202.6934 5763882  26.8627 353.9467  4.32000919  8007
0 SL-12 DEB
1 45493U 10041AP  20103.33405005  .00001267  00000-0  73813-3 0  9998
2 45493  64.8478 202.3346 5763919  26.8416 353.9657  4.32004081  8043
0 SL-12 DEB
1 45493U 10041AP  20105.64883718  .00001736  00000-0  10606-2 0  9996
2 45493  64.8420 201.4420 5764325  26.7421 354.0003  4.32013202  8143
0 SL-12 DEB
1 45493U 10041AP  20106.34324952  .00001469  00000-0  92504-3 0  9995
2 45493  64.8508 201.1879 5764155  26.6905 353.9882  4.32014436  8178
0 SL-12 DEB
1 45493U 10041AP  20107.50062256 +.00001411 +00000-0 +92504-3 0  9997
2 45493 064.8507 200.7410 5764438 026.6400 354.0019 04.32017956008227
0 SL-12 DEB
1 45493U 10041AP  20108.65798650  .00001367  00000-0  92244-3 0  9999
2 45493  64.8449 200.2914 5764982  26.5717 354.0165  4.32021070  8279
0 SL-12 DEB
1 45493U 10041AP  20109.35240511 +.00000883 +00000-0 +65097-3 0  9993
2 45493 064.8460 200.0133 5764685 026.5442 354.0303 04.32021262008309
0 SL-12 DEB
1 45493U 10041AP  20112.36152721  .00001094  00000-0  75352-3 0  9993
2 45493  64.8523 198.8652 5765315  26.3993 354.0996  4.32029582  8434
0 SL-12 DEB
1 45493U 10041AP  20113.05592390  .00001339  00000-0  86507-3 0  9996
2 45493  64.8534 198.6171 5766165  26.3411 354.1127  4.32032832  8461
0 SL-12 DEB
1 45493U 10041AP  20115.37056985  .00001831  00000-0  10706-2 0  9992
2 45493  64.8619 197.7604 5765939  26.2051 354.1729  4.32042070  8567
0 SL-12 DEB
1 45493U 10041AP  20116.29640297  .00002016  00000-0  11374-2 0  9997
2 45493  64.8588 197.3783 5766493  26.1604 354.1808  4.32046212  8600
0 SL-12 DEB
1 45493U 10041AP  20117.22223106  .00001770  00000-0  98220-3 0  9999
2 45493  64.8396 196.9761 5766267  26.1765 354.1756  4.32048303  8644
0 SL-12 DEB
1 45493U 10041AP  20118.37951102 +.00001431 +00000-0 +79058-3 0  9992
2 45493 064.8428 196.5375 5765913 026.1374 354.1731 04.32049774008691
0 SL-12 DEB
1 45493U 10041AP  20118.61097336 +.00001485 +00000-0 +82182-3 0  9990
2 45493 064.8438 196.4479 5766089 026.1220 354.1885 04.32050847008706
0 SL-12 DEB
1 45493U 10041AP  20119.30533696  .00001357  00000-0  75606-3 0  9992
2 45493  64.8549 196.1818 5766442  26.0683 354.1980  4.32052563  8734
0 SL-12 DEB
1 45493U 10041AP  20120.23115236  .00001977  00000-0  11393-2 0  9992
2 45493  64.8584 195.8236 5766566  25.9952 354.2326  4.32058915  8773
0 SL-12 DEB
1 45493U 10041AP  20121.61983739 +.00001929 +00000-0 +11560-2 0  9999
2 45493 064.8572 195.2857 5766804 025.9452 354.2217 04.32064573008836
0 SL-12 DEB
1 45493U 10041AP  20122.31417973  .00001898  00000-0  11560-2 0  9994
2 45493  64.8572 195.0173 5766957  25.9150 354.2273  4.32067371  8863
0 SL-12 DEB
1 45493U 10041AP  20125.32295591  .00001393  00000-0  85018-3 0  9998
2 45493  64.8604 193.8526 5767803  25.7788 354.2317  4.32074713  8994
0 SL-12 DEB
1 45493U 10041AP  20126.24875667  .00001687  00000-0  10159-2 0  9997
2 45493  64.8701 193.5266 5766041  25.8113 354.2785  4.32078811  9034
0 SL-12 DEB
1 45493U 10041AP  20126.94307460  .00001810  00000-0  10483-2 0  9993
2 45493  64.8608 193.2284 5766620  25.7685 354.2897  4.32081778  9066
0 SL-12 DEB
1 45493U 10041AP  20127.17451204  .00001833  00000-0  10323-2 0  9993
2 45493  64.8632 193.1434 5767644  25.7077 354.2991  4.32082707  9070
0 SL-12 DEB
1 45493U 10041AP  20129.25745070  .00002674  00000-0  14256-2 0  9994
2 45493  64.8614 192.3318 5768332  25.5912 354.3624  4.32094808  9162
0 SL-12 DEB
1 45493U 10041AP  20131.57172402 +.00002198 +00000-0 +11679-2 0  9992
2 45493 064.8627 191.4385 5768715 025.5091 354.3187 04.32102473009266
0 SL-12 DEB
1 45493U 10041AP  20132.26602669 +.00002026 +00000-0 +10867-2 0  9990
2 45493 064.8625 191.1669 5768986 025.4734 354.3573 04.32104613009299
0 SL-12 DEB
1 45493U 10041AP  20135.04311219  .00002057  00000-0  11823-2 0  9994
2 45493  64.8619 190.0948 5769402  25.3517 354.3991  4.32117873  9412
0 SL-12 DEB
1 45493U 10041AP  20138.51434665 +.00001841 +00000-0 +10296-2 0  9993
2 45493 064.8432 188.6933 5771689 025.1084 354.4396 04.32131204009569
0 SL-12 DEB
1 45493U 10041AP  20138.97718215  .00001876  00000-0  10642-2 0  9992
2 45493  64.8539 188.5467 5770323  25.1276 354.4528  4.32133124  9587
0 SL-12 DEB
1 45493U 10041AP  20140.13423718  .00002405  00000-0  13020-2 0  9996
2 45493  64.8623 188.1165 5770540  25.0611 354.4808  4.32140543  9635
0 SL-12 DEB
1 45493U 10041AP  20141.29126705  .00002582  00000-0  13628-2 0  9990
2 45493  64.8681 187.6787 5770089  25.0682 354.4789  4.32146785  9686
0 SL-12 DEB
1 45493U 10041AP  20141.52266926 +.00002533 +00000-0 +13385-2 0  9992
2 45493 064.8686 187.5940 5769678 025.0636 354.4747 04.32147458009695
0 SL-12 DEB
1 45493U 10041AP  20142.21688123 +.00002576 +00000-0 +13260-2 0  9995
2 45493 064.8665 187.3209 5770057 025.0324 354.4866 04.32151036009728
0 SL-12 DEB
1 45493U 10041AP  20144.29947592  .00002942  00000-0  15005-2 0  9999
2 45493  64.8762 186.5349 5769198  24.9591 354.5201  4.32163818  9815
0 SL-12 DEB
1 45493U 10041AP  20147.53891987  .00003316  00000-0  17180-2 0  9997
2 45493  64.8596 185.2353 5770504  24.8147 354.5585  4.32186658  9957
0 SL-12 DEB
1 45493U 10041AP  20149.15854960  .00002911  00000-0  15603-2 0  9995
2 45493  64.8677 184.6443 5770378  24.7444 354.5114  4.32195301 10021
0 SL-12 DEB
1 45493U 10041AP  20151.24093431  .00002944  00000-0  15684-2 0  9991
2 45493  64.8646 183.8194 5770934  24.6642 354.5409  4.32207822 10117
0 SL-12 DEB
1 45493U 10041AP  20152.86052360  .00003828  00000-0  20429-2 0  9991
2 45493  64.8521 183.1637 5769235  24.7060 354.5641  4.32222764 10188
0 SL-12 DEB
1 45493U 10041AP  20153.09186774  .00003914  00000-0  20004-2 0  9999
2 45493  64.8596 183.0901 5771188  24.6018 354.5540  4.32225070 10197
0 SL-12 DEB
1 45493U 10041AP  20154.24867725 +.00004337 +00000-0 +21592-2 0  9992
2 45493 064.8646 182.6456 5771406 024.5478 354.5825 04.32235371010242
0 SL-12 DEB
1 45493U 10041AP  20155.17409589  .00004336  00000-0  21182-2 0  9999
2 45493  64.8716 182.2915 5771585  24.5181 354.5848  4.32242881 10288
0 SL-12 DEB
1 45493U 10041AP  20155.17409589  .00004336  00000-0  21182-2 0  9999
2 45493  64.8716 182.2915 5771585  24.5181 354.5848  4.32242881 10288
0 SL-12 DEB
1 45493U 10041AP  20155.86814817  .00004789  00000-0  22787-2 0  9993
2 45493  64.8597 182.0052 5772695  24.4292 354.6078  4.32251363 10315
0 SL-12 DEB
1 45493U 10041AP  20155.86814817  .00004789  00000-0  22787-2 0  9993
2 45493  64.8597 182.0052 5772695  24.4292 354.6078  4.32251363 10315
0 SL-12 DEB
1 45493U 10041AP  20155.86814817  .00004789  00000-0  22787-2 0  9993
2 45493  64.8597 182.0052 5772695  24.4292 354.6078  4.32251363 10315
0 SL-12 DEB
1 45493U 10041AP  20155.86814817 +.00004789 +00000-0 +22787-2 0  9993
2 45493 064.8597 182.0052 5772695 024.4292 354.6078 04.32251363010315
0 SL-12 DEB
1 45493U 10041AP  20155.86814817  .00004789  00000-0  22787-2 0  9993
2 45493  64.8597 182.0052 5772695  24.4292 354.6078  4.32251363 10315
0 SL-12 DEB
1 45493U 10041AP  20158.87557846  .00004691  00000-0  22308-2 0  9994
2 45493  64.8554 180.8296 5773251  24.3063 354.6142  4.32276770 10443
0 SL-12 DEB
1 45493U 10041AP  20158.87557846  .00004691  00000-0  22308-2 0  9994
2 45493  64.8554 180.8296 5773251  24.3063 354.6142  4.32276770 10443
0 SL-12 DEB
1 45493U 10041AP  20158.87557846  .00004691  00000-0  22308-2 0  9994
2 45493  64.8554 180.8296 5773251  24.3063 354.6142  4.32276770 10443
0 SL-12 DEB
1 45493U 10041AP  20158.87557846  .00004691  00000-0  22308-2 0  9994
2 45493  64.8554 180.8296 5773251  24.3063 354.6142  4.32276770 10443
0 SL-12 DEB
1 45493U 10041AP  20158.87557846  .00004691  00000-0  22308-2 0  9994
2 45493  64.8554 180.8296 5773251  24.3063 354.6142  4.32276770 10443
0 SL-12 DEB
1 45493U 10041AP  20158.87557846  .00004691  00000-0  22308-2 0  9994
2 45493  64.8554 180.8296 5773251  24.3063 354.6142  4.32276770 10443
0 SL-12 DEB
1 45493U 10041AP  20158.87557846  .00004691  00000-0  22308-2 0  9994
2 45493  64.8554 180.8296 5773251  24.3063 354.6142  4.32276770 10443
0 SL-12 DEB
1 45493U 10041AP  20158.87557846  .00004691  00000-0  22308-2 0  9994
2 45493  64.8554 180.8296 5773251  24.3063 354.6142  4.32276770 10443
0 SL-12 DEB
1 45493U 10041AP  20161.18886513  .00004665  00000-0  22748-2 0  9997
2 45493  64.8653 179.9454 5773634  24.1972 354.6215  4.32296918 10548
0 SL-12 DEB
1 45493U 10041AP  20161.18886513  .00004665  00000-0  22748-2 0  9997
2 45493  64.8653 179.9454 5773634  24.1972 354.6215  4.32296918 10548
0 SL-12 DEB
1 45493U 10041AP  20161.18886513  .00004665  00000-0  22748-2 0  9997
2 45493  64.8653 179.9454 5773634  24.1972 354.6215  4.32296918 10548
0 SL-12 DEB
1 45493U 10041AP  20161.18886513  .00004665  00000-0  22748-2 0  9997
2 45493  64.8653 179.9454 5773634  24.1972 354.6215  4.32296918 10548
0 SL-12 DEB
1 45493U 10041AP  20162.11415386  .00005301  00000-0  25930-2 0  9991
2 45493  64.8666 179.5875 5773861  24.1515 354.6287  4.32305402 10582
0 SL-12 DEB
1 45493U 10041AP  20162.11415386  .00005301  00000-0  25930-2 0  9991
2 45493  64.8666 179.5875 5773861  24.1515 354.6287  4.32305402 10582
0 SL-12 DEB
1 45493U 10041AP  20162.11415386  .00005301  00000-0  25930-2 0  9991
2 45493  64.8666 179.5875 5773861  24.1515 354.6287  4.32305402 10582
0 SL-12 DEB
1 45493U 10041AP  20162.11415386  .00005301  00000-0  25930-2 0  9991
2 45493  64.8666 179.5875 5773861  24.1515 354.6287  4.32305402 10582
0 SL-12 DEB
1 45493U 10041AP  20162.11415386  .00005301  00000-0  25930-2 0  9991
2 45493  64.8666 179.5875 5773861  24.1515 354.6287  4.32305402 10582
0 SL-12 DEB
1 45493U 10041AP  20162.11415386  .00005301  00000-0  25930-2 0  9991
2 45493  64.8666 179.5875 5773861  24.1515 354.6287  4.32305402 10582
0 SL-12 DEB
1 45493U 10041AP  20162.11415386  .00005301  00000-0  25930-2 0  9991
2 45493  64.8666 179.5875 5773861  24.1515 354.6287  4.32305402 10582
0 SL-12 DEB
1 45493U 10041AP  20162.11415386  .00005301  00000-0  25930-2 0  9991
2 45493  64.8666 179.5875 5773861  24.1515 354.6287  4.32305402 10582
0 SL-12 DEB
1 45493U 10041AP  20162.11415386  .00005301  00000-0  25930-2 0  9991
2 45493  64.8666 179.5875 5773861  24.1515 354.6287  4.32305402 10582
0 SL-12 DEB
1 45493U 10041AP  20164.19598935  .00004431  00000-0  21744-2 0  9995
2 45493  64.8699 178.7806 5774125  24.0620 354.6493  4.32323250 10673
0 SL-12 DEB
1 45493U 10041AP  20164.19598935  .00004431  00000-0  21744-2 0  9995
2 45493  64.8699 178.7806 5774125  24.0620 354.6493  4.32323250 10673
0 SL-12 DEB
1 45493U 10041AP  20164.19598935  .00004431  00000-0  21744-2 0  9995
2 45493  64.8699 178.7806 5774125  24.0620 354.6493  4.32323250 10673
0 SL-12 DEB
1 45493U 10041AP  20164.42729929  .00005182  00000-0  25334-2 0  9993
2 45493  64.8703 178.6904 5774075  24.0561 354.6511  4.32325909 10680
0 SL-12 DEB
1 45493U 10041AP  20164.88991713  .00005099  00000-0  24832-2 0  9994
2 45493  64.8703 178.5106 5774140  24.0366 354.6569  4.32329552 10703
0 SL-12 DEB
1 45493U 10041AP  20164.88991713  .00005099  00000-0  24832-2 0  9994
2 45493  64.8703 178.5106 5774140  24.0366 354.6569  4.32329552 10703
0 SL-12 DEB
1 45493U 10041AP  20164.88991713  .00005099  00000-0  24832-2 0  9994
2 45493  64.8703 178.5106 5774140  24.0366 354.6569  4.32329552 10703
0 SL-12 DEB
1 45493U 10041AP  20164.88991713  .00005099  00000-0  24832-2 0  9994
2 45493  64.8703 178.5106 5774140  24.0366 354.6569  4.32329552 10703
0 SL-12 DEB
1 45493U 10041AP  20164.88991713  .00005099  00000-0  24832-2 0  9994
2 45493  64.8703 178.5106 5774140  24.0366 354.6569  4.32329552 10703
0 SL-12 DEB
1 45493U 10041AP  20165.81513818  .00003632  00000-0  17543-2 0  9996
2 45493  64.8693 178.1495 5774361  23.9932 354.6702  4.32336716 10743
0 SL-12 DEB
1 45493U 10041AP  20166.04644096  .00003589  00000-0  17262-2 0  9994
2 45493  64.8693 178.0598 5774399  23.9831 354.6733  4.32338687 10759
0 SL-12 DEB
1 45493U 10041AP  20166.04644096  .00003589  00000-0  17262-2 0  9994
2 45493  64.8693 178.0598 5774399  23.9831 354.6733  4.32338687 10759
0 SL-12 DEB
1 45493U 10041AP  20166.04644096  .00003589  00000-0  17262-2 0  9994
2 45493  64.8693 178.0598 5774399  23.9831 354.6733  4.32338687 10759
0 SL-12 DEB
1 45493U 10041AP  20166.04644096  .00003589  00000-0  17262-2 0  9994
2 45493  64.8693 178.0598 5774399  23.9831 354.6733  4.32338687 10759
0 SL-12 DEB
1 45493U 10041AP  20166.04644096  .00003589  00000-0  17262-2 0  9994
2 45493  64.8693 178.0598 5774399  23.9831 354.6733  4.32338687 10759
0 SL-12 DEB
1 45493U 10041AP  20166.04644096  .00003589  00000-0  17262-2 0  9994
2 45493  64.8693 178.0598 5774399  23.9831 354.6733  4.32338687 10759
0 SL-12 DEB
1 45493U 10041AP  20166.04644096  .00003589  00000-0  17262-2 0  9994
2 45493  64.8693 178.0598 5774399  23.9831 354.6733  4.32338687 10759
0 SL-12 DEB
1 45493U 10041AP  20166.04644096  .00003589  00000-0  17262-2 0  9994
2 45493  64.8693 178.0598 5774399  23.9831 354.6733  4.32338687 10759
0 SL-12 DEB
1 45493U 10041AP  20166.04644096  .00003589  00000-0  17262-2 0  9994
2 45493  64.8693 178.0598 5774399  23.9831 354.6733  4.32338687 10759
0 SL-12 DEB
1 45493U 10041AP  20166.04644096  .00003589  00000-0  17262-2 0  9994
2 45493  64.8693 178.0598 5774399  23.9831 354.6733  4.32338687 10759
0 SL-12 DEB
1 45493U 10041AP  20166.04644096  .00003589  00000-0  17262-2 0  9994
2 45493  64.8693 178.0598 5774399  23.9831 354.6733  4.32338687 10759
0 SL-12 DEB
1 45493U 10041AP  20167.89683804 +.00004811 +00000-0 +22271-2 0  9993
2 45493 064.8686 177.3396 5774716 023.9029 354.6966 04.32351053010830
0 SL-12 DEB
1 45493U 10041AP  20168.12813305  .00004993  00000-0  23024-2 0  9999
2 45493  64.8687 177.2498 5774752  23.8929 354.6992  4.32353346 10848
0 SL-12 DEB
1 45493U 10041AP  20168.12813305  .00004993  00000-0  23024-2 0  9999
2 45493  64.8687 177.2498 5774752  23.8929 354.6992  4.32353346 10848
0 SL-12 DEB
1 45493U 10041AP  20168.12813305  .00004993  00000-0  23024-2 0  9999
2 45493  64.8687 177.2498 5774752  23.8929 354.6992  4.32353346 10848
0 SL-12 DEB
1 45493U 10041AP  20168.12813305  .00004993  00000-0  23024-2 0  9999
2 45493  64.8687 177.2498 5774752  23.8929 354.6992  4.32353346 10848
0 SL-12 DEB
1 45493U 10041AP  20168.12813305  .00004993  00000-0  23024-2 0  9999
2 45493  64.8687 177.2498 5774752  23.8929 354.6992  4.32353346 10848
0 SL-12 DEB
1 45493U 10041AP  20168.12813305  .00004993  00000-0  23024-2 0  9999
2 45493  64.8687 177.2498 5774752  23.8929 354.6992  4.32353346 10848
0 SL-12 DEB
1 45493U 10041AP  20169.28459312  .00003397  00000-0  15134-2 0  9991
2 45493  64.8710 176.8041 5774801  23.8495 354.7082  4.32360973 10897
0 SL-12 DEB
1 45493U 10041AP  20169.28459312  .00003397  00000-0  15134-2 0  9991
2 45493  64.8710 176.8041 5774801  23.8495 354.7082  4.32360973 10897
0 SL-12 DEB
1 45493U 10041AP  20169.28459312  .00003397  00000-0  15134-2 0  9991
2 45493  64.8710 176.8041 5774801  23.8495 354.7082  4.32360973 10897
0 SL-12 DEB
1 45493U 10041AP  20170.20974618  .00002928  00000-0  12654-2 0  9999
2 45493  64.8731 176.4486 5775079  23.8016 354.7165  4.32366109 10930
0 SL-12 DEB
1 45493U 10041AP  20170.44103320  .00003632  00000-0  15862-2 0  9996
2 45493  64.8751 176.3618 5775184  23.7858 354.7192  4.32368052 10948
0 SL-12 DEB
1 45493U 10041AP  20170.44103320  .00003632  00000-0  15862-2 0  9996
2 45493  64.8751 176.3618 5775184  23.7858 354.7192  4.32368052 10948
0 SL-12 DEB
1 45493U 10041AP  20170.44103320 +.00003632 +00000-0 +15862-2 0  9996
2 45493 064.8751 176.3618 5775184 023.7858 354.7192 04.32368052010948
0 SL-12 DEB
1 45493U 10041AP  20171.13488544  .00004497  00000-0  19803-2 0  9996
2 45493  64.8744 176.0906 5775225  23.7584 354.7213  4.32373683 10972
0 SL-12 DEB
1 45493U 10041AP  20171.13488544  .00004497  00000-0  19803-2 0  9996
2 45493  64.8744 176.0906 5775225  23.7584 354.7213  4.32373683 10972
0 SL-12 DEB
1 45493U 10041AP  20171.13488544  .00004497  00000-0  19803-2 0  9996
2 45493  64.8744 176.0906 5775225  23.7584 354.7213  4.32373683 10972
0 SL-12 DEB
1 45493U 10041AP  20174.14147706  .00003939  00000-0  17622-2 0  9999
2 45493  64.8771 174.9223 5775691  23.6353 354.7236  4.32394866 11108
0 SL-12 DEB
1 45493U 10041AP  20176.45414925  .00002954  00000-0  13605-2 0  9998
2 45493  64.8756 174.0298 5776351  23.5160 354.7369  4.32409913 11201
0 SL-12 DEB
1 45493U 10041AP  20177.14793942  .00003528  00000-0  16300-2 0  9997
2 45493  64.8816 173.7725 5776221  23.4978 354.7393  4.32413687 11234
0 SL-12 DEB
1 45493U 10041AP  20177.37919824 +.00003739 +00000-0 +17776-2 0  9993
2 45493 064.8809 173.7031 5774765 023.5230 354.7304 04.32414922011245
0 SL-12 DEB
1 45493U 10041AP  20177.37919824  .00003739  00000-0  17776-2 0  9993
2 45493  64.8809 173.7031 5774765  23.5230 354.7304  4.32414922 11245
0 SL-12 DEB
1 45493U 10041AP  20178.07297969  .00004389  00000-0  20324-2 0  9995
2 45493  64.8750 173.4102 5775737  23.4701 354.7448  4.32420540 11273
0 SL-12 DEB
1 45493U 10041AP  20180.15426387  .00004122  00000-0  18169-2 0  9994
2 45493  64.8810 172.5906 5776432  23.3876 354.7705  4.32437764 11369
0 TBA - TO BE ASSIGNED
1 45493U 10041AP  20181.07925357 +.00004990 +00000-0 +21731-2 0  9999
2 45493 064.8824 172.2370 5776338 023.3541 354.7795 04.32445949011408
0 TBA - TO BE ASSIGNED
1 45493U 10041AP  20182.23546072  .00003733  00000-0  15573-2 0  9992
2 45493  64.8799 171.7787 5776817  23.2960 354.7922  4.32455899 11453
0 SL-12 DEB
1 45493U 10041AP  20183.39164321 +.00004018 +00000-0 +16581-2 0  9990
2 45493 064.8814 171.3335 5777158 023.2372 354.8002 04.32464215011500
0 SL-12 DEB
1 45493U 10041AP  20184.08534022 +.00004705 +00000-0 +19675-2 0  9996
2 45493 064.8801 171.0602 5777093 023.2159 354.7991 04.32469897011531
0 SL-12 DEB
1 45493U 10041AP  20185.01025238  .00004639  00000-0  19515-2 0  9993
2 45493  64.8798 170.7007 5777216  23.1768 354.7993  4.32478562 11578
0 SL-12 DEB
1 45493U 10041AP  20185.24147736 +.00004322 +00000-0 +18154-2 0  9993
2 45493 064.8801 170.6120 5777298 023.1643 354.7999 04.32480624011589
0 SL-12 DEB
1 45493U 10041AP  20185.47270097 +.00004052 +00000-0 +17042-2 0  9990
2 45493 064.8805 170.5229 5777309 023.1554 354.7996 04.32482729011592
0 SL-12 DEB
1 45493U 10041AP  20187.09124613  .00004881  00000-0  21154-2 0  9991
2 45493  64.8796 169.8936 5777507  23.0867 354.8007  4.32495404 11669
0 SL-12 DEB
1 45493U 10041AP  20188.01610652 +.00005219 +00000-0 +22863-2 0  9991
2 45493 064.8802 169.5335 5777634 023.0484 354.8039 04.32504777011707
0 SL-12 DEB
1 45493U 10041AP  20189.40335830  .00003855  00000-0  17218-2 0  9999
2 45493  64.8799 168.9940 5777783  22.9882 354.8145  4.32518449 11767
0 SL-12 DEB
1 45493U 10041AP  20190.09697197 +.00004087 +00000-0 +18245-2 0  9992
2 45493 064.8801 168.7240 5777875 022.9584 354.8220 04.32524261011799
0 SL-12 DEB
1 45493U 10041AP  20190.79057606 +.00005265 +00000-0 +23261-2 0  9997
2 45493 064.8800 168.4546 5777937 022.9283 354.8307 04.32531631011828
0 SL-12 DEB
1 45493U 10041AP  20190.79057606  .00005265  00000-0  23261-2 0  9997
2 45493  64.8800 168.4546 5777937  22.9283 354.8307  4.32531631 11828
0 SL-12 DEB
1 45493U 10041AP  20193.10251226  .00004154  00000-0  18186-2 0  9995
2 45493  64.8852 167.5775 5777613  22.8412 354.8598  4.32551841 11921
0 SL-12 DEB
1 45493U 10041AP  20193.56488697 +.00004946 +00000-0 +21361-2 0  9997
2 45493 064.8807 167.3813 5777811 022.8203 354.8668 04.32556363011944
0 SL-12 DEB
1 45493U 10041AP  20193.56488697 +.00004946 +00000-0 +21361-2 0  9997
2 45493 064.8807 167.3813 5777811 022.8203 354.8668 04.32556363011944
0 SL-12 DEB
1 45493U 10041AP  20194.02725624 +.00005512 +00000-0 +23403-2 0  9992
2 45493 064.8822 167.1989 5778264 022.7908 354.8761 04.32562299011968
0 SL-12 DEB
1 45493U 10041AP  20194.02725624  .00005512  00000-0  23403-2 0  9992
2 45493  64.8822 167.1989 5778264  22.7908 354.8761  4.32562299 11968
0 SL-12 DEB
1 45493U 10041AP  20198.18832824  .00005627  00000-0  22820-2 0  9993
2 45493  64.8798 165.5815 5778600  22.6068 354.9141  4.32609487 12145
0 SL-12 DEB
1 45493U 10041AP  20199.34409346 +.00005047 +00000-0 +20494-2 0  9992
2 45493 064.8809 165.1308 5778707 022.5592 354.9178 04.32621096012195
0 SL-12 DEB
1 45493U 10041AP  20200.03753998 +.00005935 +00000-0 +24333-2 0  9998
2 45493 064.8810 164.8611 5778755 022.5301 354.9197 04.32627339012222
0 SL-12 DEB
1 45493U 10041AP  20201.19325729  .00004945  00000-0  20552-2 0  9992
2 45493  64.8829 164.4141 5778826  22.4820 354.9235  4.32639512 12274
0 SL-12 DEB
1 45493U 10041AP  20203.96686973  .00006168  00000-0  26107-2 0  9991
2 45493  64.8817 163.3355 5779004  22.3622 354.9465  4.32666768 12395
0 SL-12 DEB
1 45493U 10041AP  20206.04697031  .00004593  00000-0  19136-2 0  9994
2 45493  64.8839 162.5258 5779305  22.2719 354.9786  4.32685694 12487
0 SL-12 DEB
1 45493U 10041AP  20206.97142763 +.00007075 +00000-0 +28851-2 0  9995
2 45493 064.8842 162.1667 5779318 022.2349 354.9932 04.32698455012521
0 SL-12 DEB
1 45493U 10041AP  20206.97142763  .00007075  00000-0  28851-2 0  9995
2 45493  64.8842 162.1667 5779318  22.2349 354.9932  4.32698455 12521
0 SL-12 DEB
1 45493U 10041AP  20207.89584578 +.00007603 +00000-0 +30643-2 0  9990
2 45493 064.8828 161.8080 5779218 022.2015 355.0055 04.32715848012567
0 SL-12 DEB
1 45493U 10041AP  20207.89584578  .00007603  00000-0  30643-2 0  9990
2 45493  64.8828 161.8080 5779218  22.2015 355.0055  4.32715848 12567
0 SL-12 DEB
1 45493U 10041AP  20211.13107895  .00006433  00000-0  25375-2 0  9991
2 45493  64.8793 160.5486 5779332  22.0526 355.0351  4.32760479 12701
0 SL-12 DEB
1 45493U 10041AP  20212.74857229 +.00007074 +00000-0 +28372-2 0  9994
2 45493 064.8776 159.9180 5779356 021.9879 355.0396 04.32780419012772
0 SL-12 DEB
1 45493U 10041AP  20212.97963697 +.00007134 +00000-0 +28684-2 0  9999
2 45493 064.8782 159.8284 5779368 021.9781 355.0405 04.32783151012786
0 SL-12 DEB
1 45493U 10041AP  20214.82808967 +.00005893 +00000-0 +24295-2 0  9997
2 45493 064.8806 159.1106 5779420 021.8979 355.0532 04.32809352012868
0 SL-12 DEB
1 45493U 10041AP  20215.98332646  .00009151  00000-0  37468-2 0  9998
2 45493  64.8801 158.6621 5779454  21.8449 355.0676  4.32825121 12915
0 SL-12 DEB
1 45493U 10041AP  20219.21769751  .00008883  00000-0  35447-2 0  9995
2 45493  64.8828 157.4284 5780107  21.6491 355.1381  4.32885109 13050
0 SL-12 DEB
1 45493U 10041AP  20220.37271868  .00008384  00000-0  33495-2 0  9998
2 45493  64.8766 156.9604 5779557  21.6309 355.1513  4.32907709 13100
0 SL-12 DEB
1 45493U 10041AP  20222.22065699  .00008090  00000-0  31984-2 0  9992
2 45493  64.8760 156.2348 5779167  21.5703 355.1761  4.32934077 13187
0 SL-12 DEB
1 45493U 10041AP  20222.91359783 +.00008901 +00000-0 +34958-2 0  9993
2 45493 064.8764 155.9647 5779173 021.5384 355.1858 04.32947591013217
0 SL-12 DEB
1 45493U 10041AP  20222.91359783  .00008901  00000-0  34958-2 0  9993
2 45493  64.8764 155.9647 5779173  21.5384 355.1858  4.32947591 13217
0 SL-12 DEB
1 45493U 10041AP  20224.99229855  .00007297  00000-0  28482-2 0  9991
2 45493  64.8754 155.1554 5779046  21.4448 355.2076  4.32981370 13300
0 SL-12 DEB
1 45493U 10041AP  20227.07083826  .00007666  00000-0  30135-2 0  9997
2 45493  64.8759 154.3455 5779184  21.3490 355.2251  4.33016796 13391
0 SL-12 DEB
1 45493U 10041AP  20228.22551852  .00007601  00000-0  30206-2 0  9992
2 45493  64.8746 153.8957 5779184  21.3007 355.2346  4.33031670 13441
0 SL-12 DEB
1 45493U 10041AP  20229.38015660 +.00007737 +00000-0 +31024-2 0  9991
2 45493 064.8759 153.4460 5779150 021.2524 355.2472 04.33049042013493
0 SL-12 DEB
1 45493U 10041AP  20230.30383173  .00007090  00000-0  28637-2 0  9990
2 45493  64.8752 153.0863 5779110  21.2095 355.2611  4.33064206 13537
0 SL-12 DEB
1 45493U 10041AP  20232.84381488  .00007519  00000-0  29867-2 0  9990
2 45493  64.8744 152.0963 5779013  21.0970 355.3095  4.33098925 13644
0 SL-12 DEB
1 45493U 10041AP  20235.38357854 +.00008918 +00000-0 +33974-2 0  9990
2 45493 064.8747 151.1048 5779268 020.9806 355.3584 04.33135460013750
0 SL-12 DEB
1 45493U 10041AP  20235.84532785  .00008503  00000-0  32378-2 0  9996
2 45493  64.8734 150.9264 5779079  20.9628 355.3639  4.33143404 13775
0 SL-12 DEB
1 45493U 10041AP  20236.76879792 +.00007987 +00000-0 +30312-2 0  9991
2 45493 064.8733 150.5668 5778955 020.9230 355.3740 04.33160086013812
0 SL-12 DEB
1 45493U 10041AP  20237.23051970 +.00008441 +00000-0 +32127-2 0  9996
2 45493 064.8732 150.3855 5778814 020.9092 355.3764 04.33167990013836
0 SL-12 DEB
1 45493U 10041AP  20238.15394390  .00008511  00000-0  32476-2 0  9999
2 45493  64.8719 150.0272 5778831  20.8634 355.3843  4.33180460 13870
0 SL-12 DEB
1 45493U 10041AP  20238.84648970 +.00008854 +00000-0 +33964-2 0  9994
2 45493 064.8720 149.7572 5778786 020.8326 355.3886 04.33192732013903
0 SL-12 DEB
1 45493U 10041AP  20240.92401908  .00009195  00000-0  35921-2 0  9998
2 45493  64.8762 148.9518 5778729  20.7419 355.4044  4.33226115 13998
0 SL-12 DEB
1 45493U 10041AP  20241.84731691 +.00010676 +00000-0 +41818-2 0  9993
2 45493 064.8777 148.5932 5778656 020.7024 355.4151 04.33243382014031
0 SL-12 DEB
1 45493U 10041AP  20243.00138561  .00008233  00000-0  32565-2 0  9995
2 45493  64.8753 148.1382 5778742  20.6436 355.4351  4.33265225 14089
0 SL-12 DEB
1 45493U 10041AP  20246.00168866  .00010534  00000-0  40907-2 0  9995
2 45493  64.8720 146.9669 5778396  20.5131 355.4944  4.33329454 14211
0 SL-12 DEB
1 45493U 10041AP  20247.15552999 +.00007869 +00000-0 +30461-2 0  9997
2 45493 064.8723 146.5168 5778314 020.4617 355.5176 04.33350892014265
0 SL-12 DEB
1 45493U 10041AP  20247.61705251  .00008567  00000-0  32939-2 0  9997
2 45493  64.8722 146.3368 5778287  20.4437 355.5255  4.33359208 14283
0 SL-12 DEB
1 45493U 10041AP  20247.84781048 +.00008461 +00000-0 +32460-2 0  9992
2 45493 064.8720 146.2471 5778280 020.4328 355.5298 04.33362472014292
0 SL-12 DEB
1 45493U 10041AP  20249.23231015  .00008192  00000-0  31070-2 0  9998
2 45493  64.8728 145.7061 5778152  20.3724 355.5513  4.33386154 14356
0 SL-12 DEB
1 45493U 10041AP  20252.23181547  .00007458  00000-0  28112-2 0  9993
2 45493  64.8744 144.5346 5777958  20.2382 355.5834  4.33432394 14487
0 SL-12 DEB
1 45493U 10041AP  20252.69325169 +.00005229 +00000-0 +19813-2 0  9995
2 45493 064.8749 144.3546 5777938 020.2185 355.5870 04.33434135014509
0 SL-12 DEB
1 45493U 10041AP  20252.69325169  .00005229  00000-0  19813-2 0  9995
2 45493  64.8749 144.3546 5777938  20.2185 355.5870  4.33434135 14509
0 SL-12 DEB
1 45493U 10041AP  20253.84681392 +.00007092 +00000-0 +27123-2 0  9999
2 45493 064.8799 143.9097 5777807 020.1715 355.5952 04.33450051014554
0 SL-12 DEB
1 45493U 10041AP  20253.84681392  .00007092  00000-0  27123-2 0  9999
2 45493  64.8799 143.9097 5777807  20.1715 355.5952  4.33450051 14554
0 SL-12 DEB
1 45493U 10041AP  20254.76963139 +.00006447 +00000-0 +25098-2 0  9995
2 45493 064.8795 143.5464 5777486 020.1374 355.6015 04.33463965014591
0 SL-12 DEB
1 45493U 10041AP  20256.84589206  .00006993  00000-0  27529-2 0  9992
2 45493  64.8777 142.7354 5777490  20.0395 355.6287  4.33487515 14685
0 SL-12 DEB
1 45493U 10041AP  20258.22999042 +.00007850 +00000-0 +31162-2 0  9990
2 45493 064.8817 142.1910 5776662 020.0059 355.6445 04.33511530014747
0 SL-12 DEB
1 45493U 10041AP  20260.30603890  .00006871  00000-0  26151-2 0  9999
2 45493  64.8719 141.3828 5777567  19.8827 355.6932  4.33536418 14834
0 SL-12 DEB
1 45493U 10041AP  20260.76736237 +.00007737 +00000-0 +29043-2 0  9996
2 45493 064.8723 141.2022 5777753 019.8572 355.7030 04.33544370014856
0 SL-12 DEB
1 45493U 10041AP  20260.76736237  .00007737  00000-0  29043-2 0  9996
2 45493  64.8723 141.2022 5777753  19.8572 355.7030  4.33544370 14856
0 SL-12 DEB
1 45493U 10041AP  20266.07213013  .00005069  00000-0  18760-2 0  9998
2 45493  64.8737 139.1292 5777656  19.6205 355.7501  4.33604611 15083
0 SL-12 DEB
1 45493U 10041AP  20266.76402076 +.00005927 +00000-0 +22256-2 0  9991
2 45493 064.8756 138.8589 5777468 019.6012 355.7502 04.33609416015119
0 SL-12 DEB
1 45493U 10041AP  20269.30075733  .00008512  00000-0  32539-2 0  9998
2 45493  64.8719 137.8674 5777201  19.4902 355.7721  4.33652473 15229
0 SL-12 DEB
1 45493U 10041AP  20270.68432625 +.00010299 +00000-0 +39176-2 0  9997
2 45493 064.8723 137.3270 5777030 019.4292 355.7925 04.33680996015286
0 SL-12 DEB
1 45493U 10041AP  20270.68432625  .00010299  00000-0  39176-2 0  9997
2 45493  64.8723 137.3270 5777030  19.4292 355.7925  4.33680996 15286
0 SL-12 DEB
1 45493U 10041AP  20278.29243957 +.00004358 +00000-0 +18675-2 0  9990
2 45493 064.9102 134.3635 5768496 019.4015 355.8011 04.33797540015617
0 SL-12 DEB
1 45493U 10041AP  20278.29243957  .00004358  00000-0  18675-2 0  9990
2 45493  64.9102 134.3635 5768496  19.4015 355.8011  4.33797540 15617
0 SL-12 DEB
1 45493U 10041AP  20281.74994963  .00006393  00000-0  25829-2 0  9994
2 45493  64.8874 133.0143 5772533  19.0904 355.8586  4.33863499 15762
0 SL-12 DEB
1 45493U 10041AP  20282.67190676  .00006161  00000-0  23628-2 0  9994
2 45493  64.8851 132.6404 5775304  18.9670 355.8887  4.33871300 15808
0 SL-12 DEB
1 45493U 10041AP  20288.66412690 +.00005445 +00000-0 +18993-2 0  9995
2 45493 064.8777 130.2854 5776586 018.6318 355.9804 04.33928813016068
0 SL-12 DEB
1 45493U 10041AP  20291.65991901  .00006173  00000-0  21475-2 0  9993
2 45493  64.8769 129.1140 5776377  18.5072 355.9870  4.33957784 16194
0 SL-12 DEB
1 45493U 10041AP  20292.35122475  .00005430  00000-0  19075-2 0  9991
2 45493  64.8943 128.8810 5776126  18.4668 355.9880  4.33966345 16228
0 SL-12 DEB
1 45493U 10041AP  20293.50337381 +.00004144 +00000-0 +14884-2 0  9997
2 45493 064.8745 128.3951 5775916 018.4404 355.9810 04.33976363016272
0 SL-12 DEB
1 45493U 10041AP  20293.50337381 +.00004144 +00000-0 +14884-2 0  9997
2 45493 064.8745 128.3951 5775916 018.4404 355.9810 04.33976363016272
0 SL-12 DEB
1 45493U 10041AP  20293.50337381 +.00004144 +00000-0 +14884-2 0  9997
2 45493 064.8745 128.3951 5775916 018.4404 355.9810 04.33976363016272
0 SL-12 DEB
1 45493U 10041AP  20293.50337381 +.00004144 +00000-0 +14884-2 0  9997
2 45493 064.8745 128.3951 5775916 018.4404 355.9810 04.33976363016272
0 SL-12 DEB
1 45493U 10041AP  20296.49883174 +.00004927 +00000-0 +18714-2 0  9999
2 45493 064.8737 127.2170 5775102 018.3478 355.9860 04.34009841016400
0 SL-12 DEB
1 45493U 10041AP  20296.49883174  .00004927  00000-0  18714-2 0  9999
2 45493  64.8737 127.2170 5775102  18.3478 355.9860  4.34009841 16400
0 SL-12 DEB
1 45493U 10041AP  20296.49883174 +.00004927 +00000-0 +18714-2 0  9999
2 45493 064.8737 127.2170 5775102 018.3478 355.9860 04.34009841016400
0 SL-12 DEB
1 45493U 10041AP  20299.49406216 +.00005155 +00000-0 +19242-2 0  9991
2 45493 064.8735 126.0421 5774557 018.2365 356.0168 04.34046057016538
0 SL-12 DEB
1 45493U 10041AP  20299.72445126  .00005928  00000-0  22084-2 0  9996
2 45493  64.8722 125.9514 5774425  18.2346 356.0175  4.34052461 16543
0 SL-12 DEB
1 45493U 10041AP  20299.72445126 +.00005928 +00000-0 +22084-2 0  9996
2 45493 064.8722 125.9514 5774425 018.2346 356.0175 04.34052461016543
0 SL-12 DEB
1 45493U 10041AP  20302.48901651  .00004564  00000-0  16287-2 0  9997
2 45493  64.8874 124.8784 5774324  18.1430 356.0340  4.34083816 16664
0 SL-12 DEB
1 45493U 10041AP  20309.62981312  .00005374  00000-0  20259-2 0  9996
2 45493  64.8828 122.0767 5773820  17.8165 356.0538  4.34165581 16978
0 SL-12 DEB
1 45493U 10041AP  20310.55111538 +.00005196 +00000-0 +19729-2 0  9997
2 45493 064.8762 121.7107 5773657 017.7674 356.0632 04.34176096017015
0 SL-12 DEB
1 45493U 10041AP  20311.47240250 +.00004138 +00000-0 +15834-2 0  9991
2 45493 064.8728 121.3481 5773396 017.7351 356.0706 04.34182950017052
0 SL-12 DEB
1 45493U 10041AP  20311.47240250  .00004138  00000-0  15834-2 0  9991
2 45493  64.8728 121.3481 5773396  17.7351 356.0706  4.34182950 17052
0 SL-12 DEB
1 45493U 10041AP  20312.62399042  .00005676  00000-0  21225-2 0  9992
2 45493  64.8754 120.8990 5773517  17.6572 356.0909  4.34193358 17104
0 SL-12 DEB
1 45493U 10041AP  20315.61794295 +.00004853 +00000+0 +17206-2 0  9992
2 45493  64.8734 119.7238 5773128  17.5292 356.1202  4.34225267017236
0 SL-12 DEB
1 45493U 10041AP  20318.61168147 +.00005021 +00000-0 +18042-2 0  9994
2 45493 064.8685 118.5450 5772594 017.4118 356.1199 04.34254950017366
0 SL-12 DEB
1 45493U 10041AP  20320.45387308 +.00004127 +00000-0 +15428-2 0  9992
2 45493 064.8675 117.8220 5772295 017.3389 356.1157 04.34274337017443
0 SL-12 DEB
1 45493U 10041AP  20321.60521174  .00004257  00000-0  16317-2 0  9993
2 45493  64.8638 117.3679 5772251  17.2821 356.1204  4.34283766 17491
0 SL-12 DEB
1 45493U 10041AP  20325.51955511  .00006376  00000-0  24563-2 0  9999
2 45493  64.8623 115.8333 5771547  17.1232 356.1593  4.34324365 17668
0 SL-12 DEB
1 45493U 10041AP  20326.21028258 +.00005379 +00000-0 +20658-2 0  9999
2 45493 064.8618 115.5704 5771371 017.0869 356.1696 04.34332617017697
0 SL-12 DEB
1 45493U 10041AP  20326.21028258  .00005379  00000-0  20658-2 0  9999
2 45493  64.8618 115.5704 5771371  17.0869 356.1696  4.34332617 17697
0 SL-12 DEB
1 45493U 10041AP  20328.51259928 +.00008579 +00000-0 +32285-2 0  9998
2 45493 064.8546 114.6555 5771170 016.9804 356.1950 04.34367511017790
0 SL-12 DEB
1 45493U 10041AP  20328.51259928  .00008579  00000-0  32285-2 0  9998
2 45493  64.8546 114.6555 5771170  16.9804 356.1950  4.34367511 17790
0 SL-12 DEB
1 45493U 10041AP  20331.50533961 +.00008348 +00000-0 +31757-2 0  9990
2 45493 064.8581 113.4855 5770320 016.8691 356.2043 04.34406272017925
0 SL-12 DEB
1 45493U 10041AP  20331.50533961  .00008348  00000-0  31757-2 0  9990
2 45493  64.8581 113.4855 5770320  16.8691 356.2043  4.34406272 17925
0 SL-12 DEB
1 45493U 10041AP  20332.65631412 +.00007621 +00000-0 +29172-2 0  9998
2 45493 064.8551 113.0289 5770209 016.8165 356.2085 04.34425519017977
0 SL-12 DEB
1 45493U 10041AP  20333.11669136  .00006889  00000-0  26408-2 0  9998
2 45493  64.8554 112.8500 5770270  16.7904 356.2116  4.34431645 17995
0 SL-12 DEB
1 45493U 10041AP  20334.49778180 +.00008540 +00000-0 +33264-2 0  9994
2 45493 064.8525 112.3075 5769972 016.7304 356.2182 04.34453990018054
0 SL-12 DEB
1 45493U 10041AP  20334.49778180  .00008540  00000-0  33264-2 0  9994
2 45493  64.8525 112.3075 5769972  16.7304 356.2182  4.34453990 18054
0 SL-12 DEB
1 45493U 10041AP  20335.64862839 +.00007665 +00000-0 +30286-2 0  9995
2 45493 064.8515 111.8557 5769686 016.6811 356.2266 04.34475369018109
0 SL-12 DEB
1 45493U 10041AP  20335.64862839  .00007665  00000-0  30286-2 0  9995
2 45493  64.8515 111.8557 5769686  16.6811 356.2266  4.34475369 18109
0 SL-12 DEB
1 45493U 10041AP  20335.64862839 +.00007665 +00000-0 +30286-2 0  9995
2 45493 064.8515 111.8557 5769686 016.6811 356.2266 04.34475369018109
0 SL-12 DEB
1 45493U 10041AP  20363.25783715  .00005207  00000-0  23050-2 0  9999
2 45493  64.8316 101.0157 5764083  15.4898 356.5383  4.34791749 19302
0 SL-12 DEB
1 45493U 10041AP  20363.25783715  .00005207  00000-0  23050-2 0  9999
2 45493  64.8316 101.0157 5764083  15.4898 356.5383  4.34791749 19302
0 SL-12 DEB
1 45493U 10041AP  21003.23733105  .00002958  00000-0  12378-2 0  9998
2 45493  64.8336  98.6715 5763299  15.1866 356.6557  4.34853293 19560
0 SL-12 DEB
1 45493U 10041AP  21003.23733105  .00002958  00000-0  12378-2 0  9998
2 45493  64.8336  98.6715 5763299  15.1866 356.6557  4.34853293 19560
0 SL-12 DEB
1 45493U 10041AP  21004.38714271  .00004053  00000-0  16932-2 0  9996
2 45493  64.8343  98.2206 5763112  15.1360 356.6680  4.34861697 19612
0 SL-12 DEB
1 45493U 10041AP  21005.53692576  .00004475  00000-0  18927-2 0  9991
2 45493  64.8357  97.7704 5762890  15.0867 356.6762  4.34872357 19668
0 SL-12 DEB
1 45493U 10041AP  21005.53692576  .00004475  00000-0  18927-2 0  9991
2 45493  64.8357  97.7704 5762890  15.0867 356.6762  4.34872357 19668
0 SL-12 DEB
1 45493U 10041AP  21006.22678096  .00004637  00000-0  19840-2 0  9994
2 45493  64.8358  97.4997 5762765  15.0559 356.6805  4.34879166 19695
0 SL-12 DEB
1 45493U 10041AP  21006.22678096  .00004637  00000-0  19840-2 0  9994
2 45493  64.8358  97.4997 5762765  15.0559 356.6805  4.34879166 19695
0 SL-12 DEB
1 45493U 10041AP  21014.50442543  .00003374  00000-0  15100-2 0  9992
2 45493  64.8482  94.2584 5761375  14.7002 356.7995  4.34943313 20054
0 SL-12 DEB
1 45493U 10041AP  21014.50442543  .00003374  00000-0  15100-2 0  9992
2 45493  64.8482  94.2584 5761375  14.7002 356.7995  4.34943313 20054
0 SL-12 DEB
1 45493U 10041AP  21017.26338725  .00003299  00000-0  14496-2 0  9997
2 45493  64.8521  93.1773 5761029  14.5435 356.8412  4.34958367 20173
0 SL-12 DEB
1 45493U 10041AP  21017.26338725  .00003299  00000-0  14496-2 0  9997
2 45493  64.8521  93.1773 5761029  14.5435 356.8412  4.34958367 20173
0 SL-12 DEB
1 45493U 10041AP  21018.18301433  .00002606  00000-0  11557-2 0  9991
2 45493  64.8538  92.8168 5760953  14.4861 356.8528  4.34963913 20218
0 SL-12 DEB
1 45493U 10041AP  21018.18301433  .00002606  00000-0  11557-2 0  9991
2 45493  64.8538  92.8168 5760953  14.4861 356.8528  4.34963913 20218
0 SL-12 DEB
1 45493U 10041AP  21020.48203188  .00003377  00000-0  15393-2 0  9993
2 45493  64.8539  91.9149 5760801  14.3697 356.8750  4.34979839 20318
0 SL-12 DEB
1 45493U 10041AP  21020.48203188  .00003377  00000-0  15393-2 0  9993
2 45493  64.8539  91.9149 5760801  14.3697 356.8750  4.34979839 20318
0 SL-12 DEB
1 45493U 10041AP  21023.47062278  .00003893  00000-0  18271-2 0  9999
2 45493  64.8615  90.7446 5760551  14.2265 356.9133  4.35003159 20446
0 SL-12 DEB
1 45493U 10041AP  21023.47062278  .00003893  00000-0  18271-2 0  9999
2 45493  64.8615  90.7446 5760551  14.2265 356.9133  4.35003159 20446
0 SL-12 DEB
1 45493U 10041AP  21027.14865445  .00004753  00000-0  21424-2 0  9994
2 45493  64.8562  89.2994 5760282  14.0656 356.9770  4.35042287 20601
0 SL-12 DEB
1 45493U 10041AP  21027.14865445  .00004753  00000-0  21424-2 0  9994
2 45493  64.8562  89.2994 5760282  14.0656 356.9770  4.35042287 20601
0 SL-12 DEB
1 45493U 10041AP  21030.13678342  .00003032  00000-0  13023-2 0  9990
2 45493  64.8551  88.1277 5759889  13.9631 357.0113  4.35071566 20732
0 SL-12 DEB
1 45493U 10041AP  21030.13678342  .00003032  00000-0  13023-2 0  9990
2 45493  64.8551  88.1277 5759889  13.9631 357.0113  4.35071566 20732
0 SL-12 DEB
1 45493U 10041AP  21032.43521967  .00003865  00000-0  16845-2 0  9994
2 45493  64.8729  87.2326 5759611  13.8054 357.0367  4.35089686 20839
0 SL-12 DEB
1 45493U 10041AP  21032.43521967  .00003865  00000-0  16845-2 0  9994
2 45493  64.8729  87.2326 5759611  13.8054 357.0367  4.35089686 20839
0 SL-12 DEB
1 45493U 10041AP  21035.42303930  .00005401  00000-0  24592-2 0  9990
2 45493  64.8771  86.0619 5759281  13.6435 357.0572  4.35118016 20964
0 SL-12 DEB
1 45493U 10041AP  21035.42303930  .00005401  00000-0  24592-2 0  9990
2 45493  64.8771  86.0619 5759281  13.6435 357.0572  4.35118016 20964
0 SL-12 DEB
1 45493U 10041AP  21036.11250741  .00003506  00000-0  16286-2 0  9993
2 45493  64.8652  85.7857 5759472  13.6307 357.0600  4.35123082 20996
0 SL-12 DEB
1 45493U 10041AP  21036.11250741  .00003506  00000-0  16286-2 0  9993
2 45493  64.8652  85.7857 5759472  13.6307 357.0600  4.35123082 20996
0 SL-12 DEB
1 45493U 10041AP  21037.95105099  .00004674  00000-0  21446-2 0  9992
2 45493  64.8673  85.0655 5759242  13.5504 357.0839  4.35139597 21073
0 SL-12 DEB
1 45493U 10041AP  21037.95105099  .00004674  00000-0  21446-2 0  9992
2 45493  64.8673  85.0655 5759242  13.5504 357.0839  4.35139597 21073
0 SL-12 DEB
1 45493U 10041AP  21039.10011938  .00004704  00000-0  21353-2 0  9990
2 45493  64.8723  84.6164 5759114  13.5155 357.0980  4.35148865 21120
0 SL-12 DEB
1 45493U 10041AP  21039.10011938  .00004704  00000-0  21353-2 0  9990
2 45493  64.8723  84.6164 5759114  13.5155 357.0980  4.35148865 21120
0 SL-12 DEB
1 45493U 10041AP  21041.39815364  .00003587  00000-0  15849-2 0  9990
2 45493  64.8894  83.7212 5758800  13.3748 357.1369  4.35168555 21221
0 SL-12 DEB
1 45493U 10041AP  21041.39815364  .00003587  00000-0  15849-2 0  9990
2 45493  64.8894  83.7212 5758800  13.3748 357.1369  4.35168555 21221
0 SL-12 DEB
1 45493U 10041AP  21044.38544654  .00004726  00000-0  20734-2 0  9998
2 45493  64.8936  82.5509 5758525  13.2081 357.1629  4.35191229 21354
0 SL-12 DEB
1 45493U 10041AP  21044.38544654  .00004726  00000-0  20734-2 0  9998
2 45493  64.8936  82.5509 5758525  13.2081 357.1629  4.35191229 21354
0 SL-12 DEB
1 45493U 10041AP  21047.14280402  .00004600  00000-0  20741-2 0  9992
2 45493  64.8794  81.4665 5758320  13.1899 357.1488  4.35212760 21476
0 SL-12 DEB
1 45493U 10041AP  21047.14280402  .00004600  00000-0  20741-2 0  9992
2 45493  64.8794  81.4665 5758320  13.1899 357.1488  4.35212760 21476
0 SL-12 DEB
1 45493U 10041AP  21050.35953221  .00004355  00000-0  20150-2 0  9996
2 45493  64.9027  80.2102 5758165  13.0099 357.1825  4.35243930 21611
0 SL-12 DEB
1 45493U 10041AP  21050.35953221  .00004355  00000-0  20150-2 0  9996
2 45493  64.9027  80.2102 5758165  13.0099 357.1825  4.35243930 21611
0 SL-12 DEB
1 45493U 10041AP  21051.04880125  .00003652  00000-0  17039-2 0  9996
2 45493  64.9094  79.9429 5758055  13.0004 357.1858  4.35250157 21644
0 SL-12 DEB
1 45493U 10041AP  21051.04880125  .00003652  00000-0  17039-2 0  9996
2 45493  64.9094  79.9429 5758055  13.0004 357.1858  4.35250157 21644
0 SL-12 DEB
1 45493U 10041AP  21056.33267683  .00007324  00000-0  31788-2 0  9998
2 45493  64.8840  77.8577 5757752  12.7490 357.2488  4.35329675 21878
0 SL-12 DEB
1 45493U 10041AP  21056.33267683  .00007324  00000-0  31788-2 0  9998
2 45493  64.8840  77.8577 5757752  12.7490 357.2488  4.35329675 21878
0 SL-12 DEB
1 45493U 10041AP  21057.02180359  .00006784  00000-0  29288-2 0  9990
2 45493  64.8792  77.5855 5757696  12.7734 357.2397  4.35339946 21903
0 SL-12 DEB
1 45493U 10041AP  21057.02180359  .00006784  00000-0  29288-2 0  9990
2 45493  64.8792  77.5855 5757696  12.7734 357.2397  4.35339946 21903
0 SL-12 DEB
1 45493U 10041AP  21059.31879397  .00004763  00000-0  20655-2 0  9995
2 45493  64.8842  76.6887 5757341  12.6733 357.2405  4.35366677 22002
0 SL-12 DEB
1 45493U 10041AP  21059.31879397  .00004763  00000-0  20655-2 0  9995
2 45493  64.8842  76.6887 5757341  12.6733 357.2405  4.35366677 22002
0 SL-12 DEB
1 45493U 10041AP  21060.00786400  .00004679  00000-0  20515-2 0  9996
2 45493  64.8848  76.4184 5757236  12.6438 357.2396  4.35373366 22036
0 SL-12 DEB
1 45493U 10041AP  21062.99366387  .00007602  00000-0  34429-2 0  9992
2 45493  64.8861  75.2476 5756705  12.5200 357.2457  4.35420401 22163
0 SL-12 DEB
1 45493U 10041AP  21062.99366387  .00007602  00000-0  34429-2 0  9992
2 45493  64.8861  75.2476 5756705  12.5200 357.2457  4.35420401 22163
0 SL-12 DEB
1 45493U 10041AP  21065.97916387  .00006495  00000-0  29308-2 0  9993
2 45493  64.8885  74.0774 5756115  12.3936 357.2757  4.35461913 22296
0 SL-12 DEB
1 45493U 10041AP  21065.97916387  .00006495  00000-0  29308-2 0  9993
2 45493  64.8885  74.0774 5756115  12.3936 357.2757  4.35461913 22296
0 SL-12 DEB
1 45493U 10041AP  21068.27547852  .00005959  00000-0  26448-2 0  9992
2 45493  64.8808  73.1726 5755676  12.3104 357.2919  4.35496260 22390
0 SL-12 DEB
1 45493U 10041AP  21068.27547852  .00005959  00000-0  26448-2 0  9992
2 45493  64.8808  73.1726 5755676  12.3104 357.2919  4.35496260 22390
0 SL-12 DEB
1 45493U 10041AP  21069.42357934  .00006520  00000-0  28902-2 0  9992
2 45493  64.8978  72.7294 5755515  12.2576 357.2970  4.35510836 22446
0 SL-12 DEB
1 45493U 10041AP  21070.11241988  .00007371  00000-0  32525-2 0  9992
2 45493  64.8955  72.4627 5755785  12.2216 357.3000  4.35520198 22478
0 SL-12 DEB
1 45493U 10041AP  21070.11241988  .00007371  00000-0  32525-2 0  9992
2 45493  64.8955  72.4627 5755785  12.2216 357.3000  4.35520198 22478
0 SL-12 DEB
1 45493U 10041AP  21073.09721463  .00009521  00000-0  42941-2 0  9995
2 45493  64.8976  71.2926 5755229  12.0933 357.3007  4.35567852 22607
0 SL-12 DEB
1 45493U 10041AP  21073.09721463  .00009521  00000-0  42941-2 0  9995
2 45493  64.8976  71.2926 5755229  12.0933 357.3007  4.35567852 22607
0 SL-12 DEB
1 45493U 10041AP  21073.78595864  .00009821  00000-0  44483-2 0  9991
2 45493  64.9040  71.0223 5755109  12.0654 357.3017  4.35584455 22637
0 SL-12 DEB
1 45493U 10041AP  21074.01553510  .00009632  00000-0  43570-2 0  9996
2 45493  64.9016  70.9313 5755208  12.0522 357.3033  4.35589346 22645
0 SL-12 DEB
1 45493U 10041AP  21074.93381834  .00007515  00000-0  34334-2 0  9991
2 45493  64.9019  70.5713 5755004  12.0116 357.3074  4.35604926 22682
0 SL-12 DEB
1 45493U 10041AP  21074.93381834  .00007515  00000-0  34334-2 0  9991
2 45493  64.9019  70.5713 5755004  12.0116 357.3074  4.35604926 22682
0 SL-12 DEB
1 45493U 10041AP  21076.08162964  .00009572  00000-0  43726-2 0  9990
2 45493  64.9036  70.1238 5754942  11.9526 357.3175  4.35625549 22734
0 SL-12 DEB
1 45493U 10041AP  21076.08162964  .00009572  00000-0  43726-2 0  9990
2 45493  64.9036  70.1238 5754942  11.9526 357.3175  4.35625549 22734
0 SL-12 DEB
1 45493U 10041AP  21079.06571416  .00008870  00000-0  40778-2 0  9991
2 45493  64.8991  68.9486 5754176  11.8357 357.3467  4.35672233 22863
0 SL-12 DEB
1 45493U 10041AP  21079.06571416  .00008870  00000-0  40778-2 0  9991
2 45493  64.8991  68.9486 5754176  11.8357 357.3467  4.35672233 22863
0 SL-12 DEB
1 45493U 10041AP  21081.13138423  .00011956  00000-0  54479-2 0  9991
2 45493  64.9082  68.1476 5753605  11.7481 357.3699  4.35722567 22952
0 SL-12 DEB
1 45493U 10041AP  21081.13138423  .00011956  00000-0  54479-2 0  9991
2 45493  64.9082  68.1476 5753605  11.7481 357.3699  4.35722567 22952
0 SL-12 DEB
1 45493U 10041AP  21082.04938233  .00013254  00000-0  60309-2 0  9991
2 45493  64.9115  67.7912 5753313  11.7110 357.3775  4.35746608 22995
0 SL-12 DEB
1 45493U 10041AP  21082.04938233  .00013254  00000-0  60309-2 0  9991
2 45493  64.9115  67.7912 5753313  11.7110 357.3775  4.35746608 22995
0 SL-12 DEB
1 45493U 10041AP  21085.03257098  .00012329  00000-0  54413-2 0  9997
2 45493  64.8856  66.5485 5754172  11.5554 357.3962  4.35811145 23125
0 SL-12 DEB
1 45493U 10041AP  21085.03257098  .00012329  00000-0  54413-2 0  9997
2 45493  64.8856  66.5485 5754172  11.5554 357.3962  4.35811145 23125
0 SL-12 DEB
1 45493U 10041AP  21094.89692684  .00007734  00000-0  35143-2 0  9998
2 45493  64.8920  62.6720 5751613  11.1297 357.4706  4.36014207 23552
0 SL-12 DEB
1 45493U 10041AP  21094.89692684  .00007734  00000-0  35143-2 0  9998
2 45493  64.8920  62.6720 5751613  11.1297 357.4706  4.36014207 23552
0 SL-12 DEB
1 45493U 10041AP  21096.27304230  .00009105  00000-0  42549-2 0  9991
2 45493  64.8953  62.1493 5750119  11.1262 357.4655  4.36032195 23618
0 SL-12 DEB
1 45493U 10041AP  21096.27304230  .00009105  00000-0  42549-2 0  9991
2 45493  64.8953  62.1493 5750119  11.1262 357.4655  4.36032195 23618
0 SL-12 DEB
1 45493U 10041AP  21097.87839523  .00008093  00000-0  38498-2 0  9999
2 45493  64.9112  61.5642 5749352  11.0457 357.4731  4.36056749 23680
0 SL-12 DEB
1 45493U 10041AP  21097.87839523  .00008093  00000-0  38498-2 0  9999
2 45493  64.9112  61.5642 5749352  11.0457 357.4731  4.36056749 23680
0 SL-12 DEB
1 45493U 10041AP  21100.17158026  .00007650  00000-0  36504-2 0  9993
2 45493  64.9194  60.6770 5749776  10.9020 357.4935  4.36095428 23780
0 SL-12 DEB
1 45493U 10041AP  21100.17158026  .00007650  00000-0  36504-2 0  9993
2 45493  64.9194  60.6770 5749776  10.9020 357.4935  4.36095428 23780
0 SL-12 DEB
1 45493U 10041AP  21100.85949878  .00006549  00000-0  31576-2 0  9991
2 45493  64.9192  60.4070 5749623  10.8703 357.4989  4.36105691 23814
0 SL-12 DEB
1 45493U 10041AP  21100.85949878  .00006549  00000-0  31576-2 0  9991
2 45493  64.9192  60.4070 5749623  10.8703 357.4989  4.36105691 23814
0 SL-12 DEB
1 45493U 10041AP  21110.94648880  .00013422  00000-0  64493-2 0  9993
2 45493  64.9204  56.4501 5746999  10.4044 357.6363  4.36334433 24254
0 SL-12 DEB
1 45493U 10041AP  21110.94648880  .00013422  00000-0  64493-2 0  9993
2 45493  64.9204  56.4501 5746999  10.4044 357.6363  4.36334433 24254
0 SL-12 DEB
1 45493U 10041AP  21113.46737454  .00009452  00000-0  46343-2 0  9991
2 45493  64.9278  55.4637 5746298  10.3136 357.6460  4.36383366 24366
0 SL-12 DEB
1 45493U 10041AP  21113.46737454  .00009452  00000-0  46343-2 0  9991
2 45493  64.9278  55.4637 5746298  10.3136 357.6460  4.36383366 24366
0 SL-12 DEB
1 45493U 10041AP  21113.92568264  .00011247  00000-0  55255-2 0  9990
2 45493  64.9278  55.2840 5746160  10.2912 357.6494  4.36394913 24388
0 SL-12 DEB
1 45493U 10041AP  21117.82084287  .00010505  00000-0  52192-2 0  9994
2 45493  64.9309  53.7550 5745366  10.1074 357.7024  4.36492698 24557
0 SL-12 DEB
1 45493U 10041AP  21117.82084287  .00010505  00000-0  52192-2 0  9994
2 45493  64.9309  53.7550 5745366  10.1074 357.7024  4.36492698 24557
0 SL-12 DEB
1 45493U 10041AP  21123.08960851  .00008085  00000-0  40180-2 0  9993
2 45493  64.9316  51.6876 5744015   9.8605 357.7832  4.36584522 24788
0 SL-12 DEB
1 45493U 10041AP  21123.54770853  .00007458  00000-0  37190-2 0  9995
2 45493  64.9345  51.5085 5743907   9.8445 357.7859  4.36591940 24806
0 SL-12 DEB
1 45493U 10041AP  21123.54770853  .00007458  00000-0  37190-2 0  9995
2 45493  64.9345  51.5085 5743907   9.8445 357.7859  4.36591940 24806
0 SL-12 DEB
1 45493U 10041AP  21129.04441412  .00004840  00000-0  25791-2 0  9998
2 45493  64.9391  49.3548 5742881   9.5790 357.8478  4.36662998 25043
0 SL-12 DEB
1 45493U 10041AP  21129.04441412  .00004840  00000-0  25791-2 0  9998
2 45493  64.9391  49.3548 5742881   9.5790 357.8478  4.36662998 25043
0 SL-12 DEB
1 45493U 10041AP  21130.18945562  .00006246  00000-0  32922-2 0  9996
2 45493  64.9354  48.9046 5742644   9.5389 357.8658  4.36678009 25096
0 SL-12 DEB
1 45493U 10041AP  21130.18945562  .00006246  00000-0  32922-2 0  9996
2 45493  64.9354  48.9046 5742644   9.5389 357.8658  4.36678009 25096
0 SL-12 DEB
1 45493U 10041AP  21130.87647147  .00006939  00000-0  36373-2 0  9993
2 45493  64.9345  48.6349 5742544   9.5098 357.8787  4.36685253 25121
0 SL-12 DEB
1 45493U 10041AP  21130.87647147  .00006939  00000-0  36373-2 0  9993
2 45493  64.9345  48.6349 5742544   9.5098 357.8787  4.36685253 25121
0 SL-12 DEB
1 45493U 10041AP  21131.79245982  .00005654  00000-0  29800-2 0  9996
2 45493  64.9349  48.2759 5742402   9.4644 357.8980  4.36698821 25169
0 SL-12 DEB
1 45493U 10041AP  21131.79245982  .00005654  00000-0  29800-2 0  9996
2 45493  64.9349  48.2759 5742402   9.4644 357.8980  4.36698821 25169
0 SL-12 DEB
1 45493U 10041AP  21134.08229699  .00008687  00000-0  44502-2 0  9993
2 45493  64.9383  47.3777 5742035   9.3551 357.9437  4.36740955 25260
0 SL-12 DEB
1 45493U 10041AP  21134.08229699  .00008687  00000-0  44502-2 0  9993
2 45493  64.9383  47.3777 5742035   9.3551 357.9437  4.36740955 25260
0 SL-12 DEB
1 45493U 10041AP  21137.74560563  .00005396  00000-0  27629-2 0  9992
2 45493  64.9405  45.9413 5741454   9.1802 357.9940  4.36794211 25428
0 SL-12 DEB
1 45493U 10041AP  21137.74560563  .00005396  00000-0  27629-2 0  9992
2 45493  64.9405  45.9413 5741454   9.1802 357.9940  4.36794211 25428
0 SL-12 DEB
1 45493U 10041AP  21139.80601042  .00007672  00000-0  39761-2 0  9998
2 45493  64.9398  45.1344 5741003   9.0816 358.0115  4.36826784 25515
0 SL-12 DEB
1 45493U 10041AP  21139.80601042  .00007672  00000-0  39761-2 0  9998
2 45493  64.9398  45.1344 5741003   9.0816 358.0115  4.36826784 25515
0 SL-12 DEB
1 45493U 10041AP  21143.69748879  .00005119  00000-0  27375-2 0  9992
2 45493  64.9408  43.6074 5740555   8.8940 358.0629  4.36882293 25681
0 SL-12 DEB
1 45493U 10041AP  21143.69748879  .00005119  00000-0  27375-2 0  9992
2 45493  64.9408  43.6074 5740555   8.8940 358.0629  4.36882293 25681
0 SL-12 DEB
1 45493U 10041AP  21144.84196163  .00006134  00000-0  32682-2 0  9998
2 45493  64.9332  43.1499 5739887   8.8664 358.0787  4.36894372 25734
0 SL-12 DEB
1 45493U 10041AP  21144.84196163  .00006134  00000-0  32682-2 0  9998
2 45493  64.9332  43.1499 5739887   8.8664 358.0787  4.36894372 25734
0 SL-12 DEB
1 45493U 10041AP  21148.96177332  .00004395  00000-0  22991-2 0  9991
2 45493  64.9446  41.5422 5739255   8.6677 358.1459  4.36945286 25917
0 SL-12 DEB
1 45493U 10041AP  21148.96177332  .00004395  00000-0  22991-2 0  9991
2 45493  64.9446  41.5422 5739255   8.6677 358.1459  4.36945286 25917
0 SL-12 DEB
1 45493U 10041AP  21149.64835880  .00004493  00000-0  23574-2 0  9993
2 45493  64.9447  41.2724 5739136   8.6387 358.1513  4.36950978 25944
0 SL-12 DEB
1 45493U 10041AP  21150.79264635  .00005428  00000-0  28382-2 0  9996
2 45493  64.9527  40.8302 5739484   8.5553 358.1664  4.36962282 25993
0 SL-12 DEB
1 45493U 10041AP  21150.79264635  .00005428  00000-0  28382-2 0  9996
2 45493  64.9527  40.8302 5739484   8.5553 358.1664  4.36962282 25993
0 SL-12 DEB
1 45493U 10041AP  21151.70805024  .00003304  00000-0  17856-2 0  9996
2 45493  64.9472  40.4648 5738981   8.5417 358.1656  4.36970815 26039
0 SL-12 DEB
1 45493U 10041AP  21151.70805024  .00003304  00000-0  17856-2 0  9996
2 45493  64.9472  40.4648 5738981   8.5417 358.1656  4.36970815 26039
0 SL-12 DEB
1 45493U 10041AP  21156.74250357  .00004866  00000-0  26682-2 0  9999
2 45493  64.9565  38.4948 5738768   8.2745 358.2340  4.37016438 26254
0 SL-12 DEB
1 45493U 10041AP  21156.74250357  .00004866  00000-0  26682-2 0  9999
2 45493  64.9565  38.4948 5738768   8.2745 358.2340  4.37016438 26254
0 SL-12 DEB
1 45493U 10041AP  21157.65780210  .00003925  00000-0  21648-2 0  9998
2 45493  64.9613  38.1400 5738793   8.2190 358.2534  4.37025460 26294
0 SL-12 DEB
1 45493U 10041AP  21157.65780210  .00003925  00000-0  21648-2 0  9998
2 45493  64.9613  38.1400 5738793   8.2190 358.2534  4.37025460 26294
0 SL-12 DEB
1 45493U 10041AP  21162.46282232  .00004323  00000-0  22477-2 0  9998
2 45493  64.9615  36.2562 5738614   7.9848 358.3303  4.37069168 26504
0 SL-12 DEB
1 45493U 10041AP  21162.46282232  .00004323  00000-0  22477-2 0  9998
2 45493  64.9615  36.2562 5738614   7.9848 358.3303  4.37069168 26504
0 SL-12 DEB
1 45493U 10041AP  21163.60679508  .00004494  00000-0  23367-2 0  9999
2 45493  64.9602  35.8092 5738365   7.9395 358.3383  4.37081734 26559
0 SL-12 DEB
1 45493U 10041AP  21163.60679508  .00004494  00000-0  23367-2 0  9999
2 45493  64.9602  35.8092 5738365   7.9395 358.3383  4.37081734 26559
0 SL-12 DEB
1 45493U 10041AP  21164.75073578  .00004701  00000-0  24741-2 0  9999
2 45493  64.9493  35.3532 5737874   7.9113 358.3396  4.37093426 26604
0 SL-12 DEB
1 45493U 10041AP  21164.75073578  .00004701  00000-0  24741-2 0  9999
2 45493  64.9493  35.3532 5737874   7.9113 358.3396  4.37093426 26604
0 SL-12 DEB
1 45493U 10041AP  21167.03854370  .00004008  00000-0  21562-2 0  9998
2 45493  64.9583  34.4617 5737975   7.7882 358.3550  4.37110668 26702
0 SL-12 DEB
1 45493U 10041AP  21167.03854370  .00004008  00000-0  21562-2 0  9998
2 45493  64.9583  34.4617 5737975   7.7882 358.3550  4.37110668 26702
0 SL-12 DEB
1 45493U 10041AP  21167.72486298  .00005426  00000-0  29668-2 0  9994
2 45493  64.9637  34.1913 5736901   7.7941 358.3504  4.37119491 26737
0 SL-12 DEB
1 45493U 10041AP  21167.72486298  .00005426  00000-0  29668-2 0  9994
2 45493  64.9637  34.1913 5736901   7.7941 358.3504  4.37119491 26737
0 SL-12 DEB
1 45493U 10041AP  21168.63993919  .00004275  00000-0  23695-2 0  9993
2 45493  64.9644  33.8328 5736861   7.7507 358.3584  4.37129281 26774
0 SL-12 DEB
1 45493U 10041AP  21170.69881231  .00004162  00000-0  22842-2 0  9993
2 45493  64.9630  33.0232 5737023   7.6468 358.3863  4.37145328 26861
0 SL-12 DEB
1 45493U 10041AP  21170.69882400  .00005749  00000-0  31519-2 0  9995
2 45493  64.9779  33.0792 5736496   7.6606 358.3981  4.37146260 26860
0 SL-12 DEB
1 45493U 10041AP  21171.38508648  .00002770  00000-0  15405-2 0  9998
2 45493  64.9664  32.7678 5736755   7.6148 358.3967  4.37150002 26897
0 SL-12 DEB
1 45493U 10041AP  21171.38508648  .00002770  00000-0  15405-2 0  9998
2 45493  64.9664  32.7678 5736755   7.6148 358.3967  4.37150002 26897
0 SL-12 DEB
1 45493U 10041AP  21174.58760870  .00003288  00000-0  17334-2 0  9998
2 45493  64.9636  31.5038 5736417   7.4766 358.4364  4.37171571 27035
0 SL-12 DEB
1 45493U 10041AP  21174.58760870  .00003288  00000-0  17334-2 0  9998
2 45493  64.9636  31.5038 5736417   7.4766 358.4364  4.37171571 27035
0 SL-12 DEB
1 45493U 10041AP  21177.56121352  .00002662  00000-0  14301-2 0  9991
2 45493  64.9677  30.3402 5736199   7.3369 358.4489  4.37192225 27168
0 SL-12 DEB
1 45493U 10041AP  21177.56121352  .00002662  00000-0  14301-2 0  9991
2 45493  64.9677  30.3402 5736199   7.3369 358.4489  4.37192225 27168
0 SL-12 DEB
1 45493U 10041AP  21179.84850267  .00002838  00000-0  16032-2 0  9996
2 45493  64.9667  29.4398 5735656   7.2554 358.4492  4.37208350 27264
0 SL-12 DEB
1 45493U 10041AP  21179.84850267  .00002838  00000-0  16032-2 0  9996
2 45493  64.9667  29.4398 5735656   7.2554 358.4492  4.37208350 27264
0 SL-12 DEB
1 45493U 10041AP  21181.67828760  .00004286  00000-0  24069-2 0  9991
2 45493  64.9735  28.7257 5735689   7.1523 358.4669  4.37220135 27347
0 SL-12 DEB
1 45493U 10041AP  21182.59315747  .00003788  00000-0  21465-2 0  9992
2 45493  64.9698  28.3639 5735517   7.1081 358.4774  4.37228291 27386
0 SL-12 DEB
1 45493U 10041AP  21184.65156434  .00004363  00000-0  24271-2 0  9995
2 45493  64.9682  27.5567 5735395   7.0121 358.5049  4.37244533 27471
0 SL-12 DEB
1 45493U 10041AP  21184.65156434  .00004363  00000-0  24271-2 0  9995
2 45493  64.9682  27.5567 5735395   7.0121 358.5049  4.37244533 27471
0 SL-12 DEB
1 45493U 10041AP  21185.56638756  .00002610  00000-0  14623-2 0  9991
2 45493  64.9681  27.1981 5735368   6.9690 358.5175  4.37250106 27513
0 SL-12 DEB
1 45493U 10041AP  21185.56638756  .00002610  00000-0  14623-2 0  9991
2 45493  64.9681  27.1981 5735368   6.9690 358.5175  4.37250106 27513
0 SL-12 DEB
1 45493U 10041AP  21188.53948120  .00002482  00000-0  13193-2 0  9998
2 45493  64.9542  26.0298 5735345   6.8142 358.5523  4.37268649 27646
0 SL-12 DEB
1 45493U 10041AP  21190.59769662  .00002830  00000-0  15142-2 0  9992
2 45493  64.9756  25.2382 5734790   6.7516 358.5543  4.37280104 27737
0 SL-12 DEB
1 45493U 10041AP  21190.82638288  .00002218  00000-0  11927-2 0  9994
2 45493  64.9620  25.1376 5734500   6.7640 358.5495  4.37280727 27744
0 SL-12 DEB
1 45493U 10041AP  21191.51244078  .00001681  00000-0  91112-3 0  9999
2 45493  64.9621  24.8688 5734497   6.7322 358.5507  4.37283579 27774
0 SL-12 DEB
1 45493U 10041AP  21191.51244078  .00001681  00000-0  91112-3 0  9999
2 45493  64.9621  24.8688 5734497   6.7322 358.5507  4.37283579 27774
0 SL-12 DEB
1 45493U 10041AP  21194.48532460  .00000979  00000-0  59956-3 0  9992
2 45493  64.9672  23.7058 5734474   6.5838 358.5594  4.37292297 27902
0 SL-12 DEB
1 45493U 10041AP  21194.48532460  .00000979  00000-0  59956-3 0  9992
2 45493  64.9672  23.7058 5734474   6.5838 358.5594  4.37292297 27902
0 SL-12 DEB
1 45493U 10041AP  21195.62872551  .00001962  00000-0  11435-2 0  9999
2 45493  64.9720  23.2590 5734521   6.5117 358.5707  4.37297616 27956
0 SL-12 DEB
1 45493U 10041AP  21195.62872551  .00001962  00000-0  11435-2 0  9999
2 45493  64.9720  23.2590 5734521   6.5117 358.5707  4.37297616 27956
0 SL-12 DEB
1 45493U 10041AP  21195.62872555  .00001795  00000-0  10530-2 0  9992
2 45493  64.9722  23.2592 5734516   6.5120 358.5707  4.37297358 27951
0 SL-12 DEB
1 45493U 10041AP  21196.54343960  .00001842  00000-0  10739-2 0  9991
2 45493  64.9762  22.9023 5734510   6.4619 358.5807  4.37301045 27990
0 SL-12 DEB
1 45493U 10041AP  21198.60151686  .00002353  00000-0  13021-2 0  9997
2 45493  64.9724  22.0958 5734429   6.3645 358.6058  4.37310697 28086
0 SL-12 DEB
1 45493U 10041AP  21198.60151686  .00002353  00000-0  13021-2 0  9997
2 45493  64.9724  22.0958 5734429   6.3645 358.6058  4.37310697 28086
0 SL-12 DEB
1 45493U 10041AP  21199.51620478  .00001523  00000-0  82315-3 0  9999
2 45493  64.9725  21.7376 5734400   6.3228 358.6166  4.37313456 28124
0 SL-12 DEB
1 45493U 10041AP  21201.57422547  .00002717  00000-0  14295-2 0  9993
2 45493  64.9672  20.9280 5734425   6.2208 358.6350  4.37321804 28215
0 SL-12 DEB
1 45493U 10041AP  21201.57422547  .00002717  00000-0  14295-2 0  9993
2 45493  64.9672  20.9280 5734425   6.2208 358.6350  4.37321804 28215
0 SL-12 DEB
1 45493U 10041AP  21205.46145560  .00002164  00000-0  12346-2 0  9993
2 45493  64.9642  19.4092 5733370   6.0771 358.6295  4.37340690 28387
0 SL-12 DEB
1 45493U 10041AP  21205.46145560  .00002164  00000-0  12346-2 0  9993
2 45493  64.9642  19.4092 5733370   6.0771 358.6295  4.37340690 28387
0 SL-12 DEB
1 45493U 10041AP  21206.60472973  .00002186  00000-0  12735-2 0  9997
2 45493  64.9576  18.9573 5733659   5.9809 358.6417  4.37345033 28439
0 SL-12 DEB
1 45493U 10041AP  21206.60472973  .00002186  00000-0  12735-2 0  9997
2 45493  64.9576  18.9573 5733659   5.9809 358.6417  4.37345033 28439
0 SL-12 DEB
1 45493U 10041AP  21208.43394769  .00001333  00000-0  85311-3 0  9990
2 45493  64.9623  18.2375 5732506   5.9602 358.6393  4.37351100 28510
0 SL-12 DEB
1 45493U 10041AP  21208.43394769  .00001333  00000-0  85311-3 0  9990
2 45493  64.9623  18.2375 5732506   5.9602 358.6393  4.37351100 28510
0 SL-12 DEB
1 45493U 10041AP  21209.57719763  .00002124  00000-0  12867-2 0  9995
2 45493  64.9678  17.7943 5732804   5.8855 358.6569  4.37356166 28562
0 SL-12 DEB
1 45493U 10041AP  21209.57719763  .00002124  00000-0  12867-2 0  9995
2 45493  64.9678  17.7943 5732804   5.8855 358.6569  4.37356166 28562
0 SL-12 DEB
1 45493U 10041AP  21210.49178901  .00002090  00000-0  12586-2 0  9991
2 45493  64.9689  17.4364 5732666   5.8486 358.6673  4.37360394 28603
0 SL-12 DEB
1 45493U 10041AP  21213.46415015  .00001291  00000-0  75600-3 0  9990
2 45493  64.9724  16.2743 5731765   5.7529 358.6951  4.37372378 28735
0 SL-12 DEB
1 45493U 10041AP  21213.46415015  .00001291  00000-0  75600-3 0  9990
2 45493  64.9724  16.2743 5731765   5.7529 358.6951  4.37372378 28735
0 SL-12 DEB
1 45493U 10041AP  21215.52189613  .00002299  00000-0  12917-2 0  9991
2 45493  64.9693  15.4671 5731930   5.6445 358.7156  4.37379601 28825
0 SL-12 DEB
1 45493U 10041AP  21215.52189613  .00002299  00000-0  12917-2 0  9991
2 45493  64.9693  15.4671 5731930   5.6445 358.7156  4.37379601 28825
0 SL-12 DEB
1 45493U 10041AP  21216.43643513  .00001454  00000-0  81907-3 0  9994
2 45493  64.9801  15.1248 5731618   5.6079 358.7191  4.37382746 28866
0 SL-12 DEB
1 45493U 10041AP  21216.43643513  .00001454  00000-0  81907-3 0  9994
2 45493  64.9801  15.1248 5731618   5.6079 358.7191  4.37382746 28866
0 SL-12 DEB
1 45493U 10041AP  21218.49412363  .00001378  00000-0  80278-3 0  9994
2 45493  64.9593  14.3040 5732057   5.4707 358.7352  4.37388738 28955
0 SL-12 DEB
1 45493U 10041AP  21218.49412363  .00001378  00000-0  80278-3 0  9994
2 45493  64.9593  14.3040 5732057   5.4707 358.7352  4.37388738 28955
0 SL-12 DEB
1 45493U 10041AP  21222.38078794  .00001012  00000-0  67198-3 0  9994
2 45493  64.9586  12.7815 5732125   5.2743 358.7604  4.37401485 29128
0 SL-12 DEB
1 45493U 10041AP  21222.38078794  .00001012  00000-0  67198-3 0  9994
2 45493  64.9586  12.7815 5732125   5.2743 358.7604  4.37401485 29128
0 SL-12 DEB
1 45493U 10041AP  21224.66702750  .00001080  00000-0  67432-3 0  9999
2 45493  64.9623  11.8888 5731917   5.1749 358.7891  4.37406849 29221
0 SL-12 DEB
1 45493U 10041AP  21224.66702750  .00001080  00000-0  67432-3 0  9999
2 45493  64.9623  11.8888 5731917   5.1749 358.7891  4.37406849 29221
0 SL-12 DEB
1 45493U 10041AP  21226.49599943  .00001470  00000-0  84131-3 0  9998
2 45493  64.9649  11.1714 5731690   5.0864 358.8165  4.37411861 29309
0 SL-12 DEB
1 45493U 10041AP  21227.41047479  .00001604  00000-0  90030-3 0  9997
2 45493  64.9652  10.8125 5731545   5.0472 358.8266  4.37414964 29342
0 SL-12 DEB
1 45493U 10041AP  21227.41047479  .00001604  00000-0  90030-3 0  9997
2 45493  64.9652  10.8125 5731545   5.0472 358.8266  4.37414964 29342
0 SL-12 DEB
1 45493U 10041AP  21229.46800836  .00001866  00000-0  10643-2 0  9999
2 45493  64.9548  10.0003 5731010   4.9573 358.8396  4.37423387 29433
0 SL-12 DEB
1 45493U 10041AP  21229.46800836  .00001866  00000-0  10643-2 0  9999
2 45493  64.9548  10.0003 5731010   4.9573 358.8396  4.37423387 29433
0 SL-12 DEB
1 45493U 10041AP  21230.38245341  .00001678  00000-0  98932-3 0  9995
2 45493  64.9467   9.6369 5730555   4.9253 358.8401  4.37426748 29475
0 SL-12 DEB
1 45493U 10041AP  21232.66853817  .00001591  00000-0  10167-2 0  9998
2 45493  64.9450   8.7423 5730626   4.8090 358.8504  4.37435124 29578
0 SL-12 DEB
1 45493U 10041AP  21232.66853817  .00001591  00000-0  10167-2 0  9998
2 45493  64.9450   8.7423 5730626   4.8090 358.8504  4.37435124 29578
0 SL-12 DEB
1 45493U 10041AP  21233.35435670  .00001524  00000-0  99926-3 0  9995
2 45493  64.9399   8.4724 5730569   4.7813 358.8541  4.37437479 29609
0 SL-12 DEB
1 45493U 10041AP  21237.46919627  .00001957  00000-0  12605-2 0  9998
2 45493  64.9563   6.8680 5730024   4.5859 358.9127  4.37453186 29782
0 SL-12 DEB
1 45493U 10041AP  21238.15498847  .00002438  00000-0  15138-2 0  9990
2 45493  64.9446   6.5921 5730371   4.5291 358.9304  4.37457559 29811
0 SL-12 DEB
1 45493U 10041AP  21238.61217901  .00002658  00000-0  16360-2 0  9993
2 45493  64.9511   6.4174 5730129   4.5096 358.9378  4.37460873 29833
0 SL-12 DEB
1 45493U 10041AP  21238.61217901  .00002658  00000-0  16360-2 0  9993
2 45493  64.9511   6.4174 5730129   4.5096 358.9378  4.37460873 29833
0 SL-12 DEB
1 45493U 10041AP  21240.44091090  .00006119  00000-0  36049-2 0  9998
2 45493  64.9494   5.7009 5729936   4.4260 358.9661  4.37476974 29911
0 SL-12 DEB
1 45493U 10041AP  21240.44091090  .00006119  00000-0  36049-2 0  9998
2 45493  64.9494   5.7009 5729936   4.4260 358.9661  4.37476974 29911
0 SL-12 DEB
1 45493U 10041AP  21243.41242672  .00004899  00000-0  28907-2 0  9999
2 45493  64.9483   4.5366 5729735   4.2847 358.9992  4.37503875 30042
0 SL-12 DEB
1 45493U 10041AP  21244.32670976  .00002426  00000-0  14769-2 0  9997
2 45493  64.9473   4.1773 5729564   4.2466 359.0054  4.37507261 30084
0 SL-12 DEB
1 45493U 10041AP  21244.32670976  .00002426  00000-0  14769-2 0  9997
2 45493  64.9473   4.1773 5729564   4.2466 359.0054  4.37507261 30084
0 SL-12 DEB
1 45493U 10041AP  21246.61236404  .00003073  00000-0  19222-2 0  9993
2 45493  64.9372   3.2769 5729159   4.1448 359.0226  4.37521548 30182
0 SL-12 DEB
1 45493U 10041AP  21247.29804711  .00002267  00000-0  14668-2 0  9993
2 45493  64.9353   3.0077 5729118   4.1132 359.0293  4.37524912 30212
0 SL-12 DEB
1 45493U 10041AP  21247.29804711  .00002267  00000-0  14668-2 0  9993
2 45493  64.9353   3.0077 5729118   4.1132 359.0293  4.37524912 30212
0 SL-12 DEB
1 45493U 10041AP  21250.26926477  .00002526  00000-0  16194-2 0  9992
2 45493  64.9376   1.8447 5728881   3.9783 359.0722  4.37545505 30341
0 SL-12 DEB
1 45493U 10041AP  21250.26926477  .00002526  00000-0  16194-2 0  9992
2 45493  64.9376   1.8447 5728881   3.9783 359.0722  4.37545505 30341
0 SL-12 DEB
1 45493U 10041AP  21252.32618009  .00003843  00000-0  23328-2 0  9990
2 45493  64.9462   1.0421 5728672   3.8715 359.1144  4.37563692 30439
0 SL-12 DEB
1 45493U 10041AP  21252.32618009  .00003843  00000-0  23328-2 0  9990
2 45493  64.9462   1.0421 5728672   3.8715 359.1144  4.37563692 30439
0 SL-12 DEB
1 45493U 10041AP  21254.38300323  .00006508  00000-0  38532-2 0  9999
2 45493  64.9426   0.2343 5728485   3.7718 359.1497  4.37584505 30524
0 SL-12 DEB
1 45493U 10041AP  21254.38300323  .00006508  00000-0  38532-2 0  9999
2 45493  64.9426   0.2343 5728485   3.7718 359.1497  4.37584505 30524
0 SL-12 DEB
1 45493U 10041AP  21255.29710884  .00004289  00000-0  25598-2 0  9999
2 45493  64.9431 359.8760 5728181   3.7429 359.1575  4.37593493 30565
0 SL-12 DEB
1 45493U 10041AP  21255.29710884  .00004289  00000-0  25598-2 0  9999
2 45493  64.9431 359.8760 5728181   3.7429 359.1575  4.37593493 30565
0 SL-12 DEB
1 45493U 10041AP  21257.35378083  .00004517  00000-0  27300-2 0  9996
2 45493  64.9416 359.0690 5728260   3.6325 359.1772  4.37612641 30650
0 SL-12 DEB
1 45493U 10041AP  21257.35378083  .00004517  00000-0  27300-2 0  9996
2 45493  64.9416 359.0690 5728260   3.6325 359.1772  4.37612641 30650
0 SL-12 DEB
1 45493U 10041AP  21260.55288558  .00003628  00000-0  23057-2 0  9996
2 45493  64.9346 357.8100 5728043   3.4900 359.2046  4.37637202 30790
0 SL-12 DEB
1 45493U 10041AP  21260.55288558  .00003628  00000-0  23057-2 0  9996
2 45493  64.9346 357.8100 5728043   3.4900 359.2046  4.37637202 30790
0 SL-12 DEB
1 45493U 10041AP  21261.23838877  .00004274  00000-0  26943-2 0  9992
2 45493  64.9378 357.5429 5727982   3.4527 359.2159  4.37642894 30824
0 SL-12 DEB
1 45493U 10041AP  21262.38087499  .00003507  00000-0  22389-2 0  9993
2 45493  64.9372 357.0941 5727967   3.3960 359.2367  4.37651957 30871
0 SL-12 DEB
1 45493U 10041AP  21266.26515439  .00005331  00000-0  32176-2 0  9996
2 45493  64.9356 355.5690 5727919   3.1989 359.3172  4.37686958 31047
0 SL-12 DEB
1 45493U 10041AP  21266.26515439  .00005331  00000-0  32176-2 0  9996
2 45493  64.9356 355.5690 5727919   3.1989 359.3172  4.37686958 31047
0 SL-12 DEB
1 45493U 10041AP  21267.40751855  .00005256  00000-0  31503-2 0  9996
2 45493  64.9345 355.1204 5727890   3.1436 359.3364  4.37699770 31091
0 SL-12 DEB
1 45493U 10041AP  21268.32138266  .00006973  00000-0  41446-2 0  9997
2 45493  64.9354 354.7623 5727841   3.1012 359.3493  4.37712888 31131
0 SL-12 DEB
1 45493U 10041AP  21268.32138266  .00006973  00000-0  41446-2 0  9997
2 45493  64.9354 354.7623 5727841   3.1012 359.3493  4.37712888 31131
0 SL-12 DEB
1 45493U 10041AP  21271.51972335  .00006595  00000-0  39549-2 0  9996
2 45493  64.9345 353.5062 5727653   2.9528 359.3829  4.37749729 31277
0 SL-12 DEB
1 45493U 10041AP  21271.51972335  .00006595  00000-0  39549-2 0  9996
2 45493  64.9345 353.5062 5727653   2.9528 359.3829  4.37749729 31277
0 SL-12 DEB
1 45493U 10041AP  21275.17463805  .00005080  00000-0  31116-2 0  9999
2 45493  64.9314 352.0696 5727671   2.7726 359.4279  4.37793012 31430
0 SL-12 DEB
1 45493U 10041AP  21275.17463805  .00005080  00000-0  31116-2 0  9999
2 45493  64.9314 352.0696 5727671   2.7726 359.4279  4.37793012 31430
0 SL-12 DEB
1 45493U 10041AP  21276.31671861  .00006946  00000-0  41701-2 0  9992
2 45493  64.9291 351.6198 5727728   2.7136 359.4483  4.37810966 31484
0 SL-12 DEB
1 45493U 10041AP  21276.31671861  .00006946  00000-0  41701-2 0  9992
2 45493  64.9291 351.6198 5727728   2.7136 359.4483  4.37810966 31484
0 SL-12 DEB
1 45493U 10041AP  21277.23035186  .00005684  00000-0  34083-2 0  9991
2 45493  64.9299 351.2608 5727779   2.6658 359.4666  4.37824150 31526
0 SL-12 DEB
1 45493U 10041AP  21277.23035186  .00005684  00000-0  34083-2 0  9991
2 45493  64.9299 351.2608 5727779   2.6658 359.4666  4.37824150 31526
0 SL-12 DEB
1 45493U 10041AP  21279.28594344  .00006252  00000-0  36560-2 0  9998
2 45493  64.9292 350.4530 5727763   2.5700 359.5065  4.37848821 31619
0 SL-12 DEB
1 45493U 10041AP  21279.28594344  .00006252  00000-0  36560-2 0  9998
2 45493  64.9292 350.4530 5727763   2.5700 359.5065  4.37848821 31619
0 SL-12 DEB
1 45493U 10041AP  21280.19949641  .00005436  00000-0  31393-2 0  9996
2 45493  64.9240 350.0905 5728011   2.5150 359.5251  4.37862066 31658
0 SL-12 DEB
1 45493U 10041AP  21280.19949641  .00005436  00000-0  31393-2 0  9996
2 45493  64.9240 350.0905 5728011   2.5150 359.5251  4.37862066 31658
0 SL-12 DEB
1 45493U 10041AP  21282.25489302  .00005739  00000-0  32881-2 0  9997
2 45493  64.9223 349.2809 5727979   2.4178 359.5508  4.37888407 31745
0 SL-12 DEB
1 45493U 10041AP  21282.25489302  .00005739  00000-0  32881-2 0  9997
2 45493  64.9223 349.2809 5727979   2.4178 359.5508  4.37888407 31745
0 SL-12 DEB
1 45493U 10041AP  21283.16836186  .00005837  00000-0  33579-2 0  9998
2 45493  64.9285 348.9247 5727943   2.3779 359.5569  4.37899294 31789
0 SL-12 DEB
1 45493U 10041AP  21283.16836186  .00005837  00000-0  33579-2 0  9998
2 45493  64.9285 348.9247 5727943   2.3779 359.5569  4.37899294 31789
0 SL-12 DEB
1 45493U 10041AP  21287.27864162  .00006065  00000-0  35604-2 0  9994
2 45493  64.9316 347.3107 5728049   2.1837 359.5873  4.37961899 31962
0 SL-12 DEB
1 45493U 10041AP  21287.27864162  .00006065  00000-0  35604-2 0  9994
2 45493  64.9316 347.3107 5728049   2.1837 359.5873  4.37961899 31962
0 SL-12 DEB
1 45493U 10041AP  21288.19195432  .00006048  00000-0  35339-2 0  9999
2 45493  64.9248 346.9499 5728247   2.1343 359.6011  4.37976639 32006
0 SL-12 DEB
1 45493U 10041AP  21288.19195432  .00006048  00000-0  35339-2 0  9999
2 45493  64.9248 346.9499 5728247   2.1343 359.6011  4.37976639 32006
0 SL-12 DEB
1 45493U 10041AP  21290.24683414  .00005758  00000-0  33211-2 0  9994
2 45493  64.9368 346.1506 5728412   2.0332 359.6369  4.37999865 32092
0 SL-12 DEB
1 45493U 10041AP  21290.47514602  .00006133  00000-0  35218-2 0  9998
2 45493  64.9270 346.0532 5728426   2.0251 359.6405  4.38003198 32106
0 SL-12 DEB
1 45493U 10041AP  21290.47514602  .00006133  00000-0  35218-2 0  9998
2 45493  64.9270 346.0532 5728426   2.0251 359.6405  4.38003198 32106
0 SL-12 DEB
1 45493U 10041AP  21293.21474516  .00007226  00000-0  40151-2 0  9998
2 45493  64.9303 344.9710 5728772   1.8934 359.6857  4.38046985 32222
0 SL-12 DEB
1 45493U 10041AP  21293.21474516  .00007226  00000-0  40151-2 0  9998
2 45493  64.9303 344.9710 5728772   1.8934 359.6857  4.38046985 32222
0 SL-12 DEB
1 45493U 10041AP  21294.12788753  .00005474  00000-0  30328-2 0  9998
2 45493  64.9299 344.6122 5728798   1.8506 359.6969  4.38056917 32267
0 SL-12 DEB
1 45493U 10041AP  21294.35616958  .00004941  00000-0  27359-2 0  9998
2 45493  64.9298 344.5227 5728819   1.8398 359.6994  4.38059135 32278
0 SL-12 DEB
1 45493U 10041AP  21296.41065273  .00005279  00000-0  28908-2 0  9991
2 45493  64.9289 343.7168 5729278   1.7375 359.7180  4.38081372 32363
0 SL-12 DEB
1 45493U 10041AP  21296.41065273  .00005279  00000-0  28908-2 0  9991
2 45493  64.9289 343.7168 5729278   1.7375 359.7180  4.38081372 32363
0 SL-12 DEB
1 45493U 10041AP  21297.09545645  .00005294  00000-0  29043-2 0  9990
2 45493  64.9287 343.4471 5729306   1.7058 359.7223  4.38087985 32392
0 SL-12 DEB
1 45493U 10041AP  21301.20399645  .00009045  00000-0  49594-2 0  9997
2 45493  64.9282 341.8302 5729383   1.5158 359.7511  4.38147125 32579
0 SL-12 DEB
1 45493U 10041AP  21301.20399645  .00009045  00000-0  49594-2 0  9997
2 45493  64.9282 341.8302 5729383   1.5158 359.7511  4.38147125 32579
0 SL-12 DEB
1 45493U 10041AP  21302.11692400  .00007792  00000-0  42825-2 0  9990
2 45493  64.9171 341.4651 5729315   1.5091 359.7533  4.38161550 32617
0 SL-12 DEB
1 45493U 10041AP  21302.11692400  .00007792  00000-0  42825-2 0  9990
2 45493  64.9171 341.4651 5729315   1.5091 359.7533  4.38161550 32617
0 SL-12 DEB
1 45493U 10041AP  21303.25804658  .00010669  00000-0  57895-2 0  9996
2 45493  64.9237 341.0192 5729353   1.4558 359.7685  4.38180452 32660
0 SL-12 DEB
1 45493U 10041AP  21303.25804658  .00010669  00000-0  57895-2 0  9996
2 45493  64.9237 341.0192 5729353   1.4558 359.7685  4.38180452 32660
0 SL-12 DEB
1 45493U 10041AP  21304.17089488  .00011421  00000-0  60837-2 0  9991
2 45493  64.9342 340.6682 5729891   1.3764 359.7902  4.38203099 32701
0 SL-12 DEB
1 45493U 10041AP  21304.17089488  .00011421  00000-0  60837-2 0  9991
2 45493  64.9342 340.6682 5729891   1.3764 359.7902  4.38203099 32701
0 SL-12 DEB
1 45493U 10041AP  21307.36551881  .00012472  00000-0  64041-2 0  9994
2 45493  64.9419 339.4077 5730453   1.1850 359.8420  4.38279738 32844
0 SL-12 DEB
1 45493U 10041AP  21307.36551881  .00012472  00000-0  64041-2 0  9994
2 45493  64.9419 339.4077 5730453   1.1850 359.8420  4.38279738 32844
0 SL-12 DEB
1 45493U 10041AP  21308.05001009  .00014650  00000-0  75043-2 0  9997
2 45493  64.9449 339.1380 5730470   1.1446 359.8494  4.38294360 32873
0 SL-12 DEB
1 45493U 10041AP  21308.05001009  .00014650  00000-0  75043-2 0  9997
2 45493  64.9449 339.1380 5730470   1.1446 359.8494  4.38294360 32873
0 SL-12 DEB
1 45493U 10041AP  21315.12149270  .00008113  00000-0  41806-2 0  9993
2 45493  64.9236 336.3433 5730364   0.8849 359.8618  4.38446437 33187
0 SL-12 DEB
1 45493U 10041AP  21315.34957090  .00008268  00000-0  42435-2 0  9994
2 45493  64.9411 336.2663 5730483   0.8701 359.8653  4.38452166 33191
0 SL-12 DEB
1 45493U 10041AP  21315.34957090  .00008268  00000-0  42435-2 0  9994
2 45493  64.9411 336.2663 5730483   0.8701 359.8653  4.38452166 33191
0 SL-12 DEB
1 45493U 10041AP  21316.03378935  .00008974  00000-0  45940-2 0  9994
2 45493  64.9386 335.9957 5730345   0.8691 359.8666  4.38466582 33224
0 SL-12 DEB
1 45493U 10041AP  21316.03378935  .00008974  00000-0  45940-2 0  9994
2 45493  64.9386 335.9957 5730345   0.8691 359.8666  4.38466582 33224
0 SL-12 DEB
1 45493U 10041AP  21320.13871888  .00009792  00000-0  48205-2 0  9991
2 45493  64.9299 334.3693 5730936   0.6611 359.9171  4.38536479 33408
0 SL-12 DEB
1 45493U 10041AP  21320.13871888  .00009792  00000-0  48205-2 0  9991
2 45493  64.9299 334.3693 5730936   0.6611 359.9171  4.38536479 33408
0 SL-12 DEB
1 45493U 10041AP  21320.82280261  .00011479  00000-0  56750-2 0  9995
2 45493  64.9574 334.1123 5730588   0.6265 359.9223  4.38554165 33431
0 SL-12 DEB
1 45493U 10041AP  21320.82280261  .00011479  00000-0  56750-2 0  9995
2 45493  64.9574 334.1123 5730588   0.6265 359.9223  4.38554165 33431
0 SL-12 DEB
1 45493U 10041AP  21321.50686623  .00008488  00000-0  41407-2 0  9992
2 45493  64.9347 333.8230 5731095   0.5994 359.9248  4.38564303 33461
0 SL-12 DEB
1 45493U 10041AP  21321.50686623  .00008488  00000-0  41407-2 0  9992
2 45493  64.9347 333.8230 5731095   0.5994 359.9248  4.38564303 33461
0 SL-12 DEB
1 45493U 10041AP  21324.01491450  .00007680  00000-0  36700-2 0  9996
2 45493  64.9327 332.8326 5732161   0.4457 359.9399  4.38610970 33573
0 SL-12 DEB
1 45493U 10041AP  21324.01491450  .00007680  00000-0  36700-2 0  9996
2 45493  64.9327 332.8326 5732161   0.4457 359.9399  4.38610970 33573
0 SL-12 DEB
1 45493U 10041AP  21331.08151797  .00012916  00000-0  60034-2 0  9993
2 45493  64.9259 330.0484 5732580   0.1112 359.9903  4.38769075 33888
0 SL-12 DEB
1 45493U 10041AP  21331.08151797  .00012916  00000-0  60034-2 0  9993
2 45493  64.9259 330.0484 5732580   0.1112 359.9903  4.38769075 33888
0 SL-12 DEB
1 45493U 10041AP  21331.99314959  .00011540  00000-0  52407-2 0  9991
2 45493  64.9230 329.6987 5733352   0.0882 359.9970  4.38789414 33928
0 SL-12 DEB
1 45493U 10041AP  21331.99314959  .00011540  00000-0  52407-2 0  9991
2 45493  64.9230 329.6987 5733352   0.0882 359.9970  4.38789414 33928
0 SL-12 DEB
1 45493U 10041AP  21334.04416745  .00013293  00000-0  59564-2 0  9994
2 45493  64.9212 328.8878 5733300 359.9960   0.0160  4.38836984 34015
0 SL-12 DEB
1 45493U 10041AP  21334.27197284  .00013520  00000-0  60822-2 0  9995
2 45493  64.9343 328.7897 5732946 359.9838   0.0178  4.38859151 34020
0 SL-12 DEB
1 45493U 10041AP  21334.27197284  .00013520  00000-0  60822-2 0  9995
2 45493  64.9343 328.7897 5732946 359.9838   0.0178  4.38859151 34020
0 SL-12 DEB
1 45493U 10041AP  21347.02694804  .00011743  00000-0  51601-2 0  9992
2 45493  64.9137 323.7401 5732061 359.4364   0.0893  4.39207763 34586
0 SL-12 DEB
1 45493U 10041AP  21347.02694804  .00011743  00000-0  51601-2 0  9992
2 45493  64.9137 323.7401 5732061 359.4364   0.0893  4.39207763 34586
0 SL-12 DEB
1 45493U 10041AP  21347.93765097  .00012144  00000-0  53162-2 0  9995
2 45493  64.9415 323.3797 5732074 359.4655   0.0792  4.39234861 34628
0 SL-12 DEB
1 45493U 10041AP  21347.93765097  .00012144  00000-0  53162-2 0  9995
2 45493  64.9415 323.3797 5732074 359.4655   0.0792  4.39234861 34628
0 SL-12 DEB
1 45493U 10041AP  21349.98654530  .00017297  00000-0  75424-2 0  9990
2 45493  64.9245 322.5597 5732058 359.3636   0.0893  4.39296708 34718
0 SL-12 DEB
1 45493U 10041AP  21350.21418298  .00018187  00000-0  76686-2 0  9997
2 45493  64.9248 322.4781 5733621 359.2640   0.1097  4.39306336 34723
0 SL-12 DEB
1 45493U 10041AP  21350.21418298  .00018187  00000-0  76686-2 0  9997
2 45493  64.9248 322.4781 5733621 359.2640   0.1097  4.39306336 34723
0 SL-12 DEB
1 45493U 10041AP  21354.99330473  .00031366  00000-0  13262-1 0  9998
2 45493  64.9231 320.5879 5732102 359.0681   0.1372  4.39548654 34938
0 SL-12 DEB
1 45493U 10041AP  21354.99330473  .00031366  00000-0  13262-1 0  9998
2 45493  64.9231 320.5879 5732102 359.0681   0.1372  4.39548654 34938
0 SL-12 DEB
1 45493U 10041AP  21355.90327261  .00027178  00000-0  11310-1 0  9999
2 45493  64.8971 320.2105 5732489 359.0100   0.1524  4.39608012 34979
0 SL-12 DEB
1 45493U 10041AP  21355.90327261  .00027178  00000-0  11310-1 0  9999
2 45493  64.8971 320.2105 5732489 359.0100   0.1524  4.39608012 34979
0 SL-12 DEB
1 45493U 10041AP  21357.95027150  .00029863  00000-0  12321-1 0  9996
2 45493  64.9178 319.4035 5731815 358.9276   0.1801  4.39741803 35060
0 SL-12 DEB
1 45493U 10041AP  21357.95027150  .00029863  00000-0  12321-1 0  9996
2 45493  64.9178 319.4035 5731815 358.9276   0.1801  4.39741803 35060
0 SL-12 DEB
1 45493U 10041AP  21360.90594662  .00029477  00000-0  11752-1 0  9990
2 45493  64.9293 318.2540 5731929 358.7500   0.2279  4.39931188 35191
0 SL-12 DEB
1 45493U 10041AP  21360.90594662  .00029477  00000-0  11752-1 0  9990
2 45493  64.9293 318.2540 5731929 358.7500   0.2279  4.39931188 35191
0 SL-12 DEB
1 45493U 10041AP  21362.95144703  .00030811  00000-0  12338-1 0  9999
2 45493  64.9206 317.4356 5730935 358.6796   0.2368  4.40058772 35283
0 SL-12 DEB
1 45493U 10041AP  21362.95144703  .00030811  00000-0  12338-1 0  9999
2 45493  64.9206 317.4356 5730935 358.6796   0.2368  4.40058772 35283
0 SL-12 DEB
1 45493U 10041AP  22003.17634872  .00024813  00000-0  98056-2 0  9994
2 45493  64.9088 315.3465 5730177 358.4252   0.2780  4.40336487 35518
0 SL-12 DEB
1 45493U 10041AP  22003.17634872  .00024813  00000-0  98056-2 0  9994
2 45493  64.9088 315.3465 5730177 358.4252   0.2780  4.40336487 35518
0 SL-12 DEB
1 45493U 10041AP  22010.89484663  .00022726  00000-0  87748-2 0  9999
2 45493  64.8999 312.2695 5728734 358.0619   0.3862  4.40678728 35854
0 SL-12 DEB
1 45493U 10041AP  22010.89484663  .00022726  00000-0  87748-2 0  9999
2 45493  64.8999 312.2695 5728734 358.0619   0.3862  4.40678728 35854
0 SL-12 DEB
1 45493U 10041AP  22015.88573059  .00038366  00000-0  15273-1 0  9991
2 45493  64.8798 310.2593 5725453 357.9587   0.4122  4.40984702 36070
0 SL-12 DEB
1 45493U 10041AP  22015.88573059  .00038366  00000-0  15273-1 0  9991
2 45493  64.8798 310.2593 5725453 357.9587   0.4122  4.40984702 36070
0 SL-12 DEB
1 45493U 10041AP  22015.88573059  .00038366  00000-0  15273-1 0  9991
2 45493  64.8798 310.2593 5725453 357.9587   0.4122  4.40984702 36070
