1 38587U 08011AJ  12183.38947610 -.00000285  00000-0 -25077-2 0  9994
2 38587 049.1155 334.7116 6419625 120.5099 317.6415 03.08087975 13853
1 38587U 08011AJ  12193.77322990  .00000037  00000-0  50787-2 0  9995
2 38587 049.1293 331.0523 6420093 123.7010 314.5412 03.08094228 14175
1 38587U 08011AJ  12194.42203460 +.00000028 +00000-0 +48766-2 0  9992
2 38587 049.1264 330.8278 6420040 123.9010 314.1518 03.08094375014199
1 38587U 08011AJ  12194.74651504 -.00000019  00000-0  38274-2 0  9997
2 38587 049.1248 330.7113 6420033 124.0629 314.0103 03.08093376 14209
1 38587U 08011AJ  12195.39544511 -.00000033  00000-0  34633-2 0  9999
2 38587 049.1166 330.4901 6419874 124.2503 313.7554 03.08093246 14228
1 38587U 08011AJ  12195.71993963 -.00000045 +00000-0 +31329-2 0  9996
2 38587 049.1170 330.3738 6419616 124.3504 313.6578 03.08093026014238
1 38587U 08011AJ  12197.34233814 -.00000030  00000-0  30459-2 0  9996
2 38587 049.1195 329.8026 6419511 124.8422 313.1118 03.08093419 14282
1 38587U 08011AJ  12198.31577894 +.00000007 +00000-0 +35248-2 0  9997
2 38587 049.1239 329.4564 6419349 125.1333 312.7946 03.08094168014318
1 38587U 08011AJ  12199.28920686  .00000016  00000-0  34182-2 0  9991
2 38587 049.1271 329.1111 6419011 125.4178 312.4638 03.08094474 14343
1 38587U 08011AJ  12200.26263583  .00000067  00000-0  43077-2 0  9997
2 38587 049.1276 328.7655 6417866 125.7026 312.1403 03.08095605 14374
1 38587U 08011AJ  12206.45661346 -.00000558  00000-0 -93859-2 0  9993
2 38587 049.1337 326.5904 6418448 127.6078 341.9235 03.08090898 14563
1 38587U 08011AJ  12206.75218049 -.00000451  00000-0 -73345-2 0  9994
2 38587 049.1031 326.4900 6413031 127.6425 309.8116 03.08087934 14577
1 38587U 08011AJ  12207.40105360 -.00000457 +00000-0 -73337-2 0  9995
2 38587 049.1034 326.2631 6412927 127.8325 309.4859 03.08087535014592
1 38587U 08011AJ  12207.72553506 -.00000475  00000-0 -76983-2 0  9999
2 38587 049.1065 326.1510 6413071 127.9126 309.3697 03.08087020 14602
1 38587U 08011AJ  12208.69898413 -.00000608  00000-0 -10465-1 0  9995
2 38587 049.1147 325.8033 6415139 128.2692 308.9914 03.08084129 14635
1 38587U 08011AJ  12209.67241465 -.00000670  00000-0 -11861-1 0  9993
2 38587 049.1119 325.4584 6415330 128.5980 308.6009 03.08082101 14660
1 38587U 08011AJ  12210.64583719 -.00000636 +00000-0 -11175-1 0  9993
2 38587 049.1155 325.1169 6415837 128.9076 308.2176 03.08081612014698
1 38587U 08011AJ  12211.29478503 -.00000612 +00000-0 -10828-1 0  9997
2 38587 049.1192 324.8867 6415347 129.0850 307.9657 03.08081317014713
1 38587U 08011AJ  12212.26822873 -.00000552  00000-0 -98222-2 0  9996
2 38587 049.1176 324.5500 6414142 129.3448 307.6166 03.08081387 14746
1 38587U 08011AJ  12214.21509233 -.00000525  00000-0 -97135-2 0  9997
2 38587 049.1370 323.8497 6413526 129.8443 306.8804 03.08080050 14807
1 38587U 08011AJ  12220.70464347 -.00000194  00000-0 -88571-3 0  9991
2 38587 049.1448 321.5703 6414622 131.8666 304.4284 03.08082963 15000
1 38587U 08011AJ  12221.67787688 -.00000259  00000-0 -23788-2 0  9994
2 38587 049.1444 321.2303 6414474 132.1642 303.8100 03.08081500 15031
1 38587U 08011AJ  12222.65129754 -.00000338  00000-0 -43539-2 0  9991
2 38587 049.1407 320.8941 6414077 132.4621 303.3899 03.08079543 15069
1 38587U 08011AJ  12223.62472212 -.00000409  00000-0 -61826-2 0  9997
2 38587 049.1383 320.5553 6415032 132.8051 302.9655 03.08077555 15090
1 38587U 08011AJ  12224.59811254 -.00000438  00000-0 -72524-2 0  9996
2 38587 049.1406 320.2094 6414412 133.1156 302.5105 03.08076082 15128
1 38587U 08011AJ  12225.57150969 -.00000415 +00000-0 -70965-2 0  9996
2 38587 049.1439 319.8658 6414516 133.4081 302.0775 03.08075613015159
1 38587U 08011AJ  12234.98096187  .00001611  00000-0  39219-1 0  9995
2 38587 049.1464 316.5699 6414724 136.0791 298.5697 03.08113334 15441
1 38587U 08011AJ  12237.57577475  .00000426  00000-0  12071-1 0  9997
2 38587 049.1563 315.6496 6413920 137.1296 295.5112 03.08067325 15521
1 38587U 08011AJ  12238.54992969 -.00000176  00000-0 -21791-2 0  9998
2 38587 049.1423 315.3319 6413790 137.4567 295.8946 03.08072137 15554
1 38587U 08011AJ  12239.52324420 -.00000165 +00000-0 -22047-2 0  9991
2 38587 049.1427 314.9920 6413687 137.7543 295.3535 03.08071939015584
1 38587U 08011AJ  12240.17215076 -.00000147  00000-0 -19974-2 0  9995
2 38587 049.1554 314.7506 6413528 137.9407 295.0317 03.08072015 15602
1 38587U 08011AJ  12250.55445142  .00000291  00000-0  90336-2 0  9996
2 38587 049.1995 311.0723 6411893 140.9868 289.7031 03.08079225 15928
1 38587U 08011AJ  12251.52778839  .00000242  00000-0  75310-2 0  9997
2 38587 049.2012 310.7315 6411848 141.2909 289.1695 03.08078228 15957
1 38587U 08011AJ  12252.50111343  .00000242  00000-0  71503-2 0  9997
2 38587 049.2261 310.3671 6411939 141.6102 288.6464 03.08078355 15986
1 38587U 08011AJ  12253.47438590  .00000218  00000-0  62178-2 0  9991
2 38587 049.1749 310.0843 6411333 141.9771 288.0518 03.08078047 16014
1 38587U 08011AJ  12254.44757257 +.00000233 +00000-0 +62304-2 0  9991
2 38587 049.1764 309.7442 6411326 142.2664 287.3922 03.08078568016040
1 38587U 08011AJ  12260.28715826  .00001969  00000-0  47913-1 0  9991
2 38587 049.1560 307.7478 6410520 143.9094 284.2798 03.08105164 16221
1 38587U 08011AJ  12264.50469124  .00000630  00000-0  15425-1 0  9994
2 38587 049.1481 306.3132 6408840 145.3453 281.3896 03.08073413 16354
1 38587U 08011AJ  12265.47716319 -.00000999  00000-0 -23169-1 0  9996
2 38587 049.1333 305.9798 6410053 145.6352 279.9016 03.08064080 16383
1 38587U 08011AJ  12266.45125408 -.00000068  00000-0 -85230-3 0  9994
2 38587 049.1175 305.6584 6411925 145.9970 280.2094 03.08074299 16413
1 38587U 08011AJ  12267.42438582 -.00000180  00000-0 -38317-2 0  9990
2 38587 049.1451 305.2869 6410493 146.2903 279.4655 03.08072279 16443
1 38587U 08011AJ  12268.39762229 -.00000086  00000-0 -17600-2 0  9992
2 38587 049.1175 304.9822 6411058 146.5860 278.8427 03.08073390 16472
1 38587U 08011AJ  12278.45417244  .00000621  00000-0  15090-1 0  9997
2 38587 049.1460 301.4485 6409600 149.6074 272.2752 03.08083205 16786
1 38587U 08011AJ  12278.45419421  .00000204  00000-0  65059-2 0  9994
2 38587 049.1471 301.4579 6409027 149.6126 272.2998 03.08079354 16785
1 38587U 08011AJ  12278.45419422 +.00000204 +00000-0 +65059-2 0  9995
2 38587 049.1471 301.4579 6409027 149.6126 272.2998 03.08079354016785
1 38587U 08011AJ  12279.42730306  .00000124  00000-0  42133-2 0  9999
2 38587 049.1373 301.1307 6409137 149.9216 271.5275 03.08078113 16813
1 38587U 08011AJ  12280.40047941  .00000027  00000-0  15065-2 0  9991
2 38587 049.1484 300.7779 6407409 150.2316 270.8310 03.08076450 16847
1 38587U 08011AJ  12281.37362280 -.00000032 +00000-0 -30800-3 0  9997
2 38587 049.1433 300.4423 6406448 150.5322 270.1002 03.08075239016874
1 38587U 08011AJ  12282.34678603 -.00000036  00000-0 -65979-3 0  9993
2 38587 049.1566 300.0993 6407259 150.8197 269.4017 03.08074999 16906
1 38587U 08011AJ  12292.07831727  .00000199  00000-0  63505-2 0  9992
2 38587 049.1643 296.7059 6407701 153.7380 262.3577 03.08079144 17208
1 38587U 08011AJ  12293.37584118  .00000095  00000-0  35478-2 0  9998
2 38587 049.1849 296.2307 6406963 153.9715 261.3788 03.08076883 17244
1 38587U 08011AJ  12294.34934798 -.00000709  00000-0 -16499-1 0  9994
2 38587 049.2029 295.8703 6408505 154.5715 260.9869 03.08066217 17279
1 38587U 08011AJ  12295.32188864 -.00000003  00000-0  71198-3 0  9993
2 38587 049.1937 295.5461 6406468 154.4927 259.6518 03.08074863 17300
1 38587U 08011AJ  12296.29575541  .00001467  00000-0  36742-1 0  9990
2 38587 049.1407 295.2769 6408599 155.0969 259.6471 03.08073917 17330
1 38587U 08011AJ  12297.26824378 -.00000057  00000-0 -57141-3 0  9997
2 38587 049.1755 294.8897 6406356 155.1341 258.2544 03.08073777 17360
1 38587U 08011AJ  12305.37789237  .00000347  00000-0  11118-1 0  9995
2 38587 049.2146 292.0088 6408099 157.8433 252.3225 03.08078654 17612
1 38587U 08011AJ  12307.32342142  .00000268  00000-0  87955-2 0  9997
2 38587 049.2587 291.3054 6405022 157.9450 250.1259 03.08078432 17672
1 38587U 08011AJ  12308.29760016  .00000087  00000-0  36425-2 0  9993
2 38587 049.2559 290.9526 6410847 158.8548 250.3431 03.08073829 17702
1 38587U 08011AJ  12309.26938778 -.00000825  00000-0 -19326-1 0  9995
2 38587 049.1792 290.7195 6406457 158.8199 248.1177 03.08061456 17732
1 38587U 08011AJ  12310.24325343 -.00000623  00000-0 -14711-1 0  9992
2 38587 049.2502 290.2920 6404238 159.0104 248.2004 03.08063194 17761
1 38587U 08011AJ  12338.13849834 -.00000829  00000-0 -18055-1 0  9999
2 38587 049.0978 280.7411 6409216 167.7492 224.9934 03.08056401 18624
1 38587U 08011AJ  12340.08179240  .00000192  00000-0  71882-2 0  9992
2 38587 049.0874 280.0753 6407474 168.1227 220.2230 03.08069622 18689
1 38587U 08011AJ  12350.60149247 -.00000807  00000-0 -16997-1 0  9995
2 38587 049.0589 276.3909 6411076 171.5550 006.7233 03.08075805 19000
1 38587U 08011AJ  12351.43292672 -.00000618  00000-0 -12449-1 0  9996
2 38587 049.0828 276.1049 6410945 171.9661 208.8452 03.08057304 19035
1 38587U 08011AJ  12362.13453390 -.00001297  00000-0 -28624-1 0  9997
2 38587 049.0580 272.3631 6411167 175.0460 197.3420 03.08055696 19369
1 38587U 08011AJ  12366.17288894 -.00000938  00000-0 -20321-1 0  9997
2 38587 049.0432 270.9493 6413505 176.3153 355.8218 03.08076923 19481
1 38587U 08011AJ  13001.14581231 -.00000543  00000-0 -11066-1 0  9990
2 38587 049.0658 270.6061 6413247 176.5992 354.8582 03.08074247 19519
1 38587U 08011AJ  13003.09162105  .00000010  00000-0  21730-2 0  9998
2 38587 049.0399 269.9488 6413028 177.1178 352.9316 03.08064882 19579
1 38587U 08011AJ  13010.07949841  .00000508  00000-0  13075-1 0  9998
2 38587 049.0394 267.5042 6414286 179.3243 182.6868 03.08072255 19795
1 38587U 08011AJ  13015.10491698 -.00000377  00000-0 -68089-2 0  9991
2 38587 049.0173 265.7308 6417041 180.9105 355.8149 03.08079091 19940
1 38587U 08011AJ  13016.07879691 -.00000770  00000-0 -15309-1 0  9994
2 38587 049.0261 265.3758 6417606 181.2128 355.9281 03.08073379 19973
1 38587U 08011AJ  13030.83413286 -.00000105  00000-0 -21716-2 0  9990
2 38587 049.0617 260.1818 6415268 185.4803 160.0914 03.08063532 20437
1 38587U 08011AJ  13031.98021463 -.00000115  00000-0 -21586-2 0  9995
2 38587 049.0113 259.8073 6422469 186.1048 351.1986 03.08065476 20460
1 38587U 08011AJ  13040.23862024  .00000085  00000-0  13775-2 0  9994
2 38587 049.0603 256.8640 6423808 188.6613 149.9761 03.08067060 20728
1 38587U 08011AJ  13043.80597276  .00000196  00000-0  45103-2 0  9997
2 38587 049.0056 255.6723 6426925 189.8220 146.2414 03.08068863 20838
1 38587U 08011AJ  13043.99394296 -.00000891  00000-0 -17675-1 0  9990
2 38587 049.0120 255.5788 6426579 189.8255 354.7029 03.08079930 20838
1 38587U 08011AJ  13045.93708274 -.00000367  00000-0 -68497-2 0  9998
2 38587 049.0084 254.8976 6427145 190.4240 349.8410 03.08070391 20897
1 38587U 08011AJ  13046.91162024  .00000039  00000-0  12550-2 0  9997
2 38587 049.0082 254.5538 6427544 190.7265 350.7031 03.08064391 20926
1 38587U 08011AJ  13057.94980050 -.00000833  00000-0 -16753-1 0  9991
2 38587 048.9953 250.6733 6432026 194.1456 352.3136 03.08080464 21267
1 38587U 08011AJ  13058.92339492 -.00000671  00000-0 -13495-1 0  9998
2 38587 048.9904 250.3366 6432304 194.4408 352.1201 03.08077414 21296
1 38587U 08011AJ  13069.75117876 -.00000090  00000-0 -17532-2 0  9993
2 38587 048.9620 246.5454 6437850 197.9429 120.5991 03.08067646 21635
1 38587U 08011AJ  13070.93608956 -.00000769  00000-0 -13850-1 0  9990
2 38587 048.9786 246.1020 6437476 198.1774 354.6414 03.08082757 21666
1 38587U 08011AJ  13071.26147861 -.00000836  00000-0 -15016-1 0  9991
2 38587 048.9772 245.9882 6437505 198.2745 355.5158 03.08083116 21672
1 38587U 08011AJ  13071.90924661 -.00000879  00000-0 -15720-1 0  9992
2 38587 048.9744 245.7620 6437535 198.4675 353.9359 03.08083311 21690
1 38587U 08011AJ  13079.46018520  .00001037  00000-0  17542-1 0  9998
2 38587 048.9617 243.0955 6440935 200.8155 088.5604 03.08057938 21926
1 38587U 08011AJ  13087.81107244 -.00000545  00000-0 -94507-2 0  9990
2 38587 048.9464 240.1386 6444524 203.4193 349.9869 03.08078940 22183
1 38587U 08011AJ  13088.78484491 -.00000188  00000-0 -34620-2 0  9992
2 38587 048.9448 239.7934 6444987 203.7234 350.0199 03.08073724 22218
1 38587U 08011AJ  13097.42892480  .00000226  00000-0  41062-2 0  9993
2 38587 048.9290 236.7253 6448634 206.4212 216.7130 03.08076459 22483
1 38587U 08011AJ  13106.49984161  .00001330  00000-0  20461-1 0  9995
2 38587 048.9132 233.4975 6452587 209.2527 197.2684 03.08065787 22765
1 38587U 08011AJ  13111.82616416  .00000258  00000-0  40034-2 0  9990
2 38587 048.9023 231.5959 6454704 210.9205 344.4289 03.08089281 22920
1 38587U 08011AJ  13115.71962543 -.00000356  00000-0 -52041-2 0  9999
2 38587 048.8952 230.2047 6455796 212.1364 342.7028 03.08096731 23040
1 38587U 08011AJ  13117.66791058  .00000199  00000-0  28492-2 0  9992
2 38587 048.8925 229.5082 6457428 212.7523 343.6972 03.08088134 23100
1 38587U 08011AJ  13128.34945311 -.00000715  00000-0 -92616-2 0  9997
2 38587 048.8765 225.6786 6461971 216.1297 310.8077 03.08111684 23439
1 38587U 08011AJ  13128.71125578 -.00000748  00000-0 -98200-2 0  9994
2 38587 048.8759 225.5504 6461479 216.2402 352.1014 03.08111974 23444
1 38587U 08011AJ  13136.27420668  .00000974  00000-0  13289-1 0  9994
2 38587 048.8644 222.8300 6463273 218.6044 100.9024 03.08089233 23681
1 38587U 08011AJ  13139.73749806  .00000140  00000-0  19151-2 0  9996
2 38587 048.8599 221.5831 6464341 219.6987 342.1203 03.08106272 23782
1 38587U 08011AJ  13140.71036552 -.00000272  00000-0 -36262-2 0  9993
2 38587 048.8570 221.2312 6465182 220.0080 341.1600 03.08111164 23816
1 38587U 08011AJ  13141.68334900 -.00000550  00000-0 -73321-2 0  9994
2 38587 048.8552 220.8801 6465662 220.3162 340.3499 03.08114487 23842
1 38587U 08011AJ  13143.62987811 -.00000684  00000-0 -91808-2 0  9993
2 38587 048.8529 220.1785 6466198 220.9313 339.4234 03.08116390 23907
1 38587U 08011AJ  13151.15372271  .00000835  00000-0  10783-1 0  9996
2 38587 048.8439 217.4622 6469136 223.3191 044.9270 03.08095744 24135
1 38587U 08011AJ  13152.36328037  .00000590  00000-0  77747-2 0  9993
2 38587 048.8455 217.0299 6468910 223.6926 306.5066 03.08101820 24174
1 38587U 08011AJ  13160.48460278 -.00000043  00000-0 -93674-3 0  9992
2 38587 048.8373 214.0936 6471321 226.2786 314.6282 03.08108878 24429
1 38587U 08011AJ  13161.25430001  .00000250  00000-0  26550-2 0  9995
2 38587 048.8352 213.8147 6471724 226.5203 088.4224 03.08104454 24441
1 38587U 08011AJ  13170.31038640 -.00000005  00000-0  00000+0 0  9993
2 38587 048.8230 210.5427 6474729 229.3958 053.3017 03.08108981 24728
1 38587U 08011AJ  13170.95926671 -.00000473  00000-0  00000+0 0  9992
2 38587 048.8224 210.3073 6475038 229.6010 053.0234 03.08103635 24732
1 38587U 08011AJ  13171.27580824 -.00000650  00000-0 -84265-2 0  9990
2 38587 048.8229 210.1837 6475157 229.7131 044.0693 03.08122830 24759
1 38587U 08011AJ  13173.49600407 -.00000365  00000-0 -50927-2 0  9997
2 38587 048.8205 209.3788 6475861 230.4203 346.8114 03.08117591 24826
1 38587U 08011AJ  13174.46014006 -.00000079  00000-0 -16979-2 0  9990
2 38587 048.8196 209.0293 6476182 230.7280 336.2880 03.08113040 24859
1 38587U 08011AJ  13175.43518179  .00000250  00000-0  22051-2 0  9995
2 38587 048.8187 208.6758 6476528 231.0391 337.8576 03.08108241 24880
1 38587U 08011AJ  13178.19895498  .00000866  00000-0  95338-2 0  9994
2 38587 048.8162 207.6734 6477505 231.9233 163.4995 03.08100675 24977
1 38587U 08011AJ  13178.19895498  .00000866  00000-0  95338-2 0  9994
2 38587 048.8162 207.6734 6477505 231.9233 163.4995 03.08100675 24977
1 38587U 08011AJ  13196.26566297 -.00001603  00000-0 -16302-1 0  9999
2 38587 048.7905 201.1073 6491727 237.6822 043.3405 03.08100386 25539
1 38587U 08011AJ  13196.53044440  .00000266  00000-0  19257-2 0  9995
2 38587 048.7936 201.0213 6480353 237.7816 336.8672 03.08120861 25531
1 38587U 08011AJ  13196.53044440  .00000266  00000-0  19257-2 0  9995
2 38587 048.7936 201.0213 6480353 237.7816 336.8672 03.08120861 25531
1 38587U 08011AJ  13196.53044440  .00000266  00000-0  19257-2 0  9995
2 38587 048.7936 201.0213 6480353 237.7816 336.8672 03.08120861 25531
1 38587U 08011AJ  13196.53044440 +.00000266 +00000-0 +19257-2 0  9995
2 38587 048.7936 201.0213 6480353 237.7816 336.8672 03.08120861025193
1 38587U 08011AJ  13196.53044440  .00000266  00000-0  19257-2 0  9995
2 38587  48.7936 201.0213 6480353 237.7816 336.8672  3.08120861 25531
1 38587U 08011AJ  13196.53044440 +.00000266 +00000-0 +19257-2 0  9995
2 38587 048.7936 201.0213 6480353 237.7816 336.8672 03.08120861025531
1 38587U 08011AJ  13196.53044440 +.00000266 +00000-0 +19257-2 0  9995
2 38587 048.7936 201.0213 6480353 237.7816 336.8672 03.08120861025531
1 38587U 08011AJ  13196.53044440 +.00000266 +00000-0 +19257-2 0  9995
2 38587 048.7936 201.0213 6480353 237.7816 336.8672 03.08120861025531
1 38587U 08011AJ  13196.53044440 +.00000266 +00000-0 +19257-2 0  9995
2 38587 048.7936 201.0213 6480353 237.7816 336.8672 03.08120861025531
1 38587U 08011AJ  13196.53044440 +.00000266 +00000-0 +19257-2 0  9995
2 38587 048.7936 201.0213 6480353 237.7816 336.8672 03.08120861025531
1 38587U 08011AJ  13196.53044440 +.00000266 +00000-0 +19257-2 0  9995
2 38587 048.7936 201.0213 6480353 237.7816 336.8672 03.08120861025531
1 38587U 08011AJ  13196.53044440 +.00000266 +00000-0 +19257-2 0  9995
2 38587 048.7936 201.0213 6480353 237.7816 336.8672 03.08120861025531
1 38587U 08011AJ  13196.53044440 +.00000266 +00000-0 +19257-2 0  9995
2 38587 048.7936 201.0213 6480353 237.7816 336.8672 03.08120861025531
1 38587U 08011AJ  13196.53044440 +.00000266 +00000-0 +19257-2 0  9995
2 38587 048.7936 201.0213 6480353 237.7816 336.8672 03.08120861025531
1 38587U 08011AJ  13196.53044440 +.00000266 +00000-0 +19257-2 0  9995
2 38587 048.7936 201.0213 6480353 237.7816 336.8672 03.08120861025531
1 38587U 08011AJ  13196.53044440 +.00000266 +00000-0 +19257-2 0  9995
2 38587 048.7936 201.0213 6480353 237.7816 336.8672 03.08120861025531
1 38587U 08011AJ  13196.53044440 +.00000266 +00000-0 +19257-2 0  9995
2 38587 048.7936 201.0213 6480353 237.7816 336.8672 03.08120861025531
1 38587U 08011AJ  13196.53044440  .00000266  00000-0  19257-2 0  9995
2 38587  48.7936 201.0213 6480353 237.7816 336.8672  3.08120861 25531
