1 17709U 87028  E 87081.75079142  .00000170 +00000-0 +99999-4 0  9995
2 17709 047.4303 242.9601 7263193 000.8708 359.7619 02.26291896000123
1 17709U 87028  E 87081.75105762  .00000169 +00000-0 +00000-4 0  9996
2 17709 047.4303 242.9601 7263193 000.8707 359.7619 02.26291896000122
1 17709U 87028  E 87083.51835309  .00000537 +00000-0 +48059-3 0  9993
2 17709 047.4254 242.4762 7263907 001.3324 359.7086 02.26293865000164
1 17709U 87028  E 87083.51861930  .00000536 +00000-0 +48059-3 0  9991
2 17709 047.4254 242.4762 7263907 001.3324 359.7086 02.26293865000164
1 17709U 87028  E 87087.93712448  .00000321 +00000-0 +23737-3 0  9998
2 17709 047.4071 241.2429 7265920 002.4986 359.4966 02.26295895000261
1 17709U 87028  E 87087.93739100  .00000320 +00000-0 +23737-3 0  9991
2 17709 047.4071 241.2428 7265920 002.4985 359.4966 02.26295896000260
1 17709U 87028  E 87101.19388508  .00003750 +00000-0 +29527-2 0  9990
2 17709 047.3619 237.6622 7271198 005.9579 359.1401 02.26296119000566
1 17709U 87028  E 87107.37972231  .00029492 +00000-0 +20369-1 0  9993
2 17709 047.3406 235.9779 7273620 007.5528 359.0271 02.26481366000708
1 17709U 87028  E 87109.58673185  .00029592 +00000-0 +20369-1 0  9995
2 17709 047.3456 235.3512 7274597 008.1397 357.1025 02.26373098000750
1 17709U 87028  E 87168.77621456  .00000194 +00000-0 +00000-4 0  9995
2 17709 047.3782 219.0606 7265166 029.1644 356.7275 02.26566980002113
1 17709U 87028  E 87168.77622613  .00000194 +00000-0 +00000-4 0  9991
2 17709 047.3782 219.0606 7265166 029.1644 356.7275 02.26566980002113
1 17709U 87028  E 87168.77624927  .00000195 +00000-0 +99999-4 0  9997
2 17709 047.3782 219.0607 7265166 029.1645 356.7275 02.26566980002115
1 17709U 87028  E 87168.77651548  .00000194 +00000-0 +00000-4 0  9990
2 17709 047.3782 219.0606 7265166 029.1644 356.7275 02.26566980002113
