1 04829U 70114  A 71003.60934635  .00001027 +00000-0 +00000-0 0  9993
2 04829 065.0111 185.3014 7413180 285.0818 009.8587 02.02325749000200
1 04829U 70114  A 71008.55159808  .00001086 +00000-0 +00000-0 0  9998
2 04829 065.0234 184.5813 7410299 284.9456 009.9045 02.02341080000305
1 04829U 70114  A 71011.51688394  .00000919 +00000-0 +00000-0 0  9999
2 04829 065.0253 184.1524 7409510 284.8838 009.9222 02.02345467000364
1 04829U 70114  A 71022.48304447 -.00000001 +00000-0 +00000-0 0  9994
2 04829 064.9969 182.5752 7419190 284.6334 009.9201 02.00617456000573
1 04829U 70114  A 71023.47995920  .00000165 +00000-0 +00000-0 0  9996
2 04829 065.0204 182.4410 7421203 284.5596 009.9244 02.00618792000597
1 04829U 70114  A 71025.47378650  .00000254 +00000-0 +00000-0 0  9992
2 04829 065.0311 182.1667 7420052 284.5244 009.9386 02.00620627000630
1 04829U 70114  A 71027.46760824  .00000260 +00000-0 +00000-0 0  9998
2 04829 065.0244 181.8876 7418600 284.5117 009.9496 02.00621557000677
1 04829U 70114  A 71031.45530736 -.00000123 +00000-0 +00000-0 0  9998
2 04829 065.0521 181.3238 7416911 284.3996 009.9836 02.00617743000757
1 04829U 70114  A 71033.44916111  .00000047 +00000-0 +00000-0 0  9998
2 04829 065.0628 181.0644 7415214 284.3339 010.0077 02.00617862000795
1 04829U 70114  A 71034.44606687 -.00000028 +00000-0 +00000-0 0  9993
2 04829 065.0490 180.9158 7416732 284.3499 009.9954 02.00618839000812
1 04829U 70114  A 71036.93839228 -.00000019 +00000-0 +00000-0 0  9998
2 04829 065.0069 180.5626 7414177 284.2453 010.0329 02.00618887000856
1 04829U 70114  A 71038.43374432  .00000021 +00000-0 +00000-0 0  9998
2 04829 065.0582 180.3598 7415778 284.2491 010.0228 02.00619411000898
1 04829U 70114  A 71039.92912042  .00000045 +00000-0 +00000-0 0  9994
2 04829 065.0605 180.1483 7415379 284.2092 010.0336 02.00619769000929
1 04829U 70114  A 71041.42451957  .00001094 +00000-0 +00000-0 0  9990
2 04829 065.0208 179.9315 7413238 284.1494 010.0591 02.00619602000957
1 04829U 70114  A 71043.91683742 -.00001492 +00000-0 +00000-0 0  9998
2 04829 065.0202 179.5598 7411916 284.0860 010.0807 02.00618267001000
1 04829U 70114  A 71046.90761427 -.00000094 +00000-0 +00000-0 0  9994
2 04829 065.0594 179.1602 7413320 284.0435 010.0818 02.00617456001062
1 04829U 70114  A 71046.90761672 -.00000107 +00000-0 +00000-0 0  9991
2 04829 065.0366 179.1566 7413260 284.0392 010.0831 02.00617218001064
1 04829U 70114  A 71050.39686492 -.00000060 +00000-0 +00000-0 0  9993
2 04829 065.0637 178.6657 7411912 283.9657 010.1070 02.00617337001130
1 04829U 70114  A 71051.39380220 -.00000070 +00000-0 +00000-0 0  9995
2 04829 065.0583 178.5214 7411430 283.9351 010.1164 02.00616956001156
1 04829U 70114  A 71060.36602993  .00000007 +00000-0 +00000-0 0  9995
2 04829 065.0659 177.2647 7407809 283.7088 010.1874 02.00619912001339
1 04829U 70114  A 71062.35991828 -.00000196 +00000-0 +00000-0 0  9994
2 04829 065.0509 176.9703 7406580 283.6566 010.2060 02.00616813001376
1 04829U 70114  A 71063.85523624  .00000080 +00000-0 +00000-0 0  9996
2 04829 065.0651 176.7821 7405610 283.6114 010.2218 02.00620842001401
1 04829U 70114  A 71070.83364715 -.00000050 +00000-0 +00000-0 0  9994
2 04829 065.0638 175.8019 7403440 283.4351 010.2737 02.00619674001547
1 04829U 70114  A 71074.32287882 -.00000125 +00000-0 +00000-0 0  9994
2 04829 065.0672 175.3117 7402498 283.3485 010.2984 02.00618243001611
1 04829U 70114  A 71075.31977384 -.00000050 +00000-0 +00000-0 0  9994
2 04829 065.0768 175.1826 7400749 283.3215 010.3149 02.00619531001637
1 04829U 70114  A 71076.31669527  .00000137 +00000-0 +00000-0 0  9997
2 04829 065.0382 175.0303 7398093 283.2596 010.3446 02.00621200001655
1 04829U 70114  A 71077.31361274  .00000093 +00000-0 +00000-0 0  9997
2 04829 065.0648 174.9065 7397600 283.2330 010.3535 02.00621128001672
1 04829U 70114  A 71078.31050868  .00000056 +00000-0 +00000-0 0  9991
2 04829 065.0724 174.7643 7399152 283.2478 010.3409 02.00620890001691
1 04829U 70114  A 71083.29501934  .00000208 +00000-0 +00000-0 0  9998
2 04829 065.0688 174.0779 7397580 283.1153 010.3798 02.00624013001798
1 04829U 70114  A 71084.29193786 -.00000822 +00000-0 +00000-0 0  9994
2 04829 065.0030 173.9475 7396592 283.0606 010.3981 02.00621128001815
1 04829U 70114  A 71085.78727329  .00000145 +00000-0 +00000-0 0  9992
2 04829 065.0728 173.7362 7397179 283.0530 010.3963 02.00624061001842
1 04829U 70114  A 71087.78111110 -.00001156 +00000-0 +00000-0 0  9993
2 04829 065.0054 173.4431 7394412 282.9545 010.4349 02.00620484001887
1 04829U 70114  A 71090.27335814 -.00003077 +00000-0 +00000-0 0  9994
2 04829 065.0377 173.1368 7393091 282.8785 010.4601 02.00620866001939
1 04829U 70114  A 71092.26716074 -.00000722 +00000-0 +00000-0 0  9990
2 04829 064.9915 172.8387 7392968 282.8506 010.4670 02.00620914001979
1 04829U 70114  A 71093.76249236  .00000066 +00000-0 +00000-0 0  9997
2 04829 065.0773 172.6408 7394709 282.8414 010.4587 02.00623965002009
1 04829U 70114  A 71099.24545182 -.00000010 +00000-0 +00000-0 0  9995
2 04829 065.0677 171.8849 7393109 282.7040 010.4994 02.00623250002110
1 04829U 70114  A 71102.73461172 -.00000007 +00000-0 +00000-0 0  9996
2 04829 065.0791 171.4047 7392118 282.6160 010.5254 02.00623178002180
1 04829U 70114  A 71104.22996257 -.00000030 +00000-0 +00000-0 0  9995
2 04829 065.0445 171.2030 7391937 282.5800 010.5347 02.00622749002214
1 04829U 70114  A 71105.22685086  .00000083 +00000-0 +00000-0 0  9998
2 04829 065.0805 171.0654 7391389 282.5580 010.5429 02.00624442002235
1 04829U 70114  A 71106.22375542  .00000020 +00000-0 +00000-0 0  9993
2 04829 065.0319 170.9330 7391192 282.5297 010.5506 02.00623584002255
1 04829U 70114  A 71108.71598560  .00000167 +00000-0 +00000-0 0  9998
2 04829 065.0325 170.5948 7389376 282.4493 010.5799 02.00626087002302
1 04829U 70114  A 71110.21132800  .00000151 +00000-0 +00000-0 0  9990
2 04829 065.0182 170.3829 7388695 282.3976 010.5958 02.00626230002337
1 04829U 70114  A 71116.19272134 -.00000146 +00000-0 +00000-0 0  9993
2 04829 065.0309 169.5563 7388227 282.2703 010.6279 02.00622773002459
1 04829U 70114  A 71118.18643122  .00000273 +00000-0 +00000-0 0  9993
2 04829 065.0081 169.2512 7388139 282.1359 010.6592 02.00626922002497
1 04829U 70114  A 71120.18019514  .00000100 +00000-0 +00000-0 0  9997
2 04829 065.0411 168.9977 7388094 282.1570 010.6547 02.00627041002538
1 04829U 70114  A 71122.67241153  .00000044 +00000-0 +00000-0 0  9996
2 04829 065.0562 168.6707 7387683 282.0871 010.6733 02.00626683002582
1 04829U 70114  A 71124.16777248 -.00000067 +00000-0 +00000-0 0  9997
2 04829 065.0691 168.4800 7386184 282.0395 010.6934 02.00625014002617
1 04829U 70114  A 71125.16466350 -.00000044 +00000-0 +00000-0 0  9992
2 04829 065.0345 168.3226 7385956 282.0226 010.6988 02.00625134002637
1 04829U 70114  A 71126.16156961 -.00000130 +00000-0 +00000-0 0  9993
2 04829 065.0527 168.1987 7385830 281.9842 010.7084 02.00623846002652
1 04829U 70114  A 71127.15845521  .00000016 +00000-0 +00000-0 0  9992
2 04829 065.0431 168.0576 7385503 281.9584 010.7164 02.00624967002675
1 04829U 70114  A 71129.65067394  .00000008 +00000-0 +00000-0 0  9994
2 04829 065.0297 167.7050 7385257 281.9220 010.7263 02.00625229002729
1 04829U 70114  A 71131.14600093  .00000052 +00000-0 +00000-0 0  9999
2 04829 065.0565 167.5117 7385275 281.8687 010.7386 02.00625849002752
1 04829U 70114  A 71137.62575400  .00000090 +00000-0 +00000-0 0  9993
2 04829 065.0402 166.6122 7384457 281.6805 010.7873 02.00627136002885
1 04829U 70114  A 71139.61950767  .00000137 +00000-0 +00000-0 0  9999
2 04829 064.9941 166.3151 7383755 281.6287 010.8036 02.00628138002924
1 04829U 70114  A 71142.61016508  .00000021 +00000-0 +00000-0 0  9991
2 04829 064.9889 165.9040 7383578 281.5630 010.8201 02.00626993002988
1 04829U 70114  A 71145.60081801  .00000028 +00000-0 +00000-0 0  9998
2 04829 064.9986 165.5101 7382769 281.5213 010.8348 02.00627160003045
1 04829U 70114  A 71147.59456131  .00000005 +00000-0 +00000-0 0  9995
2 04829 064.9865 165.2200 7382722 281.4534 010.8510 02.00627303003086
1 04829U 70114  A 71153.07743840 -.00000075 +00000-0 +00000-0 0  9999
2 04829 065.0078 164.4735 7381989 281.3436 010.8814 02.00626111003197
1 04829U 70114  A 71154.07432601 -.00000096 +00000-0 +00000-0 0  9993
2 04829 065.0118 164.3323 7382077 281.3022 010.8905 02.00625491003218
1 04829U 70114  A 71155.56966274 -.00000111 +00000-0 +00000-0 0  9994
2 04829 065.0065 164.1266 7381719 281.2877 010.8960 02.00625229003245
1 04829U 70114  A 71158.06188157 -.00000064 +00000-0 +00000-0 0  9995
2 04829 065.0039 163.7815 7381948 281.2180 010.9111 02.00625157003296
1 04829U 70114  A 71159.55723275 -.00000134 +00000-0 +00000-0 0  9994
2 04829 065.0132 163.5726 7381349 281.2030 010.9182 02.00624132003322
1 04829U 70114  A 71161.05254589 -.00000070 +00000-0 +00000-0 0  9998
2 04829 065.0184 163.3622 7381384 281.1727 010.9253 02.00624990003357
1 04829U 70114  A 71166.53537935  .00000001 +00000-0 +00000-0 0  9998
2 04829 065.0085 162.6031 7380913 281.0516 010.9569 02.00626326003462
1 04829U 70114  A 71168.52910348  .00000433 +00000-0 +00000-0 0  9991
2 04829 065.0006 162.3484 7379349 280.9516 010.9902 02.00630665003500
1 04829U 70114  A 71170.52285443  .00000211 +00000-0 +00000-0 0  9999
2 04829 064.9867 162.0936 7379216 280.8993 011.0036 02.00629354003540
1 04829U 70114  A 71172.51661204  .00000092 +00000-0 +00000-0 0  9990
2 04829 064.9845 161.8177 7379090 280.8562 011.0146 02.00628376003581
1 04829U 70114  A 71174.51036403 -.00000168 +00000-0 +00000-0 0  9994
2 04829 065.0585 161.5730 7379732 280.7918 011.0259 02.00627470003627
1 04829U 70114  A 71178.49787472 -.00000034 +00000-0 +00000-0 0  9996
2 04829 064.9818 160.9918 7378989 280.7361 011.0437 02.00627494003703
1 04829U 70114  A 71182.48542209 -.00000072 +00000-0 +00000-0 0  9999
2 04829 065.0404 160.4588 7378029 280.6453 011.0714 02.00626731003789
1 04829U 70114  A 71183.98074861 -.00000067 +00000-0 +00000-0 0  9993
2 04829 064.9854 160.2376 7377677 280.6037 011.0837 02.00626373003817
1 04829U 70114  A 71184.97762924 -.00000192 +00000-0 +00000-0 0  9996
2 04829 065.0578 160.1102 7378236 280.5510 011.0928 02.00624990003831
1 04829U 70114  A 71186.47292181  .00000014 +00000-0 +00000-0 0  9998
2 04829 065.0564 159.9049 7378050 280.5316 011.0986 02.00627542003863
1 04829U 70114  A 71188.46667699  .00000051 +00000-0 +00000-0 0  9990
2 04829 065.0415 159.6223 7377843 280.4927 011.1093 02.00627971003906
1 04829U 70114  A 71189.96197909  .00000095 +00000-0 +00000-0 0  9996
2 04829 065.0025 159.4039 7377450 280.4639 011.1186 02.00628853003936
1 04829U 70114  A 71190.46042451  .00000057 +00000-0 +00000-0 0  9992
2 04829 065.0019 159.3358 7377300 280.4531 011.1221 02.00628400003946
1 04829U 70114  A 71190.95888084 -.00000134 +00000-0 +00000-0 0  9993
2 04829 065.0573 159.2902 7376923 280.4286 011.1305 02.00626397003959
1 04829U 70114  A 71191.95574034  .00000030 +00000-0 +00000-0 0  9995
2 04829 065.0391 159.1430 7377436 280.3908 011.1363 02.00628138003973
1 04829U 70114  A 71194.94638242 -.00000058 +00000-0 +00000-0 0  9990
2 04829 065.0505 158.7317 7377042 280.3093 011.1583 02.00627160004033
1 04829U 70114  A 71196.44168543  .00000075 +00000-0 +00000-0 0  9997
2 04829 065.0027 158.5202 7376385 280.2860 011.1682 02.00628805004063
1 04829U 70114  A 71197.43855674  .00000075 +00000-0 +00000-0 0  9995
2 04829 065.0026 158.3829 7376380 280.2687 011.1723 02.00628948004083
1 04829U 70114  A 71197.93699223  .00000075 +00000-0 +00000-0 0  9996
2 04829 065.0026 158.3142 7376370 280.2600 011.1745 02.00629020004092
1 04829U 70114  A 71202.42290862  .00000169 +00000-0 +00000-0 0  9997
2 04829 065.0099 157.7064 7375920 280.1329 011.2081 02.00630498004180
1 04829U 70114  A 71204.41667185  .00000018 +00000-0 +00000-0 0  9997
2 04829 065.0121 157.4321 7376304 280.0954 011.2148 02.00628781004220
1 04829U 70114  A 71208.90263573  .00000148 +00000-0 +00000-0 0  9992
2 04829 065.0083 156.8091 7374630 279.9653 011.2570 02.00629091004311
1 04829U 70114  A 71212.39167280  .00000148 +00000-0 +00000-0 0  9998
2 04829 065.0083 156.3296 7374620 279.9041 011.2718 02.00630140004381
1 04829U 70114  A 71212.89010536  .00000148 +00000-0 +00000-0 0  9994
2 04829 065.0083 156.2612 7374610 279.8953 011.2740 02.00630283004396
1 04829U 70114  A 71215.88077221  .00000000 +00000-0 +00000-0 0  9997
2 04829 065.0217 155.8489 7374670 279.8303 011.2895 02.00627828004456
1 04829U 70114  A 71216.87769306  .00000000 +00000-0 +00000-0 0  9999
2 04829 065.0426 155.7272 7373650 279.7400 011.3181 02.00627828004461
1 04829U 70114  A 71218.37296113  .00000034 +00000-0 +00000-0 0  9994
2 04829 065.0291 155.5101 7373517 279.7538 011.3157 02.00628757004504
1 04829U 70114  A 71221.36357564  .00000034 +00000-0 +00000-0 0  9995
2 04829 065.0290 155.0998 7373510 279.7009 011.3286 02.00628972004566
1 04829U 70114  A 71221.86204206  .00000184 +00000-0 +00000-0 0  9990
2 04829 065.0599 155.0433 7373240 279.6353 011.3464 02.00629568004574
1 04829U 70114  A 71222.36047598  .00000184 +00000-0 +00000-0 0  9995
2 04829 065.0599 154.9750 7373230 279.6263 011.3487 02.00629759004581
1 04829U 70114  A 71224.85263851  .00000184 +00000-0 +00000-0 0  9993
2 04829 065.0598 154.6335 7373220 279.5813 011.3598 02.00630689004638
1 04829U 70114  A 71225.84950031  .00000184 +00000-0 +00000-0 0  9996
2 04829 065.0597 154.4969 7373210 279.5633 011.3643 02.00631046004658
1 04829U 70114  A 71227.34478966  .00000184 +00000-0 +00000-0 0  9995
2 04829 065.0596 154.2920 7373200 279.5363 011.3710 02.00631595004688
1 04829U 70114  A 71227.84327936  .00000070 +00000-0 +00000-0 0  9994
2 04829 065.0842 154.2459 7372650 279.4956 011.3846 02.00629497004693
1 04829U 70114  A 71229.83701532  .00000070 +00000-0 +00000-0 0  9993
2 04829 065.0841 153.9731 7372640 279.4591 011.3936 02.00629783004738
1 04829U 70114  A 71230.33545346  .00000000 +00000-0 +00000-0 0  9992
2 04829 065.0692 153.8955 7373358 279.4326 011.3956 02.00628543004748
1 04829U 70114  A 71232.32921572  .00000000 +00000-0 +00000-0 0  9992
2 04829 065.0556 153.6243 7373127 279.3781 011.4105 02.00628281004783
1 04829U 70114  A 71232.82765296  .00000000 +00000-0 +00000-0 0  9996
2 04829 065.0555 153.5559 7373120 279.3692 011.4126 02.00628281004799
1 04829U 70114  A 71233.82455069 -.00000119 +00000-0 +00000-0 0  9993
2 04829 065.0625 153.4213 7373025 279.3355 011.4216 02.00626612004812
1 04829U 70114  A 71235.31988141 -.00000190 +00000-0 +00000-0 0  9990
2 04829 065.0993 153.2269 7373409 279.2798 011.4329 02.00625396004841
1 04829U 70114  A 71237.31363615 -.00000079 +00000-0 +00000-0 0  9991
2 04829 065.1155 152.9568 7373110 279.2233 011.4488 02.00626731004887
1 04829U 70114  A 71238.80895706 -.00000040 +00000-0 +00000-0 0  9995
2 04829 065.0736 152.7384 7372730 279.2034 011.4561 02.00626731004917
1 04829U 70114  A 71239.30739294  .00000013 +00000-0 +00000-0 0  9999
2 04829 065.1141 152.6826 7372890 279.1702 011.4634 02.00627542004929
1 04829U 70114  A 71241.30114108  .00000105 +00000-0 +00000-0 0  9995
2 04829 065.1156 152.4111 7372800 279.1170 011.4772 02.00628638004964
1 04829U 70114  A 71241.79959015  .00000050 +00000-0 +00000-0 0  9991
2 04829 065.0732 152.3277 7372534 279.1288 011.4760 02.00627780004974
1 04829U 70114  A 71242.79646703  .00000050 +00000-0 +00000-0 0  9999
2 04829 065.0731 152.1911 7372530 279.1107 011.4805 02.00627875004999
1 04829U 70114  A 71243.79334346  .00000050 +00000-0 +00000-0 0  9997
2 04829 065.0730 152.0546 7372520 279.0925 011.4850 02.00627995005014
1 04829U 70114  A 71244.29178606  .00000011 +00000-0 +00000-0 0  9995
2 04829 065.1175 152.0010 7372410 279.0500 011.4964 02.00627828005023
1 04829U 70114  A 71246.28555422  .00000005 +00000-0 +00000-0 0  9994
2 04829 065.0773 151.7131 7372269 279.0093 011.5074 02.00627422005062
1 04829U 70114  A 71246.78400002 -.00000051 +00000-0 +00000-0 0  9994
2 04829 065.1136 151.6571 7372195 278.9856 011.5138 02.00626850005072
1 04829U 70114  A 71248.27931757 -.00000010 +00000-0 +00000-0 0  9991
2 04829 065.0641 151.4371 7372253 278.9612 011.5195 02.00627136005108
1 04829U 70114  A 71249.27620855 -.00000034 +00000-0 +00000-0 0  9992
2 04829 065.1204 151.3261 7372206 278.9204 011.5299 02.00626802005122
1 04829U 70114  A 71250.27308131 -.00000051 +00000-0 +00000-0 0  9993
2 04829 065.0535 151.1641 7372550 278.9094 011.5304 02.00626493005142
1 04829U 70114  A 71253.26371064 -.00000002 +00000-0 +00000-0 0  9996
2 04829 065.0372 150.7529 7372815 278.8299 011.5485 02.00627184005206
1 04829U 70114  A 71256.25435267 -.00000001 +00000-0 +00000-0 0  9993
2 04829 065.0189 150.3460 7373244 278.7527 011.5650 02.00626969005262
1 04829U 70114  A 71257.25123372 -.00000001 +00000-0 +00000-0 0  9995
2 04829 065.0188 150.2091 7373240 278.7352 011.5694 02.00626969005282
1 04829U 70114  A 71259.24500714 -.00000026 +00000-0 +00000-0 0  9992
2 04829 065.0096 149.9364 7373050 278.6876 011.5825 02.00626564005329
1 04829U 70114  A 71262.23565767 -.00000026 +00000-0 +00000-0 0  9994
2 04829 065.0095 149.5259 7373050 278.6353 011.5957 02.00626397005383
1 04829U 70114  A 71265.22632834 -.00000100 +00000-0 +00000-0 0  9999
2 04829 065.0109 149.1115 7373059 278.5399 011.6196 02.00625086005441
1 04829U 70114  A 71270.21075749 -.00000078 +00000-0 +00000-0 0  9994
2 04829 065.0225 148.4230 7373465 278.4009 011.6519 02.00624824005547
1 04829U 70114  A 71273.20139194  .00000106 +00000-0 +00000-0 0  9992
2 04829 065.0244 148.0121 7373560 278.3211 011.6714 02.00627065005607
1 04829U 70114  A 71274.19827213  .00000106 +00000-0 +00000-0 0  9997
2 04829 065.0243 147.8753 7373550 278.3035 011.6759 02.00627279005625
1 04829U 70114  A 71275.19515128  .00000106 +00000-0 +00000-0 0  9997
2 04829 065.0242 147.7385 7373540 278.2859 011.6804 02.00627494005648
1 04829U 70114  A 71277.68742706 -.00000103 +00000-0 +00000-0 0  9995
2 04829 065.0142 147.4041 7373383 278.2195 011.6983 02.00624132005690
1 04829U 70114  A 71282.17339728 -.00000044 +00000-0 +00000-0 0  9995
2 04829 065.0187 146.7794 7374007 278.1129 011.7212 02.00624847005785
1 04829U 70114  A 71284.16711329  .00000147 +00000-0 +00000-0 0  9990
2 04829 065.0228 146.5051 7374273 278.0653 011.7315 02.00628209005826
1 04829U 70114  A 71287.65616196  .00000219 +00000-0 +00000-0 0  9993
2 04829 065.0258 146.0164 7374610 277.9715 011.7531 02.00629687005899
1 04829U 70114  A 71290.14842450 -.00000094 +00000-0 +00000-0 0  9997
2 04829 065.0189 145.6736 7375578 277.9238 011.7588 02.00625038005940
1 04829U 70114  A 71292.64065411 -.00000094 +00000-0 +00000-0 0  9998
2 04829 065.0188 145.3311 7375579 277.8799 011.7700 02.00624585005994
1 04829U 70114  A 71294.13599253 -.00000137 +00000-0 +00000-0 0  9998
2 04829 065.0543 145.1115 7375329 277.8175 011.7876 02.00623894006021
1 04829U 70114  A 71296.62817691  .00000017 +00000-0 +00000-0 0  9999
2 04829 065.0234 144.7755 7375949 277.7678 011.7962 02.00625825006075
1 04829U 70114  A 71298.12347008  .00000047 +00000-0 +00000-0 0  9999
2 04829 065.0301 144.5676 7376448 277.7130 011.8069 02.00626707006101
1 04829U 70114  A 71299.12035237  .00000043 +00000-0 +00000-0 0  9994
2 04829 065.0345 144.4293 7376808 277.6648 011.8168 02.00626445006127
1 04829U 70114  A 71300.61567769  .00000043 +00000-0 +00000-0 0  9991
2 04829 065.0344 144.2237 7376799 277.6382 011.8236 02.00626564006157
1 04829U 70114  A 71303.10788455  .00000043 +00000-0 +00000-0 0  9995
2 04829 065.0343 143.8811 7376789 277.5937 011.8351 02.00626779006205
1 04829U 70114  A 71304.10475837  .00000014 +00000-0 +00000-0 0  9991
2 04829 065.0526 143.7467 7377949 277.5372 011.8419 02.00626278006227
1 04829U 70114  A 71304.60320074  .00000014 +00000-0 +00000-0 0  9998
2 04829 065.0525 143.6781 7377939 277.5283 011.8442 02.00626278006231
1 04829U 70114  A 71307.59383493  .00000172 +00000-0 +00000-0 0  9998
2 04829 065.0548 143.2752 7378446 277.4485 011.8613 02.00627995006290
1 04829U 70114  A 71309.08910812  .00000145 +00000-0 +00000-0 0  9995
2 04829 065.0494 143.0622 7379746 277.3995 011.8653 02.00628567006327
1 04829U 70114  A 71310.58444345  .00000093 +00000-0 +00000-0 0  9997
2 04829 065.0278 142.8619 7379329 277.4145 011.8641 02.00628114006353
1 04829U 70114  A 71311.08288542  .00000207 +00000-0 +00000-0 0  9995
2 04829 065.0473 142.7975 7378655 277.3759 011.8786 02.00629568006360
1 04829U 70114  A 71314.07353396 -.00000029 +00000-0 +00000-0 0  9990
2 04829 065.0259 142.3854 7378993 277.3334 011.8873 02.00627065006422
1 04829U 70114  A 71314.57195859  .00000077 +00000-0 +00000-0 0  9995
2 04829 065.0282 142.3088 7379649 277.3102 011.8888 02.00628161006434
1 04829U 70114  A 71315.07041840 -.00000044 +00000-0 +00000-0 0  9996
2 04829 065.0189 142.2432 7379399 277.2967 011.8940 02.00626683006449
1 04829U 70114  A 71316.06729880 -.00000053 +00000-0 +00000-0 0  9993
2 04829 065.0687 142.1107 7379102 277.2420 011.9102 02.00626826006468
1 04829U 70114  A 71317.06419472 -.00000046 +00000-0 +00000-0 0  9999
2 04829 065.0365 141.9694 7378826 277.2352 011.9138 02.00626516006482
1 04829U 70114  A 71318.06105024  .00000115 +00000-0 +00000-0 0  9991
2 04829 065.0516 141.8142 7379819 277.1756 011.9225 02.00628042006503
1 04829U 70114  A 71318.55952772 -.00000137 +00000-0 +00000-0 0  9990
2 04829 065.0733 141.7593 7378739 277.1697 011.9313 02.00625443006518
1 04829U 70114  A 71320.05484483 -.00000052 +00000-0 +00000-0 0  9993
2 04829 065.0729 141.5551 7379062 277.1277 011.9400 02.00626159006544
1 04829U 70114  A 71321.05171470  .00000000 +00000-0 +00000-0 0  9995
2 04829 065.0440 141.4164 7378949 277.1452 011.9362 02.00626993006566
1 04829U 70114  A 71322.04857094  .00000034 +00000-0 +00000-0 0  9995
2 04829 065.0726 141.2705 7379847 277.0780 011.9476 02.00627661006584
1 04829U 70114  A 71323.54392506  .00000016 +00000-0 +00000-0 0  9993
2 04829 065.0600 141.0670 7378509 277.0736 011.9577 02.00627184006615
1 04829U 70114  A 71325.03921519  .00000000 +00000-0 +00000-0 0  9994
2 04829 065.0577 140.8472 7380053 277.0250 011.9599 02.00627136006647
1 04829U 70114  A 71326.53456681  .00000010 +00000-0 +00000-0 0  9994
2 04829 065.0577 140.6527 7378559 277.0073 011.9745 02.00627208006673
1 04829U 70114  A 71327.53145266  .00000001 +00000-0 +00000-0 0  9999
2 04829 065.0611 140.5153 7378365 276.9782 011.9835 02.00627089006695
1 04829U 70114  A 71328.52831492 -.00000070 +00000-0 +00000-0 0  9999
2 04829 065.0609 140.3660 7379576 276.9573 011.9807 02.00626230006715
1 04829U 70114  A 71330.52206944  .00000011 +00000-0 +00000-0 0  9994
2 04829 065.0356 140.0940 7379120 276.9241 011.9924 02.00627446006753
1 04829U 70114  A 71332.01740556  .00000003 +00000-0 +00000-0 0  9993
2 04829 065.0765 139.8886 7379058 276.8619 012.0091 02.00627255006788
1 04829U 70114  A 71332.51582528 -.00000001 +00000-0 +00000-0 0  9990
2 04829 065.0484 139.8175 7379540 276.8741 012.0026 02.00627279006794
1 04829U 70114  A 71336.00490014  .00000024 +00000-0 +00000-0 0  9990
2 04829 065.0526 139.3358 7379833 276.7826 012.0245 02.00627613006860
1 04829U 70114  A 71337.99865872  .00000053 +00000-0 +00000-0 0  9999
2 04829 065.0588 139.0587 7379639 276.7337 012.0385 02.00628185006905
1 04829U 70114  A 71338.49711166 -.00000024 +00000-0 +00000-0 0  9990
2 04829 065.0619 138.9968 7380072 276.7261 012.0376 02.00626874006914
1 04829U 70114  A 71339.49396840  .00000055 +00000-0 +00000-0 0  9992
2 04829 065.0696 138.8534 7379779 276.7068 012.0446 02.00628376006933
1 04829U 70114  A 71341.98615139  .00000053 +00000-0 +00000-0 0  9992
2 04829 065.0726 138.5093 7380059 276.6545 012.0564 02.00628591006981
1 04829U 70114  A 71342.98303436  .00000065 +00000-0 +00000-0 0  9990
2 04829 065.0636 138.3739 7380542 276.6234 012.0613 02.00628448007008
1 04829U 70114  A 71344.97678242  .00000011 +00000-0 +00000-0 0  9992
2 04829 065.0604 138.0890 7380549 276.5812 012.0722 02.00628090007044
1 04829U 70114  A 71346.97053916  .00000009 +00000-0 +00000-0 0  9996
2 04829 065.0640 137.8229 7380890 276.5381 012.0813 02.00628018007082
1 04829U 70114  A 71347.96741689 -.00000027 +00000-0 +00000-0 0  9998
2 04829 065.0601 137.6696 7381159 276.4891 012.0923 02.00627446007108
1 04829U 70114  A 71350.95804346  .00000017 +00000-0 +00000-0 0  9999
2 04829 065.0762 137.2725 7381353 276.3976 012.1150 02.00628066007162
1 04829U 70114  A 71353.45025175 -.00000079 +00000-0 +00000-0 0  9991
2 04829 065.0889 136.9324 7381439 276.3458 012.1281 02.00626898007215
1 04829U 70114  A 71357.93619600 -.00000002 +00000-0 +00000-0 0  9996
2 04829 065.1300 136.3478 7381792 276.2235 012.1579 02.00627708007303
1 04829U 70114  A 71359.92994882  .00000002 +00000-0 +00000-0 0  9994
2 04829 065.1139 136.0605 7382101 276.1818 012.1668 02.00627661007344
1 04829U 70114  A 71361.92367630  .00000096 +00000-0 +00000-0 0  9995
2 04829 065.1132 135.7840 7382341 276.1346 012.1777 02.00629210007383
1 04829U 70114  A 71365.91114289  .00000067 +00000-0 +00000-0 0  9996
2 04829 065.0887 135.1928 7383569 276.0510 012.1913 02.00629306007462
1 04829U 70114  A 72003.90175511  .00000037 +00000-0 +00000-0 0  9997
2 04829 065.0881 134.7806 7384200 275.9753 012.2071 02.00629167007524
1 04829U 70114  A 72005.39706089  .00000037 +00000-0 +00000-0 0  9992
2 04829 065.0880 134.5744 7384189 275.9475 012.2145 02.00629278007557
1 04829U 70114  A 72006.89238532 -.00000033 +00000-0 +00000-0 0  9998
2 04829 065.0815 134.3668 7384478 275.8886 012.2282 02.00628222007587
1 04829U 70114  A 72009.88300217 -.00000025 +00000-0 +00000-0 0  9991
2 04829 065.0803 133.9505 7384933 275.8191 012.2436 02.00628260007644
1 04829U 70114  A 72011.87675325 -.00000025 +00000-0 +00000-0 0  9998
2 04829 065.0802 133.6754 7384929 275.7824 012.2533 02.00628158007681
1 04829U 70114  A 72014.86736197  .00000005 +00000-0 +00000-0 0  9992
2 04829 065.1264 133.3083 7385550 275.6776 012.2771 02.00628873007747
1 04829U 70114  A 72016.36265284  .00000035 +00000-0 +00000-0 0  9996
2 04829 065.0832 133.0589 7385829 275.6625 012.2791 02.00629226007775
1 04829U 70114  A 72017.85795802 -.00000007 +00000-0 +00000-0 0  9995
2 04829 065.1338 132.8858 7386757 275.5857 012.2933 02.00628910007801
1 04829U 70114  A 72019.85171384 -.00000022 +00000-0 +00000-0 0  9997
2 04829 065.1278 132.6103 7387100 275.5448 012.3018 02.00628333007842
1 04829U 70114  A 72021.84544652  .00000016 +00000-0 +00000-0 0  9993
2 04829 065.1236 132.3333 7387713 275.4848 012.3137 02.00628927007886
1 04829U 70114  A 72022.84228396  .00000048 +00000-0 +00000-0 0  9993
2 04829 065.0964 132.1679 7387909 275.4832 012.3127 02.00629820007909
1 04829U 70114  A 72023.83915344 -.00000004 +00000-0 +00000-0 0  9992
2 04829 065.0958 132.0300 7388779 275.4451 012.3168 02.00629187007928
1 04829U 70114  A 72025.83289534 -.00000004 +00000-0 +00000-0 0  9999
2 04829 065.0957 131.7545 7388779 275.4080 012.3268 02.00629169007967
1 04829U 70114  A 72027.82660164  .00000095 +00000-0 +00000-0 0  9991
2 04829 065.1039 131.4879 7389430 275.3538 012.3369 02.00630806008006
1 04829U 70114  A 72032.81090248  .00000036 +00000-0 +00000-0 0  9991
2 04829 065.1076 130.8004 7391339 275.2103 012.3621 02.00630648008104
1 04829U 70114  A 72036.29988918  .00000054 +00000-0 +00000-0 0  9997
2 04829 065.1317 130.3376 7392753 275.1132 012.3785 02.00631691008178
1 04829U 70114  A 72037.29677709 -.00000060 +00000-0 +00000-0 0  9999
2 04829 065.1365 130.2057 7392816 275.0966 012.3825 02.00629981008196
1 04829U 70114  A 72043.77634639  .00000066 +00000-0 +00000-0 0  9999
2 04829 065.1114 129.2857 7393636 274.9495 012.4165 02.00631874008327
1 04829U 70114  A 72044.27477512  .00000066 +00000-0 +00000-0 0  9990
2 04829 065.1113 129.2166 7393629 274.9400 012.4191 02.00631940008331
1 04829U 70114  A 72046.26844700  .00000113 +00000-0 +00000-0 0  9991
2 04829 065.0964 128.9337 7394589 274.8841 012.4275 02.00633336008372
1 04829U 70114  A 72047.26529690  .00000113 +00000-0 +00000-0 0  9990
2 04829 065.0964 128.7954 7394587 274.8655 012.4326 02.00633564008398
1 04829U 70114  A 72049.25899303  .00000113 +00000-0 +00000-0 0  9992
2 04829 065.0963 128.5188 7394579 274.8282 012.4427 02.00634017008432
1 04829U 70114  A 72051.25268485  .00000113 +00000-0 +00000-0 0  9996
2 04829 065.0962 128.2422 7394569 274.7909 012.4529 02.00634470008473
1 04829U 70114  A 72061.71956431 -.00000096 +00000-0 +00000-0 0  9994
2 04829 065.0944 126.7471 7402649 274.4800 012.4805 02.00632580008686
1 04829U 70114  A 72065.20847772  .00000124 +00000-0 +00000-0 0  9990
2 04829 065.1412 126.2838 7403941 274.3802 012.4988 02.00635680008750
1 04829U 70114  A 72066.70372761  .00000078 +00000-0 +00000-0 0  9995
2 04829 065.1043 126.0366 7404570 274.3748 012.4958 02.00635227008789
1 04829U 70114  A 72067.20215560  .00000120 +00000-0 +00000-0 0  9992
2 04829 065.1438 126.0057 7404310 274.3403 012.5071 02.00636004008796
1 04829U 70114  A 72069.19585269 -.00000127 +00000-0 +00000-0 0  9996
2 04829 065.1110 125.7069 7405093 274.3063 012.5108 02.00633334008832
1 04829U 70114  A 72071.68794767 -.00000083 +00000-0 +00000-0 0  9999
2 04829 065.1264 125.3737 7405543 274.2340 012.5274 02.00633967008888
1 04829U 70114  A 72072.18634623  .00000002 +00000-0 +00000-0 0  9999
2 04829 065.1200 125.2991 7406183 274.2231 012.5259 02.00635040008897
1 04829U 70114  A 72074.18001954  .00000010 +00000-0 +00000-0 0  9995
2 04829 065.1319 125.0169 7408107 274.1860 012.5224 02.00634735008935
1 04829U 70114  A 72076.67210157  .00000029 +00000-0 +00000-0 0  9998
2 04829 065.1316 124.6685 7409234 274.1085 012.5356 02.00635375008983
1 04829U 70114  A 72078.66576264  .00000065 +00000-0 +00000-0 0  9993
2 04829 065.1238 124.3848 7410655 274.0637 012.5378 02.00635732009022
1 04829U 70114  A 72081.65625340  .00000162 +00000-0 +00000-0 0  9994
2 04829 065.1315 123.9667 7411205 273.9771 012.5577 02.00637460009088
1 04829U 70114  A 72083.64987780  .00000175 +00000-0 +00000-0 0  9998
2 04829 065.1178 123.6175 7411989 273.9663 012.5549 02.00638373009123
1 04829U 70114  A 72084.64672686  .00000128 +00000-0 +00000-0 0  9993
2 04829 065.1200 123.5234 7412056 273.9080 012.5706 02.00638006009143
1 04829U 70114  A 72087.13879325  .00000065 +00000-0 +00000-0 0  9999
2 04829 065.1185 123.1620 7412661 273.8605 012.5794 02.00637737009196
1 04829U 70114  A 72088.13558272  .00000118 +00000-0 +00000-0 0  9994
2 04829 065.1022 122.9688 7413220 273.8619 012.5750 02.00638870009218
1 04829U 70114  A 72089.63087525 -.00000048 +00000-0 +00000-0 0  9991
2 04829 065.0986 122.7495 7413869 273.8280 012.5795 02.00636074009249
1 04829U 70114  A 72091.12609774 -.00000038 +00000-0 +00000-0 0  9993
2 04829 065.0974 122.5226 7414995 273.7937 012.5811 02.00636398009276
1 04829U 70114  A 72093.61818035 -.00000099 +00000-0 +00000-0 0  9998
2 04829 065.0812 122.1526 7416269 273.7300 012.5894 02.00635328009325
1 04829U 70114  A 72097.60547025  .00000045 +00000-0 +00000-0 0  9999
2 04829 065.0790 121.5823 7417505 273.6403 012.6055 02.00637472009401
1 04829U 70114  A 72099.59911305 -.00000013 +00000-0 +00000-0 0  9991
2 04829 065.0699 121.2826 7419030 273.5740 012.6129 02.00637016009447
1 04829U 70114  A 72101.59279040 -.00000110 +00000-0 +00000-0 0  9996
2 04829 065.0675 120.9982 7419348 273.5263 012.6238 02.00635571009481
1 04829U 70114  A 72105.58013669 -.00000104 +00000-0 +00000-0 0  9995
2 04829 065.0588 120.4304 7420199 273.4392 012.6416 02.00634961009564
1 04829U 70114  A 72107.57375963  .00000291 +00000-0 +00000-0 0  9990
2 04829 065.0279 120.1220 7420999 273.3850 012.6509 02.00638650009608
1 04829U 70114  A 72108.57066012 -.00000088 +00000-0 +00000-0 0  9998
2 04829 065.0268 119.9904 7420669 273.3852 012.6532 02.00634427009623
1 04829U 70114  A 72110.56423818  .00000117 +00000-0 +00000-0 0  9993
2 04829 065.0193 119.7034 7420709 273.3426 012.6648 02.00638454009660
1 04829U 70114  A 72111.06269688  .00000045 +00000-0 +00000-0 0  9992
2 04829 065.0230 119.6256 7420369 273.3240 012.6724 02.00637027009674
1 04829U 70114  A 72112.55792922  .00000073 +00000-0 +00000-0 0  9990
2 04829 065.0197 119.3890 7421289 273.2969 012.6733 02.00637412009708
1 04829U 70114  A 72113.55471125  .00000100 +00000-0 +00000-0 0  9991
2 04829 065.0210 119.2449 7421399 273.2579 012.6834 02.00638730009720
1 04829U 70114  A 72114.55151009  .00000012 +00000-0 +00000-0 0  9990
2 04829 065.0268 119.0882 7423089 273.2377 012.6768 02.00637763009749
1 04829U 70114  A 72116.04675251  .00000012 +00000-0 +00000-0 0  9996
2 04829 065.0267 118.8762 7423079 273.2104 012.6844 02.00637801009770
1 04829U 70114  A 72117.54202146 -.00000153 +00000-0 +00000-0 0  9998
2 04829 065.0341 118.6478 7423989 273.1760 012.6874 02.00634871009803
1 04829U 70114  A 72120.53249866  .00000152 +00000-0 +00000-0 0  9999
2 04829 065.0409 118.2169 7424359 273.1098 012.7032 02.00637625009860
1 04829U 70114  A 72122.52615409  .00000152 +00000-0 +00000-0 0  9990
2 04829 065.0408 117.9342 7424349 273.0730 012.7136 02.00638231009903
1 04829U 70114  A 72125.51658385  .00000082 +00000-0 +00000-0 0  9994
2 04829 065.0381 117.5044 7426121 273.0086 012.7189 02.00638561009962
1 04829U 70114  A 72126.51341392 -.00000055 +00000-0 +00000-0 0  9993
2 04829 065.0168 117.3350 7427515 272.9700 012.7196 02.00636644009982
1 04829U 70114  A 72130.50081341 -.00000193 +00000-0 +00000-0 0  9995
2 04829 065.0635 116.7831 7426810 272.8846 012.7486 02.00633935010068
1 04829U 70114  A 72132.49449053 -.00000111 +00000-0 +00000-0 0  9993
2 04829 065.0732 116.5069 7426839 272.8400 012.7609 02.00634461010101
1 04829U 70114  A 72133.98969823 -.00000082 +00000-0 +00000-0 0  9997
2 04829 065.0319 116.2736 7428460 272.7996 012.7604 02.00635075010131
1 04829U 70114  A 72135.48493753  .00000081 +00000-0 +00000-0 0  9996
2 04829 065.0541 116.0734 7428074 272.7549 012.7758 02.00637271010162
1 04829U 70114  A 72137.47857584  .00000284 +00000-0 +00000-0 0  9998
2 04829 065.0528 115.7874 7428239 272.7072 012.7880 02.00639907010201
1 04829U 70114  A 72138.47540193  .00000188 +00000-0 +00000-0 0  9997
2 04829 065.0276 115.6340 7428839 272.7150 012.7813 02.00639015010229
1 04829U 70114  A 72140.46906541  .00000094 +00000-0 +00000-0 0  9998
2 04829 065.0236 115.3420 7429259 272.6745 012.7896 02.00638114010261
1 04829U 70114  A 72142.96117990 -.00000138 +00000-0 +00000-0 0  9997
2 04829 065.0430 114.9724 7430259 272.5779 012.8095 02.00634738010313
1 04829U 70114  A 72143.95802428 -.00000138 +00000-0 +00000-0 0  9994
2 04829 065.0430 114.8306 7430259 272.5594 012.8148 02.00634461010337
1 04829U 70114  A 72144.45644694 -.00000138 +00000-0 +00000-0 0  9999
2 04829 065.0430 114.7596 7430259 272.5501 012.8174 02.00634322010341
1 04829U 70114  A 72145.95171693 -.00000138 +00000-0 +00000-0 0  9999
2 04829 065.0430 114.5468 7430259 272.5224 012.8252 02.00633907010377
1 04829U 70114  A 72150.43742725  .00000053 +00000-0 +00000-0 0  9993
2 04829 065.0512 113.9039 7431210 272.4124 012.8493 02.00636608010469
1 04829U 70114  A 72151.43426144  .00000053 +00000-0 +00000-0 0  9998
2 04829 065.0512 113.7619 7431200 272.3938 012.8546 02.00636714010481
1 04829U 70114  A 72153.42793146 -.00000001 +00000-0 +00000-0 0  9992
2 04829 065.0513 113.4711 7432151 272.3505 012.8600 02.00635962010528
1 04829U 70114  A 72154.42477782 -.00000027 +00000-0 +00000-0 0  9996
2 04829 065.0453 113.3266 7432010 272.3213 012.8692 02.00635546010546
1 04829U 70114  A 72156.41849159 -.00000176 +00000-0 +00000-0 0  9993
2 04829 065.0526 113.0375 7432526 272.2667 012.8810 02.00632953010584
1 04829U 70114  A 72157.41533129 -.00000310 +00000-0 +00000-0 0  9991
2 04829 065.0759 112.8902 7433464 272.2428 012.8810 02.00631400010601
1 04829U 70114  A 72158.41215668 -.00000257 +00000-0 +00000-0 0  9997
2 04829 065.0815 112.7439 7434390 272.2068 012.8844 02.00631839010622
1 04829U 70114  A 72160.40583612 -.00000124 +00000-0 +00000-0 0  9999
2 04829 065.0746 112.4578 7434708 272.1642 012.8942 02.00632990010668
1 04829U 70114  A 72161.40265261  .00000005 +00000-0 +00000-0 0  9994
2 04829 065.0703 112.3065 7435183 272.1449 012.8961 02.00634630010680
1 04829U 70114  A 72163.39629661  .00000218 +00000-0 +00000-0 0  9998
2 04829 065.0725 112.0178 7435905 272.0989 012.9039 02.00637395010729
1 04829U 70114  A 72164.39315492  .00000162 +00000-0 +00000-0 0  9991
2 04829 065.0606 111.8798 7434820 272.0918 012.9138 02.00637145010744
