1 28680U 92047AD  05132.23139626 -.00002267  00000-0  00000+0 0  9996
2 28680 063.8053 085.8950 4446774 135.9180 269.7389 05.67462747 11463
1 28680U 92047AD  05141.20736673  .00000461  00000-0  11965-1 0  9995
2 28680 063.7093 081.3637 4403642 131.2140 289.5962 05.68760166 11971
1 28680U 92047AD  05152.27751652  .00000506  00000-0  11965-1 0  9998
2 28680 063.6348 075.6218 4439068 130.2721 177.2747 05.67344568 12595
1 28680U 92047AD  05155.14697916  .00000496  00000-0  11965-1 0  9997
2 28680 063.6472 074.1094 4436425 130.2194 277.9876 05.67346395 12767
1 28680U 92047AD  05158.14340105  .00000525  00000-0  11965-1 0  9998
2 28680 063.6166 072.5438 4446736 130.2076 277.8804 05.67340514 12932
1 28680U 92047AD  05167.13281774  .00000526  00000-0  11965-1 0  9994
2 28680 063.5460 067.8240 4443647 130.4412 278.1725 05.67350165 13446
1 28680U 92047AD  05169.07147063  .00000583  00000-0  11965-1 0  9994
2 28680 063.5923 066.7491 4462578 129.2757 278.2705 05.67355304 13559
1 28680U 92047AD  05170.12970055  .00000519  00000-0  11965-1 0  9996
2 28680 063.6196 066.2236 4440056 131.2916 279.0521 05.67357442 13618
1 28680U 92047AD  05172.06728323  .00000564  00000-0  11965-1 0  9990
2 28680 063.6589 065.1597 4456134 129.9938 277.1018 05.67371970 13728
1 28680U 92047AD  05173.12552288  .00002197  00000-0  46206-1 0  9993
2 28680 063.6330 064.6147 4456875 129.9312 278.6392 05.67380440 13784
1 28680U 92047AD  05178.06044136  .00001935  00000-0  40741-1 0  9996
2 28680 063.6763 061.9843 4457559 129.7398 278.8328 05.67401283 14061
1 28680U 92047AD  05181.05661285  .00002471  00000-0  53641-1 0  9998
2 28680 063.6251 060.4251 4451384 130.2462 278.9376 05.67421716 14235
1 28680U 92047AD  05185.10961003  .00002774  00000-0  60978-1 0  9996
2 28680 063.6092 058.2945 4448687 130.4490 278.2207 05.67447833 14467
1 28680U 92047AD  05188.98638671  .00002996  00000-0  60978-1 0  9993
2 28680 063.7212 056.1810 4463085 130.5543 278.6469 05.67501106 14681
1 28680U 92047AD  05194.09604987  .00004906  00000-0  10413+0 0  9995
2 28680 063.7210 053.4889 4453707 129.6019 278.6966 05.67563514 14977
1 28680U 92047AD  05202.02440768  .00005033  00000-0  10929+0 0  9997
2 28680 063.7213 049.3100 4448880 129.1486 279.4951 05.67645815 15428
1 28680U 92047AD  05203.08150757  .00005712  00000-0  10929+0 0  9994
2 28680 063.6684 048.7835 4473512 129.7991 279.4163 05.67613138 15488
1 28680U 92047AD  05203.96224621 -.00000354  00000-0 -63230-2 0  9998
2 28680 063.6605 048.2680 4475878 129.8661 279.1044 05.67608203 15534
1 28680U 92047AD  05206.95727534  .00000642  00000-0  12789-1 0  9991
2 28680 063.6869 046.6439 4471690 129.8978 279.2580 05.67622624 15707
1 28680U 92047AD  05209.95208882  .00002130  00000-0  41013-1 0  9990
2 28680 063.6606 045.0704 4473908 129.9001 279.1090 05.67641554 15872
1 28680U 92047AD  05211.88987110  .00002509  00000-0  47922-1 0  9998
2 28680 063.6831 044.0554 4475257 129.9076 279.0265 05.67654264 15982
1 28680U 92047AD  05212.94684188  .00003693  00000-0  66832-1 0  9991
2 28680 063.5984 043.5286 4484690 129.5447 279.1138 05.67663620 16049
1 28680U 92047AD  05214.88485022  .00002721  00000-0  51636-1 0  9999
2 28680 063.6834 042.4692 4476347 129.9020 279.5324 05.67672630 16158
1 28680U 92047AD  05217.87926749  .00002987  00000-0  56400-1 0  9995
2 28680 063.6841 040.8799 4476751 129.9628 279.1073 05.67694122 16325
1 28680U 92047AD  05220.87373618  .00003375  00000-0  62621-1 0  9994
2 28680 063.6357 039.2984 4479290 129.8982 279.0688 05.67718169 16495
1 28680U 92047AD  05226.86244405  .00003845  00000-0  71537-1 0  9998
2 28680 063.5647 036.1221 4478399 130.1022 279.2371 05.67769198 16832
1 28680U 92047AD  05229.85634538  .00004044  00000-0  73657-1 0  9997
2 28680 063.6063 034.4934 4482464 130.0307 278.8554 05.67796241 17007
1 28680U 92047AD  05232.85036675  .00004202  00000-0  74025-1 0  9995
2 28680 063.6883 032.8563 4488503 129.7211 279.0917 05.67823964 17173
1 28680U 92047AD  05235.84437895  .00004271  00000-0  73777-1 0  9995
2 28680 063.6952 031.2601 4492106 129.5371 279.5457 05.67850719 17346
1 28680U 92047AD  05237.78155089  .00004418  00000-0  76162-1 0  9996
2 28680 063.6943 030.2510 4490521 129.5928 279.6727 05.67868549 17465
1 28680U 92047AD  05237.78159192 +.00004347 +00000-0 +74842-1 0  9999
2 28680 063.7089 030.2239 4492763 129.4856 279.7952 05.67868597017457
1 28680U 92047AD  05237.78159192  .00004347  00000-0  74842-1 0  9999
2 28680 063.7089 030.2239 4492763 129.4856 279.7952 05.67868597 17457
1 28680U 92047AD  05246.76200459  .00004505  00000-0  78252-1 0  9995
2 28680 063.7164 025.4359 4490268 129.4854 280.0673 05.67952424 17960
1 28680U 92047AD  05247.99424350  .00003995  00000-0  70247-1 0  9997
2 28680 063.7245 024.7751 4488070 129.7304 279.4554 05.67958271 18034
1 28680U 92047AD  05247.99436769  .00064334  00000-0  11226+1 0  9999
2 28680 063.7251 024.7751 4487373 129.7041 279.7074 05.68027597 18033
1 28680U 92047AD  05249.75491142  .00002454  00000-0  43448-1 0  9998
2 28680 063.7249 023.8356 4487701 129.6934 279.4235 05.67964782 18138
1 28680U 92047AD  05255.74110963  .00003282  00000-0  58157-1 0  9996
2 28680 063.7280 020.6471 4486982 129.4741 279.6689 05.68002948 18470
1 28680U 92047AD  05271.58479396  .00002849  00000-0  58157-1 0  9992
2 28680 063.7368 012.2234 4460411 130.3023 278.8913 05.68087141 19373
1 28680U 92047AD  05279.50552917 -.00000313  00000-0 -62296-2 0  9999
2 28680 063.7588 008.0801 4440748 129.7750 277.3754 05.68070558 19821
1 28680U 92047AD  05292.53387444 -.00000227 +00000-0 -62296-2 0  9992
2 28680 063.9929 000.6967 4352992 128.4922 278.5203 05.67947764020569
1 28680U 92047AD  05292.53426012 -.00000227  00000-0 -62296-2 0  9997
2 28680 063.9929 000.6965 4352992 128.4922 279.3089 05.67947764 20568
1 28680U 92047AD  05292.53426012 -.00000227 +00000-0 -62296-2 0  9997
2 28680 063.9929 000.6965 4352992 128.4922 279.3089 05.67947764020568
1 28680U 92047AD  05292.53426012 -.00000227 +00000-0 -62296-2 0  9997
2 28680 063.9929 000.6965 4352992 128.4922 279.3089 05.67947764020568
1 28680U 92047AD  05292.57169983 -.00000220  00000-0 -62296-2 0  9995
2 28680 063.7613 001.2895 4340343 129.2916 355.4470 05.68467083 20566
