1 11859U 80049  D 80172.37405716  .00003320 +00000-0 +07962-3 0  9991
2 11859 047.2856 282.6094 7309927 001.5877 359.7480 02.22738981000169
1 11859U 80049  D 80179.55640347  .00003863 +00000-0 +09307-3 0  9996
2 11859 047.2578 280.6612 7311444 003.4617 359.6058 02.22790432000321
1 11859U 80049  D 80183.59570270  .00004216 +00000-0 +20050-2 0  9992
2 11859 047.2409 279.5578 7312346 004.5184 359.5625 02.22824611000411
1 11859U 80049  D 80185.39066622  .00004292 +00000-0 +09762-3 0  9995
2 11859 047.2339 279.0701 7312976 004.9796 359.4624 02.22838902000458
1 11859U 80049  D 80188.08297475  .00004325 +00000-0 +08387-3 0  9995
2 11859 047.2250 278.3499 7314589 005.6595 359.3650 02.22859240000516
1 11859U 80049  D 80193.01826508  .00004255 +00000-0 +08641-3 0  9994
2 11859 047.2074 277.0043 7313655 007.0114 359.1444 02.22891021000621
1 11859U 80049  D 80193.46706521  .00004294 +00000-0 +08160-3 0  9994
2 11859 047.2090 276.8858 7314404 007.1108 359.2705 02.22895050000635
1 11859U 80049  D 80194.36432117  .00004379 +00000-0 +07959-3 0  9990
2 11859 047.2070 276.6230 7315019 007.3472 359.2676 02.22903347000652
1 11859U 80049  D 80195.26153341  .00004477 +00000-0 +07866-3 0  9995
2 11859 047.2013 276.3751 7315547 007.5769 359.2577 02.22911978000672
1 11859U 80049  D 80200.19545287  .00004833 +00000-0 +09222-3 0  9992
2 11859 047.1947 274.9853 7315233 008.9373 359.1466 02.22962856000781
1 11859U 80049  D 80206.02478190  .00005849 +00000-0 +09199-3 0  9999
2 11859 047.1679 273.3893 7318744 010.4201 358.9888 02.23036170000910
1 11859U 80049  D 80212.30018069  .00006972 +00000-0 +00434-3 0  9993
2 11859 047.1621 271.6607 7320310 012.0953 358.8807 02.23130441001057
1 11859U 80049  D 80213.19642979  .00006996 +00000-0 +00265-3 0  9992
2 11859 047.1523 271.3992 7320440 012.3400 358.8311 02.23142982001071
1 11859U 80049  D 80213.19642981  .00006996 +00000-0 +00263-3 0  9993
2 11859 047.1523 271.3992 7320442 012.3400 358.8311 02.23142982001073
1 11859U 80049  D 80217.22891412  .00007358 +00000-0 +00686-3 0  9998
2 11859 047.1303 270.2863 7320534 013.4366 358.6813 02.23205233001163
1 11859U 80049  D 80222.15631387  .00006618 +00000-0 +07176-3 0  9998
2 11859 047.1131 268.9149 7321579 014.7714 358.5006 02.23263526001278
1 11859U 80049  D 80222.15640796  .00006618 +00000-0 +07175-3 0  9991
2 11859 047.1131 268.9149 7321579 014.7713 358.5762 02.23263526001276
1 11859U 80049  D 80226.18691269  .00008093 +00000-0 +08563-3 0  9990
2 11859 047.0965 267.7776 7323362 015.8229 358.7438 02.23337555001365
1 11859U 80049  D 80230.21559280  .00009190 +00000-0 +00348-3 0  9997
2 11859 047.0968 266.6765 7323392 016.9894 358.4795 02.23417306001453
1 11859U 80049  D 80232.45303514  .00010235 +00000-0 +00718-3 0  9995
2 11859 047.0817 266.0420 7324637 017.5291 358.2901 02.23467088001504
1 11859U 80049  D 80235.13755238  .00010670 +00000-0 +00329-3 0  9998
2 11859 047.0782 265.2989 7325233 018.2390 358.2547 02.23527002001562
1 11859U 80049  D 80239.16294035  .00011999 +00000-0 +00963-3 0  9997
2 11859 047.0569 264.1685 7325945 019.3317 358.2447 02.23627877001657
1 11859U 80049  D 80241.39822296  .00011871 +00000-0 +19798-2 0  9995
2 11859 047.0459 263.5370 7326315 019.9433 357.9863 02.23679627001700
1 11859U 80049  D 80241.39823482  .00011871 +00000-0 +19798-2 0  9993
2 11859 047.0459 263.5370 7326316 019.9433 357.9958 02.23679629001708
1 11859U 80049  D 80243.18624152  .00011327 +00000-0 +18296-2 0  9993
2 11859 047.0394 263.0360 7326558 020.4451 357.8579 02.23715165001743
1 11859U 80049  D 80243.18631454  .00011327 +00000-0 +18296-2 0  9996
2 11859 047.0394 263.0359 7326558 020.4451 357.9167 02.23715167001747
1 11859U 80049  D 80245.42094615  .00010510 +00000-0 +15510-2 0  9996
2 11859 047.0276 262.4060 7327692 021.0268 357.7967 02.23758290001796
1 11859U 80049  D 80245.42099929  .00010510 +00000-0 +15510-2 0  9999
2 11859 047.0276 262.4060 7327692 021.0268 357.8395 02.23758291001793
1 11859U 80049  D 80248.10200144  .00010747 +00000-0 +15952-3 0  9993
2 11859 047.0224 261.6686 7327759 021.7523 357.7743 02.23817117001852
1 11859U 80049  D 80252.12178828  .00013558 +00000-0 +19363-3 0  9996
2 11859 047.0071 260.5457 7327693 022.9160 357.7155 02.23940406001948
1 11859U 80049  D 80261.04662772  .00014839 +00000-0 +16511-3 0  9998
2 11859 046.9612 258.0036 7330977 025.3023 357.3370 02.24210279002143
1 11859U 80049  D 80262.38447129  .00015319 +00000-0 +16721-3 0  9990
2 11859 046.9597 257.6298 7331038 025.6796 357.2989 02.24253354002178
1 11859U 80049  D 80281.08069319  .00032589 -48761-4 +18831-3 0  9992
2 11859 046.8847 252.3069 7332547 030.8766 356.8686 02.25064981002596
1 11859U 80049  D 80281.96885389  .00032754 -48791-4 +17808-3 0  9992
2 11859 046.8713 252.0528 7333331 031.0619 356.5866 02.25112214002610
1 11859U 80049  D 80282.41301082  .00032741 -48724-4 +17656-3 0  9999
2 11859 046.8694 251.9256 7333302 031.1950 356.5507 02.25134909002629
1 11859U 80049  D 80283.30122591  .00032812 -48848-4 +17281-3 0  9994
2 11859 046.8502 251.6503 7333369 031.4417 356.5189 02.25181173002646
1 11859U 80049  D 80285.96479524  .00033859 -48963-4 +17259-3 0  9994
2 11859 046.8512 250.9108 7332908 032.1841 356.5401 02.25331081002706
1 11859U 80049  D 80293.94201959  .00045253 -49432-4 +20598-3 0  9999
2 11859 046.8310 248.6211 7331230 034.4588 356.1493 02.25931392002888
1 11859U 80049  D 80295.26947773  .00046160 -49341-4 +20492-3 0  9997
2 11859 046.8252 248.2361 7330815 034.8197 356.2545 02.26045910002919
1 11859U 80049  D 80297.92222801  .00048167 -49582-4 +21663-3 0  9997
2 11859 046.8016 247.4435 7328882 035.5650 356.1395 02.26274333002974
1 11859U 80049  D 80299.24745762  .00048920 -49637-4 +21305-3 0  9991
2 11859 046.7738 247.0270 7328539 035.9367 355.9973 02.26392091003001
1 11859U 80049  D 80311.14150080  .00083280 -50009-4 +26228-3 0  9990
2 11859 046.7361 243.5353 7322003 039.3104 002.2367 02.28013491003277
1 11859U 80049  D 80312.88729900  .00084588 -50047-4 +25008-3 0  9994
2 11859 046.7007 243.0105 7320762 039.8151 356.2671 02.28294610003310
1 11859U 80049  D 80315.94910686  .00099923 -50028-4 +28473-3 0  9994
2 11859 046.6884 242.1068 7316556 040.6686 356.4613 02.28922406003385
1 11859U 80049  D 80322.48249261  .00100448 -50040-4 +27379-3 0  9998
2 11859 046.6842 240.1696 7307438 042.6079 355.5661 02.30159182003537
