0 OBJECT A
1 37798U 11045A   11230.19767174 -.00000161  21909-6  00000+0 0  9999
2 37798 049.4759 296.0285 4617815 008.5036 357.2364 06.50536110    18
0 TBA - TO BE ASSIGNED
1 37798U 11045A   11230.19767210 -.00000161  21918-6  00000+0 0  9990
2 37798 049.4541 296.0032 4616209 008.5900 357.2162 06.50535203    11
0 OBJECT A
1 37798U 11045A   11230.35133124 -.00000161  21947-6  00000+0 0  9991
2 37798 049.4727 295.8544 4616092 008.6412 357.1900 06.50656292    23
0 OBJECT A
1 37798U 11045A   11230.50496941 -.00000162  21993-6  00000+0 0  9999
2 37798 049.4809 295.6770 4618300 008.7885 357.1477 06.50768905    37
0 OBJECT A
1 37798U 11045A   11230.96589954 -.00000163  22132-6  00000+0 0  9993
2 37798 049.4754 295.1696 4614239 009.1970 357.8109 06.51323493    67
0 OBJECT A
1 37798U 11045A   11231.11906911 -.00000163  22194-6  00000+0 0  9995
2 37798 049.4890 295.0308 4616443 009.3778 357.0522 06.51501106    75
0 OBJECT A
1 37798U 11045A   11231.27240078 -.00000163  22244-6  00000+0 0  9993
2 37798 049.4783 294.8261 4607209 009.5973 356.8672 06.51666828    87
0 OBJECT A
1 37798U 11045A   11231.70784686 -.00000044  00000-0  10000-3 0  9992
2 37798 051.3277 282.5405 5666915 024.3718 194.4854 03.90374565   108
0 EXPRESS AM-4
1 37798U 11045A   11232.09059958 -.00000043  00000-0  10000-3 0  9991
2 37798 051.3246 282.3779 5667541 024.4787 012.4546 03.90392986   125
0 EXPRESS AM-4
1 37798U 11045A   11232.69776541 -.00000042 +00000-0 +10000-3 0  9990
2 37798 051.3237 282.1117 5667700 024.6814 145.7754 03.90393246000142
0 EXPRESS AM-4
1 37798U 11045A   11233.11771847 -.00000041  00000-0  10000-3 0  9991
2 37798 051.3257 281.9242 5667716 024.8215 015.9878 03.90393777   160
0 EXPRESS AM-4
1 37798U 11045A   11233.70127890 -.00000039 +00000-0 +10000-3 0  9996
2 37798 051.3246 281.6706 5667667 025.0156 116.1336 03.90393723000188
0 EXPRESS AM-4
1 37798U 11045A   11234.13322406 -.00000037  00000-0  10000-3 0  9992
2 37798 051.3239 281.4811 5667551 025.1630 003.1958 03.90393645   206
0 EXPRESS AM-4
1 37798U 11045A   11234.43464111 -.00000035  00000-0  10000-3 0  9993
2 37798 051.3226 281.3490 5667667 025.2625 066.8133 03.90393919   213
0 EXPRESS AM-4
1 37798U 11045A   11234.62573957  .00000555  00000-0  59709-2 0  9997
2 37798 051.1609 281.0511 5800185 023.4332 082.3783 03.97048850   229
0 EXPRESS AM-4
1 37798U 11045A   11234.67897395 -.00000034  00000-0  10000-3 0  9992
2 37798 051.3213 281.2425 5667603 025.3418 050.2022 03.90393543   225
0 EXPRESS AM-4
1 37798U 11045A   11235.83857139  .00000565  00000-0  59709-2 0  9999
2 37798 051.1606 280.4739 5800370 023.8813 015.9699 03.97050182   279
0 EXPRESS AM-4
1 37798U 11045A   11236.74530713 +.00000574 +00000-0 +59709-2 0  9996
2 37798 051.1597 280.0440 5800888 024.2105 232.0254 03.97050439000304
0 EXPRESS AM-4
1 37798U 11045A   11237.10448302  .00000574  00000-0  59709-2 0  9999
2 37798 051.1572 279.8736 5800392 024.3602 025.4066 03.97050118   325
0 EXPRESS AM-4
1 37798U 11045A   11237.62168859 +.00000579 +00000-0 +59709-2 0  9997
2 37798 051.1572 279.6288 5800700 024.5427 044.6889 03.97050610000340
0 EXPRESS AM-4
1 37798U 11045A   11238.59128222  .00000588  00000-0  59709-2 0  9994
2 37798 051.1564 279.1724 5801192 024.8899 350.5652 03.97044584   387
0 EXPRESS AM-4
1 37798U 11045A   11238.71757079 +.00000589 +00000-0 +59709-2 0  9997
2 37798 051.1561 279.1107 5801249 024.9332 171.0782 03.97044750000380
0 EXPRESS AM-4
1 37798U 11045A   11239.63760160  .00000595  00000-0  59709-2 0  9991
2 37798 051.1553 278.6706 5801600 025.2682 046.1238 03.97044513   423
0 EXPRESS AM-4
1 37798U 11045A   11240.64571804  .00000597  00000-0  59709-2 0  9991
2 37798 051.1541 278.1887 5801723 025.6429 047.0649 03.97044053   463
0 EXPRESS AM-4
1 37798U 11045A   11241.41069273  .00000593  00000-0  59709-2 0  9995
2 37798 051.1518 277.8409 5801063 025.9375 060.4635 03.97043546   496
0 EXPRESS AM-4
1 37798U 11045A   11242.41479726  .00000593  00000-0  59709-2 0  9994
2 37798 051.1498 277.3485 5801709 026.2881 055.6457 03.97037460   536
0 EXPRESS AM-4
1 37798U 11045A   11242.77622567 +.00000591 +00000-0 +59709-2 0  9994
2 37798 051.1483 277.1750 5801798 026.4192 212.2486 03.97037877000544
0 EXPRESS AM-4
1 37798U 11045A   11243.41941855  .00000589  00000-0  59709-2 0  9997
2 37798 051.1469 276.8640 5801994 026.6587 051.5782 03.97037475   570
0 EXPRESS AM-4
1 37798U 11045A   11243.67068703 +.00000587 +00000-0 +59709-2 0  9995
2 37798 051.1464 276.7440 5802044 026.7507 050.7252 03.97037767000580
0 EXPRESS AM-4
1 37798U 11045A   11244.45645736  .00000585  00000-0  59709-2 0  9997
2 37798 051.1472 276.3704 5802510 027.0337 093.8463 03.97037691   613
0 EXPRESS AM-4
1 37798U 11045A   11244.78565317 +.00000583 +00000-0 +59709-2 0  9997
2 37798 051.1465 276.2134 5802560 027.1535 204.3781 03.97038089000622
0 EXPRESS AM-4
1 37798U 11045A   11245.68887546  .00000581  00000-0  59709-2 0  9996
2 37798 051.1457 275.7837 5802999 027.4787 055.3792 03.97038372   660
0 EXPRESS AM-4
1 37798U 11045A   11246.43587652  .00000578  00000-0  59709-2 0  9991
2 37798 051.1445 275.4290 5802934 027.7576 043.1087 03.97040094   694
0 EXPRESS AM-4
1 37798U 11045A   11247.19775594  .00000579  00000-0  59709-2 0  9990
2 37798 051.1496 275.0690 5802856 027.9951 052.2961 03.97089564   723
0 EXPRESS AM-4
1 37798U 11045A   11247.68361377  .00000586  00000-0  59709-2 0  9992
2 37798 051.1396 274.8316 5803592 028.2189 026.9078 03.97129905   742
0 EXPRESS AM-4
1 37798U 11045A   11248.44804800  .00000578  00000-0  59709-2 0  9991
2 37798 051.1367 274.4465 5801456 028.5353 039.9906 03.97187101   773
0 EXPRESS AM-4
1 37798U 11045A   11249.17780729  .00000592  00000-0  59709-2 0  9991
2 37798 051.1449 274.1190 5803044 028.7299 003.6117 03.97227993   802
0 EXPRESS AM-4
1 37798U 11045A   11249.69408712 +.00000595 +00000-0 +59709-2 0  9990
2 37798 051.1432 273.8731 5803071 028.9284 021.9037 03.97229076000827
0 EXPRESS AM-4
1 37798U 11045A   11250.18462924  .00000600  00000-0  59709-2 0  9998
2 37798 051.1515 273.6457 5803256 029.0642 003.4857 03.97254346   842
0 EXPRESS AM-4
1 37798U 11045A   11250.51155878  .00000590  00000-0  59709-2 0  9990
2 37798 051.1447 273.4660 5801231 029.3011 111.0371 03.97267902   854
0 EXPRESS AM-4
1 37798U 11045A   11251.16936053  .00000603  00000-0  59709-2 0  9999
2 37798 051.1426 273.1596 5802524 029.4860 331.8933 03.97293478   881
0 EXPRESS AM-4
1 37798U 11045A   11251.68778713  .00019336  00000-0  18541+0 0  9992
2 37798 051.1424 272.9049 5802909 029.6626 353.4515 03.97334681   910
0 EXPRESS AM-4
1 37798U 11045A   11251.71215263  .00000609  00000-0  59709-2 0  9999
2 37798 051.1406 272.8998 5803155 029.6718 028.2620 03.97300445   902
0 EXPRESS AM-4
1 37798U 11045A   11252.49210619  .00000616  00000-0  59709-2 0  9993
2 37798 051.1383 272.5283 5803728 029.9410 063.8917 03.97310862   939
0 EXPRESS AM-4
1 37798U 11045A   11253.21001948  .00000620  00000-0  59709-2 0  9992
2 37798 051.1421 272.1794 5803746 030.2191 010.8314 03.97336402   960
0 EXPRESS AM-4
1 37798U 11045A   11253.53858535 +.00000620 +00000-0 +59709-2 0  9999
2 37798 051.1417 272.0228 5803789 030.3347 120.8169 03.97336717000977
0 EXPRESS AM-4
1 37798U 11045A   11254.21707425  .00000620  00000-0  59709-2 0  9996
2 37798 051.1485 271.7038 5804072 030.5900 011.1661 03.97291235  1009
0 EXPRESS AM-4
1 37798U 11045A   11254.48645802  .00000616  00000-0  59709-2 0  9990
2 37798 051.1481 271.5691 5803422 030.6805 036.4481 03.97289924  1014
0 EXPRESS AM-4
1 37798U 11045A   11254.73065443  .00000620  00000-0  59709-2 0  9990
2 37798 051.1467 271.4553 5804378 030.7973 025.6279 03.97248158  1022
0 EXPRESS AM-4
1 37798U 11045A   11255.48241306  .00000619  00000-0  59709-2 0  9995
2 37798 051.1459 271.1078 5804536 031.0305 020.6465 03.97224123  1052
0 EXPRESS AM-4
1 37798U 11045A   11256.23158063  .00000624  00000-0  59709-2 0  9992
2 37798 051.1449 270.7439 5805891 031.3599 011.7678 03.97174450  1087
0 EXPRESS AM-4
1 37798U 11045A   11257.27920948  .00000622  00000-0  59709-2 0  9994
2 37798 051.1501 270.2318 5806328 031.7219 069.4523 03.97088911  1126
0 EXPRESS AM-4
1 37798U 11045A   11258.24678838  .00000624  00000-0  59709-2 0  9992
2 37798 051.1481 269.7589 5807187 032.0846 012.4376 03.97028112  1165
0 EXPRESS AM-4
1 37798U 11045A   11258.76167162  .00000625  00000-0  59709-2 0  9993
2 37798 051.1471 269.5257 5807663 032.2774 028.2708 03.96982340  1182
0 EXPRESS AM-4
1 37798U 11045A   11259.23062552  .00000634  00000-0  59709-2 0  9993
2 37798 051.1442 269.3214 5809019 032.4500 338.4134 03.96968589  1208
0 EXPRESS AM-4
1 37798U 11045A   11259.52372596  .00000629  00000-0  59709-2 0  9991
2 37798 051.1460 269.1733 5808144 032.5541 037.2596 03.96962798  1219
0 EXPRESS AM-4
1 37798U 11045A   11259.76969429  .00000628  00000-0  59709-2 0  9993
2 37798 051.1465 269.0538 5808183 032.6393 028.6706 03.96911757  1222
0 EXPRESS AM-4
1 37798U 11045A   11260.55043432  .00000628  00000-0  59709-2 0  9999
2 37798 051.1476 268.6729 5807886 032.9075 064.1777 03.96892719  1252
0 EXPRESS AM-4
1 37798U 11045A   11261.27023733  .00000634  00000-0  59709-2 0  9998
2 37798 051.1422 268.3193 5808888 033.2000 012.4078 03.96819815  1289
0 EXPRESS AM-4
1 37798U 11045A   11261.79123228 +.00000633 +00000-0 +59709-2 0  9994
2 37798 051.1449 268.0610 5808583 033.4159 036.5931 03.96777317001306
0 EXPRESS AM-4
1 37798U 11045A   11262.51650608  .00000640  00000-0  59709-2 0  9990
2 37798 051.1404 267.7279 5809477 033.6679 352.4308 03.96710903  1335
0 EXPRESS AM-4
1 37798U 11045A   11262.53776397  .00000638  00000-0  59709-2 0  9993
2 37798 051.1391 267.7163 5808927 033.6978 022.8193 03.96751896  1339
0 EXPRESS AM-4
1 37798U 11045A   11263.27269869  .00000643  00000-0  59709-2 0  9992
2 37798 051.1438 267.3703 5809575 033.9178 352.3006 03.96666866  1361
0 EXPRESS AM-4
1 37798U 11045A   11264.28110861  .00000652  00000-0  59709-2 0  9991
2 37798 051.1349 266.8998 5810843 034.3008 352.0683 03.96578123  1400
0 EXPRESS AM-4
1 37798U 11045A   11264.56883041  .00000028  00000-0  10000-3 0  9998
2 37798 051.1368 266.7548 5810502 034.4068 042.8597 03.96598844  1411
0 EXPRESS AM-4
1 37798U 11045A   11265.04398529  .00000031  00000-0  10000-3 0  9998
2 37798 051.1305 266.5327 5811240 034.5870 001.1018 03.96537323  1430
0 EXPRESS AM-4
1 37798U 11045A   11265.28996917 -.00000001  00000-0  00000+0 0  9992
2 37798 051.1361 266.4043 5809561 034.7091 352.2285 03.96521325  1459
0 EXPRESS AM-4
1 37798U 11045A   11265.31879444  .00000032  00000-0  10000-3 0  9999
2 37798 051.1349 266.4119 5810184 034.6718 033.3961 03.96532552  1448
0 EXPRESS AM-4
1 37798U 11045A   11266.32783078  .00000035  00000-0  10000-3 0  9991
2 37798 051.1354 265.9284 5810404 035.0629 033.5312 03.96460819  1484
0 EXPRESS AM-4
1 37798U 11045A   11267.33686770  .00000036  00000-0  10000-3 0  9995
2 37798 051.1362 265.4246 5811299 035.4667 033.4437 03.96398714  1521
0 EXPRESS AM-4
1 37798U 11045A   11268.63415822  .00000035  00000-0  10000-3 0  9996
2 37798 051.1221 264.8062 5813725 035.9235 084.4802 03.96325868  1573
0 EXPRESS AM-4
1 37798U 11045A   11268.83132975  .00000034  00000-0  10000-3 0  9992
2 37798 051.1273 264.7049 5814013 036.0166 005.7617 03.96313304  1583
0 EXPRESS AM-4
1 37798U 11045A   11269.35659772  .00000032  00000-0  10000-3 0  9997
2 37798 051.1105 264.4780 5809803 036.2253 035.1586 03.96305849  1606
0 EXPRESS AM-4
1 37798U 11045A   11269.64501723  .00000031  00000-0  10000-3 0  9990
2 37798 051.1286 264.3142 5814283 036.2912 086.5746 03.96277820  1613
0 EXPRESS AM-4
1 37798U 11045A   11269.64501723  .00000031  00000-0  10000-3 0  9990
2 37798 051.1273 264.3146 5814496 036.2984 086.5480 03.96263865  1617
0 EXPRESS AM-4
1 37798U 11045A   11270.14087130  .00000028  00000-0  10000-3 0  9994
2 37798 051.1179 264.0926 5814180 036.5018 073.7847 03.96231291  1631
0 EXPRESS AM-4
1 37798U 11045A   11270.36973583  .00000027  00000-0  10000-3 0  9993
2 37798 051.1114 263.9843 5813445 036.5659 040.2429 03.96227738  1647
0 EXPRESS AM-4
1 37798U 11045A   11270.85248992  .00000024  00000-0  10000-3 0  9993
2 37798 051.1191 263.7490 5814675 036.7580 008.6861 03.96166610  1660
0 EXPRESS AM-4
1 37798U 11045A   11271.14054242  .00000023  00000-0  10000-3 0  9998
2 37798 051.1224 263.6010 5814586 036.8647 059.4759 03.96135657  1678
0 EXPRESS AM-4
1 37798U 11045A   11271.43928575  .00000021  00000-0  10000-3 0  9997
2 37798 051.1247 263.4597 5815070 036.9653 125.5008 03.96130688  1680
0 EXPRESS AM-4
1 37798U 11045A   11271.87333456  .00000019  00000-0  10000-3 0  9990
2 37798 051.1230 263.2565 5815522 037.1478 024.4172 03.96113540  1705
0 EXPRESS AM-4
1 37798U 11045A   11271.90756378 +.00000018 +00000-0 +10000-3 0  9995
2 37798 051.1230 263.2398 5815579 037.1587 073.2287 03.96113540001701
0 EXPRESS AM-4
1 37798U 11045A   11272.12133117  .00000017  00000-0  10000-3 0  9999
2 37798 051.1249 263.1350 5814061 037.2685 018.0484 03.96110490  1711
0 EXPRESS AM-4
1 37798U 11045A   11272.45425090  .00000016  00000-0  10000-3 0  9998
2 37798 051.1197 262.9722 5815382 037.3500 132.7080 03.96065457  1726
0 EXPRESS AM-4
1 37798U 11045A   11272.63375622  .00000015  00000-0  10000-3 0  9992
2 37798 051.1185 262.8895 5815906 037.4112 028.6343 03.96058641  1738
0 EXPRESS AM-4
1 37798U 11045A   11272.87194752  .00000014  00000-0  10000-3 0  9990
2 37798 051.1213 262.7776 5816843 037.5071 008.1999 03.96045862  1745
0 EXPRESS AM-4
1 37798U 11045A   11272.93076163 +.00000014 +00000-0 +10000-3 0  9992
2 37798 051.1214 262.7490 5816909 037.5270 092.0556 03.96045942001743
0 EXPRESS AM-4
1 37798U 11045A   11273.13198284  .00000013  00000-0  10000-3 0  9993
2 37798 051.1273 262.6697 5815833 037.5933 018.9174 03.96009094  1759
0 EXPRESS AM-4
1 37798U 11045A   11273.42735884  .00000012  00000-0  10000-3 0  9997
2 37798 051.1176 262.5262 5815213 037.6977 080.0124 03.96005383  1762
0 EXPRESS AM-4
1 37798U 11045A   11273.64477994 +.00000011 +00000-0 +10000-3 0  9995
2 37798 051.1121 262.4279 5814616 037.7815 029.9647 03.96002195001778
0 EXPRESS AM-4
1 37798U 11045A   11274.14347610  .00000011  00000-0  10000-3 0  9992
2 37798 051.1221 262.1726 5816152 037.9776 020.8010 03.95966559  1796
0 EXPRESS AM-4
1 37798U 11045A   11274.89218538  .00000011  00000-0  10000-3 0  9990
2 37798 051.1267 261.8062 5818918 038.2369 007.9330 03.95918836  1829
0 EXPRESS AM-4
1 37798U 11045A   11275.15328640  .00000010  00000-0  10000-3 0  9995
2 37798 051.1141 261.6920 5816219 038.3447 020.0498 03.95904135  1830
0 EXPRESS AM-4
1 37798U 11045A   11275.44903436 +.00000011 +00000-0 +10000-3 0  9990
2 37798 051.1136 261.5508 5816264 038.4525 081.5665 03.95904046001843
0 EXPRESS AM-4
1 37798U 11045A   11276.16514615  .00000012  00000-0  10000-3 0  9998
2 37798 051.1198 261.2217 5814583 038.7659 022.0119 03.95856073  1871
0 EXPRESS AM-4
1 37798U 11045A   11276.46203078  .00000013  00000-0  10000-3 0  9990
2 37798 051.1188 261.0726 5817877 038.8293 085.0745 03.95848608  1887
0 EXPRESS AM-4
1 37798U 11045A   11276.90351306  .00000014  00000-0  10000-3 0  9998
2 37798 051.1189 260.8460 5822993 038.9355 354.1776 03.95841962  1908
0 EXPRESS AM-4
1 37798U 11045A   11277.44245521  .00000016  00000-0  10000-3 0  9991
2 37798 051.1267 260.6139 5822391 039.1750 042.0509 03.95826073  1925
0 EXPRESS AM-4
1 37798U 11045A   11277.91486225  .00000017  00000-0  10000-3 0  9992
2 37798 051.1241 260.3748 5820633 039.3451 355.0931 03.95791826  1942
0 EXPRESS AM-4
1 37798U 11045A   11278.44854610 +.00000017 +00000-0 +10000-3 0  9998
2 37798 051.1260 260.1259 5816996 039.5873 035.2503 03.95731967001969
0 EXPRESS AM-4
1 37798U 11045A   11279.42837101  .00000010  00000-0  92681-4 0  9992
2 37798 051.0978 259.6535 5819223 039.9516 350.9099 03.95702731  2008
0 EXPRESS AM-4
1 37798U 11045A   11279.50577850 +.00000019 +00000-0 +10000-3 0  9996
2 37798 051.1204 259.5990 5818085 039.9687 101.1398 03.95676316002006
0 EXPRESS AM-4
1 37798U 11045A   11280.50675105  .00000019  00000-0  10000-3 0  9990
2 37798 051.1179 259.1526 5819885 040.3171 086.6295 03.95596889  2044
0 EXPRESS AM-4
1 37798U 11045A   11280.95932014 +.00000019 +00000-0 +10000-3 0  9994
2 37798 051.1170 258.9327 5820296 040.4887 011.1254 03.95588028002060
0 EXPRESS AM-4
1 37798U 11045A   11281.22272021  .00000019  00000-0  10000-3 0  9990
2 37798 051.1167 258.8132 5819603 040.5748 026.2320 03.95585598  2077
0 EXPRESS AM-4
1 37798U 11045A   11281.71297843 +.00000018 +00000-0 +10000-3 0  9992
2 37798 051.1212 258.5807 5821161 040.7988 004.3175 03.95551322002099
0 EXPRESS AM-4
1 37798U 11045A   11282.23288897  .00000017  00000-0  10000-3 0  9998
2 37798 051.1159 258.3422 5819198 040.9531 024.5971 03.95509844  2116
0 EXPRESS AM-4
1 37798U 11045A   11282.72436663  .00000016  00000-0  10000-3 0  9997
2 37798 051.1147 258.1249 5819584 041.1497 004.3063 03.95485748  2137
0 EXPRESS AM-4
1 37798U 11045A   11282.97366843 +.00000016 +00000-0 +10000-3 0  9996
2 37798 051.1268 257.9752 5822683 041.2136 359.2306 03.95478380002149
0 EXPRESS AM-4
1 37798U 11045A   11282.98219618  .00000016  00000-0  10000-3 0  9994
2 37798 051.1268 257.9712 5822684 041.2167 011.3718 03.95478381  2144
0 EXPRESS AM-4
1 37798U 11045A   11284.74721898  .00000014  00000-0  10000-3 0  9996
2 37798 051.1077 257.1408 5821050 041.9011 003.7226 03.95379003  2215
0 EXPRESS AM-4
1 37798U 11045A   11284.99759181 +.00000014 +00000-0 +10000-3 0  9999
2 37798 051.1042 257.0256 5821803 041.9738 000.0913 03.95376650002228
0 EXPRESS AM-4
1 37798U 11045A   11285.27308763  .00000014  00000-0  10000-3 0  9997
2 37798 051.1058 256.8906 5821234 042.0739 032.2169 03.95375520  2231
0 EXPRESS AM-4
1 37798U 11045A   11285.53796056 +.00000015 +00000-0 +10000-3 0  9993
2 37798 051.1049 256.7635 5821307 042.1684 049.2256 03.95375501002245
0 EXPRESS AM-4
1 37798U 11045A   11286.05140726 +.00000015 +00000-0 +10000-3 0  9998
2 37798 051.1042 256.5195 5821382 042.3559 060.0425 03.95375516002260
0 EXPRESS AM-4
1 37798U 11045A   11286.50828162  .00000015  00000-0  14032-3 0  9994
2 37798 051.1138 256.2924 5820473 042.5442 350.2230 03.95356571  2286
0 EXPRESS AM-4
1 37798U 11045A   11287.29576882 +.00000019 +00000-0 +10000-3 0  9995
2 37798 051.1067 255.9139 5821848 042.8461 030.7333 03.95280672002318
0 EXPRESS AM-4
1 37798U 11045A   11288.31025865  .00000023  00000-0  10000-3 0  9994
2 37798 051.1119 255.4288 5823092 043.1808 034.1584 03.95215300  2354
0 EXPRESS AM-4
1 37798U 11045A   11288.35341828  .00000023  00000-0  10000-3 0  9998
2 37798 051.1121 255.4076 5822649 043.2081 095.5647 03.95215529  2357
0 EXPRESS AM-4
1 37798U 11045A   11289.80944208  .00000030  00000-0  10000-3 0  9998
2 37798 051.1191 254.7144 5826489 043.7399 006.8892 03.95172274  2418
0 EXPRESS AM-4
1 37798U 11045A   11290.82259881  .00000034  00000-0  10000-3 0  9992
2 37798 051.1260 254.2173 5827967 044.1109 008.0249 03.95118782  2456
0 EXPRESS AM-4
1 37798U 11045A   11291.34623002  .00000036  00000-0  10000-3 0  9992
2 37798 051.1124 253.9885 5823923 044.3332 032.8385 03.95114732  2478
0 EXPRESS AM-4
1 37798U 11045A   11292.14199561  .00000038  00000-0  10000-3 0  9991
2 37798 051.1102 253.6115 5821964 044.6563 084.4964 03.95052104  2503
0 EXPRESS AM-4
1 37798U 11045A   11292.83691804 +.00000040 +00000-0 +10000-3 0  9997
2 37798 051.0942 253.2943 5825155 044.8643 352.7021 03.95012413002533
0 EXPRESS AM-4
1 37798U 11045A   11293.14229618  .00000041  00000-0  10000-3 0  9993
2 37798 051.1108 253.1408 5823357 045.0138 066.9248 03.94997981  2544
0 EXPRESS AM-4
1 37798U 11045A   11293.85125343  .00000041  00000-0  10000-3 0  9991
2 37798 051.1077 252.8104 5824649 045.2369 355.0372 03.94988592  2572
0 EXPRESS AM-4
1 37798U 11045A   11293.95566061 +.00000041 +00000-0 +10000-3 0  9998
2 37798 051.1076 252.7603 5824656 045.2760 143.5002 03.94988595002570
0 EXPRESS AM-4
1 37798U 11045A   11294.13789300  .00000041  00000-0  10000-3 0  9992
2 37798 051.1134 252.6755 5823216 045.3617 042.5969 03.94981169  2586
0 EXPRESS AM-4
1 37798U 11045A   11294.86376422  .00000041  00000-0  10000-3 0  9999
2 37798 051.1106 252.3233 5824131 045.6129 354.7308 03.94979116  2619
0 EXPRESS AM-4
1 37798U 11045A   11295.12703956  .00000040  00000-0  10000-3 0  9994
2 37798 051.1082 252.2010 5825708 045.6952 008.9453 03.94939651  2629
0 EXPRESS AM-4
1 37798U 11045A   11295.87754476  .00000038  00000-0  10000-3 0  9996
2 37798 051.1050 251.8394 5825356 045.9934 356.0044 03.94940476  2659
0 EXPRESS AM-4
1 37798U 11045A   11296.43842332  .00000036  00000-0  10000-3 0  9996
2 37798 051.1022 251.5711 5826078 046.1997 073.4707 03.94942596  2675
0 EXPRESS AM-4
1 37798U 11045A   11296.89391255  .00000034  00000-0  10000-3 0  9997
2 37798 051.1086 251.3532 5823133 046.3700 001.1627 03.94951414  2697
0 EXPRESS AM-4
1 37798U 11045A   11296.93484076 +.00000034 +00000-0 +10000-3 0  9996
2 37798 051.1088 251.3328 5823161 046.3877 059.3552 03.94951429002696
0 EXPRESS AM-4
1 37798U 11045A   11297.43620122  .00000032  00000-0  10000-3 0  9994
2 37798 051.1061 251.0928 5824198 046.5761 052.2088 03.94952118  2710
0 EXPRESS AM-4
1 37798U 11045A   11297.90429150  .00000030  00000-0  10000-3 0  9992
2 37798 051.1028 250.8656 5825359 046.7389 357.7451 03.94951164  2735
0 EXPRESS AM-4
1 37798U 11045A   11297.93572940 +.00000030 +00000-0 +10000-3 0  9991
2 37798 051.1028 250.8507 5825354 046.7496 042.4445 03.94951161002732
0 EXPRESS AM-4
1 37798U 11045A   11298.16734429 +.00000029 +00000-0 +10000-3 0  9997
2 37798 051.1025 250.7407 5825384 046.8340 011.7610 03.94951167002749
0 EXPRESS AM-4
1 37798U 11045A   11299.93086163  .00000021  00000-0  10000-3 0  9990
2 37798 051.1066 249.9215 5825349 047.4886 358.6322 03.94853450  2811
0 EXPRESS AM-4
1 37798U 11045A   11299.93086163 +.00000021 +00000-0 +10000-3 0  9990
2 37798 051.1072 249.9212 5825297 047.4894 358.6317 03.94853246002813
0 EXPRESS AM-4
1 37798U 11045A   11300.20370037  .00000020  00000-0  10000-3 0  9998
2 37798 051.1091 249.7838 5824404 047.6061 026.4566 03.94850508  2828
0 EXPRESS AM-4
1 37798U 11045A   11300.47149617 +.00000019 +00000-0 +10000-3 0  9993
2 37798 051.1084 249.6556 5824439 047.7023 047.1195 03.94850480002831
0 EXPRESS AM-4
1 37798U 11045A   11301.21776032  .00000018  00000-0  10000-3 0  9992
2 37798 051.1116 249.3019 5823928 047.9680 027.8978 03.94848168  2868
0 EXPRESS AM-4
1 37798U 11045A   11302.83871920  .00000017  00000-0  10000-3 0  9992
2 37798 051.1137 248.5247 5826524 048.5460 171.6703 03.94802838  2928
0 EXPRESS AM-4
1 37798U 11045A   11303.52264986  .00000017  00000-0  10000-3 0  9997
2 37798 051.1138 248.1987 5826617 048.7949 063.7166 03.94799216  2955
0 EXPRESS AM-4
1 37798U 11045A   11303.99047947 +.00000017 +00000-0 +10000-3 0  9994
2 37798 051.1243 247.9747 5825343 048.9796 008.6104 03.94795352002979
0 EXPRESS AM-4
1 37798U 11045A   11304.56163796  .00000017  00000-0  10000-3 0  9999
2 37798 051.1178 247.7049 5826118 049.1816 100.3671 03.94794172  2996
0 EXPRESS AM-4
1 37798U 11045A   11305.28903769  .00000017  00000-0  10000-3 0  9991
2 37798 051.1163 247.3574 5828385 049.4252 054.1644 03.94791317  3023
0 EXPRESS AM-4
1 37798U 11045A   11305.57763291 +.00000017 +00000-0 +10000-3 0  9997
2 37798 051.1159 247.2203 5828428 049.5297 104.3312 03.94791318003036
0 EXPRESS AM-4
1 37798U 11045A   11306.30035238  .00000017  00000-0  10000-3 0  9992
2 37798 051.1151 246.8767 5827291 049.8060 051.4761 03.94789551  3065
0 EXPRESS AM-4
1 37798U 11045A   11306.76775201 +.00000016 +00000-0 +10000-3 0  9992
2 37798 051.1145 246.6622 5826994 049.9728 355.7701 03.94789780003087
0 EXPRESS AM-4
1 37798U 11045A   11307.33103712  .00000016  00000-0  10000-3 0  9998
2 37798 051.1133 246.3913 5827919 050.1737 076.3577 03.94791203  3109
0 EXPRESS AM-4
1 37798U 11045A   11307.77759080 +.00000015 +00000-0 +10000-3 0  9990
2 37798 051.1138 246.1822 5827178 050.3440 351.0255 03.94791344003125
0 EXPRESS AM-4
1 37798U 11045A   11308.02880447  .00000015  00000-0  10000-3 0  9991
2 37798 051.1268 246.0610 5828551 050.4294 348.1555 03.94817596  3136
0 EXPRESS AM-4
1 37798U 11045A   11308.28200775 +.00000015 +00000-0 +10000-3 0  9999
2 37798 051.1257 245.9382 5828637 050.5258 348.0475 03.94818928003145
0 EXPRESS AM-4
1 37798U 11045A   11309.29503981 +.00000014 +00000-0 +10000-3 0  9995
2 37798 051.1240 245.4608 5828722 050.8924 347.9391 03.94821870003180
0 EXPRESS AM-4
1 37798U 11045A   11310.81456376 +.00000013 +00000-0 +10000-3 0  9999
2 37798 051.1206 244.7426 5829895 051.4354 347.7841 03.94827370003244
0 EXPRESS AM-4
1 37798U 11045A   11311.82758660  .00000014  00000-0  10000-3 0  9993
2 37798 051.1170 244.2643 5830496 051.7998 347.6876 03.94828450  3287
0 EXPRESS AM-4
1 37798U 11045A   11311.82758660 +.00000014 +00000-0 +10000-3 0  9993
2 37798 051.1170 244.2643 5830496 051.7998 347.6876 03.94828450003287
0 EXPRESS AM-4
1 37798U 11045A   11312.84060470  .00000015  00000-0  10000-3 0  9992
2 37798 051.1125 243.7947 5830214 052.1679 347.5854 03.94828956  3328
0 EXPRESS AM-4
1 37798U 11045A   11313.34710700 +.00000017 +00000-0 +10000-3 0  9998
2 37798 051.1139 243.5514 5830737 052.3472 347.5257 03.94829199003343
0 EXPRESS AM-4
1 37798U 11045A   11313.85361594  .00000018  00000-0  10000-3 0  9998
2 37798 051.1237 243.3243 5831386 052.5036 347.5338 03.94847683  3368
0 EXPRESS AM-4
1 37798U 11045A   11314.36006580  .00000020  00000-0  10000-3 0  9999
2 37798 051.1237 243.0826 5832054 052.6952 347.4325 03.94849250  3382
0 EXPRESS AM-4
1 37798U 11045A   11314.86654818  .00000022  00000-0  10000-3 0  9999
2 37798 051.1234 242.8408 5831816 052.8880 347.3971 03.94854786  3408
0 EXPRESS AM-4
1 37798U 11045A   11315.87948620 +.00000026 +00000-0 +10000-3 0  9992
2 37798 051.1201 242.3566 5832299 053.2486 347.2749 03.94855095003445
0 EXPRESS AM-4
1 37798U 11045A   11316.13272268  .00000027  00000-0  10000-3 0  9991
2 37798 051.1227 242.2384 5832143 053.3550 347.2737 03.94859772  3455
0 EXPRESS AM-4
1 37798U 11045A   11316.63916995  .00000030  00000-0  10000-3 0  9992
2 37798 051.1216 241.9977 5833083 053.5204 347.1999 03.94860519  3471
0 EXPRESS AM-4
1 37798U 11045A   11319.17151382  .00000038  00000-0  10000-3 0  9993
2 37798 051.1187 240.7858 5833011 054.4531 347.0248 03.94867444  3578
0 EXPRESS AM-4
1 37798U 11045A   11319.42467682 +.00000039 +00000-0 +10000-3 0  9995
2 37798 051.1186 240.6652 5833085 054.5444 346.9035 03.94867466003580
0 EXPRESS AM-4
1 37798U 11045A   11320.94405474  .00000041  00000-0  10000-3 0  9998
2 37798 051.1307 239.9448 5834295 055.0751 346.8418 03.94883146  3644
0 EXPRESS AM-4
1 37798U 11045A   11321.95687353 +.00000041 +00000-0 +10000-3 0  9998
2 37798 051.1310 239.4603 5834550 055.4432 346.6449 03.94882496003683
0 EXPRESS AM-4
1 37798U 11045A   11322.96975117  .00000040  00000-0  10000-3 0  9997
2 37798 051.1403 238.9726 5834798 055.8165 346.5166 03.94879595  3723
0 EXPRESS AM-4
1 37798U 11045A   11323.98264664  .00000038  00000-0  10000-3 0  9995
2 37798 051.1454 238.4928 5835855 056.1682 346.4294 03.94882374  3765
0 EXPRESS AM-4
1 37798U 11045A   11325.24874206  .00000035  00000-0  10000-3 0  9992
2 37798 051.1441 237.8901 5835969 056.6291 346.2109 03.94861917  3811
0 EXPRESS AM-4
1 37798U 11045A   11326.26172403  .00000032  00000-0  10000-3 0  9992
2 37798 051.1270 237.4180 5836950 056.9876 346.0979 03.94842568  3857
0 EXPRESS AM-4
1 37798U 11045A   11327.27476020  .00001459  00000-0  11808-1 0  9995
2 37798 051.1242 236.9394 5837349 057.3561 346.0767 03.94846850  3893
0 EXPRESS AM-4
1 37798U 11045A   11327.78123511 +.00001938 +00000-0 +15744-1 0  9990
2 37798 051.1241 236.6976 5837344 057.5380 346.0128 03.94849766003914
0 EXPRESS AM-4
1 37798U 11045A   11328.79418412  .00003149  00000-0  25666-1 0  9999
2 37798 051.1326 236.2215 5837313 057.8979 345.9038 03.94857865  3954
0 EXPRESS AM-4
1 37798U 11045A   11329.80711295 +.00003502 +00000-0 +28462-1 0  9997
2 37798 051.1354 235.7405 5837624 058.2656 345.7923 03.94865709003993
0 EXPRESS AM-4
1 37798U 11045A   11330.06034057  .00003540  00000-0  28718-1 0  9997
2 37798 051.1365 235.6209 5837789 058.3674 345.7602 03.94867564  4007
0 EXPRESS AM-4
1 37798U 11045A   11330.82003883  .00002347  00000-0  18885-1 0  9992
2 37798 051.1372 235.2571 5838431 058.6530 345.6761 03.94867267  4030
0 EXPRESS AM-4
1 37798U 11045A   11331.32649535 +.00002605 +00000-0 +21050-1 0  9993
2 37798 051.1370 235.0131 5838061 058.8299 345.6236 03.94870358004055
0 EXPRESS AM-4
1 37798U 11045A   11332.08616904  .00001727  00000-0  13952-1 0  9997
2 37798 051.1363 234.6511 5838087 059.1067 345.4096 03.94845523  4080
0 EXPRESS AM-4
1 37798U 11045A   11332.33948547  .00001704  00000-0  13965-1 0  9995
2 37798 051.1395 234.5005 5836641 059.2252 345.4884 03.94846352  4090
0 EXPRESS AM-4
1 37798U 11045A   11332.84599994  .00000726  00000-0  57043-2 0  9998
2 37798 051.1319 234.2818 5839906 059.3718 345.4624 03.94844238  4116
0 EXPRESS AM-4
1 37798U 11045A   11333.85897205 +.00001421 +00000-0 +11265-1 0  9994
2 37798 051.1316 233.7983 5839905 059.7410 345.3563 03.94848244004158
0 EXPRESS AM-4
1 37798U 11045A   11334.11220168  .00001971  00000-0  15620-1 0  9991
2 37798 051.1328 233.6798 5840128 059.8351 345.3184 03.94851085  4165
0 EXPRESS AM-4
1 37798U 11045A   11334.87191606 +.00001808 +00000-0 +14285-1 0  9993
2 37798 051.1318 233.3180 5840375 060.1083 345.2329 03.94853691004195
0 EXPRESS AM-4
1 37798U 11045A   11335.88485836 +.00001545 +00000-0 +12210-1 0  9990
2 37798 051.1347 232.8357 5840276 060.4852 345.1029 03.94855514004231
0 EXPRESS AM-4
1 37798U 11045A   11336.13810831  .00001303  00000-0  10280-1 0  9993
2 37798 051.1344 232.7144 5840294 060.5705 345.0846 03.94854546  4240
0 EXPRESS AM-4
1 37798U 11045A   11336.89782404 +.00001050 +00000-0 +82610-2 0  9996
2 37798 051.1365 232.3520 5840334 060.8514 344.9943 03.94854381004279
0 EXPRESS AM-4
1 37798U 11045A   11337.40429450  .00001068  00000-0  84020-2 0  9999
2 37798 051.1361 232.1101 5840346 061.0387 344.9338 03.94855588  4292
0 EXPRESS AM-4
1 37798U 11045A   11337.91076405  .00001359  00000-0  10730-1 0  9992
2 37798 051.1393 231.8697 5840061 061.2276 344.8915 03.94859116  4310
0 EXPRESS AM-4
1 37798U 11045A   11338.16398192 +.00001324 +00000-0 +10415-1 0  9992
2 37798 051.1386 231.7480 5840375 061.3153 344.8442 03.94859751004325
0 EXPRESS AM-4
1 37798U 11045A   11339.17690817  .00001863  00000-0  14656-1 0  9992
2 37798 051.1378 231.2650 5840418 061.6845 344.7644 03.94868043  4360
0 EXPRESS AM-4
1 37798U 11045A   11339.68333304  .00003712  00000-0  28421-1 0  9993
2 37798 051.1494 231.0125 5843253 061.8275 344.7313 03.94885143  4388
0 EXPRESS AM-4
1 37798U 11045A   11340.69618077  .00001329  00000-0  10034-1 0  9992
2 37798 051.1466 230.5319 5843545 062.1913 344.5747 03.94883757  4426
0 EXPRESS AM-4
1 37798U 11045A   11341.70905759 -.00000720  00000-0 -57179-2 0  9999
2 37798 051.1427 230.0514 5843513 062.5495 344.4460 03.94877471  4460
0 EXPRESS AM-4
1 37798U 11045A   11342.72196216 -.00001245  00000-0 -97865-2 0  9991
2 37798 051.1372 229.5752 5843485 062.9170 344.3414 03.94873200  4507
0 EXPRESS AM-4
1 37798U 11045A   11342.97518689 -.00001266 +00000-0 -99557-2 0  9993
2 37798 051.1403 229.4576 5843464 063.0101 344.3116 03.94872427004518
0 EXPRESS AM-4
1 37798U 11045A   11343.73486282 -.00001377 +00000-0 -10837-1 0  9997
2 37798 051.1385 229.0965 5843444 063.2931 344.2194 03.94869779004540
0 EXPRESS AM-4
1 37798U 11045A   11344.74776922 -.00001337 +00000-0 -10565-1 0  9996
2 37798 051.1388 228.6159 5843424 063.6665 344.0974 03.94867079004588
0 EXPRESS AM-4
1 37798U 11045A   11345.25422489 -.00001335  00000-0 -10557-1 0  9998
2 37798 051.1375 228.3728 5843471 063.8527 344.0363 03.94865694  4600
0 EXPRESS AM-4
1 37798U 11045A   11345.76068017 -.00001223 +00000-0 -96999-2 0  9998
2 37798 051.1369 228.1304 5843518 064.0356 343.9764 03.94865034004629
0 EXPRESS AM-4
1 37798U 11045A   11346.77359417 -.00001096 +00000-0 -87384-2 0  9993
2 37798 051.1341 227.6441 5843628 064.4030 343.8550 03.94863381004669
0 EXPRESS AM-4
1 37798U 11045A   11347.78651123 -.00000998  00000-0 -79896-2 0  9993
2 37798 051.1332 227.1600 5843718 064.7700 343.7319 03.94861820  4701
0 EXPRESS AM-4
1 37798U 11045A   11348.79943381 -.00000897 +00000-0 -72266-2 0  9997
2 37798 051.1320 226.6762 5843684 065.1401 343.6112 03.94860462004741
0 EXPRESS AM-4
1 37798U 11045A   11349.81235417 -.00000841 +00000-0 -68016-2 0  9992
2 37798 051.1315 226.1924 5843675 065.5129 343.4800 03.94858968004785
0 EXPRESS AM-4
1 37798U 11045A   11349.81236362 -.00000565  00000-0  00000+0 0  9990
2 37798 051.1589 226.1872 5843862 065.5139 343.4989 03.94860749  4787
0 EXPRESS AM-4
1 37798U 11045A   11350.06558136 -.00000775  00000-0 -62783-2 0  9998
2 37798 051.1320 226.0722 5843840 065.6017 343.4469 03.94859074  4798
0 EXPRESS AM-4
1 37798U 11045A   11350.82527567 -.00000764 +00000-0 -61962-2 0  9992
2 37798 051.1315 225.7095 5843836 065.8798 343.3498 03.94857910004826
0 EXPRESS AM-4
1 37798U 11045A   11351.83819851 -.00000582 +00000-0 -47958-2 0  9991
2 37798 051.1327 225.2266 5843883 066.2404 343.2280 03.94857997004862
0 EXPRESS AM-4
1 37798U 11045A   11352.09142571 -.00000576  00000-0 -47459-2 0  9997
2 37798 051.1326 225.1057 5843897 066.3349 343.1889 03.94857712  4872
0 EXPRESS AM-4
1 37798U 11045A   11352.59788964 -.00000574 +00000-0 -47307-2 0  9994
2 37798 051.1323 224.8640 5843908 066.5199 343.1235 03.94857100004899
0 EXPRESS AM-4
1 37798U 11045A   11353.61082134 -.00000595 +00000-0 -48807-2 0  9993
2 37798 051.1317 224.3803 5844026 066.8902 342.9927 03.94855657004930
0 EXPRESS AM-4
1 37798U 11045A   11354.87699686 -.00000706 +00000-0 -57010-2 0  9998
2 37798 051.1306 223.7759 5844351 067.3511 342.8285 03.94852975004985
0 EXPRESS AM-4
1 37798U 11045A   11355.13023423 -.00000726  00000-0 -58526-2 0  9993
2 37798 051.1303 223.6548 5844314 067.4431 342.7977 03.94852431  4993
0 EXPRESS AM-4
1 37798U 11045A   11355.63671273 -.00000819 +00000-0 -65408-2 0  9990
2 37798 051.1306 223.4138 5844562 067.6250 342.7350 03.94850820005014
0 EXPRESS AM-4
1 37798U 11045A   11356.14318595 -.00000826  00000-0 -65813-2 0  9990
2 37798 051.1302 223.1719 5844550 067.8092 342.6698 03.94849916  5035
0 EXPRESS AM-4
1 37798U 11045A   11356.64966396 -.00000929 +00000-0 -73734-2 0  9998
2 37798 051.1301 222.9323 5844394 068.0026 342.5993 03.94847988005054
0 EXPRESS AM-4
1 37798U 11045A   11357.15614110 -.00000935  00000-0 -74155-2 0  9994
2 37798 051.1298 222.6906 5844390 068.1880 342.5341 03.94846954  5079
0 EXPRESS AM-4
1 37798U 11045A   11357.91586880 -.00001119 +00000-0 -88204-2 0  9995
2 37798 051.1309 222.3307 5844188 068.4687 342.4328 03.94843644005108
0 EXPRESS AM-4
1 37798U 11045A   11358.16910955 -.00001121  00000-0 -88297-2 0  9992
2 37798 051.1304 222.2093 5844192 068.5603 342.4000 03.94843066  5114
0 EXPRESS AM-4
1 37798U 11045A   11358.92883702 -.00001170 +00000-0 -91794-2 0  9995
2 37798 051.1315 221.8471 5844323 068.8340 342.3024 03.94840899005147
0 EXPRESS AM-4
1 37798U 11045A   11359.94180844 -.00001168 +00000-0 -91402-2 0  9998
2 37798 051.1312 221.3629 5844443 069.2011 342.1700 03.94838539005188
0 EXPRESS AM-4
1 37798U 11045A   11360.95478392 -.00001151 +00000-0 -89877-2 0  9994
2 37798 051.1306 220.8785 5844581 069.5709 342.0354 03.94836303005224
0 EXPRESS AM-4
1 37798U 11045A   11361.96776312 -.00001123 +00000-0 -87589-2 0  9996
2 37798 051.1292 220.3937 5844661 069.9455 341.8980 03.94834166005264
0 EXPRESS AM-4
1 37798U 11045A   11362.72749524 -.00001029  00000-0 -80550-2 0  9992
2 37798 051.1285 220.0311 5844604 070.2214 341.7948 03.94833361  5296
0 EXPRESS AM-4
1 37798U 11045A   11363.74047595 -.00000935  00000-0 -73504-2 0  9990
2 37798 051.1264 219.5465 5844629 070.5895 341.6582 03.94832200  5330
0 EXPRESS AM-4
1 37798U 11045A   11363.74048602 -.00000490  00000-0  00000+0 0  9993
2 37798 051.1537 219.5343 5844672 070.5920 341.6779 03.94834649  5332
0 EXPRESS AM-4
1 37798U 11045A   11364.75346179 -.00000902 +00000-0 -71020-2 0  9997
2 37798 051.1262 219.0625 5844863 070.9594 341.5189 03.94830592005379
0 EXPRESS AM-4
1 37798U 11045A   11365.76644252 -.00000674  00000-0 -53844-2 0  9992
2 37798 051.1296 218.5786 5845025 071.3063 341.3967 03.94831697  5419
0 EXPRESS AM-4
1 37798U 11045A   12001.77941300 -.00000571  00000-0 -46404-2 0  9995
2 37798 051.1302 218.0972 5844852 071.6777 341.2476 03.94831656  5454
0 EXPRESS AM-4
1 37798U 11045A   12002.79239491 -.00000523  00000-0 -43076-2 0  9998
2 37798 051.1327 217.6157 5844765 072.0553 341.1033 03.94830986  5498
0 EXPRESS AM-4
1 37798U 11045A   12003.80538290 -.00000452  00000-0 -37868-2 0  9993
2 37798 051.1314 217.1257 5845005 072.4122 340.9657 03.94830682  5531
0 EXPRESS AM-4
1 37798U 11045A   12004.81838087 -.00000498  00000-0 -41476-2 0  9992
2 37798 051.1305 216.6393 5845282 072.7673 340.8316 03.94829059  5578
0 EXPRESS AM-4
1 37798U 11045A   12005.83138411 -.00000562  00000-0 -46400-2 0  9993
2 37798 051.1286 216.1517 5845548 073.1157 340.6965 03.94827151  5610
0 EXPRESS AM-4
1 37798U 11045A   12006.84439712 -.00000638  00000-0 -52233-2 0  9998
2 37798 051.1271 215.6645 5845735 073.4682 340.5648 03.94824985  5657
0 EXPRESS AM-4
1 37798U 11045A   12007.85740461 -.00000863  00000-0 -69878-2 0  9999
2 37798 051.1318 215.1860 5844995 073.9093 340.3903 03.94820596  5691
0 EXPRESS AM-4
1 37798U 11045A   12008.87041878 -.00000857 +00000-0 -69553-2 0  9991
2 37798 051.1314 214.7042 5845036 074.2771 340.2455 03.94818780005736
0 EXPRESS AM-4
1 37798U 11045A   12009.88343364 -.00000841 +00000-0 -68463-2 0  9990
2 37798 051.1305 214.2219 5845019 074.6522 340.0957 03.94817105005775
0 EXPRESS AM-4
1 37798U 11045A   12010.89644937 -.00000810  00000-0 -66167-2 0  9998
2 37798 051.1297 213.7383 5845029 075.0301 339.9431 03.94815630  5812
0 EXPRESS AM-4
1 37798U 11045A   12010.89644938 -.00000800 +00000-0 -65369-2 0  9991
2 37798 051.1301 213.7390 5845092 075.0278 339.9445 03.94815740005816
0 EXPRESS AM-4
1 37798U 11045A   12011.90946627 -.00000725 +00000-0 -59554-2 0  9999
2 37798 051.1295 213.2572 5845314 075.3969 339.7955 03.94814827005855
0 EXPRESS AM-4
1 37798U 11045A   12012.16272159 -.00000720  00000-0 -59201-2 0  9994
2 37798 051.1290 213.1355 5845338 075.4892 339.7576 03.94814476  5860
0 EXPRESS AM-4
1 37798U 11045A   12012.92248234 -.00000638 +00000-0 -53025-2 0  9991
2 37798 051.1273 212.7737 5845361 075.7671 339.6437 03.94814177005890
0 EXPRESS AM-4
1 37798U 11045A   12013.42899352 -.00000525  00000-0 -44314-2 0  9996
2 37798 051.1275 212.5313 5845635 075.9289 339.5820 03.94814695  5914
0 EXPRESS AM-4
1 37798U 11045A   12013.93549796 -.00000479 +00000-0 -40833-2 0  9996
2 37798 051.1259 212.2889 5845682 076.1167 339.5017 03.94814584005938
0 EXPRESS AM-4
1 37798U 11045A   12014.94850645 -.00000444 +00000-0 -38383-2 0  9995
2 37798 051.1262 211.8019 5845275 076.4935 339.3399 03.94814777005975
0 EXPRESS AM-4
1 37798U 11045A   12015.20176077 -.00000440  00000-0 -38021-2 0  9990
2 37798 051.1260 211.6808 5845304 076.5875 339.3007 03.94814591  5985
0 EXPRESS AM-4
1 37798U 11045A   12015.70826020 -.00000262  00000-0 -24585-2 0  9997
2 37798 051.1252 211.4379 5845113 076.7513 339.2348 03.94816394  6000
0 EXPRESS AM-4
1 37798U 11045A   12015.96151004 -.00000255 +00000-0 -23997-2 0  9996
2 37798 051.1248 211.3166 5845159 076.8475 339.1907 03.94816339006016
0 EXPRESS AM-4
1 37798U 11045A   12016.72126161 -.00000166  00000-0 -17175-2 0  9999
2 37798 051.1270 210.9569 5844850 077.1276 339.0745 03.94817136  6041
0 EXPRESS AM-4
1 37798U 11045A   12017.48101777 -.00000139  00000-0 -14972-2 0  9991
2 37798 051.1279 210.5953 5844863 077.4153 338.9545 03.94817164  6074
0 EXPRESS AM-4
1 37798U 11045A   12017.73426749 -.00000122 +00000-0 -13671-2 0  9995
2 37798 051.1286 210.4755 5844737 077.5140 338.9117 03.94817274006086
0 EXPRESS AM-4
1 37798U 11045A   12018.49402248 -.00000115  00000-0 -12887-2 0  9997
2 37798 051.1279 210.1128 5844688 077.7983 338.7882 03.94817123  6115
0 EXPRESS AM-4
1 37798U 11045A   12018.74727475 -.00000094 +00000-0 -11291-2 0  9991
2 37798 051.1286 209.9932 5844561 077.8969 338.7497 03.94817277006120
0 EXPRESS AM-4
1 37798U 11045A   12019.76028079 -.00000078  00000-0 -96770-3 0  9996
2 37798 051.1288 209.5105 5844470 078.2738 338.5857 03.94817219  6166
0 EXPRESS AM-4
1 37798U 11045A   12020.77328852 -.00000062 +00000-0 -80864-3 0  9991
2 37798 051.1284 209.0278 5844456 078.6443 338.4249 03.94817202006200
0 EXPRESS AM-4
1 37798U 11045A   12021.53304739 -.00000073 +00000-0 -87190-3 0  9995
2 37798 051.1279 208.6652 5844497 078.9176 338.3056 03.94816956006239
0 EXPRESS AM-4
1 37798U 11045A   12022.79931583 -.00000127 +00000-0 -12521-2 0  9992
2 37798 051.1278 208.0612 5844486 079.3780 338.1047 03.94816112006289
0 EXPRESS AM-4
1 37798U 11045A   12023.81233208 -.00000164  00000-0 -15177-2 0  9996
2 37798 051.1280 207.5776 5844632 079.7449 337.9444 03.94815402  6320
0 EXPRESS AM-4
1 37798U 11045A   12024.82534663 -.00000184 +00000-0 -16694-2 0  9994
2 37798 051.1276 207.0938 5844704 080.1136 337.7811 03.94814786006363
0 EXPRESS AM-4
1 37798U 11045A   12025.33185344 -.00000308  00000-0 -26185-2 0  9993
2 37798 051.1259 206.8417 5844770 080.2728 337.7004 03.94813311  6383
0 EXPRESS AM-4
1 37798U 11045A   12025.83836806 -.00000293 +00000-0 -25175-2 0  9995
2 37798 051.1250 206.5994 5844777 080.4595 337.6282 03.94813144006406
0 EXPRESS AM-4
1 37798U 11045A   12026.85138061 -.00000249 +00000-0 -21978-2 0  9994
2 37798 051.1249 206.1170 5844850 080.8315 337.4617 03.94813020006449
0 EXPRESS AM-4
1 37798U 11045A   12027.35788867 -.00000224  00000-0 -20163-2 0  9993
2 37798 051.1255 205.8756 5844879 081.0128 337.3823 03.94813024  6462
0 EXPRESS AM-4
1 37798U 11045A   12027.86439045 -.00000180  00000-0 -16914-2 0  9990
2 37798 051.1241 205.6341 5844911 081.2067 337.2955 03.94813292  6480
0 EXPRESS AM-4
1 37798U 11045A   12028.87739540 -.00000119  00000-0 -12545-2 0  9993
2 37798 051.1228 205.1508 5844845 081.5863 337.1210 03.94813524  6524
0 EXPRESS AM-4
1 37798U 11045A   12029.89040039 +.00000009 +00000-0 -29705-3 0  9998
2 37798 051.1231 204.6678 5844801 081.9411 336.9606 03.94814674006562
0 EXPRESS AM-4
1 37798U 11045A   12030.39690449  .00000087  00000-0  28501-3 0  9999
2 37798 051.1239 204.4257 5844672 082.1128 336.8863 03.94815498  6586
0 EXPRESS AM-4
1 37798U 11045A   12030.90339912 +.00000141 +00000-0 +68853-3 0  9996
2 37798 051.1233 204.1829 5844615 082.2975 336.7958 03.94816131006602
0 EXPRESS AM-4
1 37798U 11045A   12031.40990190  .00000206  00000-0  11782-2 0  9993
2 37798 051.1232 203.9401 5844413 082.4725 336.7191 03.94816919  6620
0 EXPRESS AM-4
1 37798U 11045A   12031.91639634 +.00000252 +00000-0 +15275-2 0  9994
2 37798 051.1233 203.6972 5844272 082.6569 336.6291 03.94817574006642
0 EXPRESS AM-4
1 37798U 11045A   12032.92939399 +.00000286 +00000-0 +17837-2 0  9990
2 37798 051.1236 203.2130 5844228 083.0275 336.4573 03.94818348006682
0 EXPRESS AM-4
1 37798U 11045A   12033.43588999  .00000296  00000-0  18625-2 0  9990
2 37798 051.1232 202.9726 5844045 083.2176 336.3671 03.94818657  6708
0 EXPRESS AM-4
1 37798U 11045A   12033.94238796 +.00000306 +00000-0 +19353-2 0  9994
2 37798 051.1230 202.7302 5844055 083.4022 336.2809 03.94819008006722
0 EXPRESS AM-4
1 37798U 11045A   12034.95538064 +.00000348 +00000-0 +22558-2 0  9994
2 37798 051.1229 202.2456 5843989 083.7654 336.1098 03.94820026006769
0 EXPRESS AM-4
1 37798U 11045A   12035.96837330 +.00000323 +00000-0 +20566-2 0  9994
2 37798 051.1230 201.7634 5843955 084.1386 335.9325 03.94820304006807
0 EXPRESS AM-4
1 37798U 11045A   12036.47486967 +.00000294 +00000-0 +18363-2 0  9996
2 37798 051.1231 201.5227 5843965 084.3267 335.8423 03.94820253006828
0 EXPRESS AM-4
1 37798U 11045A   12037.48785900  .00000278  00000-0  17030-2 0  9999
2 37798 051.1228 201.0401 5843955 084.6978 335.6625 03.94820539  6867
0 EXPRESS AM-4
1 37798U 11045A   12037.74110670 +.00000277 +00000-0 +16980-2 0  9996
2 37798 051.1228 200.9193 5843940 084.7903 335.6186 03.94820644006876
0 EXPRESS AM-4
1 37798U 11045A   12038.75409305 +.00000273 +00000-0 +16554-2 0  9997
2 37798 051.1224 200.4363 5843874 085.1611 335.4373 03.94821017006919
0 EXPRESS AM-4
1 37798U 11045A   12039.76707574 +.00000296 +00000-0 +18308-2 0  9992
2 37798 051.1213 199.9513 5843834 085.5276 335.2564 03.94821736006955
0 EXPRESS AM-4
1 37798U 11045A   12040.78005505 +.00000253 +00000-0 +14934-2 0  9995
2 37798 051.1207 199.4654 5843977 085.9088 335.0687 03.94821953006991
0 EXPRESS AM-4
1 37798U 11045A   12041.53978771  .00000281  00000-0  17066-2 0  9993
2 37798 051.1210 199.1041 5843932 086.1867 334.9307 03.94822615  7029
0 EXPRESS AM-4
1 37798U 11045A   12041.79302889 +.00000312 +00000-0 +19381-2 0  9999
2 37798 051.1204 198.9817 5844078 086.2833 334.8826 03.94823175007034
0 EXPRESS AM-4
1 37798U 11045A   12042.80599547  .00000379  00000-0  24616-2 0  9991
2 37798 051.1195 198.4975 5843932 086.6530 334.6960 03.94824682  7074
0 EXPRESS AM-4
1 37798U 11045A   12042.80599547 +.00000379 +00000-0 +24616-2 0  9991
2 37798 051.1195 198.4975 5843932 086.6530 334.6960 03.94824682007074
0 EXPRESS AM-4
1 37798U 11045A   12043.81896145  .00000433  00000-0  29052-2 0  9997
2 37798 051.1181 198.0152 5843772 087.0288 334.5108 03.94826100  7114
0 EXPRESS AM-4
1 37798U 11045A   12043.81896145 +.00000433 +00000-0 +29052-2 0  9997
2 37798 051.1181 198.0152 5843772 087.0288 334.5108 03.94826100007114
0 EXPRESS AM-4
1 37798U 11045A   12044.83191471  .00000493  00000-0  34029-2 0  9996
2 37798 051.1170 197.5328 5843522 087.4018 334.3144 03.94827683  7158
0 EXPRESS AM-4
1 37798U 11045A   12044.83191471 +.00000493 +00000-0 +34029-2 0  9996
2 37798 051.1170 197.5328 5843522 087.4018 334.3144 03.94827683007158
0 EXPRESS AM-4
1 37798U 11045A   12045.33838902  .00000661  00000-0  47417-2 0  9991
2 37798 051.1130 197.2845 5843141 087.5651 334.2302 03.94830372  7172
0 EXPRESS AM-4
1 37798U 11045A   12045.84486351 +.00000667 +00000-0 +48102-2 0  9992
2 37798 051.1128 197.0430 5843100 087.7518 334.1322 03.94831112007192
0 EXPRESS AM-4
1 37798U 11045A   12046.85781309 +.00000670 +00000-0 +48872-2 0  9993
2 37798 051.1126 196.5598 5842998 088.1239 333.9402 03.94832496007235
0 EXPRESS AM-4
1 37798U 11045A   12047.87075917 +.00000665 +00000-0 +49008-2 0  9993
2 37798 051.1124 196.0765 5842909 088.4941 333.7476 03.94833797007277
0 EXPRESS AM-4
1 37798U 11045A   12048.88370424 +.00000641 +00000-0 +47549-2 0  9998
2 37798 051.1127 195.5928 5842893 088.8617 333.5551 03.94834857007316
0 EXPRESS AM-4
1 37798U 11045A   12049.39017461  .00000625  00000-0  46424-2 0  9997
2 37798 051.1126 195.3510 5842900 089.0440 333.4565 03.94835313  7330
0 EXPRESS AM-4
1 37798U 11045A   12049.89664799 +.00000602 +00000-0 +44799-2 0  9992
2 37798 051.1130 195.1090 5842888 089.2284 333.3617 03.94835682007357
0 EXPRESS AM-4
1 37798U 11045A   12050.40312053  .00000556  00000-0  41358-2 0  9990
2 37798 051.1124 194.8677 5842796 089.4094 333.2628 03.94835762  7378
0 EXPRESS AM-4
1 37798U 11045A   12050.90959041 +.00000547 +00000-0 +40643-2 0  9995
2 37798 051.1131 194.6266 5842781 089.5946 333.1659 03.94836204007396
0 EXPRESS AM-4
1 37798U 11045A   12051.92252906 +.00000494 +00000-0 +36529-2 0  9993
2 37798 051.1135 194.1453 5842616 089.9608 332.9683 03.94836660007434
0 EXPRESS AM-4
1 37798U 11045A   12052.93545928 +.00000485 +00000-0 +35696-2 0  9998
2 37798 051.1136 193.6585 5842600 090.3421 332.7627 03.94837146007477
0 EXPRESS AM-4
1 37798U 11045A   12053.69515635  .00000487  00000-0  35696-2 0  9996
2 37798 051.1132 193.2969 5842538 090.6194 332.6123 03.94837848  7508
0 EXPRESS AM-4
1 37798U 11045A   12054.70808263 +.00000476 +00000-0 +34630-2 0  9996
2 37798 051.1132 192.8161 5842507 090.9936 332.4094 03.94838677007540
0 EXPRESS AM-4
1 37798U 11045A   12055.72100144  .00000549  00000-0  39994-2 0  9991
2 37798 051.1134 192.3341 5842667 091.3717 332.2083 03.94840546  7584
0 EXPRESS AM-4
1 37798U 11045A   12056.73390604  .00000630  00000-0  46156-2 0  9994
2 37798 051.1125 191.8510 5842616 091.7464 331.9976 03.94842641  7623
0 EXPRESS AM-4
1 37798U 11045A   12057.74680755  .00000875  00000-0  65665-2 0  9992
2 37798 051.1094 191.3675 5841784 092.0696 331.8198 03.94847112  7668
0 EXPRESS AM-4
1 37798U 11045A   12058.75969954  .00000050  00000-0  10000-3 0  9994
2 37798 051.1072 190.8811 5841566 092.4673 331.6970 03.94869509  7690
0 EXPRESS AM-4
1 37798U 11045A   12061.54477328  .00011693  00000-0  92051-1 0  9993
2 37798 051.1426 189.5583 5840633 093.4570 331.0449 03.94927282  7817
0 EXPRESS AM-4
1 37798U 11045A   12065.84912407  .00000056  00000-0  10000-3 0  9999
2 37798 051.1136 187.5065 5838952 095.0009 332.2861 03.95116048  7984
0 EXPRESS AM-4
1 37798U 11045A   12066.35365172  .00000058  00000-0  10000-3 0  9999
2 37798 051.1197 187.2974 5839066 095.2523 329.9446 03.95123207  8008
0 EXPRESS AM-4
1 37798U 11045A   12066.60670132  .00000058  00000-0  10000-3 0  9992
2 37798 051.1227 187.1812 5838903 095.3322 329.9012 03.95124419  8015
0 EXPRESS AM-4
1 37798U 11045A   12066.60670132 +.00000058 +00000-0 +10000-3 0  9992
2 37798 051.1227 187.1812 5838903 095.3322 329.9012 03.95124419008015
0 EXPRESS AM-4
1 37798U 11045A   12069.64323081  .00000062  00000-0  10000-3 0  9992
2 37798 051.1234 185.7036 5838721 096.4003 330.1979 03.95283297  8130
0 EXPRESS AM-4
1 37798U 11045A   12069.89550808  .00000062  00000-0  10000-3 0  9998
2 37798 051.1243 185.5843 5839029 096.4839 329.2024 03.95285386  8145
0 EXPRESS AM-4
1 37798U 11045A   12071.66573587  .00000057  00000-0  10000-3 0  9999
2 37798 051.1129 184.7609 5846820 096.9826 328.9773 03.95358547  8212
0 EXPRESS AM-4
1 37798U 11045A   12074.44755778  .00025438  00000-0  20259+0 0  9995
2 37798 051.1144 183.4019 5834097 098.1697 330.4149 03.95648765  8324
0 EXPRESS AM-4
1 37798U 11045A   12075.70933907  .00031901  00000-0  25341+0 0  9996
2 37798 051.1441 182.8068 5833753 098.6211 327.8348 03.95735162  8370
0 EXPRESS AM-4
1 37798U 11045A   12079.75093166  .00025305  00000-0  20259+0 0  9993
2 37798 051.1149 180.8667 5831231 100.1086 327.5220 03.95967603  8537
0 EXPRESS AM-4
1 37798U 11045A   12080.00292631  .00025294  00000-0  20259+0 0  9998
2 37798 051.1149 180.7462 5831093 100.2008 326.7455 03.95980127  8548
0 EXPRESS AM-4
1 37798U 11045A   12080.50789368  .00025325  00000-0  20259+0 0  9996
2 37798 051.1216 180.5172 5830910 100.3797 326.6781 03.96019765  8567
0 EXPRESS AM-4
1 37798U 11045A   12081.01277251  .00025207  00000-0  20259+0 0  9995
2 37798 051.1197 180.2800 5830232 100.5218 326.5165 03.96048267  8583
0 EXPRESS AM-4
1 37798U 11045A   12081.26521891  .00025337  00000-0  20259+0 0  9998
2 37798 051.1143 180.1674 5830539 100.6419 326.4865 03.96074124  8594
0 EXPRESS AM-4
1 37798U 11045A   12081.77003121 +.00025327 +00000-0 +20259-0 0  9995
2 37798 051.1146 179.9247 5830299 100.8337 326.3111 03.96100690008617
0 EXPRESS AM-4
1 37798U 11045A   12082.03875067  .00025236  00000-0  20259+0 0  9999
2 37798 051.1154 179.7963 5829791 100.9222 349.5186 03.96120698  8628
0 EXPRESS AM-4
1 37798U 11045A   12082.27482370  .00025193  00000-0  20259+0 0  9998
2 37798 051.1174 179.6830 5829494 100.9961 326.1926 03.96138212  8637
0 EXPRESS AM-4
1 37798U 11045A   12082.77958864 +.00025191 +00000-0 +20259-0 0  9998
2 37798 051.1175 179.4381 5829290 101.1842 326.0643 03.96164055008653
0 EXPRESS AM-4
1 37798U 11045A   12083.04875576  .00025250  00000-0  20259+0 0  9992
2 37798 051.1177 179.3043 5829407 101.2796 349.9599 03.96178442  8668
0 EXPRESS AM-4
1 37798U 11045A   12083.78900866  .00025155  00000-0  20259+0 0  9998
2 37798 051.1152 178.9571 5828742 101.5561 325.8087 03.96217955  8697
0 EXPRESS AM-4
1 37798U 11045A   12084.29363574  .00024983  00000-0  20259+0 0  9992
2 37798 051.1205 178.7133 5827771 101.7216 325.6810 03.96257531  8717
0 EXPRESS AM-4
1 37798U 11045A   12084.29366957  .00024870  00000-0  20259+0 0  9995
2 37798 051.1144 178.7171 5827348 101.7588 325.7095 03.96254344  8718
0 EXPRESS AM-4
1 37798U 11045A   12084.54593429  .00025030  00000-0  20259+0 0  9998
2 37798 051.1207 178.5931 5827858 101.8449 325.6010 03.96270683  8724
0 EXPRESS AM-4
1 37798U 11045A   12084.79823383 +.00025015 +00000-0 +20259-0 0  9994
2 37798 051.1205 178.4725 5827703 101.9374 325.5323 03.96283309008735
0 EXPRESS AM-4
1 37798U 11045A   12085.05052763  .00025151  00000-0  20259+0 0  9990
2 37798 051.1245 178.3449 5828166 102.0433 325.4599 03.96293069  8742
0 EXPRESS AM-4
1 37798U 11045A   12085.30281836  .00024870  00000-0  20259+0 0  9990
2 37798 051.1173 178.2215 5826753 102.1277 325.4888 03.96334517  8755
