1 64785U 25148B   25194.35447014 -.00000357  00000-0  00000+0 0  9994
2 64785  24.2225 199.3062 8243344 180.3462  53.6135  1.19749687    06
1 64785U 25148B   25194.35447014 -.00000357  00000-0  00000+0 0  9994
2 64785  24.2225 199.3062 8243344 180.3462  53.6135  1.19749687    06
1 64785U 25148B   25194.37243076  .00004525 -36929-4  00000+0 0  9992
2 64785  24.1369 199.4561 8287995 179.1130  62.6854  1.22751689    04
1 64785U 25148B   25194.57058903 -.00000354  00000-0  00000+0 0  9990
2 64785  24.2218 199.2665 8243401 180.4154 146.7791  1.19749633    02
1 64785U 25148B   25194.70547699 -.00001371  13459-5  00000+0 0  9997
2 64785  24.2242 199.2265 8239362 180.4148 205.8732  1.20298853    06
