1 12902U 81102  E 81286.28714232  .00000319 +00000-0 +99999-4 0  9992
2 12902 047.3860 281.2741 7282785 000.7874 000.2032 02.26905441000093
1 12902U 81102  E 81295.09920284  .00000362 +00000-0 +99999-4 0  9995
2 12902 047.3583 278.8217 7285504 003.1378 000.1185 02.26993537000296
1 12902U 81102  E 81311.39769450  .00007736 +00000-0 +01502-3 0  9997
2 12902 047.2799 274.3034 7288060 007.5048 006.0353 02.27233481000663
1 12902U 81102  E 81314.02928671  .00007740 +00000-0 +00374-3 0  9993
2 12902 047.2721 273.5531 7288811 008.2196 358.9675 02.27273631000721
1 12902U 81102  E 81314.90913115  .00008240 +00000-0 +09872-3 0  9995
2 12902 047.2797 273.3323 7290358 008.3990 358.9400 02.27294278000741
1 12902U 81102  E 81316.22889023  .00008599 +00000-0 +00637-3 0  9999
2 12902 047.2658 272.9427 7290253 008.7770 358.9420 02.27320242000777
1 12902U 81102  E 81317.98829436  .00009137 +00000-0 +02578-3 0  9990
2 12902 047.2626 272.4451 7289413 009.2920 358.9001 02.27356148000817
1 12902U 81102  E 81320.18717807  .00009391 +00000-0 +02940-3 0  9999
2 12902 047.2508 271.8148 7289290 009.9104 358.8363 02.27399325000865
1 12902U 81102  E 81321.06658921  .00009520 +00000-0 +01621-3 0  9997
2 12902 047.2516 271.5839 7290538 010.1093 358.7899 02.27417159000887
1 12902U 81102  E 81321.94596650  .00010139 +00000-0 +01991-3 0  9992
2 12902 047.2331 271.3074 7291207 010.3653 358.8476 02.27442670000900
1 12902U 81102  E 81325.90191079  .00011347 +00000-0 +02179-3 0  9999
2 12902 047.2183 270.2291 7292374 011.4156 358.6628 02.27537322000995
1 12902U 81102  E 81328.09897804  .00011251 +00000-0 +08337-3 0  9997
2 12902 047.2045 269.6409 7295192 011.9422 358.5308 02.27585053001042
1 12902U 81102  E 81328.97773687  .00011266 +00000-0 +09017-3 0  9998
2 12902 047.1997 269.3859 7294428 012.2049 358.5350 02.27604795001067
1 12902U 81102  E 81329.85638312  .00011141 +00000-0 +08754-3 0  9990
2 12902 047.2016 269.1185 7294324 012.4605 358.5010 02.27623200001082
1 12902U 81102  E 81330.29569128  .00011210 +00000-0 +08776-3 0  9999
2 12902 047.1978 268.9801 7294327 012.5900 358.5057 02.27633786001094
1 12902U 81102  E 81331.61346336  .00011348 +00000-0 +09369-3 0  9991
2 12902 047.1934 268.6302 7293750 012.9505 358.4874 02.27664971001123
1 12902U 81102  E 81332.93105233  .00011636 +00000-0 +07499-3 0  9998
2 12902 047.2012 268.2342 7295653 013.2800 358.4695 02.27698231001157
1 12902U 81102  E 81333.80929507  .00012168 +00000-0 +08949-3 0  9995
2 12902 047.2042 267.9922 7294865 013.5419 358.4370 02.27723646001174
1 12902U 81102  E 81335.12656188  .00012289 +00000-0 +08438-3 0  9991
2 12902 047.1816 267.6050 7295234 013.8920 358.4216 02.27756333001204
1 12902U 81102  E 81335.56559932  .00012703 +00000-0 +01133-3 0  9994
2 12902 047.1706 267.4987 7293355 014.0253 358.4384 02.27771640001218
1 12902U 81102  E 81336.88253184  .00013153 +00000-0 +01229-3 0  9996
2 12902 047.1759 267.1188 7293592 014.3979 358.3850 02.27807713001248
1 12902U 81102  E 81337.32145559  .00013243 +00000-0 +00629-3 0  9995
2 12902 047.1727 266.9868 7294100 014.4922 358.3688 02.27820039001256
1 12902U 81102  E 81339.07697192  .00013249 +00000-0 +09762-3 0  9997
2 12902 047.1614 266.4815 7294461 014.9928 358.3040 02.27866149001297
1 12902U 81102  E 81339.95459308  .00013671 +00000-0 +08852-3 0  9997
2 12902 047.1744 266.2432 7295532 015.2224 358.3468 02.27895403001319
1 12902U 81102  E 81343.90185674  .00016122 +00000-0 +01960-3 0  9996
2 12902 047.1600 265.1088 7294548 016.3103 358.2214 02.28045869001401
1 12902U 81102  E 81346.09340457  .00018787 +00000-0 +03608-3 0  9991
2 12902 047.1194 264.4670 7294973 016.9425 358.2121 02.28157902001457
1 12902U 81102  E 81347.84614709  .00020689 +00000-0 +06285-3 0  9997
2 12902 047.1105 263.9593 7294149 017.4044 358.1508 02.28239989001493
1 12902U 81102  E 81353.09951558  .00025915 +00000-0 +04957-3 0  9998
2 12902 047.0981 262.4535 7296022 018.8447 358.0039 02.28543401001617
1 12902U 81102  E 81355.28655199  .00025938 +00000-0 +04520-3 0  9994
2 12902 047.1006 261.8248 7295398 019.4670 357.8404 02.28655791001664
1 12902U 81102  E 81356.16111340  .00025695 +00000-0 +04324-3 0  9999
2 12902 047.1060 261.5705 7295046 019.7226 357.7743 02.28697181001685
1 12902U 81102  E 81356.16116338  .00025704 +00000-0 +04267-3 0  9998
2 12902 047.0978 261.5771 7295085 019.7193 357.8165 02.28697324001689
1 12902U 81102  E 81360.96815966  .00038809 +05465-5 +04945-3 0  9992
2 12902 047.0670 260.1514 7295597 021.0279 358.0395 02.29002547001795
1 12902U 81102  E 82002.94818008  .00049688 -45905-4 +26152-2 0  9997
2 12902 047.0682 258.1040 7294051 022.9993 000.1293 02.29609004001957
1 12902U 81102  E 82007.73113011  .00056619 -46060-4 +26747-2 0  9996
2 12902 047.0319 256.7226 7291821 024.3459 357.9334 02.30094731002068
1 12902U 81102  E 82009.03386338  .00061688 -46090-4 +28697-2 0  9996
2 12902 047.0261 256.3390 7290821 024.7202 357.4927 02.30262365002097
1 12902U 81102  E 82020.71624341  .00079354 -46492-4 +26497-2 0  9994
2 12902 047.0198 252.9134 7281557 028.0424 357.9956 02.31975992002368
1 12902U 81102  E 82023.72960300  .00116120 -46453-4 +32893-2 0  9993
2 12902 047.0092 252.0183 7278716 028.9042 357.8021 02.32610409002434
1 12902U 81102  E 82085.56978496  .26204664 -41341-4 +19999-1 0  9999
2 12902 046.7501 231.6521 7003258 048.8700 353.1103 02.72375085004033
1 12902U 81102  E 82085.56980371  .25763340 -41399-4 +19972-1 0  9998
2 12902 046.7504 231.6512 7003250 048.8709 353.1292 02.72355440004039
1 12902U 81102  E 82085.56980396  .01142510 -40000-4 +84197-3 0  9990
2 12902 046.7515 231.6544 6954769 048.6296 352.9983 02.78999775003915
1 12902U 81102  E 82093.55262150  .01767948 -36747-4 +10658-2 0  9990
2 12902 046.7525 228.4698 6802207 051.7571 353.9317 03.00348367004149
1 12902U 81102  E 82094.54358269  .02061109 -35774-4 +10658-2 0  9993
2 12902 046.7624 228.1444 6765384 052.1057 352.0470 03.05745479004176
1 12902U 81102  E 82098.40031876  .01840927 -33982-4 +89296-3 0  9990
2 12902 046.6702 226.3873 6678342 053.6598 351.0341 03.18166670004294
1 12902U 81102  E 82099.64608797  .00775193 -33181-4 +31002-3 0  9993
2 12902 046.7372 225.8131 6635057 054.2629 351.0360 03.24673747004338
1 12902U 81102  E 82100.26176240  .03126197 -32743-4 +14331-2 0  9992
2 12902 046.6867 225.5953 6615040 054.4683 352.2936 03.27323670004351
