1 29462U 89039DG  10158.06921027 -.00000048  00000-0  00000+0 0  9996
2 29462 065.3192 185.2010 3797958 303.7319 025.7614 07.74414884 81610
1 29462U 89039DG  10171.98635228 -.00000052  00000-0  00000+0 0  9992
2 29462 065.3151 172.2284 3710202 301.5778 027.3823 07.91469498 82695
1 29462U 89039DG  10172.99718593  .00333874  00000-0  29643-1 0  9997
2 29462 065.3134 171.2777 3714110 301.2718 030.0239 07.92475675 82771
1 29462U 89039DG  10172.99718593  .00333874  00000-0  29643-1 0  9997
2 29462 065.3134 171.2777 3714110 301.2718 030.0239 07.92475675 82771
1 29462U 89039DG  10172.99718593  .00333874  00000-0  29643-1 0  9997
2 29462 065.3134 171.2777 3714110 301.2718 030.0239 07.92475675 82771
1 29462U 89039DG  10172.99718593 +.00333874 +00000-0 +29643-1 0  9997
2 29462 065.3134 171.2777 3714110 301.2718 030.0239 07.92475675082771
1 29462U 89039DG  10172.99718593 +.00333874 +00000-0 +29643-1 0  9997
2 29462 065.3134 171.2777 3714110 301.2718 030.0239 07.92475675082771
