1 07096U 74002  A 74019.29181640  .00000002 +00000-0 +00000-0 0  9999
2 07096 026.5484 105.1667 6698837 031.5090 355.1827 02.55961394000009
1 07096U 74002  A 74020.74822024  .46187153 +00000-0 +00000-0 0  9992
2 07096 037.5984 317.0655 2035970 170.6558 193.8828 11.84240913000197
1 07096U 74002  A 74021.64419851  .46252283 +00000-0 +00000-0 0  9999
2 07096 037.6520 313.8609 1633040 174.2412 187.9799 12.67150593000329
1 07096U 74002  A 74023.87265148  .44583172 +00000-0 +00000-0 0  9996
2 07096 037.5016 304.8923 1264107 184.0578 174.8944 13.50773621000483
1 07096U 74002  A 74024.16444774  .44583172 +00000-0 +00000-0 0  9993
2 07096 037.5078 303.5316 1162227 186.9849 171.3266 13.82996082000522
