1 12396U 81027  D 81100.66925622  .00004645 +00000-0 +16556-2 0  9991
2 12396 047.3403 248.6829 7324439 005.8840 359.8938 02.22120410000515
1 12396U 81027  D 81107.42029684  .00007359 +00000-0 +22893-2 0  9991
2 12396 047.3105 246.8680 7326531 007.6289 359.5626 02.22223751000660
1 12396U 81027  D 81110.56914640  .00006654 +00000-0 +19623-2 0  9999
2 12396 047.2965 246.0018 7327267 008.4615 358.8392 02.22260471000739
1 12396U 81027  D 81111.46904576  .00006750 +00000-0 +19970-2 0  9998
2 12396 047.3017 245.7532 7327100 008.7069 358.9147 02.22273609000755
1 12396U 81027  D 81121.36288156  .00008048 +00000-0 +19459-2 0  9991
2 12396 047.2826 243.0678 7329701 011.2925 358.8426 02.22437105000979
1 12396U 81027  D 81125.40805318  .00008313 +00000-0 +19102-2 0  9995
2 12396 047.2635 241.9491 7330094 012.3736 358.6290 02.22506015001061
1 12396U 81027  D 81129.45170566  .00009357 +00000-0 +19403-2 0  9997
2 12396 047.2402 240.8270 7331291 013.4374 358.4932 02.22591963001153
1 12396U 81027  D 81134.39227928  .00013280 +00000-0 +23531-2 0  9998
2 12396 047.2273 239.4643 7332806 014.7467 359.2269 02.22753152001261
1 12396U 81027  D 81135.28894382  .00013326 +00000-0 +23278-2 0  9990
2 12396 047.2241 239.2151 7332854 014.9778 358.3226 02.22777594001289
1 12396U 81027  D 81135.28895782  .00013326 +00000-0 +23335-2 0  9999
2 12396 047.2238 239.2161 7332812 014.9776 358.3340 02.22777596001287
1 12396U 81027  D 81139.32766656  .00017018 +00000-0 +27389-2 0  9990
2 12396 047.2120 238.0871 7333114 016.0524 358.4715 02.22920607001372
1 12396U 81027  D 81142.46672624  .00017215 +00000-0 +25255-2 0  9999
2 12396 047.2089 237.2177 7333741 016.8653 358.2728 02.23032292001448
1 12396U 81027  D 81143.36330363  .00017701 +00000-0 +25510-2 0  9994
2 12396 047.2068 236.9682 7333766 017.1066 358.2059 02.23065309001465
1 12396U 81027  D 81144.25979775  .00018004 +00000-0 +25323-2 0  9998
2 12396 047.2071 236.7230 7333891 017.3454 358.1826 02.23098791001482
1 12396U 81027  D 81148.29241128  .00019555 +00000-0 +25311-2 0  9999
2 12396 047.1929 235.5957 7333938 018.4334 358.1739 02.23257831001572
1 12396U 81027  D 81151.42669334  .00019475 +00000-0 +23071-2 0  9993
2 12396 047.1882 234.7253 7334375 019.2644 357.9181 02.23374200001645
1 12396U 81027  D 81153.21704776  .00022564 +00000-0 +25872-2 0  9996
2 12396 047.1657 234.2019 7334171 019.8002 357.9312 02.23463308001686
1 12396U 81027  D 81162.60224268  .00049361 -47397-4 +36648-2 0  9994
2 12396 047.1366 231.5551 7332943 022.3202 357.6719 02.24147421001897
