1 23658U 95043  B 95333.97942438  .00000579 +00000-0 +62976-3 0  9998
2 23658 023.0267 157.0761 8567547 202.3351 062.3675 00.87824826000005
1 23658U 95043  B 95335.11612834  .00000889 +00000-0 +63764-3 0  9990
2 23658 023.0153 156.9418 8567677 202.5552 061.7585 00.87827798000010
1 23658U 95043  B 95343.06616681  .00000479 +00000-0 +34635-3 0  9997
2 23658 023.0123 155.8803 8571280 204.5760 055.5129 00.87843679000089
1 23658U 95043  B 95343.06812456  .00001202 -95435-6 +30852-3 0  9990
2 23658 023.0278 155.8519 8571830 204.6577 056.1315 00.87843480000086
1 23658U 95043  B 95346.47352114  .00004197 +00000-0 +19904-2 0  9995
2 23658 022.9619 155.4679 8571303 205.2771 052.9710 00.87853372000112
1 23658U 95043  B 95347.61202134  .00000739 +32229-5 +10000-2 0  9997
2 23658 022.9550 155.2195 8574293 205.6891 053.0505 00.87857525000124
1 23658U 95043  B 95351.01816958  .00000949 -39180-6 +10000-4 0  9991
2 23658 022.9262 154.8162 8576750 206.4500 050.1536 00.87853039000150
1 23658U 95043  B 95362.38180908 -.00001458 +19009-5 +10000-4 0  9995
2 23658 022.8428 153.1867 8579812 209.2573 044.4889 00.87868723000254
1 23658U 95043B   95362.38180908 -.00001458 +19009-5 +10000-4 0  9995
2 23658 022.8428 153.1867 8579812 209.2573 044.4889 00.87868723000254
1 23658U 95043  B 95362.38196551 -.00001484 +18998-5 +10000-4 0  9991
2 23658 022.8913 153.0813 8578190 209.3834 043.7594 00.87847762000257
