0 TBA - TO BE ASSIGNED
1 44563U 10041AJ  19273.52250386  .00000178  00000-0  52931-3 0  9990
2 44563  65.5329 276.9313 5581465  34.0402 351.6793  4.41578248   762
0 SL-12 DEB
1 44563U 10041AJ  19274.20185508  .00000976  00000-0  32987-2 0  9993
2 44563  65.5860 276.7546 5580419  34.1388 351.6469  4.41589100   792
0 SL-12 DEB
1 44563U 10041AJ  19275.10767955 +.00001028 +00000-0 +34681-2 0  9997
2 44563 065.5868 276.4176 5580869 034.0766 351.6615 04.41591206000832
0 SL-12 DEB
1 44563U 10041AJ  19278.27789036  .00000056  00000-0  64513-4 0  9991
2 44563  65.6346 275.1938 5589645  33.7227 351.7808  4.41625736   971
0 SL-12 DEB
1 44563U 10041AJ  19280.08942034 -.00000297  00000-0 -99552-3 0  9991
2 44563  65.6722 274.5548 5595924  33.5546 351.8466  4.41623107  1059
0 SL-12 DEB
1 44563U 10041AJ  19282.12731948  .00000638  00000-0  15764-2 0  9997
2 44563  65.7052 273.8105 5600167  33.3822 351.9046  4.41655105  1146
0 SL-12 DEB
1 44563U 10041AJ  19283.03304304 -.00004296  00000-0 -11771-1 0  9999
2 44563  65.7135 273.4987 5600597  33.3348 351.9168  4.41638037  1186
0 SL-12 DEB
1 44563U 10041AJ  19284.16511686  .00007623  00000-0  19895-1 0  9997
2 44563  65.7302 273.0862 5602662  33.2484 351.9423  4.41681991  1232
0 SL-12 DEB
1 44563U 10041AJ  19285.52359207  .00003700  00000-0  90643-2 0  9990
2 44563  65.7587 272.5986 5607337  33.1359 351.9803  4.41683083  1294
0 SL-12 DEB
1 44563U 10041AJ  19285.97639871  .00006674  00000-0  16221-1 0  9999
2 44563  65.7634 272.4351 5608317  33.1018 351.9901  4.41695889  1312
0 SL-12 DEB
1 44563U 10041AJ  19286.20280343 -.00002989 +00000-0 -72444-2 0  9999
2 44563 065.7766 272.3564 5609961 033.0787 352.0000 04.41696260001328
0 SL-12 DEB
1 44563U 10041AJ  19286.20280743  .00000971  00000-0  22547-2 0  9999
2 44563  65.7779 272.3614 5609344  33.0816 351.9974  4.41691948  1322
0 SL-12 DEB
1 44563U 10041AJ  19287.10839824  .00003147  00000-0  73434-2 0  9998
2 44563  65.7819 272.0236 5611091  33.0109 352.0171  4.41705966  1362
0 SL-12 DEB
1 44563U 10041AJ  19288.46675055  .00005792  00000-0  12724-1 0  9994
2 44563  65.8079 271.5315 5616005  32.8986 352.0558  4.41729541  1424
0 SL-12 DEB
1 44563U 10041AJ  19288.46675122 +.00006267 +00000-0 +13887-1 0  9998
2 44563 065.8071 271.5316 5615376 032.9031 352.0528 04.41729138001428
0 SL-12 DEB
1 44563U 10041AJ  19289.37228387  .00007357  00000-0  15606-1 0  9998
2 44563  65.8261 271.2097 5618620  32.8272 352.0798  4.41744336  1463
0 SL-12 DEB
1 44563U 10041AJ  19289.37228730 +.00004638 +00000-0 +96824-2 0  9991
2 44563 065.8368 271.2203 5619621 032.8446 352.0782 04.41744335001467
0 SL-12 DEB
1 44563U 10041AJ  19289.37228730  .00004638  00000-0  96824-2 0  9991
2 44563  65.8368 271.2203 5619621  32.8446 352.0782  4.41744335  1467
0 SL-12 DEB
1 44563U 10041AJ  19289.37228749 +.00006275 +00000-0 +13125-1 0  9992
2 44563 065.8368 271.2204 5619627 032.8439 352.0785 04.41744831001460
0 SL-12 DEB
1 44563U 10041AJ  19289.37228749  .00006275  00000-0  13125-1 0  9992
2 44563  65.8368 271.2204 5619627  32.8439 352.0785  4.41744831  1460
0 SL-12 DEB
1 44563U 10041AJ  19292.31502730  .00009021  00000-0  17091-1 0  9993
2 44563  65.8612 270.1403 5626488  32.5987 352.1617  4.41794736  1597
0 SL-12 DEB
1 44563U 10041AJ  19294.35210350  .00013374  00000-0  23880-1 0  9992
2 44563  65.8918 269.4362 5630532  32.4489 352.2143  4.41843448  1682
0 SL-12 DEB
1 44563U 10041AJ  19295.03106595  .00017046  00000-0  29703-1 0  9993
2 44563  65.9020 269.1896 5632206  32.3933 352.2333  4.41870857  1718
0 SL-12 DEB
1 44563U 10041AJ  19295.48368801  .00010678  00000-0  18108-1 0  9993
2 44563  65.9053 268.9883 5633848  32.4386 352.2257  4.41877099  1735
0 SL-12 DEB
1 44563U 10041AJ  19297.06775856  .00015345  00000-0  24231-1 0  9991
2 44563  65.9263 268.4080 5638781  32.3146 352.2668  4.41931927  1801
0 SL-12 DEB
1 44563U 10041AJ  19298.42538457  .00041080  00000-0  58216-1 0  9991
2 44563  65.9490 267.9185 5646040  32.2172 352.3051  4.42004011  1867
0 SL-12 DEB
1 44563U 10041AJ  19299.10406354  .00029117  00000-0  40196-1 0  9992
2 44563  65.9549 267.6673 5647393  32.1677 352.3175  4.42063712  1895
0 SL-12 DEB
1 44563U 10041AJ  19299.33027806  .00022612  00000-0  31745-1 0  9991
2 44563  65.9630 267.5965 5646261  32.2458 352.2929  4.42060985  1907
0 SL-12 DEB
1 44563U 10041AJ  19300.00888354  .00043561  00000-0  58963-1 0  9998
2 44563  65.9673 267.3362 5648389  32.1852 352.3106  4.42122237  1933
0 SL-12 DEB
1 44563U 10041AJ  19300.91354977 +.00034938 +00000-0 +44714-1 0  9994
2 44563 065.9768 266.9977 5651628 032.1260 352.3308 04.42195813001976
0 SL-12 DEB
1 44563U 10041AJ  19301.13970556  .00035664  00000-0  44968-1 0  9994
2 44563  65.9799 266.9136 5652612  32.0871 352.3427  4.42196164  1981
0 SL-12 DEB
1 44563U 10041AJ  19303.85292458 +.00042644 +00000-0 +45994-1 0  9999
2 44563 066.0071 265.9182 5661206 031.8789 352.4181 04.42407531002106
0 SL-12 DEB
1 44563U 10041AJ  19304.07902370  .00031656  00000-0  34791-1 0  9999
2 44563  66.0162 265.8354 5660251  31.9028 352.4098  4.42372283  2116
0 SL-12 DEB
1 44563U 10041AJ  19305.20919114  .00029895  00000-0  31954-1 0  9999
2 44563  66.0196 265.4130 5661414  31.8213 352.4364  4.42452957  2166
0 SL-12 DEB
1 44563U 10041AJ  19305.88720798 +.00028946 +00000-0 +29771-1 0  9991
2 44563 066.0243 265.1618 5663505 031.7734 352.4562 04.42493883002193
0 SL-12 DEB
1 44563U 10041AJ  19306.11320261  .00026817  00000-0  27605-1 0  9998
2 44563  66.0252 265.0760 5663368  31.7545 352.4611  4.42503538  2203
0 SL-12 DEB
1 44563U 10041AJ  19307.01710219  .00033047  00000-0  32379-1 0  9991
2 44563  66.0336 264.7403 5665981  31.6859 352.4877  4.42565005  2241
0 SL-12 DEB
1 44563U 10041AJ  19307.46897110  .00050275  00000-0  47774-1 0  9993
2 44563  66.0375 264.5719 5667429  31.6542 352.5005  4.42630695  2264
0 SL-12 DEB
1 44563U 10041AJ  19308.37264298  .00040340  00000-0  36455-1 0  9995
2 44563  66.0480 264.2360 5670004  31.6092 352.5197  4.42691459  2305
0 SL-12 DEB
1 44563U 10041AJ  19309.05027209  .00056069  00000-0  47375-1 0  9998
2 44563  66.0555 263.9850 5673479  31.5521 352.5437  4.42770077  2337
0 SL-12 DEB
1 44563U 10041AJ  19309.27610563  .00068888  00000-0  56044-1 0  9998
2 44563  66.0631 263.9030 5675232  31.5713 352.5435  4.42839783  2343
0 SL-12 DEB
1 44563U 10041AJ  19309.27611877 -.01079073  00000-0 -90501+0 0  9992
2 44563  66.0676 263.8912 5675248  31.6072 352.5635  4.42585929  2348
0 SL-12 DEB
1 44563U 10041AJ  19318.95336970  .00452522  00000-0  15565+0 0  9993
2 44563  66.1269 260.2576 5691021  30.9847 352.7318  4.47159789  2776
0 SL-12 DEB
1 44563U 10041AJ  19322.29754300 +.00541688 +00000-0 +16705+0 0  9995
2 44563 066.1302 258.9629 5676458 030.6528 352.7858 04.50122413002921
0 SL-12 DEB
1 44563U 10041AJ  19322.29754300  .00541688  00000-0  16705+0 0  9995
2 44563  66.1302 258.9629 5676458  30.6528 352.7858  4.50122413  2921
0 SL-12 DEB
1 44563U 10041AJ  19322.29754300 +.00541688 +00000-0 +16705+0 0  9995
2 44563 066.1302 258.9629 5676458 030.6528 352.7858 04.50122413002921
0 SL-12 DEB
1 44563U 10041AJ  19322.29754300 +.00541688 +00000-0 +16705+0 0  9995
2 44563 066.1302 258.9629 5676458 030.6528 352.7858 04.50122413002921
0 SL-12 DEB
1 44563U 10041AJ  19322.29754300 +.00541688 +00000-0 +16705+0 0  9995
2 44563 066.1302 258.9629 5676458 030.6528 352.7858 04.50122413002921
0 SL-12 DEB
1 44563U 10041AJ  19322.29754300 +.00541688 +00000-0 +16705+0 0  9995
2 44563 066.1302 258.9629 5676458 030.6528 352.7858 04.50122413002921
0 SL-12 DEB
1 44563U 10041AJ  19322.29754300 +.00541688 +00000-0 +16705+0 0  9995
2 44563 066.1302 258.9629 5676458 030.6528 352.7858 04.50122413002921
0 SL-12 DEB
1 44563U 10041AJ  19322.29754300 +.00541688 +00000-0 +16705+0 0  9995
2 44563 066.1302 258.9629 5676458 030.6528 352.7858 04.50122413002921
0 SL-12 DEB
1 44563U 10041AJ  19322.29754300 +.00541688 +00000-0 +16705+0 0  9995
2 44563 066.1302 258.9629 5676458 030.6528 352.7858 04.50122413002921
0 SL-12 DEB
1 44563U 10041AJ  19322.29754300 +.00541688 +00000-0 +16705+0 0  9995
2 44563 066.1302 258.9629 5676458 030.6528 352.7858 04.50122413002921
0 SL-12 DEB
1 44563U 10041AJ  19322.29754300 +.00541688 +00000-0 +16705+0 0  9995
2 44563 066.1302 258.9629 5676458 030.6528 352.7858 04.50122413002921
0 SL-12 DEB
1 44563U 10041AJ  19322.29754300 +.00541688 +00000-0 +16705+0 0  9995
2 44563 066.1302 258.9629 5676458 030.6528 352.7858 04.50122413002921
0 SL-12 DEB
1 44563U 10041AJ  19322.29754300 +.00541688 +00000-0 +16705+0 0  9995
2 44563 066.1302 258.9629 5676458 030.6528 352.7858 04.50122413002921
0 SL-12 DEB
1 44563U 10041AJ  19322.29754300 +.00541688 +00000-0 +16705+0 0  9995
2 44563 066.1302 258.9629 5676458 030.6528 352.7858 04.50122413002921
0 SL-12 DEB
1 44563U 10041AJ  19322.29754300  .00541688  00000-0  16705+0 0  9995
2 44563  66.1302 258.9629 5676458  30.6528 352.7858  4.50122413  2921
0 SL-12 DEB
1 44563U 10041AJ  19322.29754300  .00541688  00000-0  16705+0 0  9995
2 44563  66.1302 258.9629 5676458  30.6528 352.7858  4.50122413  2921
