1 14306U 83038J   83233.51261136  .00000071 +00000-0 +99999-4 0  9997
2 14306 063.6334 078.5924 7361037 320.1224 004.4197 01.99819445000125
1 14306U 83038J   83235.51479622  .00000074 +00000-0 +99999-4 0  9993
2 14306 063.6391 078.2978 7360102 320.1200 004.7598 01.99824229000168
1 14306U 83038J   83239.01742912  .00000122 +00000-0 +99999-4 0  9991
2 14306 063.6575 077.7841 7358855 320.1008 004.3944 01.99813699000231
1 14306U 83038J   83239.01742977  .00000122 +00000-0 +99999-4 0  9992
2 14306 063.6199 077.7709 7357689 320.1637 004.3963 01.99813997000230
1 14306U 83038J   83244.02224033  .00000174 +00000-0 +99999-4 0  9994
2 14306 063.6478 077.0420 7355982 320.1440 004.4125 01.99799929000339
1 14306U 83038J   83248.52678709  .00000224 +00000-0 +99999-4 0  9992
2 14306 063.6004 076.3313 7355236 320.0361 004.3493 01.99788382000428
1 14306U 83038J   83250.52893624  .00000242 +00000-0 +99999-4 0  9990
2 14306 063.6254 076.0471 7354384 320.0259 004.3755 01.99784681000469
1 14306U 83038J   83251.52999764  .00000251 +00000-0 +99999-4 0  9993
2 14306 063.6341 075.9060 7353900 320.0263 004.3692 01.99783073000482
1 14306U 83038J   83252.53107648  .00000260 +00000-0 +99999-4 0  9997
2 14306 063.6736 075.7774 7354008 319.9887 004.3757 01.99781722000503
1 14306U 83038J   83256.53548500  .00000293 +00000-0 +99999-4 0  9993
2 14306 063.6811 075.1947 7352167 319.9945 004.4013 01.99777648000588
1 14306U 83038J   83258.53763319  .00000304 +00000-0 +99999-4 0  9995
2 14306 063.7760 075.0027 7349181 319.9675 004.3986 01.99777380000628
1 14306U 83038J   83258.53765888  .00000303 +00000-0 +99999-4 0  9997
2 14306 063.7841 075.0007 7346369 320.0849 004.4150 01.99777128000621
1 14306U 83038J   83284.56472725  .00000472 +00000-0 +99999-4 0  9991
2 14306 063.7852 071.1940 7341178 319.8309 004.4393 01.99818402001144
1 14306U 83038J   83284.56473908  .00000470 +00000-0 +99999-4 0  9993
2 14306 063.8175 071.2874 7336399 319.8683 004.3374 01.99815798001147
1 14306U 83038J   83288.56845558  .00000483 +00000-0 +99999-4 0  9995
2 14306 063.8279 070.7321 7335373 319.8081 004.5737 01.99829067001224
1 14306U 83038J   83289.56914153  .00000491 +00000-0 +99999-4 0  9993
2 14306 063.8321 070.5885 7335048 319.8028 004.4621 01.99831667001247
1 14306U 83038J   84026.13557587  .00001085 +00000-0 +99999-4 0  9990
2 14306 064.1733 056.2201 7314867 319.0207 004.6437 01.99823650000001
1 14306U 83038J   84036.14409302  .00001138 +00000-0 +99999-4 0  9992
2 14306 064.2737 054.6712 7319943 319.0230 004.3186 01.99828957000217
1 14306U 83038J   84037.14529047  .00001136 +00000-0 +99999-4 0  9990
2 14306 064.2759 054.5941 7320343 318.9528 004.6355 01.99832548000232
1 14306U 83038J   84037.14529332  .00001135 +00000-0 +99999-4 0  9996
2 14306 064.2794 054.5387 7316701 319.0543 004.5750 01.99830419000230
1 14306U 83038J   84052.15641407  .00001182 +00000-0 +99999-4 0  9994
2 14306 064.3460 052.4903 7316011 318.8180 004.5734 01.99868837000530
1 14306U 83038J   84052.15641679  .00001181 +00000-0 +99999-4 0  9994
2 14306 064.3834 052.5137 7312143 318.8653 004.4070 01.99866957000535
1 14306U 83038J   84052.15665687  .00001179 +00000-0 +99999-4 0  9996
2 14306 064.3773 052.5040 7311729 318.8788 004.5773 01.99866916000534
1 14306U 83038J   84056.15922141  .00001189 +00000-0 +99999-4 0  9992
2 14306 064.3945 051.9454 7310168 318.8465 004.5932 01.99877265000610
1 14306U 83038J   84059.16097119  .00001197 +00000-0 +99999-4 0  9993
2 14306 064.4057 051.5232 7308830 318.8253 004.5759 01.99884719000678
1 14306U 83038J   84063.66348685  .00001209 +00000-0 +99999-4 0  9994
2 14306 064.4454 050.9309 7308276 318.7415 004.5710 01.99894658000760
1 14306U 83038J   84134.69278068  .00001340 +00000-0 +99999-4 0  9999
2 14306 064.2519 041.0721 7306349 317.2635 004.5757 01.99847852005441
1 14306U 83038J   84142.19943657 -.00000629 +00000-0 +99999-4 0  9996
2 14306 064.2928 040.0197 7305650 317.1364 005.0388 01.99827030005591
1 14306U 83038J   84142.19944814 -.00000629 +00000-0 +99999-4 0  9992
2 14306 064.2928 040.0197 7305650 317.1364 005.0388 01.99827030005591
1 14306U 83038J   84142.19945972 -.00000629 +00000-0 +99999-4 0  9998
2 14306 064.2928 040.0197 7305650 317.1364 005.0388 01.99827030005591
1 14306U 83038J   84142.19947065  .00001339 +00000-0 +00000-4 0  9996
2 14306 064.2928 040.0197 7305650 317.1364 005.0388 01.99827030005591
1 14306U 83038J   84142.19948223  .00001339 +00000-0 +00000-4 0  9993
2 14306 064.2928 040.0197 7305650 317.1365 005.0388 01.99827029005590
1 14306U 83038J   84142.19949381  .00001337 +00000-0 +00000-0 0  9993
2 14306 064.2928 040.0197 7305650 317.1365 005.0388 01.99827029005590
1 14306U 83038J   84142.19951758  .00001339 +00000-0 +99999-4 0  9995
2 14306 064.2928 040.0197 7305650 317.1365 005.0388 01.99827029005590
1 14306U 83038J   84142.19951759 -.00001131 +00000-0 +10000-3 0  9992
2 14306 064.2928 040.0197 7305650 317.1365 005.0388 01.99827029005590
1 14306U 83038J   84142.19951759 -.00001131 +00000-0 +10000-3 0  9992
2 14306 064.2928 040.0197 7305650 317.1365 005.0388 01.99827029005590
1 14306U 83038J   84142.19977158  .00001337 +00000-0 +00000-0 0  9996
2 14306 064.2928 040.0197 7305650 317.1365 005.0388 01.99827029005590
1 14306U 83038J   94142.19951759 -.00000628 +00000-0 +99999-4 0  9998
2 14306 064.2928 040.0197 7305650 317.1364 005.0388 01.99827030005591
