1 18954U 88018  D 88075.25259510  .00171682 +00000-0 +24989-1 0  9997
2 18954 007.0790 333.2671 7279189 181.0780 174.1060 02.29858228000101
1 18954U 88018  D 88077.41469715  .00188963 +00000-0 +26788-1 0  9996
2 18954 007.0900 332.5640 7272426 182.6697 167.0285 02.30758488000157
1 18954U 88018  D 88077.41506938  .00201302 +00000-0 +29681-1 0  9993
2 18954 007.0725 332.3033 7271647 182.9230 167.2963 02.30773023000153
1 18954U 88018  D 88111.69356729  .00000571 +00000-0 +99999-4 0  9990
2 18954 007.0143 317.6929 7196633 212.1670 069.3753 02.39492469000095
1 18954U 88018  D 88111.69384540  .00000571 +00000-0 +00000-4 0  9997
2 18954 007.0143 317.6928 7196633 212.1669 069.3753 02.39492470000094
1 18954U 88018  D 88118.75966738  .00000531 +00000-0 +99999-4 0  9997
2 18954 007.0132 314.5345 7185114 218.3428 057.5240 02.40736972000263
1 18954U 88018  D 88118.75994517  .00000530 +00000-0 +00000-4 0  9997
2 18954 007.0132 314.5344 7185114 218.3427 057.5240 02.40736972000261
1 18954U 88018  D 88121.65998539  .00000560 +00000-0 +99999-4 0  9996
2 18954 006.9993 313.3098 7182859 220.8234 053.4149 02.41177236000338
1 18954U 88018  D 88121.66026318  .00000560 +00000-0 +00000-4 0  9999
2 18954 006.9993 313.3097 7182859 220.8234 053.4149 02.41177236000337
1 18954U 88018  D 88190.24453472  .00000266 +00000-0 +99999-4 0  9992
2 18954 006.9824 283.1597 7110280 281.3656 012.5612 02.47710048000160
1 18954U 88018  D 88190.24481314  .00000265 +00000-0 +00000-4 0  9992
2 18954 006.9824 283.1596 7110280 281.3655 012.5612 02.47710049000169
1 18954U 88018  D 88202.72954292  .00000376 +00000-0 +00000-4 0  9992
2 18954 006.8961 277.5956 7113021 292.1335 009.9731 02.48751475000169
1 18954U 88018  D 88209.15160921  .00000380 +00000-0 +00000-4 0  9999
2 18954 006.9351 274.7209 7108013 297.9044 008.8152 02.49430070000316
1 18954U 88018  D 88215.15652281  .00000345 +00000-0 +00000-4 0  9992
2 18954 006.9351 272.0677 7100173 303.3480 007.8312 02.50070398000458
1 18954U 88018  D 88219.15019923  .00000442 +00000-0 +00000-4 0  9994
2 18954 006.9042 270.2465 7102692 306.8503 007.2070 02.50627771000573
1 18954U 88018  D 88231.08023248  .00000473 +00000-0 +00000-4 0  9999
2 18954 006.8994 264.7215 7091558 317.7628 005.4997 02.52270373000860
1 18954U 88018  D 88236.22373901  .00000549 +00000-0 +00000-4 0  9998
2 18954 006.8283 262.0467 7088526 322.7213 004.7817 02.53126969000986
1 18954U 88018  D 88249.18656298  .00000689 +00000-0 +00000-4 0  9995
2 18954 006.8454 255.9979 7069440 334.6312 003.1941 02.56246463001304
1 18954U 88018  D 88253.08027424  .00000663 +00000-0 +00000-4 0  9994
2 18954 006.8610 254.4455 7060127 338.1758 002.7470 02.57340308001404
1 18954U 88018  D 88260.04541476  .00000885 +00000-0 +00000-4 0  9992
2 18954 006.8384 250.8675 7049842 345.0394 001.8847 02.59460610001588
1 18954U 88018  D 88266.17859599  .00000836 +00000-0 +00000-4 0  9996
2 18954 006.8123 247.6283 7028071 351.1644 001.1340 02.62142067001741
1 18954U 88018  D 88273.00192775  .00001114 +00000-0 +00000-4 0  9992
2 18954 006.8174 244.3759 7006969 357.7378 000.3196 02.65640224001917
1 18954U 88018  D 88277.12013791  .00001456 +00000-0 +00000-4 0  9998
2 18954 006.7870 242.2276 6989984 001.9130 359.7946 02.68511077002023
1 18954U 88018  D 88283.03207995  .00001441 +00000-0 +00000-4 0  9990
2 18954 006.7769 239.7401 6957238 007.3940 359.0837 02.72822754002188
1 18954U 88018  D 89014.65830564  .00178636 -34200-4 +00000-4 0  9990
2 18954 006.6470 147.4429 4025657 188.4627 161.5972 07.62355789004960
1 18954U 88018  D 89016.70023430  .00146985 -36300-4 +00000-4 0  9999
2 18954 006.6496 142.8439 3815860 197.5292 144.1842 08.02115438005121
1 18954U 88018  D 89016.70042341  .00153414 -36200-4 +00000-4 0  9995
2 18954 006.6187 143.1414 3816623 197.2748 144.6751 08.02078272005124
