1 10423U 77102  B 77301.00000005 -.00000855 +00000-0 +00000-0 0  9999
2 10423 028.9620 057.5470 9109670 310.9880 088.8622 00.41876167000035
1 10423U 77102  B 77333.76144444 -.00000275 +00000-0 +00000-0 0  9999
2 10423 030.4090 053.0340 9052110 315.9730 344.4547 00.41828694000169
1 10423U 77102  B 78099.00000005 -.00001277 +00000-0 +00000-0 0  9993
2 10423 037.0600 038.1510 9096820 332.6530 160.8110 00.41838717000705
1 10423U 77102  B 78176.00000005 -.00000337 +00000-0 +00000-0 0  9995
2 10423 040.1200 032.6990 8970600 338.7250 238.5720 00.41860163001014
1 10423U 77102  B 78198.32817361 -.00000136 +00000-0 +00000-0 0  9992
2 10423 040.8190 031.4110 8954140 340.0860 002.6670 00.41847354001105
1 10423U 77102  B 78211.00000005 -.00000530 +00000-0 +00000-0 0  9990
2 10423 041.2060 030.7220 8968150 340.7720 112.5220 00.41873797001155
1 10423U 77102  B 78214.50000000 -.00000746 +00000-0 +00000-0 0  9992
2 10423 041.2210 030.6190 8967580 340.8440 280.2300 00.41871619001167
1 10423U 77102  B 78232.00000005 -.00001098 +00000-0 +00000-0 0  9993
2 10423 042.2510 029.3500 8990510 342.1480 037.3150 00.41874071001236
1 10423U 77102  B 78267.00000000 -.00001599 +00000-0 +00000-0 0  9992
2 10423 044.0120 027.2880 8998120 344.5620 270.0230 00.41861370001589
1 10423U 77102  B 78288.00000000 -.00001397 +00000-0 +00000-0 0  9991
2 10423 045.1615 026.0467 8990470 346.0215 194.2132 00.41865858001791
1 10423U 77102  B 78302.00000000 -.00001080 +00000-0 +00000-0 0  9997
2 10423 045.6032 025.3889 8973250 346.8249 144.3755 00.41855942001847
1 10423U 77102  B 79007.00000000 -.00000007 +00000-0 +00000-0 0  9998
2 10423 046.7329 022.8760 8854860 349.4309 249.2929 00.41869220002189
1 10423U 77102  B 79025.00000000 -.00000208 +00000-0 +00000-0 0  9991
2 10423 047.1362 022.1878 8849360 350.0277 082.4168 00.41872011002257
1 10423U 77102  B 79038.58333333 -.00000850 +00000-0 +00000-0 0  9999
2 10423 047.5444 021.7267 8868630 350.4434 329.6426 00.41861209002305
1 10423U 77102  B 79042.00000000 -.00001023 +00000-0 +00000-0 0  9996
2 10423 047.6306 021.5525 8870320 350.5467 124.7171 00.41865889002314
1 10423U 77102  B 79063.00000000 -.00001214 +00000-0 +00000-0 0  9991
2 10423 048.2164 020.6778 8895890 351.5747 048.2164 00.41865435002391
1 10423U 77102  B 79070.00000000 -.00001605 +00000-0 +00000-0 0  9993
2 10423 048.8401 020.4438 8896220 351.7958 022.7923 00.41851303002429
1 10423U 77102  B 79083.00000000 -.00001621 +00000-0 +00000-0 0  9995
2 10423 049.5310 019.9461 8899480 352.4583 330.8151 00.41870436002488
1 10423U 77102  B 79091.00000000 -.00001468 +00000-0 +00000-0 0  9993
2 10423 049.7470 019.7066 8896250 352.8405 304.5556 00.41849992002519
1 10423U 77102  B 79098.00000000 -.00001645 +00000-0 +00000-0 0  9997
2 10423 049.8737 019.4765 8893160 353.0594 279.0924 00.41861415002540
1 10423U 77102  B 79109.00000000 -.00001316 +00000-0 +00000-0 0  9995
2 10423 050.2226 019.0056 8874940 353.7052 227.0797 00.41845849002611
1 10423U 77102  B 79119.00000000 -.00001153 +00000-0 +00000-0 0  9995
2 10423 050.2398 018.8308 8860910 354.0327 201.0648 00.41843432002689
1 10423U 77102  B 79147.00000000 -.00000608 +00000-0 +00000-0 0  9990
2 10423 050.2680 018.0531 8838810 354.9261 096.1664 00.41831744002801
1 10423U 77102  B 79168.00000000 -.00000287 +00000-0 +00000-0 0  9996
2 10423 050.3227 017.4711 8782350 355.3962 017.3593 00.41831693002889
1 10423U 77102  B 79232.42951103  .00000437 +00000-0 +00000-0 0  9999
2 10423 051.3196 015.7590 8800638 356.7762 358.7737 00.41858053003099
1 10423U 77102  B 79244.38662590  .00000437 +00000-0 +00000-0 0  9996
2 10423 051.6090 015.3775 8801731 357.2601 359.1161 00.41844286003144
1 10423U 77102  B 79251.55829228  .00000438 +00000-0 +00000-0 0  9997
2 10423 051.9996 015.1797 8821453 357.5132 359.1188 00.41854571003179
1 10423U 77102  B 79265.90999107  .00000438 +00000-0 +00000-0 0  9995
2 10423 052.2872 014.7302 8834392 358.1577 359.5973 00.41872233003237
1 10423U 77102  B 79299.36595439  .00000436 +00000-0 +00000-0 0  9990
2 10423 052.4663 013.9152 8803790 359.4144 000.9262 00.41826108003376
1 10423U 77102  B 79313.71906375  .00000435 +00000-0 +00000-0 0  9990
2 10423 052.3439 013.5651 8782721 359.8405 001.0745 00.41827303003433
1 10423U 77102  B 79324.07409836  .00000433 +00000-0 +00000-0 0  9999
2 10423 052.1879 013.1920 8758576 000.2726 001.5095 00.41821499003475
1 10423U 77102  B 79328.07216138  .00000433 +00000-0 +00000-0 0  9994
2 10423 052.1878 013.1920 8758577 000.2726 001.2180 00.41821499003499
1 10423U 77102  B 79337.64026098  .00000432 +00000-0 +00000-0 0  9990
2 10423 052.0745 012.9719 8745171 000.5337 001.2558 00.41851884003536
1 10423U 77102  B 79356.75180862  .00000430 +00000-0 +00000-0 0  9991
2 10423 051.8849 012.4822 8723462 000.8638 000.3747 00.41842852003618
1 10423U 77102  B 80008.47684939  .00000431 +00000-0 +00000-0 0  9991
2 10423 052.0441 012.1134 8733577 001.1454 359.6852 00.41867790003682
1 10423U 77102  B 80022.80978074  .00000430 +00000-0 +00000-0 0  9999
2 10423 052.4005 011.6508 8729588 001.4792 358.7413 00.41857532003749
1 10423U 77102  B 80053.88020927  .00000432 +00000-0 +00000-0 0  9998
2 10423 052.6619 010.9958 8767117 002.0601 358.7942 00.41844600003816
1 10423U 77102  B 80068.22593578  .00000433 +00000-0 +00000-0 0  9990
2 10423 052.9525 010.6626 8792788 002.6341 359.1199 00.41859351003833
1 10423U 77102  B 80075.39323715  .00000434 +00000-0 +00000-0 0  9991
2 10423 053.1510 010.4924 8804932 002.7896 358.9280 00.41842163003864
1 10423U 77102  B 80082.57041841  .00000434 +00000-0 +00000-0 0  9996
2 10423 053.1274 010.3254 8802739 003.0869 359.4424 00.41861055003893
1 10423U 77102  B 80089.73997646  .00000435 +00000-0 +00000-0 0  9995
2 10423 053.3490 010.1632 8815547 003.2657 359.4809 00.41861133003929
1 10423U 77102  B 80101.70118538  .00000434 +00000-0 +00000-0 0  9991
2 10423 053.1819 009.8493 8802286 003.7554 359.9443 00.41848375003943
1 10423U 77102  B 80116.05152856  .00000433 +00000-0 +00000-0 0  9995
2 10423 053.0804 009.5513 8793480 004.1998 000.4179 00.41838339003963
1 10423U 77102  B 80130.40041181  .00000432 +00000-0 +00000-0 0  9997
2 10423 052.8325 009.1706 8778210 004.7151 000.7942 00.41839331003985
1 10423U 77102  B 80137.57183725  .00000431 +00000-0 +00000-0 0  9992
2 10423 052.5041 008.9655 8759758 004.9375 001.0758 00.41857609004015
1 10423U 77102  B 80144.73962080  .00000431 +00000-0 +00000-0 0  9997
2 10423 052.5946 008.7894 8766065 005.1071 000.8724 00.41826260004038
1 10423U 77102  B 80163.85864147  .00000429 +00000-0 +00000-0 0  9993
2 10423 052.0529 008.2386 8734363 005.6142 000.7838 00.41857350004120
1 10423U 77102  B 80173.41177926  .00000428 +00000-0 +00000-0 0  9997
2 10423 051.9993 008.0226 8725755 005.7814 000.3074 00.41864845004154
1 10423U 77102  B 80175.80309184  .00000428 +00000-0 +00000-0 0  9995
2 10423 051.7716 007.9360 8723913 005.8419 000.4232 00.41839507004163
1 10423U 77102  B 80180.57931828  .00000428 +00000-0 +00000-0 0  9991
2 10423 051.7394 007.7803 8720248 005.9069 000.1136 00.41846380004173
1 10423U 77102  B 80187.74544635  .00000428 +00000-0 +00000-0 0  9993
2 10423 051.8753 007.6309 8732887 006.0234 359.8088 00.41865355004208
1 10423U 77102  B 80194.90911810  .00000428 +00000-0 +00000-0 0  9992
2 10423 051.7037 007.4364 8722203 006.1162 359.3230 00.41835845004231
1 10423U 77102  B 80211.63013052  .00000429 +00000-0 +00000-0 0  9994
2 10423 051.9713 007.1056 8745026 006.5061 358.7473 00.41879183004346
1 10423U 77102  B 80211.63269017  .00000429 +00000-0 +00000-0 0  9998
2 10423 051.7629 007.0618 8738154 006.4313 358.7461 00.41851184004355
1 10423U 77102  B 80228.35897819  .00000430 +00000-0 +00000-0 0  9994
2 10423 051.9514 006.6802 8757604 006.7463 358.6198 00.41857797004396
1 10423U 77102  B 80237.92116578  .00000431 +00000-0 +00000-0 0  9994
2 10423 052.1116 006.4200 8787824 007.0285 358.4679 00.41832975004427
1 10423U 77102  B 80242.70595196  .00000432 +00000-0 +00000-0 0  9994
2 10423 052.2242 006.3518 8801115 007.2091 358.7233 00.41830993004456
1 10423U 77102  B 80247.48870190  .00000431 +00000-0 +00000-0 0  9993
2 10423 052.0833 006.6624 8782403 007.5129 357.9197 00.41844101004472
1 10423U 77102  B 80254.65823307  .00000432 +00000-0 +00000-0 0  9999
2 10423 052.2674 006.0415 8804939 007.4648 358.8091 00.41844071004494
1 10423U 77102  B 80278.57356061  .00000434 +00000-0 +00000-0 0  9996
2 10423 052.2331 005.4271 8832703 008.3801 359.5356 00.41838988004591
1 10423U 77102  B 80292.92389784  .00000433 +00000-0 +00000-0 0  9998
2 10423 051.9715 005.0010 8834918 008.9846 000.1792 00.41869789004658
1 10423U 77102  B 80297.71087851  .00000433 +00000-0 +00000-0 0  9990
2 10423 051.8051 004.8946 8831688 009.2325 000.5992 00.41870627004673
1 10423U 77102  B 80312.05399062  .00000432 +00000-0 +00000-0 0  9994
2 10423 051.3129 004.4112 8817510 009.8212 001.0281 00.41844808004730
1 10423U 77102  B 80319.22070366  .00000432 +00000-0 +00000-0 0  9993
2 10423 051.2057 004.1913 8811780 009.9699 000.8711 00.41863481004753
1 10423U 77102  B 80336.55721202  .00000431 +00000-0 +00000-0 0  9999
2 10423 050.8670 003.7307 8797871 010.3885 000.7849 00.41855922004839
1 10423U 77102  B 80338.33935087  .00000431 +00000-0 +00000-0 0  9995
2 10423 050.7203 003.5660 8798850 010.6515 000.8893 00.41855167004843
1 10423U 77102  B 80340.73041900  .00000430 +00000-0 +00000-0 0  9993
2 10423 050.4420 003.4485 8783709 010.7558 000.9809 00.41852845004859
1 10423U 77102  B 80345.50603634  .00000430 +00000-0 +00000-0 0  9991
2 10423 050.3471 003.2627 8777220 010.8194 000.5987 00.41841923004878
1 10423U 77102  B 80347.89398475  .00000430 +00000-0 +00000-0 0  9999
2 10423 050.3896 003.2275 8781872 010.8317 000.3999 00.41840198004888
1 10423U 77102  B 80359.83890954  .00000429 +00000-0 +00000-0 0  9993
2 10423 050.0969 002.8277 8766842 011.1214 359.8529 00.41828999004924
1 10423U 77102  B 80362.22752162  .00000430 +00000-0 +00000-0 0  9990
2 10423 050.2013 002.7960 8778877 011.1286 359.7423 00.41826909004936
1 10423U 77102  B 81036.85603716  .00000433 +00000-0 +00000-0 0  9991
2 10423 049.9336 001.6682 8828217 012.0439 358.2800 00.41826832005100
1 10423U 77102  B 81048.81639885  .00000434 +00000-0 +00000-0 0  9997
2 10423 050.0080 001.3538 8849447 012.3301 358.0957 00.41824202005150
1 10423U 77102  B 81063.17246208  .00000435 +00000-0 +00000-0 0  9997
2 10423 049.8487 000.8820 8870658 012.9036 358.3662 00.41840027005210
1 10423U 77102  B 81070.34871851  .00000435 +00000-0 +00000-0 0  9992
2 10423 049.7941 000.6747 8882197 013.2585 358.8670 00.41857038005241
1 10423U 77102  B 81072.73790795  .00000435 +00000-0 +00000-0 0  9994
2 10423 049.7296 000.6003 8880081 013.3153 358.7740 00.41857422005256
1 10423U 77102  B 81089.47530531  .00000437 +00000-0 +00000-0 0  9995
2 10423 049.4146 000.0048 8900669 014.0844 359.2875 00.41831920005328
1 10423U 77102  B 81153.98720597  .00000434 +00000-0 +00000-0 0  9993
2 10423 047.1319 357.1988 8862922 017.1894 000.6433 00.41861178005608
1 10423U 77102  B 81156.37354609  .00000434 +00000-0 +00000-0 0  9996
2 10423 047.1102 357.1228 8860913 017.1806 000.3635 00.41858840005610
1 10423U 77102  B 81161.15308985  .00000435 +00000-0 +00000-0 0  9995
2 10423 047.0500 356.9439 8872399 017.3844 000.2827 00.41829275005631
1 10423U 77102  B 81168.32491241  .00000433 +00000-0 +00000-0 0  9997
2 10423 046.5596 356.4869 8854551 017.7918 000.2946 00.41854795005668
1 10423U 77102  B 81170.71147003  .00000433 +00000-0 +00000-0 0  9997
2 10423 046.5837 356.4382 8855841 017.7783 000.0425 00.41854978005673
1 10423U 77102  B 81177.88099084  .00000434 +00000-0 +00000-0 0  9998
2 10423 046.4757 356.1890 8860255 018.0602 359.9692 00.41842670005705
1 10423U 77102  B 81189.82529145  .00000434 +00000-0 +00000-0 0  9991
2 10423 046.2834 355.6971 8872552 018.4414 359.3581 00.41868657005750
1 10423U 77102  B 81192.21708039  .00000434 +00000-0 +00000-0 0  9999
2 10423 046.0644 355.5465 8867137 018.6116 359.4233 00.41857550005764
1 10423U 77102  B 81196.99271720  .00000434 +00000-0 +00000-0 0  9990
2 10423 045.9118 355.3479 8859523 018.7140 359.1002 00.41852233005785
1 10423U 77102  B 81199.37920925  .00000434 +00000-0 +00000-0 0  9993
2 10423 045.9908 355.2692 8866732 018.7473 358.8602 00.41845524005795
1 10423U 77102  B 81206.54954354  .00000435 +00000-0 +00000-0 0  9995
2 10423 045.9322 355.0267 8878971 019.0373 358.9350 00.41862884005825
1 10423U 77102  B 81208.93544227  .00000435 +00000-0 +00000-0 0  9994
2 10423 045.8790 354.9698 8873566 019.0291 358.7407 00.41848594005837
1 10423U 77102  B 81216.10452236  .00000436 +00000-0 +00000-0 0  9991
2 10423 045.7977 354.7052 8905209 019.3160 358.4090 00.41859147005867
1 10423U 77102  B 81220.99999999  .00000436 +00000-0 +00000-0 0  9995
2 10423 045.5605 354.3729 8901118 019.6590 015.8613 00.41855010005887
1 10423U 77102  B 81228.99999999  .00000437 +00000-0 +00000-0 0  9994
2 10423 045.6212 354.1693 8917881 019.8030 141.4423 00.41841871005925
1 10423U 77102  B 81231.99999999  .00000438 +00000-0 +00000-0 0  9999
2 10423 045.5898 354.0846 8927152 019.9458 233.1767 00.41847661005934
1 10423U 77102  B 81238.99999999  .00000438 +00000-0 +00000-0 0  9996
2 10423 045.4598 353.7745 8928313 020.2496 207.8084 00.41866556005968
1 10423U 77102  B 81252.99999999  .00000439 +00000-0 +00000-0 0  9993
2 10423 045.0443 353.0630 8957863 021.0474 156.3280 00.41852614006020
1 10423U 77102  B 81255.99999999  .00000440 +00000-0 +00000-0 0  9998
2 10423 045.0776 353.0032 8970456 021.1424 248.1802 00.41858543006032
1 10423U 77102  B 81259.99999999  .00000441 +00000-0 +00000-0 0  9993
2 10423 044.9885 352.8040 8978221 021.4487 130.4760 00.41840348006059
1 10423U 77102  B 81262.99999999  .00000440 +00000-0 +00000-0 0  9996
2 10423 044.8362 352.6383 8975220 021.6525 222.1744 00.41847077006065
1 10423U 77102  B 81266.99999999  .00000441 +00000-0 +99999-4 0  9990
2 10423 044.7758 352.4227 8975933 021.8375 104.8260 00.41845657006087
1 10423U 77102  B 81269.99999999  .00000442 +00000-0 +99999-4 0  9994
2 10423 044.7496 352.3319 8992479 021.9553 196.5678 00.41836674006091
1 10423U 77102  B 81283.99999999  .00000442 +00000-0 +00000-0 0  9991
2 10423 044.0974 351.4210 8999771 023.0411 145.4331 00.41856601006128
1 10423U 77102  B 81290.99999999  .00000441 +00000-0 +00000-0 0  9998
2 10423 043.7387 350.9373 8994343 023.6579 119.8877 00.41882279006150
1 10423U 77102  B 81301.99999999  .00000441 +00000-0 +00000-0 0  9991
2 10423 043.0639 350.1230 8999525 024.5574 337.0175 00.41886109006194
1 10423U 77102  B 81304.99999999  .00000441 +00000-0 +00000-0 0  9994
2 10423 042.8995 349.8364 8989709 024.8508 069.2280 00.41881043006218
1 10423U 77102  B 81311.99999999  .00000441 +00000-0 +00000-0 0  9992
2 10423 042.7609 349.4733 8992438 025.2530 044.3180 00.41884550006240
1 10423U 77102  B 81322.99999999  .00000440 +00000-0 +00000-0 0  9993
2 10423 042.2708 348.7664 8975506 025.9756 262.0799 00.41886309006287
1 10423U 77102  B 81336.99999999  .00000440 +00000-0 +00000-0 0  9998
2 10423 041.5119 347.6606 8959813 027.0910 212.1540 00.41854134006345
1 10423U 77102  B 81343.99999999  .00000440 +00000-0 +00000-0 0  9996
2 10423 041.2416 347.2013 8953636 027.6321 186.4498 00.41847098006378
1 10423U 77102  B 81346.99999999  .00000439 +00000-0 +00000-0 0  9997
2 10423 041.1247 347.0047 8941170 027.7786 278.5362 00.41844645006389
1 10423U 77102  B 81353.99999999  .00000440 +00000-0 +00000-0 0  9997
2 10423 040.8386 346.5262 8955189 028.2203 252.9920 00.41843238006414
1 10423U 77102  B 81357.99999999  .00000439 +00000-0 +00000-0 0  9999
2 10423 040.5728 346.1168 8943342 028.6404 135.5505 00.41866368006433
1 10423U 77102  B 82062.99999999  .00000444 +00000-0 +00000-0 0  9999
2 10423 038.6296 341.6845 9023824 033.1674 235.9951 00.41845854006682
1 10423U 77102  B 82065.99999999  .00000444 +00000-0 +00000-0 0  9992
2 10423 038.5949 341.5419 9026496 033.3015 328.0385 00.41848445006696
1 10423U 77102  B 82079.99999999  .00000446 +00000-0 +00000-0 0  9999
2 10423 037.8132 340.0811 9052106 034.9168 276.2985 00.41864063006745
1 10423U 77102  B 82092.71525781  .00000447 +00000-0 +00000-0 0  9999
2 10423 037.4135 339.0842 9064908 036.0825 358.8194 00.41864183006788
1 10423U 77102  B 82093.99999999  .00000446 +00000-0 +00000-0 0  9995
2 10423 037.2849 338.8386 9061809 036.4055 224.7167 00.41862711006780
1 10423U 77102  B 82097.99999999  .00000447 +00000-0 +00000-0 0  9990
2 10423 037.0211 338.3291 9076269 037.0154 107.0788 00.41839924006809
1 10423U 77102  B 82100.99999999  .00000447 +00000-0 +00000-0 0  9995
2 10423 036.6377 337.7322 9071149 037.6646 198.5293 00.41840226006813
1 10423U 77102  B 82104.99999999  .00000447 +00000-0 +00000-0 0  9999
2 10423 036.4694 337.2566 9061807 038.1694 081.0697 00.41856315006839
1 10423U 77102  B 82114.99999999  .00000447 +00000-0 +00000-0 0  9990
2 10423 036.0731 336.3036 9066943 039.3452 147.0942 00.41849416006874
1 10423U 77102  B 82118.99999999  .00000446 +00000-0 +00000-0 0  9993
2 10423 035.9199 335.8486 9053651 039.8502 029.5784 00.41854516006893
1 10423U 77102  B 82128.36232449  .00000447 +00000-0 +00000-0 0  9996
2 10423 035.6088 335.0312 9055882 040.7337 000.1328 00.41854576006921
1 10423U 77102  B 82133.14409341  .00000446 +00000-0 +00000-0 0  9994
2 10423 035.0453 333.9687 9048888 041.8801 000.0367 00.41854632006935
1 10423U 77102  B 82135.99999999  .00000446 +00000-0 +00000-0 0  9992
2 10423 035.0507 333.8029 9040561 042.0621 070.5284 00.41857106006947
1 10423U 77102  B 82139.99999999  .00000446 +00000-0 +00000-0 0  9996
2 10423 034.8827 333.4231 9042277 042.4894 312.9376 00.41869143006952
1 10423U 77102  B 82149.86666423  .00000446 +00000-0 +00000-0 0  9996
2 10423 034.5167 332.3158 9035630 043.7780 359.8171 00.41878767006994
1 10423U 77102  B 82154.64772192  .00000445 +00000-0 +00000-0 0  9998
2 10423 034.4449 331.9859 9021914 044.1121 000.0422 00.41859669007011
1 10423U 77102  B 82164.20682384  .00000445 +00000-0 +00000-0 0  9994
2 10423 033.8005 330.5346 9010132 045.6055 359.6052 00.41852874007046
1 10423U 77102  B 82170.99999999  .00000444 +00000-0 +00000-0 0  9999
2 10423 033.7520 330.1388 8994426 046.0602 303.5649 00.41848349007062
1 10423U 77102  B 82177.99999999  .00000444 +00000-0 +00000-0 0  9996
2 10423 033.6143 329.6071 8994079 046.5682 278.7468 00.41873649007097
1 10423U 77102  B 82183.99999999  .00000444 +00000-0 +00000-0 0  9993
2 10423 033.1959 328.4939 8980294 047.7363 253.2879 00.41855738007127
1 10423U 77102  B 82191.99999999  .00000444 +00000-0 +00000-0 0  9992
2 10423 033.1460 328.1131 8985128 048.1145 228.3840 00.41864104007161
1 10423U 77102  B 82195.99999999  .00000444 +00000-0 +00000-0 0  9996
2 10423 033.0464 327.7236 8988153 048.5925 111.0245 00.41858161007181
1 10423U 77102  B 82198.99999999  .00000444 +00000-0 +00000-0 0  9999
2 10423 032.9700 327.4657 8981519 048.8819 203.0179 00.41859864007190
1 10423U 77102  B 82223.99999999  .00000445 +00000-0 +00000-0 0  9999
2 10423 032.2230 324.7838 9005763 051.7022 010.2366 00.41866428007291
1 10423U 77102  B 82226.99999999  .00000445 +00000-0 +00000-0 0  9992
2 10423 032.1547 324.5386 9002148 051.9819 102.2235 00.41868182007305
1 10423U 77102  B 82237.99999999  .00000446 +00000-0 +00000-0 0  9995
2 10423 031.5875 322.7606 9019095 053.7779 319.3469 00.41849121007358
1 10423U 77102  B 82240.99999999  .00000446 +00000-0 +00000-0 0  9999
2 10423 031.5411 322.4382 9015714 054.1696 051.3907 00.41846650007364
1 10423U 77102  B 82244.99999999  .00000447 +00000-0 +00000-0 0  9994
2 10423 031.4722 322.1655 9027408 054.4403 294.1538 00.41864495007386
1 10423U 77102  B 82247.99999999  .00000447 +00000-0 +00000-0 0  9997
2 10423 031.3907 321.7397 9036515 054.9735 026.0269 00.41861183007395
1 10423U 77102  B 82251.99999999  .00000448 +00000-0 +00000-0 0  9993
2 10423 031.2164 321.1806 9040110 055.5927 268.2318 00.41847788007417
1 10423U 77102  B 82261.99999999  .00000448 +00000-0 +00000-0 0  9994
2 10423 030.8201 319.6206 9058734 057.2603 334.5662 00.41885943007459
1 10423U 77102  B 82272.99999999  .00000449 +00000-0 +00000-0 0  9997
2 10423 030.3966 317.7963 9055212 059.2926 191.2884 00.41848447007507
1 10423U 77102  B 82300.99999999  .00000449 +00000-0 +00000-0 0  9999
2 10423 029.4439 312.9326 9048616 064.8147 088.0431 00.41847684007624
1 10423U 77102  B 82303.99999999  .00000449 +00000-0 +00000-0 0  9992
2 10423 029.3244 312.3421 9050093 065.4916 179.6835 00.41838589007630
1 10423U 77102  B 82307.99999999  .00000448 +00000-0 +00000-0 0  9995
2 10423 029.2585 311.7440 9041097 066.2377 061.9270 00.41870811007657
1 10423U 77102  B 82310.99999999  .00000448 +00000-0 +00000-0 0  9999
2 10423 029.2301 311.5275 9030259 066.5145 153.8513 00.41862335007665
1 10423U 77102  B 82317.99999999  .00000448 +00000-0 +00000-0 0  9996
2 10423 028.9524 309.9595 9032790 068.2056 128.1431 00.41845617007697
1 10423U 77102  B 82321.99999999  .00000447 +00000-0 +99999-4 0  9999
2 10423 028.8571 309.1515 9010660 069.1048 010.3409 00.41844814007713
1 10423U 77102  B 82336.26132965  .00000447 +00000-0 +00000-0 0  9998
2 10423 028.6585 307.5982 9001531 070.8565 359.1545 00.41863722007743
1 10423U 77102  B 82338.99999999  .00000446 +00000-0 +09999-5 0  9998
2 10423 028.6904 307.5738 8975600 071.0559 051.1364 00.41843799007750
1 10423U 77102  B 82345.99999999  .00000445 +00000-0 +09999-5 0  9995
2 10423 028.4642 305.9407 8974300 072.7684 025.8649 00.41878724007788
1 10423U 77102  B 82349.99999999  .00000445 +00000-0 +09999-5 0  9999
2 10423 028.4527 305.7191 8951045 073.0159 268.1462 00.41838446007805
1 10423U 77102  B 82356.99999999  .00000445 +00000-0 +09999-5 0  9997
2 10423 028.3929 305.1762 8949309 073.6224 242.9116 00.41852310007821
1 10423U 77102  B 82359.99999999  .00000444 +00000-0 +09999-5 0  9999
2 10423 028.3624 304.8299 8946602 074.0196 334.7314 00.41860271007836
1 10423U 77102  B 82363.99999999  .00000444 +00000-0 +09999-5 0  9994
2 10423 028.3480 304.5671 8931822 074.4099 217.3463 00.41852000007855
1 10423U 77102  B 83001.99999999  .00000444 +00000-0 +09999-5 0  9994
2 10423 028.3503 304.5651 8924750 074.3985 309.5750 00.41844127007869
1 10423U 77102  B 83005.99999999  .00000444 +00000-0 +09999-5 0  9998
2 10423 028.1081 302.6440 8935985 076.1674 192.4344 00.41838694007882
1 10423U 77102  B 83012.99999999  .00000443 +00000-0 +09999-5 0  9995
2 10423 028.1427 302.6819 8912497 076.3618 166.7155 00.41868150007917
1 10423U 77102  B 83019.99999999  .00000444 +00000-0 +09999-5 0  9993
2 10423 028.0823 302.1041 8920144 076.9755 141.6091 00.41847956007949
1 10423U 77102  B 83022.99999999  .00000444 +00000-0 +09999-5 0  9997
2 10423 028.0487 301.7154 8920252 077.4090 233.4698 00.41846499007958
1 10423U 77102  B 83026.99999999  .00000443 +00000-0 +09999-5 0  9990
2 10423 028.0362 301.4544 8912123 077.7570 116.0984 00.41866362007971
1 10423U 77102  B 83036.99999999  .00000444 +00000-0 +09999-5 0  9992
2 10423 027.8423 299.4711 8918339 079.7599 182.7363 00.41852424008017
1 10423U 77102  B 83043.99999999  .00000444 +00000-0 +99999-4 0  9998
2 10423 027.7959 298.9140 8918257 080.3280 157.6067 00.41854467008048
1 10423U 77102  B 83047.99999999  .00000444 +00000-0 +99999-4 0  9992
2 10423 027.7587 298.2620 8929363 081.0622 040.2426 00.41856620008060
1 10423U 77102  B 83050.99999999  .00000445 +00000-0 +99999-4 0  9997
2 10423 027.7201 297.7985 8931126 081.5797 132.0354 00.41848866008073
1 10423U 77102  B 83054.99999999  .00000444 +00000-0 +99999-4 0  9990
2 10423 027.7058 297.4563 8925301 082.0167 014.5758 00.41839909008099
1 10423U 77102  B 83057.99999999  .00000445 +00000-0 +99999-4 0  9994
2 10423 027.6662 297.1663 8929742 082.2815 106.7222 00.41843752008105
1 10423U 77102  B 83064.43447059  .00000444 +00000-0 +99999-4 0  9995
2 10423 027.6155 296.3212 8925598 083.2409 354.5020 00.41843738008134
1 10423U 77102  B 83071.61230485  .00000444 +00000-0 +99999-4 0  9996
2 10423 027.5641 295.3837 8920881 084.3063 355.5425 00.41843722008169
1 10423U 77102  B 83074.00272787  .00000444 +00000-0 +99999-4 0  9993
2 10423 027.5489 295.0735 8919277 084.6591 355.6197 00.41843716008170
1 10423U 77102  B 83075.99999999  .00000446 +00000-0 +99999-4 0  9995
2 10423 027.4811 293.2839 8951620 086.3605 297.8691 00.41862362008170
1 10423U 77102  B 83082.99999999  .00000446 +00000-0 +99999-4 0  9993
2 10423 027.4582 292.4741 8943511 087.3770 272.1499 00.41852482008200
1 10423U 77102  B 83096.99999999  .00000446 +00000-0 +99999-4 0  9998
2 10423 027.3973 289.3792 8940988 090.7024 220.5819 00.41857123008276
1 10423U 77102  B 83099.99999999  .00000446 +00000-0 +99999-4 0  9991
2 10423 027.4013 288.8805 8946765 091.2409 312.4623 00.41866305008291
1 10423U 77102  B 83106.99999999  .00000446 +00000-0 +99999-4 0  9990
2 10423 027.4087 287.6991 8941961 092.6650 286.3077 00.41845564008321
1 10423U 77102  B 83110.99999999  .00000445 +00000-0 +99999-4 0  9994
2 10423 027.4003 287.4481 8933170 093.0458 168.8905 00.41855577008346
1 10423U 77102  B 83131.99999999  .00000444 +00000-0 +99999-4 0  9996
2 10423 027.4757 283.8956 8909810 097.1172 091.3681 00.41864294008427
1 10423U 77102  B 83138.99999999  .00000443 +00000-0 +99999-4 0  9992
2 10423 027.4585 283.6803 8885429 097.5480 065.7952 00.41857509008450
1 10423U 77102  B 83141.99999999  .00000443 +00000-0 +99999-4 0  9996
2 10423 027.4637 283.0622 8887683 098.1662 157.8430 00.41843810008469
1 10423U 77102  B 83145.99999999  .00000443 +00000-0 +99999-4 0  9990
2 10423 027.5451 281.9822 8877583 099.3808 039.9689 00.41887716008487
1 10423U 77102  B 83148.99999999  .00000442 +00000-0 +99999-4 0  9992
2 10423 027.5329 281.9859 8859335 099.4656 131.9245 00.41871135008498
1 10423U 77102  B 83152.99999999  .00000442 +00000-0 +99999-4 0  9997
2 10423 027.5170 281.8816 8851771 099.6387 014.7609 00.41855239008515
1 10423U 77102  B 83155.99999999  .00000442 +00000-0 +99999-4 0  9990
2 10423 027.5238 281.5713 8852085 099.9879 106.7596 00.41855862008521
1 10423U 77102  B 83162.99999999  .00000440 +00000-0 +99999-4 0  9996
2 10423 027.5363 281.1416 8833024 100.6419 081.0532 00.41875123008569
1 10423U 77102  B 83166.99999999  .00000440 +00000-0 +99999-4 0  9990
2 10423 027.5049 281.2616 8820954 100.5381 324.0175 00.41852431008580
1 10423U 77102  B 83183.99999999  .00000439 +00000-0 +99999-4 0  9997
2 10423 027.5628 279.4803 8792756 102.5885 005.3429 00.41840410008663
1 10423U 77102  B 83187.99999999  .00000438 +00000-0 +99999-4 0  9990
2 10423 027.5697 279.2163 8785009 102.9196 247.8659 00.41847918008688
1 10423U 77102  B 83201.99999999  .00000437 +00000-0 +99999-4 0  9996
2 10423 027.6227 277.8460 8759543 104.4583 197.3760 00.41859749008758
1 10423U 77102  B 83204.99999999  .00000437 +00000-0 +99999-4 0  9999
2 10423 027.5879 277.9278 8750757 104.3704 289.5954 00.41853638008772
1 10423U 77102  B 83212.99999999  .00000437 +00000-0 +99999-4 0  9998
2 10423 027.5852 277.5886 8755553 104.7041 172.4862 00.41862075008819
1 10423U 77102  B 83218.99999999  .00000437 +00000-0 +99999-4 0  9994
2 10423 027.6156 276.9175 8748729 105.5373 239.2257 00.41860169008840
1 10423U 77102  B 83225.99999999  .00000438 +00000-0 +99999-4 0  9993
2 10423 027.7218 275.4703 8759073 106.9460 214.0223 00.41834831008871
1 10423U 77102  B 83292.99999999  .00000438 +00000-0 +99999-4 0  9997
2 10423 028.7445 266.9256 8757391 116.5040 226.0323 00.41844537009244
1 10423U 77102  B 83295.99999999  .00000438 +00000-0 +99999-4 0  9990
2 10423 028.8224 266.5947 8756975 116.9176 318.7671 00.41871267009261
1 10423U 77102  B 83299.99999999  .00000438 +00000-0 +99999-4 0  9994
2 10423 028.8229 266.4485 8745911 117.2471 201.1757 00.41849269009281
1 10423U 77102  B 83316.99999999  .00000436 +00000-0 +99999-4 0  9992
2 10423 029.0408 264.8862 8714573 119.2103 241.4804 00.41850967009353
1 10423U 77102  B 83320.99999999  .00000436 +00000-0 +99999-4 0  9997
2 10423 029.1076 264.4848 8714838 119.7223 123.8850 00.41841049009374
1 10423U 77102  B 83323.99999999  .00000436 +00000-0 +99999-4 0  9990
2 10423 029.1444 264.2996 8708269 120.0197 215.4416 00.41831350009393
1 10423U 77102  B 83327.99999999  .00000435 +00000-0 +99999-4 0  9993
2 10423 029.0898 264.3460 8694218 120.1324 097.7856 00.41862977009414
1 10423U 77102  B 83334.99999999  .00000435 +00000-0 +99999-4 0  9991
2 10423 029.1906 263.6932 8689098 120.8872 072.2764 00.41862169009448
1 10423U 77102  B 83338.99999999  .00000434 +00000-0 +99999-4 0  9994
2 10423 029.2551 263.4135 8671651 121.3250 163.6384 00.41844300009462
1 10423U 77102  B 83341.99999999  .00000433 +00000-0 +99999-4 0  9997
2 10423 029.1225 263.6295 8651552 121.2015 046.1047 00.41849761009483
1 10423U 77102  B 83344.99999999  .00000433 +00000-0 +99999-4 0  9990
2 10423 029.1206 263.5254 8649345 121.3190 138.1452 00.41849563009503
1 10423U 77102  B 83348.99999999  .00000433 +00000-0 +99999-4 0  9994
2 10423 029.1679 263.2435 8647661 121.6905 020.5937 00.41866076009523
1 10423U 77102  B 83358.99999999  .00000431 +00000-0 +99999-4 0  9993
2 10423 029.0068 263.3724 8617670 121.7678 086.9464 00.41842359009575
1 10423U 77102  B 83362.99999999  .00000431 +00000-0 +99999-4 0  9998
2 10423 029.2080 262.6179 8619169 122.5465 329.2285 00.41872572009580
1 10423U 77102  B 84001.00001157  .00000430 +00000-0 +99999-4 0  9990
2 10423 029.1657 262.5852 8601873 122.7253 060.9022 00.41867875009607
1 10423U 77102  B 84004.99999999  .00000430 +00000-0 +99999-4 0  9991
2 10423 029.0483 262.8280 8586783 122.4932 303.7811 00.41842747009621
1 10423U 77102  B 84007.99999999  .00000430 +00000-0 +99999-4 0  9994
2 10423 029.0559 262.6400 8587912 122.7005 035.8384 00.41845446009645
1 10423U 77102  B 84011.99999999  .00000430 +00000-0 +99999-4 0  9999
2 10423 029.1112 262.3580 8588215 123.0027 278.3435 00.41848028009664
1 10423U 77102  B 84014.99999999  .00000430 +00000-0 +99999-4 0  9992
2 10423 029.0937 262.2751 8582636 123.1833 010.1661 00.41854923009680
1 10423U 77102  B 84018.99999999  .00000429 +00000-0 +99999-4 0  9994
2 10423 028.9989 262.4715 8569650 123.0226 252.9550 00.41851232009709
1 10423U 77102  B 84025.99999999  .00000430 +00000-0 +99999-4 0  9994
2 10423 029.2239 261.4173 8572143 124.0910 227.3437 00.41822785009734
1 10423U 77102  B 84028.99999999  .00000429 +00000-0 +99999-4 0  9995
2 10423 029.1553 261.5202 8557701 124.0612 319.1502 00.41834907009752
1 10423U 77102  B 84032.99999999  .00000428 +00000-0 +99999-4 0  9999
2 10423 029.1320 261.3915 8556314 124.1694 202.0560 00.41862387009772
1 10423U 77102  B 84035.99999999  .00000429 +00000-0 +99999-4 0  9993
2 10423 029.1935 261.1215 8562251 124.4143 294.1423 00.41856895009793
1 10423U 77102  B 84039.99999999  .00000429 +00000-0 +99999-4 0  9997
2 10423 029.2676 260.7296 8566188 124.8592 176.6363 00.41842189009816
1 10423U 77102  B 84042.99999999  .00000429 +00000-0 +99999-4 0  9991
2 10423 029.2775 260.6353 8562882 125.0107 268.4567 00.41843179009839
1 10423U 77102  B 84046.99999999  .00000428 +00000-0 +99999-4 0  9994
2 10423 029.2326 260.5715 8558272 125.0981 151.1937 00.41864646009853
1 10423U 77102  B 84056.99999999  .00000429 +00000-0 +99999-4 0  9996
2 10423 029.5338 259.3313 8557110 126.4595 217.2925 00.41853849009905
1 10423U 77102  B 84060.99999999  .00000429 +00000-0 +99999-4 0  9991
2 10423 029.5435 259.0905 8559897 126.6842 100.0476 00.41844017009927
1 10423U 77102  B 84063.99999999  .00000430 +00000-0 +99999-4 0  9996
2 10423 029.6625 258.6688 8568952 127.0894 191.9848 00.41845497009943
1 10423U 77102  B 84067.99999999  .00000430 +00000-0 +00000-0 0  9991
2 10423 029.7858 258.2454 8574678 127.6094 074.4017 00.41851955009960
1 10423U 77102  B 84070.99999999  .00000430 +00000-0 +00000-0 0  9995
2 10423 029.8156 258.0960 8572161 127.8317 166.1351 00.41845093009985
1 10423U 77102  B 84074.99999999  .00000430 +00000-0 +00000-0 0  9999
2 10423 029.7905 257.9910 8569389 127.9831 048.7499 00.41838467010009
1 10423U 77102  B 84077.99999999  .00000430 +00000-0 +00000-0 0  9992
2 10423 029.9566 257.3812 8578951 128.5481 140.7343 00.41823944010029
1 10423U 77102  B 84081.99999999  .00000430 +00000-0 +00000-0 0  9997
2 10423 030.2133 256.6730 8577379 129.4425 022.5256 00.41875817010044
1 10423U 77102  B 84084.99999999  .00000430 +00000-0 +00000-0 0  9990
2 10423 030.1613 256.6893 8567736 129.4964 114.3884 00.41854032010054
1 10423U 77102  B 84087.99999999  .00000430 +00000-0 +00000-0 0  9993
2 10423 030.2106 256.4647 8570681 129.7120 206.3868 00.41852847010075
1 10423U 77102  B 84091.99999999  .00000431 +00000-0 +00000-0 0  9999
2 10423 030.3537 256.0072 8578822 130.2363 088.8791 00.41842849010094
1 10423U 77102  B 84095.99999999  .00000430 +00000-0 +00000-0 0  9992
2 10423 030.4844 255.6535 8580964 130.6949 330.9632 00.41865556010117
1 10423U 77102  B 84102.99999999  .00000430 +00000-0 +00000-0 0  9991
2 10423 030.4736 255.4698 8572948 131.0403 305.2593 00.41844719010151
1 10423U 77102  B 84105.99999999  .00000431 +00000-0 +00000-0 0  9995
2 10423 030.6698 254.8995 8582077 131.6539 037.0588 00.41862903010174
1 10423U 77102  B 84109.99999999  .00000430 +00000-0 +00000-0 0  9998
2 10423 030.7985 254.5094 8566576 132.2668 278.4445 00.41822473010190
1 10423U 77102  B 84112.99999999  .00000430 +00000-0 +00000-0 0  9992
2 10423 030.7246 254.5228 8558958 132.3517 010.2627 00.41838487010217
1 10423U 77102  B 84117.70263888  .00000430 +00000-0 +99999-4 0  9996
2 10423 030.8426 254.2119 8562060 132.7183 358.4969 00.41866446010230
1 10423U 77102  B 84123.99999999  .00000430 +00000-0 +99999-4 0  9993
2 10423 030.9373 253.8218 8557768 133.3237 226.6221 00.41838890010265
1 10423U 77102  B 84126.99999999  .00000429 +00000-0 +99999-4 0  9994
2 10423 030.8615 253.9049 8548964 133.3444 318.4014 00.41853238010289
1 10423U 77102  B 84133.99999999  .00000429 +00000-0 +00000-0 0  9993
2 10423 031.0928 253.2073 8550758 134.1492 292.7415 00.41874279010327
1 10423U 77102  B 84137.99999999  .00000428 +00000-0 +00000-0 0  9996
2 10423 031.0450 253.1993 8529770 134.4396 174.8181 00.41851500010347
1 10423U 77102  B 84140.99999999  .00000428 +00000-0 +00000-0 0  9990
2 10423 030.9184 253.3361 8518777 134.3503 266.7793 00.41854203010369
1 10423U 77102  B 84147.99999999  .00000428 +00000-0 +00000-0 0  9997
2 10423 030.9989 252.9739 8517131 134.8441 241.1529 00.41845236010400
1 10423U 77102  B 84151.99999999  .00000427 +00000-0 +00000-0 0  9991
2 10423 030.9618 252.9553 8508322 135.0395 123.5479 00.41856822010428
1 10423U 77102  B 84154.99999999  .00000427 +00000-0 +00000-0 0  9994
2 10423 030.8353 253.1399 8495749 134.9445 215.4367 00.41852821010440
1 10423U 77102  B 84158.99999999  .00000426 +00000-0 +00000-0 0  9997
2 10423 030.7930 253.0243 8491530 135.0782 098.2195 00.41847282010460
1 10423U 77102  B 84168.99999999  .00000425 +00000-0 +00000-0 0  9997
2 10423 030.7408 252.8210 8461921 135.6020 164.1481 00.41863967010518
1 10423U 77102  B 84172.99999999  .00000425 +00000-0 +00000-0 0  9992
2 10423 030.7534 252.6666 8461637 135.7885 046.9060 00.41858859010531
1 10423U 77102  B 84179.99999999  .00000424 +00000-0 +00000-0 0  9998
2 10423 030.6914 252.5931 8449072 136.0538 021.1739 00.41866391010565
1 10423U 77102  B 84182.99999999  .00000424 +00000-0 +00000-0 0  9992
2 10423 030.5799 252.7335 8438993 135.9551 113.2541 00.41869309010575
1 10423U 77102  B 84186.99999999  .00000424 +00000-0 +00000-0 0  9996
2 10423 030.6057 252.5690 8440119 136.0771 356.2487 00.41848843010594
1 10423U 77102  B 84196.99999999  .00000423 +00000-0 +00000-0 0  9996
2 10423 030.5004 252.3728 8413107 136.5205 062.4488 00.41850540010638
1 10423U 77102  B 84214.99999999  .00000423 +00000-0 +00000-0 0  9997
2 10423 030.6379 251.5721 8412248 137.3765 254.7555 00.41864808010715
1 10423U 77102  B 84217.99999999  .00000423 +00000-0 +99999-4 0  9999
2 10423 030.7164 251.3602 8408850 137.7300 346.2625 00.41872417010739
1 10423U 77102  B 84228.99999999  .00000423 +00000-0 +99999-4 0  9991
2 10423 030.7053 250.9952 8404379 138.1246 203.9689 00.41852790010781
1 10423U 77102  B 84231.99999999  .00000423 +00000-0 +99999-4 0  9995
2 10423 030.7661 250.8429 8406650 138.3286 295.8460 00.41856239010806
1 10423U 77102  B 84235.99999999  .00000422 +00000-0 +99999-4 0  9998
2 10423 030.7332 250.7902 8402068 138.4689 178.4799 00.41858571010816
1 10423U 77102  B 84245.99999999  .00000423 +00000-0 +99999-4 0  9990
2 10423 031.0507 249.9219 8408764 139.4624 244.7008 00.41829111010867
1 10423U 77102  B 84249.99999999  .00000423 +00000-0 +99999-4 0  9994
2 10423 030.9601 249.8977 8402860 139.5336 127.3611 00.41857317010889
1 10423U 77102  B 84252.99999999  .00000423 +00000-0 +99999-4 0  9998
2 10423 031.0552 249.6542 8409644 139.7402 219.4742 00.41858763010902
1 10423U 77102  B 84256.99999999  .00000424 +00000-0 +99999-4 0  9993
2 10423 031.2108 249.2975 8418636 140.1517 102.0338 00.41843380010920
1 10423U 77102  B 84259.99999999  .00000424 +00000-0 +99999-4 0  9996
2 10423 031.2967 249.1082 8421310 140.4126 193.7377 00.41839950010943
1 10423U 77102  B 84266.99999999  .00000424 +00000-0 +99999-4 0  9994
2 10423 031.2980 248.8904 8419705 140.7128 168.2678 00.41860304010978
1 10423U 77102  B 84273.99999999  .00000425 +00000-0 +99999-4 0  9993
2 10423 031.6722 248.1352 8427400 141.7390 141.9924 00.41851377011017
1 10423U 77102  B 84277.99999999  .00000424 +00000-0 +99999-4 0  9996
2 10423 031.5731 248.1340 8421431 141.8063 024.5580 00.41847259011039
1 10423U 77102  B 84280.99999999  .00000425 +00000-0 +99999-4 0  9991
2 10423 031.6806 247.8850 8427259 142.0579 116.5072 00.41842012011056
1 10423U 77102  B 84291.99999999  .00000425 +00000-0 +99999-4 0  9993
2 10423 031.8259 247.4736 8428905 142.7964 332.8052 00.41848461011104
1 10423U 77102  B 84294.99999999  .00000425 +00000-0 +99999-4 0  9996
2 10423 031.8406 247.3289 8429194 142.9801 064.8296 00.41842244011119
1 10423U 77102  B 84301.99999999  .00000425 +00000-0 +99999-4 0  9995
2 10423 032.0781 246.7849 8428443 143.8754 038.1775 00.41870785011157
1 10423U 77102  B 84305.99999999  .00000425 +00000-0 +99999-4 0  9999
2 10423 032.0051 246.8130 8422146 143.9060 280.7972 00.41855846011173
1 10423U 77102  B 84308.99999999  .00000425 +00000-0 +99999-4 0  9992
2 10423 032.0785 246.6198 8425745 144.1649 012.6812 00.41864934011198
1 10423U 77102  B 84312.99999999  .00000425 +00000-0 +99999-4 0  9997
2 10423 032.1642 246.4390 8426592 144.4703 254.8064 00.41842870011215
1 10423U 77102  B 84315.99999999  .00000425 +00000-0 +99999-4 0  9990
2 10423 032.1163 246.4490 8422299 144.5913 346.4552 00.41864939011230
1 10423U 77102  B 84319.99999999  .00000424 +00000-0 +99999-4 0  9993
2 10423 031.9776 246.5496 8411202 144.6262 228.9468 00.41848905011240
1 10423U 77102  B 84322.99999999  .00000424 +00000-0 +99999-4 0  9997
2 10423 032.0027 246.4361 8412231 144.7521 320.9624 00.41861305011261
1 10423U 77102  B 84333.99999999  .00000424 +00000-0 +99999-4 0  9999
2 10423 031.8794 246.2483 8390851 145.3937 177.0014 00.41851564011319
1 10423U 77102  B 84336.99999999  .00000424 +00000-0 +99999-4 0  9992
2 10423 031.9183 246.1413 8391818 145.5473 268.8391 00.41852346011333
1 10423U 77102  B 84340.99999999  .00000424 +00000-0 +99999-4 0  9997
2 10423 031.9124 246.0643 8388378 145.7790 151.1870 00.41839473011357
1 10423U 77102  B 84343.99999999  .00000423 +00000-0 +99999-4 0  9999
2 10423 031.7865 246.1804 8378994 145.7810 242.8606 00.41838063011374
1 10423U 77102  B 84347.99999999  .00000422 +00000-0 +99999-4 0  9992
2 10423 031.6178 246.2624 8368260 145.7702 125.4933 00.41861653011398
1 10423U 77102  B 84357.99999999  .00000422 +00000-0 +99999-4 0  9993
2 10423 031.5013 246.1452 8349733 146.2393 191.2950 00.41857600011442
1 10423U 77102  B 84366.99999999  .00000421 +00000-0 +99999-4 0  9992
2 10423 031.3960 245.9459 8342024 146.5627 048.4764 00.41864348011481
1 10423U 77102  B 85005.99999999  .00000421 +00000-0 +99999-4 0  9993
2 10423 031.2850 246.0442 8333375 146.5458 140.3611 00.41857695011506
1 10423U 77102  B 85010.99999999  .00000421 +00000-0 +99999-4 0  9999
2 10423 031.0984 246.1288 8323586 146.4894 022.4067 00.41835183011522
1 10423U 77102  B 85011.99999999  .00000420 +00000-0 +99999-4 0  9999
2 10423 031.0576 245.8569 8313576 146.9647 089.2108 00.41858507011539
1 10423U 77102  B 85026.99999999  .00000421 +00000-0 +99999-4 0  9996
2 10423 031.1225 245.5765 8318193 147.2101 064.1713 00.41849373011608
1 10423U 77102  B 85030.99999999  .00000421 +00000-0 +99999-4 0  9991
2 10423 031.1310 245.4980 8317858 147.3479 306.6042 00.41849137011626
1 10423U 77102  B 85033.99999999  .00000420 +00000-0 +99999-4 0  9993
2 10423 031.0527 245.4839 8313215 147.4207 038.5490 00.41852820011633
1 10423U 77102  B 85037.99999999  .00000420 +00000-0 +99999-4 0  9997
2 10423 031.0244 245.4304 8311836 147.4118 281.5791 00.41857857011655
1 10423U 77102  B 85044.99999999  .00000421 +00000-0 +00000-0 0  9997
2 10423 031.1928 245.0068 8317295 148.0511 255.4617 00.41835417011685
1 10423U 77102  B 85051.99999999  .00000421 +00000-0 +00000-0 0  9995
2 10423 031.2348 244.7080 8322581 148.2974 230.3779 00.41857731011719
1 10423U 77102  B 85054.99999999  .00000421 +00000-0 +00000-0 0  9998
2 10423 031.3528 244.5269 8329886 148.5105 322.2806 00.41862795011731
1 10423U 77102  B 85058.99999999  .00000422 +00000-0 +00000-0 0  9993
2 10423 031.3982 244.3701 8332006 148.7632 204.6876 00.41843606011751
1 10423U 77102  B 85065.99999999  .00000422 +00000-0 +00000-0 0  9991
2 10423 031.4336 244.0903 8335423 149.0352 179.4264 00.41858628011777
1 10423U 77102  B 85074.20121527  .00000423 +00000-0 +99999-4 0  9999
2 10423 031.5657 243.7398 8342744 149.6970 334.1218 00.41841226011814
1 10423U 77102  B 85075.99999999  .00000423 +00000-0 +99999-4 0  9992
2 10423 031.6073 243.6348 8344956 149.7967 245.2062 00.41859647011821
1 10423U 77102  B 85079.99999999  .00000423 +00000-0 +99999-4 0  9996
2 10423 031.7592 243.3379 8354464 150.1082 127.8176 00.41839363011844
1 10423U 77102  B 85082.99999999  .00000424 +00000-0 +00000-0 0  9992
2 10423 031.9044 243.1355 8362429 150.3744 219.5196 00.41841652011886
1 10423U 77102  B 85086.99999999  .00000424 +00000-0 +99999-4 0  9995
2 10423 031.9376 243.0200 8364665 150.6378 101.8680 00.41848048011890
1 10423U 77102  B 85089.99999999  .00000424 +00000-0 +99999-4 0  9998
2 10423 031.8923 243.0146 8362537 150.7063 193.6914 00.41850627011901
1 10423U 77102  B 85100.99999999  .00000425 +00000-0 +99999-4 0  9993
2 10423 032.0707 242.4862 8374038 151.6354 049.7031 00.41855971011957
1 10423U 77102  B 85103.99999999  .00000425 +00000-0 +99999-4 0  9996
2 10423 032.0630 242.4172 8373915 151.7201 141.6898 00.41846820011979
1 10423U 77102  B 85107.99999999  .00000425 +00000-0 +99999-4 0  9990
2 10423 032.2208 242.1814 8383263 152.0359 024.1663 00.41863557011990
1 10423U 77102  B 85110.99999999  .00000426 +00000-0 +99999-4 0  9995
2 10423 032.2941 242.0530 8386650 152.2703 115.8013 00.41838141012018
1 10423U 77102  B 85114.99999999  .00000426 +00000-0 +99999-4 0  9999
2 10423 032.2346 242.0373 8385687 152.4388 357.9002 00.41842537012035
1 10423U 77102  B 85117.99999999  .00000426 +00000-0 +99999-4 0  9992
2 10423 032.1543 242.0421 8380676 152.5268 089.7513 00.41854415012044
1 10423U 77102  B 85121.99999999  .00000426 +00000-0 +99999-4 0  9997
2 10423 032.2711 241.8634 8387553 152.7336 332.3635 00.41870369012064
1 10423U 77102  B 85131.99999999  .00000426 +00000-0 +00000-0 0  9999
2 10423 032.0681 241.7422 8380064 153.3371 037.6192 00.41849990012102
1 10423U 77102  B 85135.99999999  .00000426 +00000-0 +99999-4 0  9992
2 10423 032.1647 241.5917 8384990 153.5700 279.9010 00.41852069012114
1 10423U 77102  B 85142.99999999  .00000426 +00000-0 +99999-4 0  9990
2 10423 031.9742 241.6453 8375884 153.8132 253.8009 00.41839444012152
1 10423U 77102  B 85145.99999999  .00000426 +00000-0 +99999-4 0  9993
2 10423 031.8379 241.6944 8370046 153.8121 345.7316 00.41840368012176
1 10423U 77102  B 85149.99999999  .00000426 +00000-0 +99999-4 0  9997
2 10423 031.9906 241.4113 8376588 154.1349 228.1973 00.41847129012188
1 10423U 77102  B 85152.99999999  .00000426 +00000-0 +99999-4 0  9991
2 10423 031.9488 241.3840 8378279 154.4119 319.3142 00.41874055012208
1 10423U 77102  B 85156.99999999  .00000425 +00000-0 +99999-4 0  9994
2 10423 031.6093 241.5970 8361174 154.3635 201.8560 00.41855203012215
1 10423U 77102  B 85163.99999999  .00000426 +00000-0 +99999-4 0  9993
2 10423 031.5976 241.4224 8361455 154.6374 176.2802 00.41837267012247
1 10423U 77102  B 85166.99999999  .00000426 +00000-0 +99999-4 0  9996
2 10423 031.5198 241.4452 8358329 154.7209 267.9381 00.41840544012264
1 10423U 77102  B 85170.99999999  .00000425 +00000-0 +99999-4 0  9990
2 10423 031.3317 241.5293 8348509 154.7669 150.4356 00.41852734012271
1 10423U 77102  B 85173.99999999  .00000425 +00000-0 +99999-4 0  9993
2 10423 031.1941 241.5736 8341569 154.7256 242.5151 00.41852291012291
1 10423U 77102  B 85184.99999999  .00000424 +00000-0 +99999-4 0  9994
2 10423 030.9012 241.4746 8332325 155.1614 098.9473 00.41856022012342
1 10423U 77102  B 85187.99999999  .00000425 +00000-0 +99999-4 0  9998
2 10423 030.9093 241.3915 8332729 155.2219 191.0771 00.41852506012369
1 10423U 77102  B 85191.99999999  .00000425 +00000-0 +99999-4 0  9993
2 10423 030.9390 241.2665 8335291 155.4201 073.6261 00.41851483012384
1 10423U 77102  B 85198.99999999  .00000424 +00000-0 +99999-4 0  9999
2 10423 030.6834 241.3189 8323154 155.5092 047.9706 00.41851544012410
1 10423U 77102  B 85201.99999999  .00000424 +00000-0 +99999-4 0  9994
2 10423 030.6348 241.2727 8320170 155.5148 140.1626 00.41859062012436
1 10423U 77102  B 85208.99999999  .00000425 +00000-0 +99999-4 0  9992
2 10423 030.6984 241.0293 8329381 156.0003 114.1756 00.41861811012471
1 10423U 77102  B 85215.99999999  .00000425 +00000-0 +99999-4 0  9990
2 10423 030.5231 240.9437 8323651 156.0593 089.0840 00.41843576012507
1 10423U 77102  B 85219.99999999  .00000425 +00000-0 +99999-4 0  9994
2 10423 030.6164 240.8006 8330401 156.2414 331.5981 00.41857432012528
1 10423U 77102  B 85222.99999999  .00000425 +00000-0 +99999-4 0  9998
2 10423 030.5857 240.7281 8329741 156.3918 063.4658 00.41855940012530
1 10423U 77102  B 85229.99999999  .00000425 +00000-0 +99999-4 0  9995
2 10423 030.4810 240.6247 8326301 156.4858 038.3769 00.41834535012566
1 10423U 77102  B 85240.99999999  .00000426 +00000-0 +99999-4 0  9999
2 10423 030.5373 240.2503 8341128 157.0656 255.1718 00.41862608012610
1 10423U 77102  B 85247.99999999  .00000427 +00000-0 +99999-4 0  9997
2 10423 030.7869 239.8719 8357996 157.5184 229.5952 00.41846633012644
1 10423U 77102  B 85257.99999999  .00000428 +00000-0 +99999-4 0  9999
2 10423 030.8747 239.5575 8368453 157.9109 296.2925 00.41868939012697
1 10423U 77102  B 85275.99999999  .00000430 +00000-0 +99999-4 0  9992
2 10423 031.1715 238.8380 8404475 159.1444 126.8423 00.41839224012767
1 10423U 77102  B 85279.99999999  .00000430 +00000-0 +99999-4 0  9996
2 10423 031.1074 238.7868 8406016 159.3308 009.1424 00.41856621012785
1 10423U 77102  B 85282.99999999  .00000431 +00000-0 +99999-4 0  9991
2 10423 031.0771 238.7334 8405631 159.4124 101.1043 00.41851488012792
1 10423U 77102  B 85285.99999999  .00000431 +00000-0 +99999-4 0  9994
2 10423 031.2748 238.4855 8417111 159.6540 193.0128 00.41846120012817
1 10423U 77102  B 85289.99999999  .00000432 +00000-0 +99999-4 0  9999
2 10423 031.3766 238.3283 8433260 160.1170 074.8591 00.41870153012836
1 10423U 77102  B 85292.99999999  .00000432 +00000-0 +99999-4 0  9993
2 10423 031.1106 238.4483 8426058 160.1237 166.5196 00.41855175012855
1 10423U 77102  B 85296.99999999  .00000432 +00000-0 +99999-4 0  9997
2 10423 031.1428 238.3016 8431283 160.3207 049.1796 00.41849461012873
1 10423U 77102  B 85299.99999999  .00000433 +00000-0 +99999-4 0  9991
2 10423 031.2560 238.1610 8438614 160.5347 140.9012 00.41834584012894
1 10423U 77102  B 85303.99999999  .00000433 +00000-0 +99999-4 0  9997
2 10423 031.2624 238.0684 8444197 160.8088 023.0677 00.41873918012918
1 10423U 77102  B 85306.99999999  .00000433 +00000-0 +99999-4 0  9990
2 10423 031.1609 238.0978 8441570 160.8985 114.7829 00.41851365012935
1 10423U 77102  B 85310.99999999  .00000434 +00000-0 +99999-4 0  9996
2 10423 031.0223 238.0985 8439394 160.9582 357.3178 00.41828905012957
1 10423U 77102  B 85317.99999999  .00000435 +00000-0 +99999-4 0  9994
2 10423 031.0060 237.9013 8456366 161.5458 330.6518 00.41868093012980
1 10423U 77102  B 85324.99999999  .00000434 +00000-0 +99999-4 0  9991
2 10423 030.7935 237.8705 8452044 161.7321 305.1852 00.41862882013017
1 10423U 77102  B 85327.99999999  .00000435 +00000-0 +99999-4 0  9995
2 10423 030.8124 237.7585 8455536 161.9603 036.9663 00.41865863013029
1 10423U 77102  B 85338.99999999  .00000434 +00000-0 +99999-4 0  9996
2 10423 030.3557 237.8227 8442300 162.2118 253.5967 00.41856543013072
1 10423U 77102  B 85345.99999999  .00000435 +00000-0 +99999-4 0  9995
2 10423 030.1201 237.7991 8448677 162.6238 227.1771 00.41830269013104
1 10423U 77102  B 85348.99999999  .00000435 +00000-0 +99999-4 0  9998
2 10423 029.8618 237.8342 8440989 162.6187 319.2078 00.41843058013128
1 10423U 77102  B 85355.99999999  .00000435 +00000-0 +99999-4 0  9996
2 10423 029.8428 237.6616 8444311 162.9217 293.6028 00.41856179013149
1 10423U 77102  B 85362.99999999  .00000435 +00000-0 +99999-4 0  9994
2 10423 029.4502 237.7446 8429846 163.0378 267.9917 00.41845391013163
1 10423U 77102B   86001.99999999  .00000434 +00000-0 +99999-4 0  9994
2 10423 029.3952 237.6117 8427453 163.1613 150.7988 00.41855726013182
1 10423U 77102B   86004.99999999  .00000435 +00000-0 +99999-4 0  9998
2 10423 029.5042 237.4682 8439556 163.3788 242.4829 00.41850441013206
1 10423U 77102B   86015.99999999  .00000435 +00000-0 +99999-4 0  9990
2 10423 028.9827 237.4278 8429715 163.6589 099.6608 00.41847030013251
1 10423U 77102B   86018.99999999  .00000435 +00000-0 +99999-4 0  9993
2 10423 028.9837 237.3738 8432021 163.7706 191.5229 00.41845019013276
1 10423U 77102B   86022.99999999  .00000435 +00000-0 +99999-4 0  9998
2 10423 028.8460 237.3331 8428665 163.9078 074.0534 00.41859752013294
1 10423U 77102B   86025.99999999  .00000435 +00000-0 +99999-4 0  9991
2 10423 028.7112 237.3489 8422620 163.9029 166.1561 00.41864602013318
1 10423U 77102B   86036.99999999  .00000436 +00000-0 +99999-4 0  9994
2 10423 028.5006 237.0683 8435432 164.4063 023.0520 00.41844490013500
1 10423U 77102B   86039.99999999  .00000436 +00000-0 +99999-4 0  9997
2 10423 028.4739 236.9884 8434474 164.4401 115.3083 00.41854070013520
1 10423U 77102B   86046.99999999  .00000437 +00000-0 +99999-4 0  9996
2 10423 028.6764 236.6881 8450021 164.8178 089.9697 00.41848795013552
1 10423U 77102B   86053.99999999  .00000437 +00000-0 +99999-4 0  9994
2 10423 028.5312 236.5668 8448738 165.0218 064.5590 00.41848052013582
1 10423U 77102B   86057.99999999  .00000438 +00000-0 +99999-4 0  9999
2 10423 028.7686 236.3385 8464450 165.2081 307.4760 00.41874620013602
1 10423U 77102B   86064.99999999  .00000439 +00000-0 +99999-4 0  9998
2 10423 028.5197 236.2525 8476086 165.5709 281.4298 00.41849339013628
1 10423U 77102B   86067.99999999  .00000439 +00000-0 +99999-4 0  9991
2 10423 028.5834 236.0882 8481187 165.7457 013.5752 00.41842486013636
1 10423U 77102B   86078.99999999  .00000441 +00000-0 +99999-4 0  9996
2 10423 028.7792 235.7288 8505005 166.3379 230.3117 00.41850731013684
1 10423U 77102B   86081.99999999  .00000441 +00000-0 +99999-4 0  9990
2 10423 028.7532 235.6641 8506574 166.4174 322.3866 00.41846591013709
1 10423U 77102B   86085.99999999  .00000443 +00000-0 +99999-4 0  9996
2 10423 029.0543 235.3305 8527287 166.7829 204.8277 00.41843448013712
1 10423U 77102B   86088.99999999  .00000444 +00000-0 +99999-4 0  9990
2 10423 028.9403 235.3326 8541140 167.0139 296.1122 00.41862170013738
1 10423U 77102B   86095.99999999  .00000444 +00000-0 +99999-4 0  9998
2 10423 028.8285 235.1741 8547211 167.3072 270.7380 00.41863744013752
1 10423U 77102B   86099.99999999  .00000445 +00000-0 +99999-4 0  9993
2 10423 028.9627 234.9919 8558904 167.6137 153.1085 00.41834925013769
1 10423U 77102B   86105.45306598  .00000446 +00000-0 +99999-4 0  9990
2 10423 028.8821 234.8691 8563448 167.8669 254.1580 00.41834941013794
1 10423U 77102B   86106.99999999  .00000446 +00000-0 +99999-4 0  9993
2 10423 028.8274 234.8909 8565245 167.9846 127.1519 00.41851997013794
1 10423U 77102B   86109.99999999  .00000446 +00000-0 +99999-4 0  9996
2 10423 028.7896 234.8259 8566980 168.0803 219.1202 00.41858532013819
1 10423U 77102B   86123.99999999  .00000449 +00000-0 +99999-4 0  9995
2 10423 028.5433 234.4813 8598020 168.9490 167.1649 00.41843224013872
1 10423U 77102B   86127.99999999  .00000449 +00000-0 +99999-4 0  9999
2 10423 028.5839 234.3566 8607474 169.2484 049.5036 00.41862470013896
1 10423U 77102B   86134.99999999  .00000450 +00000-0 +99999-4 0  9999
2 10423 028.2314 234.3083 8604703 169.5719 023.4933 00.41857222013921
1 10423U 77102B   86141.99999999  .00000451 +00000-0 +99999-4 0  9998
2 10423 028.2972 234.0863 8625232 169.9559 357.8231 00.41849207013952
1 10423U 77102B   86151.99999999  .00000452 +00000-0 +99999-4 0  9990
2 10423 027.5980 234.0152 8621577 170.4363 063.7184 00.41848673013992
1 10423U 77102B   86155.99999999  .00000452 +00000-0 +99999-4 0  9994
2 10423 027.5117 233.9761 8626074 170.6097 305.9248 00.41862501014013
1 10423U 77102B   86158.99999999  .00000452 +00000-0 +99999-4 0  9997
2 10423 027.3541 233.9058 8623584 170.8239 037.7213 00.41867629014023
1 10423U 77102B   86162.99999999  .00000452 +00000-0 +00000-0 0  9993
2 10423 027.0433 233.9523 8613879 170.8575 280.2936 00.41848169014043
1 10423U 77102B   86165.99999999  .00000452 +00000-0 +00000-0 0  9996
2 10423 026.9886 233.8253 8613306 171.0376 012.3886 00.41847067025146
1 10423U 77102B   86169.99999999  .00000453 +00000-0 +99999-4 0  9990
2 10423 026.9831 233.7247 8631506 171.2788 254.4169 00.41847279025169
1 10423U 77102B   86176.99999999  .00000452 +00000-0 +99999-4 0  9997
2 10423 026.3292 233.6922 8619445 171.5198 229.0094 00.41858078025196
1 10423U 77102B   86260.99999999  .00000461 +00000-0 +99999-4 0  9991
2 10423 024.6512 231.2220 8704941 175.5922 284.1856 00.41865070025561
1 10423U 77102B   86263.99999999  .00000462 +00000-0 +99999-4 0  9995
2 10423 024.7383 231.0628 8715034 175.8783 016.0696 00.41862470025577
1 10423U 77102B   86268.99999999  .00000463 +00000-0 +99999-4 0  9991
2 10423 024.6852 230.9933 8722903 176.0598 258.3825 00.41852904025592
1 10423U 77102B   86274.99999999  .00000464 +00000-0 +00000-0 0  9990
2 10423 024.6687 230.7223 8731490 176.4499 233.1232 00.41867725025616
1 10423U 77102B   86281.99999999  .00000467 +00000-0 +99999-4 0  9990
2 10423 024.4256 230.5406 8762371 176.9840 206.9590 00.41845770025637
1 10423U 77102B   86284.99999999  .00000467 +00000-0 +99999-4 0  9993
2 10423 024.2833 230.4219 8763917 177.1460 299.0236 00.41853699025645
1 10423U 77102B   86285.00026620  .00000466 +00000-0 +00000-4 0  9992
2 10423 024.2833 230.4219 8763917 177.1460 299.0236 00.41853700025648
1 10423U 77102B   86291.99999999  .00000469 +00000-0 +99999-4 0  9993
2 10423 024.4604 230.1418 8787837 177.6522 273.2514 00.41857014025673
1 10423U 77102B   86292.00026620  .00000468 +00000-0 +00000-4 0  9992
2 10423 024.4604 230.1417 8787837 177.6521 273.2514 00.41857014025671
1 10423U 77102B   86298.99999999  .00000470 +00000-0 +99999-4 0  9992
2 10423 024.1601 229.9407 8792138 178.1433 247.4585 00.41854021025708
1 10423U 77102B   86299.00026620  .00000469 +00000-0 +00000-4 0  9990
2 10423 024.1601 229.9407 8792138 178.1432 247.4585 00.41854021025707
1 10423U 77102B   86302.99999999  .00000470 +00000-0 +99999-4 0  9998
2 10423 024.1781 229.7258 8798691 178.4470 130.1036 00.41844549025717
1 10423U 77102B   86303.00026620  .00000470 +00000-0 +00000-4 0  9998
2 10423 024.1781 229.7257 8798691 178.4469 130.1036 00.41844550025716
1 10423U 77102B   86309.99999999  .00000473 +00000-0 +99999-4 0  9998
2 10423 023.6723 229.5035 8824797 179.0874 103.8101 00.41858060025746
1 10423U 77102B   86310.00026620  .00000472 +00000-0 +00000-4 0  9998
2 10423 023.6723 229.5034 8824797 179.0874 103.8101 00.41858060025745
1 10423U 77102B   86312.99999999  .00000473 +00000-0 +99999-4 0  9992
2 10423 023.5077 229.3911 8824546 179.2472 195.8278 00.41855188025762
1 10423U 77102B   86313.00026620  .00000472 +00000-0 +00000-4 0  9991
2 10423 023.5077 229.3910 8824546 179.2471 195.8278 00.41855188025760
1 10423U 77102B   86316.99999999  .00000474 +00000-0 +99999-4 0  9997
2 10423 023.5448 229.2130 8834363 179.5867 078.3761 00.41847903025774
1 10423U 77102B   86317.00026620  .00000473 +00000-0 +00000-4 0  9996
2 10423 023.5448 229.2129 8834363 179.5867 078.3761 00.41847903025772
1 10423U 77102B   86319.99999999  .00000475 +00000-0 +99999-4 0  9991
2 10423 023.4595 229.1471 8840680 179.7891 169.9946 00.41837973025791
1 10423U 77102B   86323.99999999  .00000475 +00000-0 +99999-4 0  9996
2 10423 023.1930 228.9572 8841157 180.1914 052.3025 00.41865517025813
1 10423U 77102B   86324.00026620  .00000474 +00000-0 +00000-4 0  9995
2 10423 023.1930 228.9571 8841157 180.1913 052.3025 00.41865517025811
1 10423U 77102B   86326.99999999  .00000475 +00000-0 +99999-4 0  9999
2 10423 022.9794 228.8789 8837212 180.3584 144.1986 00.41857851025839
1 10423U 77102B   86327.00026620  .00000474 +00000-0 +00000-4 0  9998
2 10423 022.9794 228.8789 8837212 180.3584 144.1986 00.41857851025839
1 10423U 77102B   86330.99999999  .00000475 +00000-0 +99999-4 0  9994
2 10423 022.8984 228.6673 8840970 180.6884 026.9107 00.41853941025850
1 10423U 77102B   86331.00026620  .00000475 +00000-0 +00000-4 0  9994
2 10423 022.8984 228.6673 8840970 180.6883 026.9107 00.41853942025850
1 10423U 77102B   86341.99999999  .00000477 +00000-0 +99999-4 0  9998
2 10423 021.9528 228.1929 8852888 181.5967 092.7333 00.41852015025905
1 10423U 77102B   86347.99999999  .00000478 +00000-0 +99999-4 0  9995
2 10423 021.7635 227.8966 8861767 182.1908 067.0141 00.41861383025930
1 10423U 77102B   86351.99999999  .00000478 +00000-0 +99999-4 0  9990
2 10423 021.3683 227.7464 8854638 182.4584 309.3860 00.41847178025951
1 10423U 77102B   86354.99999999  .00000478 +00000-0 +99999-4 0  9993
2 10423 021.1922 227.5264 8848979 182.8016 041.4179 00.41853081025964
1 10423U 77102B   86355.00026620  .00000477 +00000-0 +00000-4 0  9992
2 10423 021.1922 227.5263 8848979 182.8016 041.4179 00.41853081025963
1 10423U 77102B   86365.99999999  .00000479 +00000-0 +99999-4 0  9996
2 10423 020.2318 226.9385 8855892 183.7521 258.4025 00.41852825026015
1 10423U 77102  B 87001.00026620  .00000479 +00000-0 +00000-4 0  9993
2 10423 020.2318 226.9384 8855892 183.7521 258.4025 00.41852825026014
1 10423U 77102  B 87003.99999999  .00000479 +00000-0 +99999-4 0  9996
2 10423 020.1745 226.7632 8855528 183.9456 350.5649 00.41843564026023
1 10423U 77102  B 87004.00026620  .00000479 +00000-0 +00000-4 0  9996
2 10423 020.1745 226.7632 8855528 183.9456 350.5649 00.41843565026024
1 10423U 77102  B 87012.08333332  .00000481 +00000-0 +99999-4 0  9992
2 10423 019.6130 225.7611 8857824 185.4375 182.5793 00.41852402026055
1 10423U 77102  B 87012.08359958  .00000480 +00000-0 +00000-4 0  9998
2 10423 019.6130 225.7610 8857824 185.4375 182.5793 00.41852403026055
1 10423U 77102  B 87036.00026620  .00000482 +00000-0 +00000-4 0  9995
2 10423 018.9161 224.8501 8870605 186.7627 132.0042 00.41850235026144
1 10423U 77102  B 87080.99999999  .00000492 +00000-0 +99999-4 0  9996
2 10423 017.7745 222.0522 8956469 190.9377 072.0777 00.41864032026412
1 10423U 77102  B 87081.00026620  .00000491 +00000-0 +00000-4 0  9995
2 10423 017.7745 222.0522 8956469 190.9377 072.0777 00.41864032026412
1 10423U 77102  B 87091.99999999  .00000495 +00000-0 +99999-4 0  9991
2 10423 017.6452 221.4596 8984720 191.8836 289.3280 00.41861328026463
1 10423U 77102  B 87092.00026620  .00000494 +00000-0 +00000-4 0  9990
2 10423 017.6452 221.4596 8984720 191.8835 289.3280 00.41861328026462
1 10423U 77102  B 87094.99999999  .00000496 +00000-0 +99999-4 0  9995
2 10423 017.5169 221.1349 8988105 192.4298 021.1907 00.41865884026470
1 10423U 77102  B 87095.00026620  .00000495 +00000-0 +00000-4 0  9994
2 10423 017.5169 221.1349 8988105 192.4297 021.1907 00.41865884026479
1 10423U 77102  B 87098.99999999  .00000496 +00000-0 +99999-4 0  9999
2 10423 017.3526 220.9002 8989584 192.7588 263.8469 00.41856053026493
1 10423U 77102  B 87224.99999999  .00000517 +00000-0 +99999-4 0  9994
2 10423 009.7563 194.8049 9088474 225.2076 166.3214 00.41861242026998
1 10423U 77102  B 87227.99999999  .00000518 +00000-0 +99999-4 0  9998
2 10423 009.6808 194.1957 9094298 225.9509 258.3103 00.41855593027003
1 10423U 77102  B 87248.99999999  .00000522 +00000-0 +99999-4 0  9996
2 10423 008.9436 187.0034 9104457 234.1058 183.1228 00.41879191027091
1 10423U 77102  B 87259.99999999  .00000558 +00000-0 +99999-4 0  9997
2 10423 008.7867 184.6204 9124988 237.1405 040.7914 00.41875584027136
1 10423U 77102  B 87264.99999999  .00000560 +00000-0 +99999-4 0  9996
2 10423 008.7356 183.7193 9125162 238.2552 074.7790 00.41875326027151
