1 27967U 88085M   03277.60176949 +.00012717 +00000-0 +75315-1 0  9991
2 27967 065.7920 219.6468 5649780 077.7143 337.2970 04.24751246003128
1 27967U 88085M   03278.07263943  .00011389  00000-0  69596-1 0  9992
2 27967 065.7915 219.4659 5646646 077.7924 337.2865 04.24757338  3140
1 27967U 88085M   03278.77889560 +.00011911 +00000-0 +71703-1 0  9992
2 27967 065.8012 219.2432 5648022 077.8228 337.2632 04.24777093003179
1 27967U 88085M   03279.24971806 +.00012612 +00000-0 +74864-1 0  9990
2 27967 065.8022 219.0833 5649307 077.7519 337.2890 04.24793164003197
1 27967U 88085M   03279.95593653  .00012332  00000-0  71298-1 0  9995
2 27967 065.8083 218.8161 5651762 077.5918 337.3116 04.24808343  3226
1 27967U 88085M   03280.19137962 +.00012426 +00000-0 +71452-1 0  9996
2 27967 065.8117 218.7497 5652247 077.6556 337.3644 04.24814784003236
1 27967U 88085M   03280.19141679  .00012669  00000-0  70296-1 0  9990
2 27967 065.8161 218.7934 5655966 077.6117 337.4188 04.24813677  3239
1 27967U 88085M   03281.13294527  .00012238  00000-0  68493-1 0  9994
2 27967 065.8089 218.4362 5654675 077.5451 337.3856 04.24837343  3277
1 27967U 88085M   03281.60373566 +.00011709 +00000-0 +66181-1 0  9991
2 27967 065.8077 218.2418 5653640 077.3603 337.4580 04.24844967003299
1 27967U 88085M   03281.83914005  .00012370  00000-0  68525-1 0  9994
2 27967 065.8081 218.1928 5655506 077.4159 337.5013 04.24855532  3303
1 27967U 88085M   03282.78061326 +.00012750 +00000-0 +70225-1 0  9990
2 27967 065.8043 217.8808 5655846 077.4260 337.5106 04.24881928003349
1 27967U 88085M   03283.95736931  .00014214  00000-0  74751-1 0  9996
2 27967 065.8021 217.5019 5659927 077.2012 337.6188 04.24923441  3396
1 27967U 88085M   03284.66337074 +.00014215 +00000-0 +74751-1 0  9991
2 27967 065.8020 217.2577 5659770 077.1508 337.6366 04.24943437003425
1 27967U 88085M   03284.89869819  .00014475  00000-0  74005-1 0  9993
2 27967 065.8007 217.1688 5662343 076.9910 337.6935 04.24952482  3439
1 27967U 88085M   03285.83998719 +.00014617 +00000-0 +73930-1 0  9994
2 27967 065.7968 216.8583 5663124 076.8945 337.7656 04.24980594003479
1 27967U 88085M   03286.31060475  .00015321  00000-0  75490-1 0  9993
2 27967 065.7798 216.6584 5665423 076.9397 337.8070 04.24999827  3497
1 27967U 88085M   03286.78117269 +.00015354 +00000-0 +75149-1 0  9995
2 27967 065.7811 216.4911 5665926 076.8961 337.7958 04.25014516003510
1 27967U 88085M   03287.01646344 +.00015729 +00000-0 +75539-1 0  9992
2 27967 065.7860 216.4035 5667602 076.8826 337.8248 04.25024820003527
1 27967U 88085M   03287.95756361 +.00016861 +00000-0 +79704-1 0  9992
2 27967 065.7850 216.0852 5668796 076.7405 337.9178 04.25063320003561
1 27967U 88085M   03289.83935109  .00030125  00000-0  12420+0 0  9999
2 27967 065.8274 215.5139 5680429 076.6820 338.0300 04.25201096  3643
1 27967U 88085M   03290.78006715  .00028242  00000-0  11358+0 0  9993
2 27967 065.8246 215.1897 5682251 076.5646 338.0952 04.25250470  3686
1 27967U 88085M   03292.89709570 +.00029360 +00000-0 +11786-0 0  9994
2 27967 065.8311 214.4310 5681315 076.6254 339.5631 04.25380118003770
1 27967U 88085M   03296.18585447  .00063976  00000-0  20373+0 0  9997
2 27967 065.8396 213.3482 5698191 076.4354 338.2734 04.25785648  3913
1 27967U 88085M   03310.18851196  .00215686  00000-0  34903+0 0  9992
2 27967 065.8427 208.3336 5706048 075.2892 338.8321 04.31942077  4518
1 27967U 88085M   03310.88313214  .00194060  00000-0  32477+0 0  9999
2 27967 065.8304 208.2456 5702467 075.2674 338.8156 04.32125720  4530
1 27967U 88085M   03318.00699879 +.00134443 +00000-0 +16162-0 0  9998
2 27967 065.8005 205.4819 5711959 074.6747 283.3338 04.33931059004841
1 27967U 88085M   03324.02553933  .00113983  00000-0  12116+0 0  9997
2 27967 065.8400 203.2118 5710572 074.0685 339.3871 04.35265164  5117
1 27967U 88085M   03324.94101372 +.00113983 +00000-0 +11970-0 0  9992
2 27967 065.7518 202.8027 5709816 074.3527 334.2204 04.35477617005142
1 27967U 88085M   03326.78041130 +.00164243 +00000-0 +14977-0 0  9996
2 27967 065.8208 202.1070 5709927 073.7046 344.3865 04.36711580005227
1 27967U 88085M   03327.00627753 +.00164209 +00000-0 +15169-0 0  9999
2 27967 065.8263 202.0506 5708655 073.9110 339.4683 04.36786801005234
1 27967U 88085M   03332.71763223  .00231876  00000-0  17521+0 0  9994
2 27967 065.7935 199.8229 5703212 073.6245 345.5262 04.39314909  5481
1 27967U 88085M   03333.85127228 +.00239959 +00000-0 +18840-0 0  9995
2 27967 065.7511 199.2878 5697196 074.2081 339.5756 04.39887664005533
1 27967U 88085M   03335.89473607 +.00361636 +00000-0 +22807-0 0  9992
2 27967 065.7777 198.5181 5699461 073.5453 341.0895 04.41356021005621
1 27967U 88085M   03337.02554869 +.00299139 +00000-0 +18012-0 0  9990
2 27967 065.7361 198.0553 5697878 073.5957 338.8760 04.41961395005673
1 27967U 88085M   03337.93041811  .00303103  00000-0  18451+0 0  9991
2 27967 065.7811 197.6496 5693782 073.0933 339.4695 04.42486697  5710
1 27967U 88085M   03337.93052686 +.00273746 +00000-0 +15234-0 0  9999
2 27967 065.7573 197.6557 5698831 073.4276 339.5177 04.42437300005710
1 27967U 88085M   03338.83411749  .00279544  00000-0  15666+0 0  9998
2 27967 065.7701 197.3088 5695055 073.3216 339.5874 04.42948462  5751
1 27967U 88085M   03338.83411913  .00285916  00000-0  15659+0 0  9993
2 27967 065.7538 197.3132 5696139 073.3320 339.6168 04.42964327  5754
1 27967U 88085M   03339.73656573 +.00306053 +00000-0 +15366-0 0  9998
2 27967 065.7562 196.8988 5696788 073.0932 339.7207 04.43534842005795
1 27967U 88085M   03339.96195802 +.00420651 +00000-0 +21551-0 0  9990
2 27967 065.7383 196.8005 5693827 073.3311 339.7108 04.43826244005803
1 27967U 88085M   03340.86233182 +.00434515 +00000-0 +20987-0 0  9991
2 27967 065.7245 196.4395 5691538 073.2260 339.6057 04.44617968005845
1 27967U 88085M   03341.98562725 +.00369205 +00000-0 +16698-0 0  9990
2 27967 065.6965 195.9555 5689547 073.2177 339.0779 04.45409542005897
1 27967U 88085M   03342.88330555  .00420214  00000-0  19667+0 0  9990
2 27967 065.7028 195.6058 5682723 073.2903 339.7346 04.46182113  5934
1 27967U 88085M   03343.77887924 +.00446050 +00000-0 +20434-0 0  9997
2 27967 065.7144 195.2337 5678344 073.1265 339.6420 04.47003501005973
1 27967U 88085M   03344.00246264  .00438797  00000-0  19659+0 0  9995
2 27967 065.7014 195.0928 5678185 073.1693 339.5044 04.47194112  5982
1 27967U 88085M   03344.89613119 +.00404077 +00000-0 +17779-0 0  9995
2 27967 065.6855 194.6957 5674526 073.6334 339.1524 04.47881105006023
1 27967U 88085M   03345.78857676 +.00452295 +00000-0 +19804-0 0  9998
2 27967 065.6881 194.3707 5668628 073.1009 339.9704 04.48809676006068
1 27967U 88085M   03346.67869437 +.00426486 +00000-0 +18241-0 0  9992
2 27967 065.6905 193.9880 5664903 072.9674 339.3171 04.49547549006105
1 27967U 88085M   03346.90119358  .00450057  00000-0  19193+0 0  9995
2 27967 065.6828 193.8833 5663586 073.0242 339.4859 04.49768805  6110
1 27967U 88085M   03347.56772736 +.00449098 +00000-0 +19263-0 0  9995
2 27967 065.6820 193.6161 5659358 072.9725 339.4347 04.50366324006147
1 27967U 88085M   03347.78972033  .00452657  00000-0  19156+0 0  9996
2 27967 065.6747 193.5234 5658676 072.9747 339.4322 04.50569906  6156
1 27967U 88085M   03348.67668391 +.00478042 +00000-0 +19937-0 0  9998
2 27967 065.6598 193.1444 5653608 072.9154 339.5839 04.51446426006191
1 27967U 88085M   03348.89803925 +.00494947 +00000-0 +21687-0 0  9993
2 27967 065.7344 193.0731 5649528 072.8613 339.4977 04.51695692006209
1 27967U 88085M   03351.76696932 +.00543439 +00000-0 +24167-0 0  9998
2 27967 065.6886 191.8988 5627852 072.9059 341.3067 04.54868949006336
1 27967U 88085M   03352.42477075  .00545822  00000-0  22577+0 0  9997
2 27967 065.6703 191.5807 5626796 072.7612 339.3285 04.55577303  6353
1 27967U 88085M   03353.74405213 +.00573337 +00000-0 +23073-0 0  9993
2 27967 065.6365 190.9992 5618133 072.6334 346.6923 04.57100628006423
1 27967U 88085M   03354.17684731  .00586720  00000-0  23840+0 0  9996
2 27967 065.6391 190.7893 5614226 072.6626 339.2976 04.57623011  6447
1 27967U 88085M   03354.61360191 +.00605332 +00000-0 +24583-0 0  9993
2 27967 065.6315 190.6178 5610593 072.5861 339.3204 04.58180348006460
1 27967U 88085M   03355.91847463 +.01085871 +00000-0 +44132-0 0  9992
2 27967 065.6295 190.0528 5590831 072.6261 339.0868 04.61189502006522
1 27967U 88085M   03355.91847465 +.01085871 +00000-0 +44132-0 0  9994
2 27967 065.6295 190.0528 5590831 072.6261 339.0869 04.61189502006523
1 27967U 88085M   03355.92079862 +.01085867 +00000-0 +44139-0 0  9995
2 27967 065.6295 190.0519 5590789 072.6257 342.9454 04.61194590006526
1 27967U 88085M   03361.48286033 +.01104566 +00000-0 +46449-0 0  9997
2 27967 065.6229 187.5992 5508645 072.4072 341.2758 04.73515776006774
1 27967U 88085M   04004.76605880 +.00225118 +00000-0 +89014-1 0  9990
2 27967 065.5785 184.0380 5506283 071.6471 339.0174 04.74359310007165
1 27967U 88085M   04006.24061961 +.00237452 +00000-0 +95045-1 0  9996
2 27967 065.5519 183.3169 5501394 071.8728 338.6572 04.75016947007245
1 27967U 88085M   04009.60332171 +.00195901 +00000-0 +80713-1 0  9991
2 27967 065.5568 181.8824 5491793 071.5263 336.2997 04.76268657007403
1 27967U 88085M   04012.54076821 +.00165334 +00000-0 +71871-1 0  9997
2 27967 065.5471 180.5103 5483063 071.5591 337.2274 04.77180516007549
1 27967U 88085M   04016.51791447 +.00191461 +00000-0 +95656-1 0  9993
2 27967 065.4944 178.6394 5466411 070.8767 338.6984 04.78583514007738
1 27967U 88085M   04020.48181118 +.00215010 +00000-0 +12046-0 0  9990
2 27967 065.4725 176.8775 5448026 070.9032 342.1786 04.80425297007923
1 27967U 88085M   04025.46430753 +.00251428 +00000-0 +18309-0 0  9996
2 27967 065.4191 174.5520 5415843 070.4395 342.6957 04.82968081008168
1 27967U 88085M   04028.77293852  .00101129  00000-0  89930-1 0  9991
2 27967 065.4050 172.9578 5399044 070.4792 338.6002 04.83583155  8322
1 27967U 88085M   04029.80686486  .00091486  00000-0  78662-1 0  9999
2 27967 065.4152 172.4732 5400268 070.3461 338.6653 04.83731961  8372
1 27967U 88085M   04031.44791968  .00047493  00000-0  46293-1 0  9998
2 27967 065.3830 171.7977 5391403 070.5145 316.3332 04.83796201  8452
1 27967U 88085M   04032.49404776 +.00443666 +00000-0 +44298-0 0  9996
2 27967 065.3743 171.3243 5386835 070.5144 338.3862 04.84264183008507
1 27967U 88085M   04034.14357450  .00034851  00000-0  35264-1 0  9992
2 27967 065.3762 170.5925 5387897 070.1688 331.9612 04.83948813  8582
1 27967U 88085M   04034.76727988 +.00031073 +00000-0 +31866-1 0  9994
2 27967 065.3698 170.3262 5386757 070.1374 338.6248 04.83983867008619
1 27967U 88085M   04035.18051174  .00033698  00000-0  34827-1 0  9993
2 27967 065.3711 170.1439 5386045 070.1147 338.6449 04.84014966  8638
1 27967U 88085M   04035.38710790 +.00033618 +00000-0 +34751-1 0  9999
2 27967 065.3707 170.0553 5385946 070.1024 338.6342 04.84028720008648
1 27967U 88085M   04036.42004466  .00027636  00000-0  28970-1 0  9990
2 27967 065.3661 169.6016 5384660 070.0457 338.6048 04.84078600  8696
1 27967U 88085M   04036.42006993 +.00027350 +00000-0 +28792-1 0  9992
2 27967 065.3648 169.5997 5384376 070.0304 338.6470 04.84076950008698
1 27967U 88085M   04038.27911540  .00029808  00000-0  31669-1 0  9997
2 27967 065.3630 168.7762 5383032 069.8384 338.7245 04.84182362  8788
1 27967U 88085M   04038.48565225 +.00021626 +00000-0 +23674-1 0  9992
2 27967 065.3587 168.6701 5380885 069.8216 338.7343 04.84185050008795
1 27967U 88085M   04039.72479241 +.00027364 +00000-0 +29902-1 0  9997
2 27967 065.3615 168.1287 5380523 069.7150 338.8051 04.84254185008856
1 27967U 88085M   04040.34426907  .00031022  00000-0  33936-1 0  9996
2 27967 065.3589 167.8662 5380154 069.6911 338.7988 04.84297261  8886
1 27967U 88085M   04040.55074245 +.00022367 +00000-0 +25185-1 0  9992
2 27967 065.3524 167.7936 5378087 069.7398 338.7330 04.84290214008893
1 27967U 88085M   04041.37668144 +.00029189 +00000-0 +33010-1 0  9995
2 27967 065.3530 167.4278 5377443 069.6801 338.8110 04.84345109008935
1 27967U 88085M   04042.40892947 +.00018436 +00000-0 +20263-1 0  9999
2 27967 065.3356 166.9629 5379026 069.5524 338.7675 04.84379340008989
1 27967U 88085M   04043.64762614 +.00000199 +00000-0 +10000-3 0  9990
2 27967 065.3542 166.4246 5371248 069.3940 339.0482 04.85008774009043
1 27967U 88085M   04047.35883399 +.00000110 +00000-0 +10000-3 0  9999
2 27967 065.3521 164.8358 5367859 069.3777 333.4765 04.84668089009229
1 27967U 88085M   04050.66280132  .00015091  00000-0  20227-1 0  9997
2 27967 065.3546 163.3293 5362558 069.0563 338.9443 04.84771876  9399
1 27967U 88085M   04050.66317603 +.00000069 +00000-0 +10000-3 0  9990
2 27967 065.3293 163.2917 5361125 068.8297 339.6836 04.84759020009380
1 27967U 88085M   04054.37603763 +.00000106 +00000-0 +10000-3 0  9999
2 27967 065.3275 161.7010 5351661 068.6191 340.0597 04.84855904009560
1 27967U 88085M   04060.56295437 +.00000058 +00000-0 +10000-3 0  9998
2 27967 065.3170 158.9798 5335881 068.2329 342.1659 04.85077043009866
1 27967U 88085M   04064.47752215  .00013326  00000-0  25443-1 0  9991
2 27967 065.3445 157.2815 5332057 067.8953 339.2500 04.85207871 10052
1 27967U 88085M   04064.47816650  .00027333  00000-0  56353-1 0  9992
2 27967 065.3202 157.2851 5325703 067.9029 340.3861 04.85209100 10058
1 27967U 88085M   04065.30183844  .00004853  00000-0  97907-2 0  9990
2 27967 065.3138 156.9422 5327361 067.8116 339.1024 04.85198494 10098
1 27967U 88085M   04065.50801840 +.00001712 +00000-0 +35113-2 0  9997
2 27967 065.3158 156.8494 5325442 067.7432 339.2387 04.85191829010106
1 27967U 88085M   04066.53856339 +.00000079 +00000-0 +10000-3 0  9998
2 27967 065.3127 156.4126 5323274 067.5353 339.3191 04.85190316010150
1 27967U 88085M   04067.15689431  .00000086  00000-0  10000-3 0  9992
2 27967 065.3074 156.1550 5322769 067.5083 339.3468 04.85190466 10183
1 27967U 88085M   04067.36299890 +.00000086 +00000-0 +10000-3 0  9991
2 27967 065.3176 156.0609 5318564 067.7073 339.2950 04.85189073010197
1 27967U 88085M   04068.59961454 +.00000094 +00000-0 +10000-3 0  9998
2 27967 065.3295 155.5019 5316551 067.2827 339.3366 04.85182169010252
1 27967U 88085M   04069.42409669 +.00000090 +00000-0 +10000-3 0  9992
2 27967 065.3182 155.2033 5310752 067.3251 339.3932 04.85178192010293
1 27967U 88085M   04070.04240789 +.00000088 +00000-0 +10000-3 0  9995
2 27967 065.3182 154.9373 5310900 067.2832 339.3631 04.85178241010320
1 27967U 88085M   04071.48518863  .00000311  00000-0  76153-3 0  9995
2 27967 065.3402 154.2904 5311183 067.1891 339.4257 04.85182947 10396
1 27967U 88085M   04073.54632317 +.00000038 +00000-0 +10000-3 0  9990
2 27967 065.3817 153.5010 5291658 066.6949 339.5105 04.85164176010496
1 27967U 88085M   04078.49354562 -.00007959  00000-0  00000+0 0  9997
2 27967 065.3972 151.4330 5280856 066.3924 339.5553 04.85083619 10734
1 27967U 88085M   04080.34823500 +.00000043 +00000-0 +10000-3 0  9998
2 27967 065.4198 150.7054 5272199 066.0510 338.4529 04.85078645010823
1 27967U 88085M   04082.41046566 -.00000032 +00000-0 -20456-3 0  9993
2 27967 065.4201 149.8441 5268995 065.7461 339.7208 04.85076720010928
1 27967U 88085M   04083.23510216  .00000506  00000-0  18944-2 0  9994
2 27967 065.4256 149.4999 5268383 065.7249 339.7626 04.85078615 10960
1 27967U 88085M   04083.44124785 +.00000008 +00000-0 -36616-4 0  9995
2 27967 065.4319 149.4263 5268270 065.6793 339.7548 04.85077301010977
1 27967U 88085M   04087.15205844 -.00000006 +00000-0 -36616-4 0  9992
2 27967 065.4675 147.9446 5261931 065.5619 340.0229 04.85097893011151
1 27967U 88085M   04101.16993461 +.00000007 +00000-0 -36616-4 0  9999
2 27967 065.5512 142.1188 5250557 064.1747 349.5479 04.85384090011835
1 27967U 88085M   04111.46592031 +.00004574 +00000-0 +21687-1 0  9992
2 27967 065.6142 138.0329 5244386 062.4816 343.0041 04.85477820012331
1 27967U 88085M   04113.93649181  .00003456  00000-0  15816-1 0  9990
2 27967 065.6049 136.9698 5248159 062.2728 340.9630 04.85493769 12458
1 27967U 88085M   04114.14249381 +.00003521 +00000-0 +16703-1 0  9991
2 27967 065.6248 136.9210 5244335 062.2108 341.0321 04.85496012012467
1 27967U 88085M   04114.96638499  .00005104  00000-0  26090-1 0  9992
2 27967 065.6542 136.6667 5236426 062.0858 341.0480 04.85501781 12500
1 27967U 88085M   04115.37830793  .00001697  00000-0  86319-2 0  9993
2 27967 065.6654 136.5172 5236175 062.0070 341.0166 04.85500020 12529
1 27967U 88085M   04115.79026814 +.00004636 +00000-0 +23874-1 0  9992
2 27967 065.6702 136.3497 5235481 061.9643 341.0605 04.85508804012542
1 27967U 88085M   04116.20220162  .00005918  00000-0  30810-1 0  9993
2 27967 065.6942 136.2144 5234336 061.8899 341.0620 04.85512717 12563
1 27967U 88085M   04116.82011203 +.00005929 +00000-0 +30810-1 0  9997
2 27967 065.6942 135.9577 5234436 061.8419 341.0830 04.85520004012592
1 27967U 88085M   04117.23204664  .00004606  00000-0  24094-1 0  9996
2 27967 065.7009 135.8083 5233505 061.7968 341.0889 04.85520988 12610
1 27967U 88085M   04117.84995078 +.00003812 +00000-0 +19911-1 0  9999
2 27967 065.7068 135.5606 5233395 061.7491 341.1114 04.85524814012648
1 27967U 88085M   04118.05591834  .00003191  00000-0  16637-1 0  9997
2 27967 065.7076 135.4695 5233362 061.6765 341.1339 04.85524767 12658
1 27967U 88085M   04118.46785548  .00002930  00000-0  15369-1 0  9990
2 27967  65.7411 135.3792 5232430  61.5433 341.1762  4.85527386 12676
1 27967U 88085M   04120.11557252 -.00001405  00000-0 -77317-2 0  9994
2 27967  65.7482 134.7254 5232340  61.4759 341.1908  4.85523717 12755
1 27967U 88085M   04121.35139742 -.00002358  00000-0 -12791-1 0  9993
2 27967  65.8088 134.3424 5232731  61.1341 341.3313  4.85523310 12819
1 27967U 88085M   04121.76334970  .00000479  00000-0  22280-2 0  9993
2 27967  65.8084 134.1723 5232836  61.1025 341.3847  4.85527710 12832
1 27967U 88085M   04122.38123919  .00001878  00000-0  95582-2 0  9990
2 27967  65.8285 133.9379 5233540  61.0246 341.4051  4.85531219 12866
1 27967U 88085M   04123.20508968 +.00003434 +00000-0 +17661-1 0  9994
2 27967 065.8312 133.6114 5233982 060.9461 341.4412 04.85539014012905
1 27967U 88085M   04124.02892532  .00002204  00000-0  11136-1 0  9993
2 27967 065.8373 133.2980 5234893 060.8528 341.4634 04.85541890 12949
1 27967U 88085M   04124.23489345 +.00002325 +00000-0 +11740-1 0  9995
2 27967 065.8491 133.2198 5235175 060.8237 341.4910 04.85543509012959
1 27967U 88085M   04125.05872282  .00000213  00000-0  82293-3 0  9999
2 27967 065.8487 132.9192 5236661 060.7419 341.5017 04.85542659 12994
1 27967U 88085M   04125.26469621  .00001521  00000-0  74483-2 0  9995
2 27967  65.8654 132.8609 5237439  60.7241 341.5441  4.85548104 13004
1 27967U 88085M   04126.08851435  .00003381  00000-0  16745-1 0  9996
2 27967 065.8901 132.5394 5238441 060.6024 341.5843 04.85555923 13046
1 27967U 88085M   04126.29446731 -.00001649 +00000-0 -84350-2 0  9993
2 27967 065.9049 132.4695 5239180 060.6256 341.5677 04.85549466013052
1 27967U 88085M   04127.11829772  .00003150  00000-0  15272-1 0  9998
2 27967  65.9107 132.1444 5240858  60.4638 341.6483  4.85559975 13098
1 27967U 88085M   04127.32424700 +.00005131 +00000-0 +24863-1 0  9990
2 27967 065.9213 132.0893 5241407 060.5054 341.6307 04.85563836013105
1 27967U 88085M   04128.14803740  .00005487  00000-0  25148-1 0  9997
2 27967 065.9321 131.7005 5247428 060.2268 341.7027 04.85573001 13148
1 27967U 88085M   04128.76590867 +.00004830 +00000-0 +21914-1 0  9996
2 27967 065.9272 131.4801 5248435 060.1961 341.7732 04.85578692013179
1 27967U 88085M   04129.17780050  .00005834  00000-0  26360-1 0  9992
2 27967 065.9505 131.3629 5248929 060.1618 341.7991 04.85586214 13190
1 27967U 88085M   04129.79561704  .00006722  00000-0  30285-1 0  9991
2 27967  65.9531 131.1424 5249239  60.1558 341.8047  4.85595504 13227
1 27967U 88085M   04129.79561704 +.00006722 +00000-0 +30285-1 0  9991
2 27967 065.9531 131.1424 5249239 060.1558 341.8047 04.85595504013227
1 27967U 88085M   04130.00155167 +.00006482 +00000-0 +28869-1 0  9997
2 27967 065.9715 131.0847 5250414 060.0880 341.8201 04.85598473013234
1 27967U 88085M   04131.03122367 +.00006656 +00000-0 +28860-1 0  9991
2 27967 065.9851 130.6731 5253040 059.9839 341.8920 04.85616188013288
1 27967U 88085M   04132.26677156  .00006863  00000-0  28398-1 0  9994
2 27967  66.0087 130.2120 5257619  59.9421 341.9221  4.85636831 13341
1 27967U 88085M   04133.09044852 +.00007353 +00000-0 +29051-1 0  9999
2 27967 066.0273 129.8793 5262152 059.7393 342.0108 04.85655057013383
1 27967U 88085M   04134.12000973  .00016777  00000-0  63564-1 0  9997
2 27967  66.0307 129.4485 5266371  59.5187 342.1693  4.85697373 13434
1 27967U 88085M   04134.73764517  .00014091  00000-0  56933-1 0  9994
2 27967  66.0399 129.1948 5260067  59.7905 342.0344  4.85709036 13467
1 27967U 88085M   04134.73766180  .00014762  00000-0  55880-1 0  9997
2 27967  66.0340 129.2467 5266299  59.6042 342.1049  4.85712442 13462
1 27967U 88085M   04135.14943992  .00020337  00000-0  74931-1 0  9994
2 27967  66.0528 129.0451 5268925  59.5199 342.1632  4.85735322 13483
1 27967U 88085M   04135.97292304  .00021475  00000-0  79103-1 0  9999
2 27967  66.0566 128.7100 5268718  59.4835 342.1915  4.85772080 13529
1 27967U 88085M   04136.17877531  .00019421  00000-0  70671-1 0  9992
2 27967  66.0667 128.5993 5269867  59.4663 342.1814  4.85777013 13534
1 27967U 88085M   04137.00219110  .00022329  00000-0  78255-1 0  9995
2 27967  66.0612 128.3596 5273337  59.3052 342.2338  4.85817300 13579
1 27967U 88085M   04137.20805169 +.00023468 +00000-0 +81402-1 0  9995
2 27967 066.0608 128.2724 5274281 059.3373 342.2617 04.85828568013580
1 27967U 88085M   04138.03136801  .00023507  00000-0  81356-1 0  9999
2 27967 066.0724 127.9407 5274264 059.2771 342.2805 04.85867413 13621
1 27967U 88085M   04138.23718631  .00022302  00000-0  76840-1 0  9992
2 27967  66.0747 127.8579 5274647  59.2896 342.2734  4.85875131 13636
1 27967U 88085M   04138.85462277 +.00023533 +00000-0 +80813-1 0  9994
2 27967 066.0777 127.5984 5274795 059.2332 342.2994 04.85905806013669
1 27967U 88085M   04139.26622061  .00028372  00000-0  93507-1 0  9999
2 27967  66.0874 127.4179 5278609  59.1467 342.3211  4.85934032 13686
1 27967U 88085M   04140.08936581  .00019653  00000-0  63601-1 0  9990
2 27967  66.0894 127.0753 5280187  59.0775 342.3141  4.85958522 13724
1 27967U 88085M   04140.29518239 +.00024168 +00000-0 +78105-1 0  9991
2 27967 066.0926 127.0080 5280235 059.0915 342.3765 04.85973819013732
1 27967U 88085M   04141.94123800  .00028172  00000-0  88523-1 0  9994
2 27967  66.0962 126.3736 5282313  58.8304 342.4546  4.86067108 13813
1 27967U 88085M   04142.35271247  .00032115  00000-0  98926-1 0  9999
2 27967  66.0989 126.1987 5283953  58.8052 342.5066  4.86102901 13830
1 27967U 88085M   04142.96984335  .00029371  00000-0  89989-1 0  9994
2 27967  66.0981 125.9429 5284225  58.7442 342.5010  4.86136305 13862
1 27967U 88085M   04143.17555640  .00030300  00000-0  92355-1 0  9996
2 27967  66.1001 125.8585 5284608  58.7478 342.5210  4.86151378 13872
1 27967U 88085M   04143.99831605  .00025670  00000-0  77031-1 0  9992
2 27967  66.1054 125.5188 5285771  58.6961 342.5184  4.86191722 13916
1 27967U 88085M   04144.20401156  .00023809  00000-0  71247-1 0  9996
2 27967  66.1092 125.4322 5285982  58.6855 342.5370  4.86197654 13921
1 27967U 88085M   04145.02671182  .00023837  00000-0  69976-1 0  9992
2 27967  66.1159 125.0944 5287470  58.5368 342.5923  4.86237145 13961
1 27967U 88085M   04146.26064072  .00017164  00000-0  49662-1 0  9999
2 27967  66.1247 124.5988 5288388  58.4499 342.6235  4.86282383 14023
1 27967U 88085M   04147.28885221  .00021479  00000-0  61556-1 0  9999
2 27967  66.1266 124.1739 5288958  58.3490 342.7130  4.86327619 14079
1 27967U 88085M   04148.31693203  .00016037  00000-0  44622-1 0  9990
2 27967  66.1350 123.7232 5291358  58.2050 342.7047  4.86355493 14129
1 27967U 88085M   04149.13940611  .00014885  00000-0  40833-1 0  9998
2 27967  66.1341 123.3807 5292444  58.1013 342.7952  4.86379019 14167
1 27967U 88085M   04149.34501993  .00012492  00000-0  34334-1 0  9998
2 27967  66.1323 123.3087 5292169  58.1068 342.8096  4.86381806 14179
1 27967U 88085M   04151.19536449  .00013074  00000-0  35822-1 0  9998
2 27967  66.1325 122.5532 5292215  57.9887 342.8563  4.86429912 14265
1 27967U 88085M   04152.01767305  .00010894  00000-0  29654-1 0  9990
2 27967  66.1381 122.2173 5292686  57.9090 342.8693  4.86449163 14302
1 27967U 88085M   04153.25109022  .00008613  00000-0  23215-1 0  9996
2 27967  66.1420 121.7138 5293481  57.8154 342.9091  4.86475379 14362
1 27967U 88085M   04154.27888737  .00015035  00000-0  40328-1 0  9996
2 27967  66.1412 121.2828 5293934  57.7057 342.9644  4.86507128 14416
1 27967U 88085M   04159.21134392  .00014033  00000-0  35689-1 0  9997
2 27967  66.1550 119.2475 5298119  57.2540 342.4564  4.86595376 14650
1 27967U 88085M   04160.03376548  .00011002  00000-0  27460-1 0  9991
2 27967  66.1564 118.8910 5299591  57.1347 343.1537  4.86610436 14690
1 27967U 88085M   04160.85579903  .00013091  00000-0  32549-1 0  9995
2 27967  66.1568 118.5571 5299752  57.0696 343.2231  4.86634188 14736
1 27967U 88085M   04161.88325188  .00012053  00000-0  29732-1 0  9990
2 27967  66.1638 118.1552 5300235  56.9911 343.2389  4.86658953 14781
1 27967U 88085M   04164.14348215  .00002404  00000-0  56644-2 0  9990
2 27967  66.1780 117.2313 5303442  56.8466 343.3027  4.86698668 14890
1 27967U 88085M   04166.19816347  .00000037  00000-0  10000-3 0  9990
2 27967  66.1967 116.2947 5314543  56.4307 343.5763  4.86488795 14991
1 27967U 88085M   04169.07594825 -.00000002  00000-0  10000-3 0  9997
2 27967  66.1726 115.1974 5312219  56.3480 346.5943  4.86800236 15139
1 27967U 88085M   04175.03160013  .00029977  00000-0  57539-1 0  9995
2 27967  66.2410 112.7337 5318891  55.7764 346.8797  4.87106240 15423
1 27967U 88085M   04178.10873197  .00074507  00000-0  11617+0 0  9994
2 27967  66.2652 111.5034 5333022  55.5850 344.8315  4.87490281 15570
1 27967U 88085M   04183.84443255  .00134566  00000-0  17418+0 0  9996
2 27967  66.2955 109.0820 5337710  54.9991 344.1945  4.88915551 15843
1 27967U 88085M   04185.89412778  .00079348  00000-0  11617+0 0  9990
2 27967  66.2650 108.2079 5326245  54.8151 353.8085  4.89255993 15952
1 27967U 88085M   04189.15727452  .00150074  00000-0  15658+0 0  9996
2 27967  66.3012 106.8859 5343095  54.6364 349.5824  4.90457196 16114
1 27967U 88085M   04190.17347172  .00147742  00000-0  15178+0 0  9992
2 27967  66.3009 106.4446 5342231  54.6183 344.3328  4.90753695 16168
1 27967U 88085M   04190.78468832  .00143924  00000-0  14446+0 0  9991
2 27967  66.3011 106.1803 5342750  54.4492 344.3730  4.90921212 16194
1 27967U 88085M   04191.80292870  .00144429  00000-0  14565+0 0  9995
2 27967  66.3109 105.7270 5340458  54.3786 344.4581  4.91216333 16257
1 27967U 88085M   04191.80293138  .00134299  00000-0  13393+0 0  9995
2 27967  66.3032 105.7411 5341511  54.4123 344.3417  4.91180039 16245
1 27967U 88085M   04192.00656268  .00132883  00000-0  13269+0 0  9994
2 27967  66.3069 105.6495 5341100  54.4150 344.4059  4.91228951 16250
1 27967U 88085M   04195.05766478  .00232720  00000-0  22214+0 0  9998
2 27967  66.3098 104.3416 5336295  54.1566 346.1033  4.92439555 16401
1 27967U 88085M   04196.07163331  .00246042  00000-0  23491+0 0  9990
2 27967  66.3007 103.8926 5332901  54.0945 344.6197  4.92956519 16454
1 27967U 88085M   04196.88267579  .00250655  00000-0  22872+0 0  9995
2 27967  66.3010 103.5744 5333271  53.8307 344.5941  4.93372211 16495
1 27967U 88085M   04197.08534404  .00254497  00000-0  23563+0 0  9998
2 27967  66.2993 103.4688 5331559  53.9567 344.5714  4.93482815 16508
1 27967U 88085M   04199.51401278  .00256741  00000-0  22895+0 0  9991
2 27967  66.2923 102.4279 5325993  53.6811 344.5746  4.94723380 16624
1 27967U 88085M   04203.14563944  .00235682  00000-0  19264+0 0  9992
2 27967  66.2994 100.7605 5319812  53.6426 345.1856  4.96560605 16801
1 27967U 88085M   04236.95840868  .00416729  00000-0  24365+0 0  9991
2 27967 066.0431 084.8314 5112794 052.2393 332.1266 05.32274907 18476
1 27967U 88085M   04242.76235807  .00096370  00000-0  59552-1 0  9992
2 27967 065.9980 081.8811 5097869 051.8742 314.8549 05.34053204 18782
1 27967U 88085M   04243.52649048  .00088212  00000-0  59665-1 0  9994
2 27967 065.9803 081.4927 5091043 052.0386 344.0341 05.34172088 18838
1 27967U 88085M   04244.64954425  .00107158  00000-0  71383-1 0  9998
2 27967 065.9269 080.8972 5090336 052.1028 344.2885 05.34449525 18899
1 27967U 88085M   04245.21067585  .00099460  00000-0  68219-1 0  9994
2 27967 065.9414 080.6700 5087766 052.1385 343.9598 05.34542501 18926
1 27967U 88085M   04245.77186983  .00119755  00000-0  81405-1 0  9991
2 27967 065.9246 080.3102 5087162 052.0206 344.2748 05.34736095 18950
1 27967U 88085M   04245.95874521  .00116831  00000-0  78726-1 0  9997
2 27967 065.9123 080.1938 5087533 052.0029 344.0149 05.34772058 18967
1 27967U 88085M   04246.51974638  .00101774  00000-0  68776-1 0  9994
2 27967 065.9169 079.9106 5086811 051.9471 344.0759 05.34849217 19013
1 27967U 88085M   04246.70662673 +.00073350 +00000-0 +51581-1 0  9992
2 27967 065.9275 079.7925 5084322 052.0236 343.7779 05.34821847019000
1 27967U 88085M   04246.70662673  .00073350  00000-0  51581-1 0  9992
2 27967 065.9275 079.7925 5084322 052.0236 343.7779 05.34821847 19000
1 27967U 88085M   04246.70676971  .00063731  00000-0  43571-1 0  9990
2 27967 065.9169 079.8197 5086233 051.9536 344.0685 05.34815051 19020
1 27967U 88085M   04247.64153202  .00069473  00000-0  49156-1 0  9995
2 27967 065.9191 079.3406 5083158 051.9252 343.9830 05.34942890 19056
1 27967U 88085M   04248.20233478 +.00094941 +00000-0 +63129-1 0  9996
2 27967 065.9421 079.1131 5086204 051.7682 344.3928 05.35132540019085
1 27967U 88085M   04255.48081980  .00095193  00000-0  62306-1 0  9999
2 27967 065.9436 075.5025 5078420 051.0254 344.3790 05.36518914 19476
1 27967U 88085M   04317.24442585  .00009444  00000-0  62306-1 0  9998
2 27967 065.1136 043.9668 4859244 047.8406 200.9163 05.36251544 22781
1 27967U 88085M   04317.24442585 +.00009444 +00000-0 +62306-1 0  9998
2 27967 065.1136 043.9668 4859244 047.8406 200.9163 05.36251544022781
1 27967U 88085M   04317.24442585 +.00009444 +00000-0 +62306-1 0  9998
2 27967 065.1136 043.9668 4859244 047.8406 200.9163 05.36251544022781
1 27967U 88085M   04317.24442585  .00009444  00000-0  62306-1 0  9998
2 27967 065.1136 043.9668 4859244 047.8406 200.9163 05.36251544 22781
1 27967U 88085M   04317.24442585  .00009444  00000-0  62306-1 0  9998
2 27967 065.1136 043.9668 4859244 047.8406 200.9163 05.36251544 22781
1 27967U 88085M   04317.24442585 +.00009444 +00000-0 +62306-1 0  9998
2 27967 065.1136 043.9668 4859244 047.8406 200.9163 05.36251544022781
1 27967U 88085M   04317.24442585 +.00009444 +00000-0 +62306-1 0  9998
2 27967 065.1136 043.9668 4859244 047.8406 200.9163 05.36251544022781
1 27967U 88085M   04317.24442585 +.00009444 +00000-0 +62306-1 0  9998
2 27967 065.1136 043.9668 4859244 047.8406 200.9163 05.36251544022781
1 27967U 88085M   04317.24442585 +.00009444 +00000-0 +62306-1 0  9998
2 27967 065.1136 043.9668 4859244 047.8406 200.9163 05.36251544022781
1 27967U 88085M   04317.24442585 +.00009444 +00000-0 +62306-1 0  9998
2 27967 065.1136 043.9668 4859244 047.8406 200.9163 05.36251544022781
1 27967U 88085M   04317.24442585 +.00009444 +00000-0 +62306-1 0  9998
2 27967 065.1136 043.9668 4859244 047.8406 200.9163 05.36251544022781
1 27967U 88085M   04317.24442585 +.00009444 +00000-0 +62306-1 0  9998
2 27967 065.1136 043.9668 4859244 047.8406 200.9163 05.36251544022781
1 27967U 88085M   04317.24442585 +.00009444 +00000-0 +62306-1 0  9998
2 27967 065.1136 043.9668 4859244 047.8406 200.9163 05.36251544022781
1 27967U 88085M   04317.24442585 +.00009444 +00000-0 +62306-1 0  9998
2 27967 065.1136 043.9668 4859244 047.8406 200.9163 05.36251544022781
1 27967U 88085M   04317.24442585 +.00009444 +00000-0 +62306-1 0  9998
2 27967 065.1136 043.9668 4859244 047.8406 200.9163 05.36251544022781
1 27967U 88085M   04317.24442585 +.00009444 +00000-0 +62306-1 0  9998
2 27967 065.1136 043.9668 4859244 047.8406 200.9163 05.36251544022781
1 27967U 88085M   04317.24442585 +.00009444 +00000-0 +62306-1 0  9998
2 27967 065.1136 043.9668 4859244 047.8406 200.9163 05.36251544022781
1 27967U 88085M   04327.57302684  .00013205  00000-0  74620-1 0  9992
2 27967  65.1337  38.8598 4877416  45.9105 345.2251  5.36509938 23331
1 27967U 88085M   04327.57302684 +.00013205 +00000-0 +74620-1 0  9992
2 27967 065.1337 038.8598 4877416 045.9105 345.2251 05.36509938023353
1 27967U 88085M   04327.57302684  .00013205  00000-0  74620-1 0  9992
2 27967  65.1337  38.8598 4877416  45.9105 345.2251  5.36509938 23331
1 27967U 88085M   04327.57302684 +.00013205 +00000-0 +74620-1 0  9992
2 27967 065.1337 038.8598 4877416 045.9105 345.2251 05.36509938023331
1 27967U 88085M   04327.57302684  .00013205  00000-0  74620-1 0  9992
2 27967  65.1337  38.8598 4877416  45.9105 345.2251  5.36509938 23331
1 27967U 88085M   04327.57302684  .00013205  00000-0  74620-1 0  9992
2 27967  65.1337  38.8598 4877416  45.9105 345.2251  5.36509938 23331
1 27967U 88085M   04327.57302684  .00013205  00000-0  74620-1 0  9992
2 27967  65.1337  38.8598 4877416  45.9105 345.2251  5.36509938 23331
1 27967U 88085M   04327.57302684  .00013205  00000-0  74620-1 0  9992
2 27967  65.1337  38.8598 4877416  45.9105 345.2251  5.36509938 23331
