1 12012U 80081  D 80280.20460629  .00000075 +00000-0 +00000-0 0  9992
2 12012 047.4103 281.0976 7287344 000.0703 356.2141 02.26947236000019
1 12012U 80081  D 80281.09048385  .00000075 +00000-0 +00000-0 0  9991
2 12012 047.4077 280.9252 7287147 000.2643 000.0770 02.26978866000037
1 12012U 80081  D 80282.41201362  .00000075 +00000-0 +00000-0 0  9994
2 12012 047.3987 280.5454 7287578 000.6260 359.9287 02.26979453000068
1 12012U 80081  D 80283.29309574  .00000075 +00000-0 +00000-0 0  9995
2 12012 047.3914 280.2952 7288536 000.8373 359.9006 02.26981514000082
1 12012U 80081  D 80284.17410942  .00003983 +00000-0 +11924-2 0  9995
2 12012 047.3959 280.0715 7288188 001.0727 359.9407 02.27006340000109
1 12012U 80081  D 80284.17415009  .00000075 +00000-0 +00000-0 0  9994
2 12012 047.3927 280.0549 7288485 001.0913 359.8519 02.26982908000101
1 12012U 80081  D 80284.17417167  .00000075 +00000-0 +00000-0 0  9991
2 12012 047.3927 280.0549 7288485 001.0913 359.8695 02.26982908000106
1 12012U 80081  D 80289.01910405  .00005150 +00000-0 +15148-2 0  9992
2 12012 047.3763 278.7118 7288216 002.4149 359.8583 02.27059404000213
1 12012U 80081  D 80292.10149928  .00005836 +00000-0 +15529-2 0  9994
2 12012 047.3585 277.8554 7289948 003.1913 359.6794 02.27098197000280
1 12012U 80081  D 80292.98205348  .00006024 +00000-0 +16217-2 0  9994
2 12012 047.3535 277.6231 7289624 003.4365 359.6157 02.27110721000304
1 12012U 80081  D 80295.18337028  .00006480 +00000-0 +16943-2 0  9992
2 12012 047.3537 277.0107 7289980 004.0120 359.5300 02.27140619000356
1 12012U 80081  D 80296.06379281  .00006420 +00000-0 +16715-2 0  9998
2 12012 047.3541 276.7681 7289972 004.2550 359.4662 02.27151186000377
1 12012U 80081  D 80296.94419392  .00006543 +00000-0 +16835-2 0  9992
2 12012 047.3554 276.5307 7290107 004.4872 359.4373 02.27163711000393
1 12012U 80081  D 80303.98589506  .00006730 +00000-0 +14694-2 0  9999
2 12012 047.3271 274.5670 7292486 006.3575 359.2457 02.27257578000557
1 12012U 80081  D 80304.42585824  .00006963 +00000-0 +15125-2 0  9996
2 12012 047.3205 274.4375 7292528 006.4844 359.1961 02.27265171000560
1 12012U 80081  D 80304.86585266  .00007904 +00000-0 +16718-2 0  9999
2 12012 047.3119 274.3092 7292942 006.5652 359.2105 02.27279444000577
1 12012U 80081  D 80307.06551755  .00007921 +00000-0 +16429-2 0  9998
2 12012 047.3213 273.7028 7293034 007.1919 359.1067 02.27312643000621
1 12012U 80081  D 80307.94531347  .00008432 +00000-0 +17267-2 0  9999
2 12012 047.3215 273.4575 7293141 007.4330 359.1103 02.27330148000649
1 12012U 80081  D 80308.82499249  .00009365 +00000-0 +18939-2 0  9994
2 12012 047.3154 273.2076 7293209 007.6735 359.1147 02.27352931000665
1 12012U 80081  D 80311.46361039  .00009078 +00000-0 +17604-2 0  9992
2 12012 047.2941 272.4590 7293593 008.4017 358.9485 02.27398798000728
1 12012U 80081  D 80311.90334180  .00009097 +00000-0 +17393-2 0  9994
2 12012 047.2936 272.3345 7293784 008.5202 358.9364 02.27406908000738
1 12012U 80081  D 80314.10176838  .00009020 +00000-0 +16310-2 0  9997
2 12012 047.2863 271.7163 7294462 009.1018 358.8607 02.27445639000782
1 12012U 80081  D 80314.98105092  .00009999 +00000-0 +17965-2 0  9999
2 12012 047.2719 271.4580 7294397 009.3551 358.9120 02.27470377000804
1 12012U 80081  D 80315.86014698  .00010124 +00000-0 +17801-2 0  9999
2 12012 047.2685 271.2082 7294627 009.5911 358.8375 02.27489117000824
1 12012U 80081  D 80316.29971194  .00010116 +00000-0 +17675-2 0  9990
2 12012 047.2661 271.0833 7294668 009.7107 358.8299 02.27497827000837
1 12012U 80081  D 80318.93671434  .00010120 +00000-0 +16680-2 0  9997
2 12012 047.2515 270.3309 7295256 010.4209 358.7658 02.27550620000896
1 12012U 80081  D 80319.37615471  .00010156 +00000-0 +16851-2 0  9994
2 12012 047.2511 270.2093 7295067 010.5477 358.7574 02.27559825000904
1 12012U 80081  D 80320.25497753  .00011669 +00000-0 +18954-2 0  9990
2 12012 047.2527 269.9622 7295163 010.7876 358.9297 02.27596751000921
1 12012U 80081  D 80322.01200158  .00012730 +00000-0 +19960-2 0  9995
2 12012 047.2480 269.4632 7295375 011.2583 358.7432 02.27646992000967
1 12012U 80081  D 80322.89038493  .00012735 +00000-0 +19841-2 0  9995
2 12012 047.2430 269.2146 7295305 011.4991 358.6391 02.27669169000984
1 12012U 80081  D 80325.08617833  .00012855 +00000-0 +19167-2 0  9994
2 12012 047.2331 268.5916 7295591 012.0996 358.5594 02.27725798001032
1 12012U 80081  D 80325.96433438  .00012931 +00000-0 +19076-2 0  9992
2 12012 047.2315 268.3419 7295588 012.3408 358.5194 02.27748512001054
1 12012U 80081  D 80328.16132051  .00013180 +00000-0 +18406-3 0  9998
2 12012 047.2304 267.7543 7296902 012.8892 000.0526 02.27806811001107
1 12012U 80081  D 80332.10942633  .00016107 +00000-0 +21148-3 0  9991
2 12012 047.2010 266.6262 7297263 013.9847 358.9072 02.27940730001199
1 12012U 80081  D 80333.86336371  .00016887 +00000-0 +22397-3 0  9993
2 12012 047.2190 266.1278 7296506 014.5133 358.4598 02.28007350001230
1 12012U 80081  D 80336.93247604  .00020225 +00000-0 +24786-3 0  9999
2 12012 047.1770 265.2412 7297166 015.3260 358.5640 02.28148506001302
1 12012U 80081  D 80339.12304115  .00021727 +00000-0 +24450-3 0  9990
2 12012 047.1714 264.6232 7298226 015.9057 358.1783 02.28249889001356
1 12012U 80081  D 80340.87515410  .00022182 +00000-0 +23086-3 0  9996
2 12012 047.1893 264.0815 7299255 016.4012 358.1527 02.28329959001392
1 12012U 80081  D 80341.75093861  .00022939 +00000-0 +24386-3 0  9999
2 12012 047.1668 263.8536 7298455 016.6358 358.1278 02.28374106001415
1 12012U 80081  D 80343.06433290  .00024189 +00000-0 +27249-3 0  9999
2 12012 047.1733 263.4802 7296677 017.0114 358.1061 02.28441477001448
1 12012U 80081  D 80343.93977541  .00024237 +00000-0 +27060-3 0  9992
2 12012 047.1685 263.2276 7296528 017.2549 358.1309 02.28483940001464
1 12012U 80081  D 80344.81491379  .00025421 +00000-0 +27323-3 0  9998
2 12012 047.1616 262.9434 7296925 017.4796 358.1236 02.28536982001483
1 12012U 80081  D 80347.87620400  .00038083 -44979-4 +32082-3 0  9990
2 12012 047.1383 262.0624 7296584 018.3675 357.9824 02.28744549001551
1 12012U 80081  D 80350.06218657  .00036771 -45061-4 +30644-3 0  9999
2 12012 047.1385 261.4446 7295625 019.0186 358.5596 02.28871254001601
1 12012U 80081  D 80351.80818292  .00040191 -45136-4 +29672-3 0  9996
2 12012 047.1480 260.9500 7297333 019.3198 357.9008 02.29017178001649
1 12012U 80081  D 80354.86301112  .00043302 -45295-4 +33462-3 0  9998
2 12012 047.1375 260.0601 7294755 020.3337 357.9004 02.29256330001716
1 12012U 80081  D 80358.78664709  .00064383 -45513-4 +43868-3 0  9993
2 12012 047.0972 258.8855 7294614 021.4059 359.6606 02.29729381001809
