1 12013U 80081  E 80281.53340722  .00000075 +00000-0 +00000-0 0  9991
2 12013 047.4595 280.8150 7269149 000.3678 359.9659 02.26616997000047
1 12013U 80081  E 80281.97465856  .00003781 +00000-0 +29627-2 0  9990
2 12013 047.4582 280.7041 7268686 000.4918 359.9469 02.26620932000058
1 12013U 80081  E 80282.41590443  .00000956 +00000-0 +70014-3 0  9999
2 12013 047.4559 280.5833 7268880 000.6115 359.9192 02.26617030000065
1 12013U 80081  E 80283.29841689  .00003616 +00000-0 +27790-2 0  9995
2 12013 047.4504 280.3398 7269107 000.8357 359.9299 02.26629863000089
1 12013U 80081  E 80284.18087689  .00001729 +00000-0 +12830-2 0  9998
2 12013 047.4480 280.0979 7269464 001.0707 359.8535 02.26625232000103
1 12013U 80081  E 80289.03435803  .00002425 +00000-0 +17416-2 0  9991
2 12013 047.4290 278.7649 7270451 002.3499 359.7945 02.26650450000216
1 12013U 80081  E 80292.12251287  .00002595 +00000-0 +18414-2 0  9994
2 12013 047.4218 277.9175 7270677 003.1821 359.6497 02.26667665000283
1 12013U 80081  E 80293.00478415  .00002666 +00000-0 +18625-2 0  9999
2 12013 047.4190 277.6787 7271060 003.4092 359.6077 02.26673365000309
1 12013U 80081  E 80296.09263017  .00002844 +00000-0 +18709-2 0  9992
2 12013 047.3981 276.8260 7272519 004.1857 359.4686 02.26691760000370
1 12013U 80081  E 80296.97479469  .00003005 +00000-0 +19591-2 0  9999
2 12013 047.3901 276.5945 7272720 004.4239 359.4260 02.26699135000394
1 12013U 80081  E 80300.06232104  .00003045 +00000-0 +19072-2 0  9996
2 12013 047.3770 275.7400 7273603 005.2209 359.3034 02.26717488000460
1 12013U 80081  E 80304.47273874  .00002986 +00000-0 +17981-2 0  9994
2 12013 047.3631 274.5187 7274368 006.4265 359.1916 02.26742621000564
1 12013U 80081  E 80306.23670388  .00003132 +00000-0 +18092-2 0  9999
2 12013 047.3676 274.0602 7275323 006.8402 359.1501 02.26755783000607
1 12013U 80081  E 80308.44152981  .00003520 +00000-0 +19427-2 0  9992
2 12013 047.3405 273.4546 7276359 007.4332 359.0737 02.26774392000658
1 12013U 80081  E 80310.20527001  .00003600 +00000-0 +19061-2 0  9991
2 12013 047.3431 272.9537 7277267 007.8932 359.0196 02.26787760000696
1 12013U 80081  E 80311.96889319  .00003887 +00000-0 +19954-2 0  9996
2 12013 047.3447 272.4590 7277920 008.3704 358.9875 02.26804105000736
1 12013U 80081  E 80315.05489228  .00004025 +00000-0 +19971-2 0  9999
2 12013 047.3325 271.6023 7278531 009.1931 358.8520 02.26829933000803
1 12013U 80081  E 80316.37740618  .00004094 +00000-0 +20204-2 0  9995
2 12013 047.3319 271.2385 7278567 009.5355 358.8469 02.26841657000838
1 12013U 80081  E 80319.90366213  .00004427 +00000-0 +20636-2 0  9991
2 12013 047.2688 270.2675 7279660 010.4804 358.7625 02.26876290000915
1 12013U 80081  E 80320.78513627  .00004655 +00000-0 +22062-2 0  9990
2 12013 047.2746 269.9988 7279206 010.7300 358.7425 02.26886942000937
1 12013U 80081  E 80322.98866134  .00004827 +00000-0 +21925-2 0  9996
2 12013 047.2851 269.4018 7280027 011.3284 358.6551 02.26908889000983
1 12013U 80081  E 80323.42932745  .00004998 +00000-0 +22327-2 0  9994
2 12013 047.2881 269.2787 7280368 011.4169 358.6448 02.26915135000996
1 12013U 80081  E 80325.19192185  .00005041 +00000-0 +21823-2 0  9996
2 12013 047.3133 268.7998 7280938 011.8937 358.5590 02.26933086001033
1 12013U 80081  E 80325.63255800  .00005004 +00000-0 +21253-2 0  9995
2 12013 047.3007 268.6715 7281335 012.0083 358.5369 02.26936826001046
1 12013U 80081  E 80326.95443248  .00005026 +00000-0 +21121-2 0  9994
2 12013 047.2756 268.2929 7281471 012.3779 358.5018 02.26949940001070
1 12013U 80081  E 80330.91962068  .00005078 +00000-0 +19885-2 0  9992
2 12013 047.2536 267.1801 7282711 013.4380 358.4294 02.26989840001169
1 12013U 80081  E 80331.80067126  .00005276 +00000-0 +21074-2 0  9995
2 12013 047.2297 266.9181 7282195 013.6886 358.4470 02.27001899001188
1 12013U 80081  E 80332.24112705  .00005297 +00000-0 +20797-2 0  9992
2 12013 047.2297 266.7934 7282534 013.8089 358.3957 02.27006698001198
1 12013U 80081  E 80335.32435442  .00005710 +00000-0 +20601-2 0  9994
2 12013 047.2438 265.9497 7284094 014.6101 358.3124 02.27043848001269
1 12013U 80081  E 80339.28741971  .00007296 +00000-0 +24023-2 0  9993
2 12013 047.2245 264.8211 7285502 015.6852 358.3586 02.27118110001353
1 12013U 80081  E 80342.80910973  .00007592 +00000-0 +24324-2 0  9998
2 12013 047.2076 263.8269 7285632 016.6547 358.1700 02.27173669001438
1 12013U 80081  E 80345.88999133  .00008115 +00000-0 +26192-2 0  9991
2 12013 047.1998 262.9479 7285040 017.5242 358.1894 02.27229396001509
1 12013U 80081  E 80346.32988535  .00008563 +00000-0 +23893-2 0  9997
2 12013 047.1888 262.8338 7287935 017.5620 358.0537 02.27240582001519
1 12013U 80081  E 80346.76992640  .00008700 +00000-0 +26647-2 0  9990
2 12013 047.1847 262.7040 7285982 017.7313 358.0481 02.27249083001528
1 12013U 80081  E 80347.20993461  .00008728 +00000-0 +26706-2 0  9998
2 12013 047.1806 262.5812 7285940 017.8524 358.0240 02.27256874001537
1 12013U 80081  E 80350.28966645  .00008953 +00000-0 +23807-2 0  9993
2 12013 047.1667 261.7160 7288310 018.6378 357.9764 02.27313546001606
1 12013U 80081  E 80351.16934749  .00009323 +00000-0 +21609-2 0  9991
2 12013 047.1630 261.4865 7290802 018.8171 357.9460 02.27335024001627
1 12013U 80081  E 80352.04899488  .00010012 +00000-0 +23715-2 0  9996
2 12013 047.1774 261.2330 7290169 019.0739 358.0678 02.27364144001640
1 12013U 80081  E 80354.68729900  .00010659 +00000-0 +29312-2 0  9995
2 12013 047.1900 260.4782 7286760 019.9121 357.9428 02.27426946001706
1 12013U 80081  E 80356.88533052  .00011399 +00000-0 +27136-2 0  9994
2 12013 047.1483 259.8455 7289138 020.4403 357.8122 02.27482812001752
1 12013U 80081  E 81023.74432077  .00028844 +00000-0 +34018-3 0  9997
2 12013 047.0243 250.3786 7292226 029.5442 341.2779 02.28872196002501
1 12013U 80081  E 81025.94707590  .00028853 +00000-0 +33118-3 0  9996
2 12013 047.0049 249.7280 7291804 030.1571 356.7264 02.28998605002557
1 12013U 80081  E 81027.69334215  .00028813 +00000-0 +30340-3 0  9990
2 12013 047.0143 249.2365 7292864 030.6203 356.6502 02.29097981002591
1 12013U 80081  E 81028.56621605  .00036209 -47854-4 +29386-3 0  9998
2 12013 046.9941 248.9676 7293547 030.8925 356.6575 02.29155436002611
1 12013U 80081  E 81030.74740933  .00036265 -47944-4 +28447-3 0  9996
2 12013 046.9907 248.3350 7293228 031.4991 356.5689 02.29283793002660
1 12013U 80081  E 81030.74740936  .00036261 -47905-4 +28446-3 0  9991
2 12013 046.9907 248.3350 7293229 031.4991 356.5690 02.29283789002668
1 12013U 80081  E 81030.74741035  .00036261 -47958-4 +28430-3 0  9993
2 12013 046.9908 248.3352 7293236 031.4992 356.5690 02.29283667002665
1 12013U 80081  E 81044.66520640  .00051370 -48616-4 +24040-3 0  9999
2 12013 047.0051 244.1824 7294525 035.4004 356.1522 02.30526722002983
1 12013U 80081  E 81045.96607566  .00057267 -48622-4 +26986-3 0  9995
2 12013 046.9998 243.7964 7293573 035.7936 356.0952 02.30667364003019
1 12013U 80081  E 81051.16210235  .00054665 -48880-4 +30788-3 0  9997
2 12013 046.9043 242.3524 7286862 037.2919 353.3479 02.31084762003131
1 12013U 80081  E 81061.09720728  .00069926 -49018-4 +28978-3 0  9991
2 12013 046.9449 239.4120 7281288 040.1162 008.5236 02.32552038003362
1 12013U 80081  E 81061.51145816  .00069515 -49050-4 +28754-3 0  9999
2 12013 046.9432 239.2876 7280932 040.2356 355.3706 02.32599430003374
1 12013U 80081  E 81071.80055344  .00083984 -49193-4 +28937-3 0  9995
2 12013 046.8722 236.1466 7272163 043.2446 359.6179 02.34137586003616
1 12013U 80081  E 81077.76178018  .00091650 -49296-4 +30870-3 0  9992
2 12013 046.8862 234.3770 7264696 044.6835 355.2245 02.35148301003757
