1 40777U 79104AE  15222.40395005  .00458639  00000-0  20734-1 0  9996
2 40777 020.1001 023.2989 5643507 156.4202 245.4327 04.65731198139525
1 40777U 79104AE  15222.61804111  .00443655  00000-0  18441-1 0  9996
2 40777 020.1331 023.0943 5644715 156.8222 244.4222 04.65893089139539
1 40777U 79104AE  15223.47365950  .00443090  00000-0  19899-1 0  9995
2 40777 020.0960 022.2685 5637934 158.3225 240.5504 04.66640300139576
1 40777U 79104AE  15224.32792896  .00444040  00000-0  20725-1 0  9999
2 40777 020.1018 021.4303 5632100 159.8591 236.7431 04.67397585139617
1 40777U 79104AE  15225.60654985  .00436833  00000-0  16900-1 0  9998
2 40777 020.1103 020.2183 5630160 162.1086 230.7272 04.68494592139675
1 40777U 79104AE  15226.66981906  .00439565  00000-0  17935-1 0  9995
2 40777 020.1099 019.1381 5622762 164.0501 225.9149 04.69446551139726
1 40777U 79104AE  15227.73065829  .00440102  00000-0  18471-1 0  9996
2 40777 020.1055 018.0772 5616096 165.9967 220.5365 04.70384769139779
1 40777U 79104AE  15230.68978798  .00487470  00000-0  19336-1 0  9992
2 40777 020.1087 015.1215 5597992 171.2940 208.7798 04.73496013139911
1 40777U 79104AE  15231.73944850  .00463403  00000-0  18480-1 0  9990
2 40777 020.1084 014.0600 5591859 173.2368 199.7730 04.74448291139962
1 40777U 79104AE  15236.54964821  .00477875 -26230-6  77697-2 0  9998
2 40777 020.0477 009.2088 5584093 182.2427 175.3003 04.79064259140194
1 40777U 79104AE  15237.38031107  .00483806  00000-0  18913-1 0  9999
2 40777 020.0810 008.3462 5558232 183.6327 169.8018 04.79891034140239
1 40777U 79104AE  15238.83225065  .00484550  00000-0  17829-1 0  9990
2 40777 020.0686 006.8773 5550953 186.4191 161.7788 04.81311306140305
1 40777U 79104AE  15249.89404733  .00488125 -23305-6  45815-2 0  9998
2 40777  20.0874 355.1453 5513905 207.3997 107.5955  4.92161017140838
1 40777U 79104AE  15310.95481567 -.00035323  00000-0 -27020-2 0  9992
2 40777  19.5564 279.6199 5232349 347.2326 231.3061  5.29164241143845
