1 59347U 24059B   26142.59362184  .08054883 -21636-4  62949-3 0  9993
2 59347  23.3400 114.2726 2763151 221.9666 113.2678 10.22343474 13127
1 59347U 24059B   26142.59362185  .08054883 -21636-4  62949-3 0  9994
2 59347  23.3400 114.2726 2763152 221.9666 113.2678 10.22343474 13128
1 59347U 24059B   26143.56208992  .08493582 -22598-4  64294-3 0  9993
2 59347  23.3427 111.0708 2684837 227.5836 106.4190 10.38983413 13229
1 59347U 24059B   26150.21636492  .10459822 -28166-4  57966-3 0  9990
2 59347  23.3338  86.4801 2150164 270.6718  64.9698 11.55455382 13958
1 59347U 24059B   26150.21636493  .10459822 -28166-4  57966-3 0  9991
2 59347  23.3338  86.4801 2150164 270.6718  64.9698 11.55455382 13958
1 59347U 24059B   26152.33630803  .11116077 -29734-4  56802-3 0  9998
2 59347  23.3337  77.5394 1942574 286.3178  53.3190 12.01543661 14200
1 59347U 24059B   26152.33630803  .11116077 -29734-4  56802-3 0  9998
2 59347  23.3337  77.5394 1942574 286.3178  53.3190 12.01543661 14200
1 59347U 24059B   26153.24243900  .13761981 -30364-4  61865-3 0  9995
2 59347  23.3312  73.5202 1842395 293.4227  48.3438 12.24525487 14313
1 59347U 24059B   26153.24243901  .13761981 -30364-4  61865-3 0  9996
2 59347  23.3312  73.5202 1842395 293.4227  48.3438 12.24525487 14313
1 59347U 24059B   26153.89040197  .14084428 -30890-4  60897-3 0  9992
2 59347  23.3319  70.5354 1764805 298.6254  44.7926 12.42061886 14399
1 59347U 24059B   26153.89040197  .14084428 -30890-4  60897-3 0  9992
2 59347  23.3319  70.5354 1764805 298.6254  44.7926 12.42061886 14399
1 59347U 24059B   26153.89041157  .11933483 -31109-4  29725-3 0  9999
2 59347  23.3327  70.5357 1787019 298.6215  44.6010 12.40738267 14395
1 59347U 24059B   26155.61975291  .18650266 -32604-4  65248-3 0  9999
2 59347  23.3314  62.1206 1506511 313.3240  35.0891 13.01539592 14614
1 59347U 24059B   26156.07662946  .21573600 -33114-4  74459-3 0  9991
2 59347  23.3256  59.7482 1418642 317.5065  32.3713 13.21588034 14671
1 59347U 24059B   26156.07662946  .21573600 -33114-4  74459-3 0  9991
2 59347  23.3256  59.7482 1418642 317.5065  32.3713 13.21588034 14671
1 59347U 24059B   26156.15210554  .21185333 -33305-4  74319-3 0  9993
2 59347  23.3191  59.3428 1403651 318.2289  31.8953 13.24894293 14686
1 59347U 24059B   26156.15210554  .21185333 -33305-4  74319-3 0  9993
2 59347  23.3191  59.3428 1403651 318.2289  31.8953 13.24894293 14686
1 59347U 24059B   26156.15210641  .21081016 -33311-4  74789-3 0  9991
2 59347  23.3193  59.3421 1403441 318.2396  31.8881 13.24868202 14688
1 59347U 24059B   26156.15210641  .21081016 -33311-4  74789-3 0  9991
2 59347  23.3193  59.3421 1403441 318.2396  31.8881 13.24868202 14688
1 59347U 24059B   26157.18674731  .31272274 -34802-4  86309-3 0  9995
2 59347  23.3098  53.6555 1165828 328.2199  25.2783 13.81033275 14824
1 59347U 24059B   26157.18674731  .31272274 -34802-4  86309-3 0  9995
2 59347  23.3098  53.6555 1165828 328.2199  25.2783 13.81033275 14824
