0 TBA - TO BE ASSIGNED
1 42977U 10041R   17291.17190048  .00009723  00000-0  17871-1 0  9991
2 42977  64.8616 161.1604 5652210  84.1239 334.3338  4.38381832  1894
0 TBA - TO BE ASSIGNED
1 42977U 10041S   17291.17190049 +.00009723 +00000-0 +17871-1 0  9992
2 42977 064.8616 161.1604 5652210 084.1239 334.3338 04.38381832001894
0 SL-12 DEB
1 42977U 10041S   17292.08434321 +.00009814 +00000-0 +17884-1 0  9992
2 42977 064.8620 160.8111 5652652 084.0835 334.3634 04.38399930001931
0 SL-12 DEB
1 42977U 10041S   17292.54054951  .00009954  00000-0  18021-1 0  9999
2 42977  64.8687 160.6234 5653041  84.0424 334.3875  4.38409842  1958
0 SL-12 DEB
1 42977U 10041S   17293.22483964  .00010914  00000-0  19390-1 0  9993
2 42977  64.8626 160.3446 5654296  84.0486 334.4206  4.38428444  1985
0 SL-12 DEB
1 42977U 10041S   17293.90908380  .00011681  00000-0  20562-1 0  9997
2 42977  64.8630 160.0936 5654863  83.9804 334.4390  4.38447455  2015
0 SL-12 DEB
1 42977U 10041S   17301.66221050  .00034995  00000-0  47386-1 0  9998
2 42977  64.8105 157.0713 5669654  83.4344 339.7002  4.38989696  2352
0 SL-12 DEB
1 42977U 10041S   17301.88692304  .00034383  00000-0  47979-1 0  9995
2 42977  64.8530 156.9255 5667559  83.4783 334.8134  4.39001763  2366
0 SL-12 DEB
1 42977U 10041S   17302.79801154 +.00034387 +00000-0 +47845-1 0  9997
2 42977 064.8535 156.5707 5667301 083.4305 334.8121 04.39064279002406
0 SL-12 DEB
1 42977U 10041R   17309.63023884  .00015669  00000-0  18616-1 0  9999
2 42977  64.8622 153.8331 5676005  83.2705 334.9680  4.39236519  2701
0 SL-12 DEB
1 42977U 10041R   17315.77599111 +.00044913 +00000-0 +48733-1 0  9999
2 42977 064.8596 151.3879 5678559 082.7267 338.8343 04.39777575002974
0 SL-12 DEB
1 42977U 10041R   17320.77374651 +.00016806 +00000-0 +18255-1 0  9991
2 42977 064.8502 149.4504 5677341 082.9417 331.6187 04.39887284003192
0 SL-12 DEB
1 42977U 10041R   17320.77374651  .00016806  00000-0  18255-1 0  9991
2 42977  64.8502 149.4504 5677341  82.9417 331.6187  4.39887284  3192
0 SL-12 DEB
1 42977U 10041R   17321.00329278  .00018008  00000-0  18733-1 0  9990
2 42977  64.8747 149.2837 5679989  82.7368 335.1652  4.39896522  3206
0 SL-12 DEB
1 42977U 10041R   17321.91262475  .00023508  00000-0  24026-1 0  9998
2 42977  64.8256 148.9771 5680799  82.6572 335.3476  4.39955927  3246
0 SL-12 DEB
1 42977U 10041R   17322.82173447  .00026002  00000-0  26636-1 0  9990
2 42977  64.8404 148.5951 5680342  82.6858 335.3377  4.40010900  3287
0 SL-12 DEB
1 42977U 10041R   17323.73071889  .00029528  00000-0  30206-1 0  9992
2 42977  64.8407 148.2399 5680081  82.6305 335.3267  4.40071142  3328
0 SL-12 DEB
1 42977U 10041R   17324.63959246  .00030038  00000-0  30690-1 0  9999
2 42977  64.8436 147.8823 5679810  82.5623 335.3254  4.40127402  3368
0 SL-12 DEB
1 42977U 10041R   17325.77554454  .00030084  00000-0  30677-1 0  9993
2 42977  64.8433 147.4357 5679504  82.5032 335.3430  4.40195860  3412
0 SL-12 DEB
1 42977U 10041R   17332.58759586  .00020388  00000-0  21352-1 0  9999
2 42977  64.8581 144.7209 5674428  82.0671 337.9950  4.40656663  3717
0 SL-12 DEB
1 42977U 10041R   17332.81296317  .00017224  00000-0  17938-1 0  9993
2 42977  64.8732 144.6369 5674729  82.0328 335.4350  4.40647600  3723
0 SL-12 DEB
1 42977U 10041R   17333.72075476 +.00014308 +00000-0 +14705-1 0  9994
2 42977 064.8411 144.2254 5675250 082.1659 335.4641 04.40663448003769
0 SL-12 DEB
1 42977U 10041R   17333.94768865  .00017729  00000-0  17683-1 0  9997
2 42977  64.8169 144.1350 5677076  82.0933 335.5286  4.40686311  3778
0 SL-12 DEB
1 42977U 10041R   17334.85533259 +.00015617 +00000-0 +16167-1 0  9995
2 42977 064.8497 143.8068 5674557 081.9053 335.5193 04.40705247003818
0 SL-12 DEB
1 42977U 10041R   17334.85533259  .00015617  00000-0  16167-1 0  9995
2 42977  64.8497 143.8068 5674557  81.9053 335.5193  4.40705247  3818
0 SL-12 DEB
1 42977U 10041R   17335.53609060  .00018851  00000-0  19272-1 0  9998
2 42977  64.8451 143.4919 5675200  81.9669 335.6614  4.40744660  3842
0 SL-12 DEB
1 42977U 10041R   17335.76291370  .00020770  00000-0  20603-1 0  9997
2 42977  64.8016 143.3775 5676963  82.1152 335.5952  4.40766052  3859
0 SL-12 DEB
1 42977U 10041R   17336.67033299  .00024761  00000-0  24563-1 0  9995
2 42977  64.8039 143.0201 5676668  82.2073 335.6011  4.40827864  3890
0 SL-12 DEB
1 42977U 10041R   17337.57758087 +.00026187 +00000-0 +26662-1 0  9990
2 42977 064.8295 142.6821 5674798 082.0679 335.5016 04.40879573003932
0 SL-12 DEB
1 42977U 10041R   17337.80439447 +.00026010 +00000-0 +26382-1 0  9996
2 42977 064.8175 142.5845 5674970 082.0680 335.4930 04.40890368003948
0 SL-12 DEB
1 42977U 10041R   17338.71160854  .00022757  00000-0  23525-1 0  9990
2 42977  64.8455 142.2515 5673631  81.9204 335.4497  4.40918025  3986
0 SL-12 DEB
1 42977U 10041R   17339.84561194  .00017552  00000-0  18256-1 0  9999
2 42977  64.8408 141.7842 5673104  81.8142 335.4444  4.40939034  4038
0 SL-12 DEB
1 42977U 10041R   17340.07249280  .00016121  00000-0  16164-1 0  9992
2 42977  64.8181 141.6624 5675329  81.8991 335.5610  4.40941063  4048
0 SL-12 DEB
1 42977U 10041R   17340.52606936 +.00016136 +00000-0 +16164-1 0  9993
2 42977 064.8181 141.4837 5675312 081.8780 335.5770 04.40955609004060
0 SL-12 DEB
1 42977U 10041R   17341.43316920  .00015115  00000-0  15175-1 0  9992
2 42977  64.8185 141.1209 5675018  81.8300 335.5785  4.40979498  4108
0 SL-12 DEB
1 42977U 10041R   17342.11347563  .00013750  00000-0  14053-1 0  9992
2 42977  64.8212 140.8571 5673800  81.8182 335.5689  4.40991696  4132
0 SL-12 DEB
1 42977U 10041R   17342.79376835  .00012637  00000-0  13062-1 0  9992
2 42977  64.8174 140.5908 5672965  81.7870 335.5787  4.41003944  4167
0 SL-12 DEB
1 42977U 10041R   17343.24729197  .00011530  00000-0  11854-1 0  9994
2 42977  64.8138 140.4077 5673180  81.8070 335.5885  4.41010464  4182
0 SL-12 DEB
1 42977U 10041R   17343.92754677 +.00011242 +00000-0 +11514-1 0  9993
2 42977 064.8132 140.1361 5673252 081.7334 335.6186 04.41025342004211
0 SL-12 DEB
1 42977U 10041R   17344.38104233 +.00011395 +00000-0 +11637-1 0  9996
2 42977 064.8102 139.9530 5673322 081.7156 335.6432 04.41036271004231
0 SL-12 DEB
1 42977U 10041R   17345.28798392  .00012604  00000-0  12903-1 0  9992
2 42977  64.8085 139.5945 5672975  81.6525 335.7015  4.41064063  4271
0 SL-12 DEB
1 42977U 10041R   17345.51468739  .00013290  00000-0  13711-1 0  9997
2 42977  64.8118 139.4981 5672444  81.6447 335.6944  4.41074188  4281
0 SL-12 DEB
1 42977U 10041R   17345.96810661  .00015990  00000-0  16532-1 0  9994
2 42977  64.8198 139.3237 5672229  81.5907 335.7130  4.41097537  4307
0 SL-12 DEB
1 42977U 10041R   17349.36831630 +.00020459 +00000-0 +20992-1 0  9992
2 42977 064.7841 137.9913 5671752 081.3199 336.2708 04.41256316004452
0 SL-12 DEB
1 42977U 10041R   17349.36831630  .00020459  00000-0  20992-1 0  9992
2 42977  64.7841 137.9913 5671752  81.3199 336.2708  4.41256316  4452
0 SL-12 DEB
1 42977U 10041R   17350.50110124  .00017224  00000-0  17928-1 0  9999
2 42977  64.7950 137.5049 5670682  81.2053 335.7493  4.41283530  4507
0 SL-12 DEB
1 42977U 10041R   17350.72777368  .00014504  00000-0  15904-1 0  9992
2 42977  64.8158 137.3981 5667418  81.2024 335.8304  4.41279564  4517
0 SL-12 DEB
1 42977U 10041R   17351.40759892  .00009097  00000-0  10825-1 0  9998
2 42977  64.8159 137.1308 5662131  81.5032 335.6708  4.41272108  4544
0 SL-12 DEB
1 42977U 10041R   17352.54064647 +.00007863 +00000-0 +91224-2 0  9993
2 42977 064.8098 136.6624 5663729 081.4741 335.6244 04.41285806004590
0 SL-12 DEB
1 42977U 10041R   17353.22049618  .00012109  00000-0  14519-1 0  9990
2 42977  64.8158 136.3838 5661573  81.1819 335.8735  4.41323953  4626
0 SL-12 DEB
1 42977U 10041R   17354.80651874  .00016989  00000-0  20042-1 0  9996
2 42977  64.8082 135.7573 5662275  81.2382 335.9014  4.41390045  4691
0 SL-12 DEB
1 42977U 10041R   17355.25953650  .00016668  00000-0  19885-1 0  9990
2 42977  64.8193 135.5988 5661449  81.1915 335.7574  4.41403391  4716
0 SL-12 DEB
1 42977U 10041R   17355.71264143  .00016181  00000-0  19278-1 0  9999
2 42977  64.8081 135.4082 5661436  81.2182 335.7547  4.41415367  4737
0 SL-12 DEB
1 42977U 10041R   17356.39226588  .00015292  00000-0  18030-1 0  9992
2 42977  64.7995 135.1324 5661951  81.0875 335.7617  4.41431165  4760
0 SL-12 DEB
1 42977U 10041R   17356.61884183  .00010784  00000-0  12804-1 0  9992
2 42977  64.7984 135.0378 5661471  81.3176 335.7101  4.41417271  4771
0 SL-12 DEB
1 42977U 10041R   17357.75154117  .00008511  00000-0  10100-1 0  9997
2 42977  64.7747 134.5463 5661170  81.3211 335.6596  4.41426975  4827
0 SL-12 DEB
1 42977U 10041R   17359.56383731  .00004759  00000-0  57301-2 0  9999
2 42977  64.8040 133.8541 5659148  81.0081 335.6760  4.41432739  4904
0 SL-12 DEB
1 42977U 10041R   17360.47008669  .00005194  00000-0  63047-2 0  9993
2 42977  64.7998 133.5075 5658520  80.9752 335.8861  4.41444558  4940
0 SL-12 DEB
1 42977U 10041R   17360.69659912  .00005331  00000-0  65038-2 0  9995
2 42977  64.7997 133.4130 5658190  80.9510 335.8702  4.41447733  4958
0 SL-12 DEB
1 42977U 10041R   17361.60270571  .00007075  00000-0  89961-2 0  9995
2 42977  64.8240 133.0588 5655760  80.8417 335.9390  4.41467054  4994
0 SL-12 DEB
1 42977U 10041R   17362.28223033  .00007327  00000-0  93130-2 0  9994
2 42977  64.8085 132.7837 5655797  80.8299 335.9075  4.41477591  5024
0 SL-12 DEB
1 42977U 10041R   17362.73525039  .00006894  00000-0  90481-2 0  9999
2 42977  64.8045 132.5921 5653648  80.9019 335.8803  4.41481349  5042
0 SL-12 DEB
1 42977U 10041R   17363.64126513  .00003737  00000-0  49112-2 0  9992
2 42977  64.8047 132.2089 5652840  80.8218 335.8262  4.41478881  5089
0 SL-12 DEB
1 42977U 10041R   17364.54734189  .00002313  00000-0  29953-2 0  9996
2 42977  64.7971 131.8528 5653212  80.7909 335.8444  4.41476730  5125
0 SL-12 DEB
1 42977U 10041R   17365.45342286  .00000691  00000-0  82498-3 0  9991
2 42977  64.7821 131.5422 5654416  80.6858 335.8655  4.41471174  5163
0 SL-12 DEB
1 42977U 10041R   17365.67998864  .00000193  00000-0  18499-3 0  9991
2 42977  64.8033 131.4269 5650665  80.7359 335.9249  4.41468515  5172
0 SL-12 DEB
1 42977U 10041R   18001.58604091 -.00001655  00000-0 -23990-2 0  9992
2 42977  64.7952 131.0428 5650120  80.6743 335.8803  4.41458952  5210
0 SL-12 DEB
1 42977U 10041R   18002.26563345 -.00000946  00000-0 -13962-2 0  9994
2 42977  64.7918 130.7730 5649587  80.6098 335.9586  4.41461721  5242
0 SL-12 DEB
1 42977U 10041R   18002.49214124 -.00000622 +00000-0 -95240-3 0  9998
2 42977 064.7925 130.6786 5648201 080.6476 335.9367 04.41463096005257
0 SL-12 DEB
1 42977U 10041R   18004.30430578  .00002757  00000-0  41163-2 0  9996
2 42977  64.8013 129.9475 5645282  80.6661 336.0364  4.41481931  5330
0 SL-12 DEB
1 42977U 10041R   18005.43676163  .00002906  00000-0  43199-2 0  9990
2 42977  64.7938 129.5113 5645316  80.6295 335.9007  4.41488628  5388
0 SL-12 DEB
1 42977U 10041R   18006.11628496  .00001821  00000-0  27253-2 0  9990
2 42977  64.7810 129.2206 5643888  80.4479 335.9342  4.41486969  5413
0 SL-12 DEB
1 42977U 10041R   18006.56932924  .00001174  00000-0  17314-2 0  9991
2 42977  64.7794 129.0502 5643433  80.4625 335.9641  4.41484985  5430
0 SL-12 DEB
1 42977U 10041R   18007.47537195  .00000173  00000-0  16706-3 0  9996
2 42977  64.7745 128.6914 5642743  80.4283 335.9571  4.41480554  5475
0 SL-12 DEB
1 42977U 10041R   18007.70189757 -.00000763  00000-0 -13245-2 0  9990
2 42977  64.7801 128.6229 5641606  80.3655 335.9883  4.41477964  5484
0 SL-12 DEB
1 42977U 10041R   18008.60796314 -.00000709 +00000-0 -12388-2 0  9990
2 42977 064.7788 128.2657 5641739 080.3185 336.0207 04.41476683005528
0 SL-12 DEB
1 42977U 10041R   18009.51402510 -.00000158 +00000-0 -35759-3 0  9999
2 42977 064.7823 127.9072 5641492 080.2921 336.0521 04.41478387005564
0 SL-12 DEB
1 42977U 10041R   18010.19355426 -.00000164 +00000-0 -35759-3 0  9995
2 42977 064.7823 127.6413 5641650 080.2620 336.0452 04.41478081005599
0 SL-12 DEB
1 42977U 10041R   18010.64658277 -.00000360 +00000-0 -66236-3 0  9997
2 42977 064.7716 127.4623 5641538 080.2162 336.0502 04.41476341005613
0 SL-12 DEB
1 42977U 10041R   18011.32613757 -.00000263 +00000-0 -49861-3 0  9994
2 42977 064.7790 127.1942 5640410 080.2040 336.0832 04.41476825005645
0 SL-12 DEB
1 42977U 10041R   18011.32613757 -.00000263 +00000-0 -49861-3 0  9994
2 42977 064.7790 127.1942 5640410 080.2040 336.0832 04.41476825005645
0 SL-12 DEB
1 42977U 10041R   18011.55263786 -.00000535 +00000-0 -94683-3 0  9996
2 42977 064.7902 127.1040 5639512 080.2293 336.0480 04.41474931005656
0 SL-12 DEB
1 42977U 10041R   18012.68521397 -.00003631 +00000-0 -62644-2 0  9997
2 42977 064.7977 126.6496 5636639 080.2505 335.9433 04.41452637005701
0 SL-12 DEB
1 42977U 10041R   18013.36483893 -.00004672  00000-0 -80264-2 0  9995
2 42977  64.7751 126.3851 5636749  80.2204 336.0022  4.41442836  5730
0 SL-12 DEB
1 42977U 10041R   18013.59138266 -.00005125 +00000-0 -88680-2 0  9995
2 42977 064.7786 126.2985 5636202 080.1311 336.0291 04.41437607005746
0 SL-12 DEB
1 42977U 10041R   18014.49755045 -.00005469 +00000-0 -95045-2 0  9999
2 42977 064.7787 125.9475 5635804 080.0559 336.0844 04.41427165005783
0 SL-12 DEB
1 42977U 10041R   18015.40370112 -.00004102 +00000-0 -69684-2 0  9992
2 42977 064.7868 125.5948 5637299 080.1526 336.0782 04.41426437005826
0 SL-12 DEB
1 42977U 10041R   18016.30986028 -.00003787  00000-0 -66495-2 0  9996
2 42977  64.7613 125.2392 5634950  79.8632 336.1322  4.41419275  5865
0 SL-12 DEB
1 42977U 10041R   18016.53643221 -.00001298 +00000-0 -23427-2 0  9999
2 42977 064.7876 125.1274 5632549 080.0823 336.1815 04.41430304005876
0 SL-12 DEB
1 42977U 10041R   18017.44251211 -.00000919 +00000-0 -16584-2 0  9999
2 42977 064.7803 124.7708 5632782 080.0370 336.0884 04.41430151005919
0 SL-12 DEB
1 42977U 10041R   18018.12212691 -.00000077 +00000-0 -15051-3 0  9998
2 42977 064.7892 124.5318 5631695 079.9582 336.1214 04.41432914005946
0 SL-12 DEB
1 42977U 10041R   18018.34865887 -.00000255 +00000-0 -48781-3 0  9997
2 42977 064.7943 124.4526 5631133 079.9972 336.0972 04.41431534005951
0 SL-12 DEB
1 42977U 10041R   18023.55906422 -.00002203 +00000-0 -43519-2 0  9995
2 42977 064.8136 122.4410 5628720 079.5014 335.9435 04.41400868006181
0 SL-12 DEB
1 42977U 10041R   18024.23896603 -.00002269 +00000-0 -48809-2 0  9999
2 42977 064.7671 122.1325 5621978 079.5380 336.3489 04.41401791006214
0 SL-12 DEB
1 42977U 10041R   18024.91856547 -.00002162 +00000-0 -46305-2 0  9998
2 42977 064.7645 121.8645 5622162 079.5061 336.2649 04.41399123006243
0 SL-12 DEB
1 42977U 10041R   18025.37167509 -.00002255 +00000-0 -48200-2 0  9991
2 42977 064.7635 121.6881 5622064 079.4806 336.2730 04.41396718006269
0 SL-12 DEB
1 42977U 10041R   18025.59823179 -.00002314 +00000-0 -49441-2 0  9991
2 42977 064.7597 121.5950 5621947 079.4646 336.2793 04.41395393006271
0 SL-12 DEB
1 42977U 10041R   18026.50446241 -.00002529  00000-0 -53585-2 0  9996
2 42977  64.7596 121.2428 5622091  79.4190 336.2964  4.41390327  6319
0 SL-12 DEB
1 42977U 10041R   18027.41070591 -.00002561 +00000-0 -53955-2 0  9995
2 42977 064.7586 120.8919 5622136 079.3809 336.3167 04.41385579006357
0 SL-12 DEB
1 42977U 10041R   18028.31695737 -.00002402 +00000-0 -50392-2 0  9996
2 42977 064.7632 120.5274 5622157 079.3437 336.3426 04.41382102006391
0 SL-12 DEB
1 42977U 10041R   18029.22321085 -.00002412 +00000-0 -50691-2 0  9992
2 42977 064.7621 120.1677 5621859 079.2817 336.3588 04.41377675006434
0 SL-12 DEB
1 42977U 10041R   18029.44977818 -.00001571 +00000-0 -33561-2 0  9999
2 42977 064.7675 120.0886 5620396 079.3670 336.3600 04.41381007006447
0 SL-12 DEB
1 42977U 10041R   18030.35600802 -.00001561 +00000-0 -33594-2 0  9992
2 42977 064.7708 119.7463 5619893 079.3144 336.3332 04.41378120006484
0 SL-12 DEB
1 42977U 10041R   18030.58257430 -.00001655 +00000-0 -36156-2 0  9993
2 42977 064.7684 119.6640 5618835 079.2618 336.3461 04.41376920006493
0 SL-12 DEB
1 42977U 10041R   18031.48884790 -.00001849 +00000-0 -40629-2 0  9993
2 42977 064.7704 119.3145 5618725 079.1892 336.3757 04.41372699006536
0 SL-12 DEB
1 42977U 10041R   18032.39513579 -.00002766 +00000-0 -61169-2 0  9999
2 42977 064.7656 118.9593 5618570 079.1462 336.3872 04.41363721006573
0 SL-12 DEB
1 42977U 10041R   18032.62172514 -.00003109 +00000-0 -69178-2 0  9995
2 42977 064.7680 118.8691 5618154 079.1005 336.4235 04.41361072006581
0 SL-12 DEB
1 42977U 10041R   18033.30145831 -.00003210  00000-0 -71625-2 0  9996
2 42977  64.7711 118.5984 5618109  79.0599 336.4488  4.41356152  6612
0 SL-12 DEB
1 42977U 10041R   18034.20777690 -.00003301 +00000-0 -74589-2 0  9993
2 42977 064.7709 118.2512 5617314 079.0834 336.4638 04.41350129006651
0 SL-12 DEB
1 42977U 10041R   18034.43434223 -.00002401  00000-0 -52269-2 0  9991
2 42977  64.7571 118.1318 5620357  79.1354 336.4440  4.41353024  6669
0 SL-12 DEB
1 42977U 10041R   18035.34065993 -.00003712 +00000-0 -87481-2 0  9996
2 42977 064.7699 117.8338 5614099 079.1322 336.3998 04.41338978006702
0 SL-12 DEB
1 42977U 10041R   18035.56724246 -.00003624 +00000-0 -88064-2 0  9993
2 42977 064.7723 117.7646 5611685 079.0449 336.4125 04.41337196006713
0 SL-12 DEB
1 42977U 10041R   18037.60655893 -.00002849 +00000-0 -70606-2 0  9992
2 42977 064.7708 116.9647 5609819 078.7966 336.5276 04.41327835006801
0 SL-12 DEB
1 42977U 10041R   18038.28632780 -.00002452  00000-0 -62132-2 0  9992
2 42977  64.7784 116.7080 5607801  78.6503 336.5650  4.41326407  6832
0 SL-12 DEB
1 42977U 10041R   18040.32562762 -.00000972 +00000-0 -24021-2 0  9992
2 42977 064.7779 115.9148 5607434 078.6330 336.5689 04.41327220006928
0 SL-12 DEB
1 42977U 10041R   18040.32568053 -.00000972 +00000-0 -24021-2 0  9991
2 42977 064.7779 115.9148 5607434 078.6330 336.6529 04.41327220006922
0 SL-12 DEB
1 42977U 10041R   18041.45859030 -.00000176  00000-0 -36116-3 0  9999
2 42977  64.7713 115.4785 5605171  78.6097 336.5964  4.41328252  6971
0 SL-12 DEB
1 42977U 10041R   18042.59152790 -.00000246 +00000-0 -54337-3 0  9997
2 42977 064.7722 115.0423 5605402 078.5542 336.5891 04.41327475007029
0 SL-12 DEB
1 42977U 10041R   18043.27130759 -.00000015 +00000-0 +52423-4 0  9992
2 42977 064.7747 114.7835 5604894 078.4902 336.6272 04.41328794007054
0 SL-12 DEB
1 42977U 10041R   18043.49789573 -.00000006 +00000-0 +71933-4 0  9997
2 42977 064.7752 114.6944 5604625 078.4434 336.6352 04.41328697007064
0 SL-12 DEB
1 42977U 10041R   18044.17767532 +.00000374 +00000-0 +10601-2 0  9994
2 42977 064.7764 114.4382 5604440 078.4471 336.6580 04.41330606007096
0 SL-12 DEB
1 42977U 10041R   18044.63084708 +.00000253 +00000-0 +72682-3 0  9996
2 42977 064.7773 114.2636 5604298 078.4283 336.6517 04.41330258007114
0 SL-12 DEB
1 42977U 10041R   18045.31062060 +.00000087 +00000-0 +26270-3 0  9996
2 42977 064.7811 114.0090 5603830 078.3901 336.6675 04.41329507007149
0 SL-12 DEB
1 42977U 10041R   18047.34994499 -.00000391 +00000-0 -10883-2 0  9993
2 42977 064.7785 113.2227 5603595 078.2922 336.7118 04.41326684007238
0 SL-12 DEB
1 42977U 10041R   18047.57654682 -.00000541 +00000-0 -15018-2 0  9997
2 42977 064.7811 113.1390 5603263 078.2470 336.7338 04.41325444007246
0 SL-12 DEB
1 42977U 10041R   18048.25633476 -.00000607 +00000-0 -16954-2 0  9994
2 42977 064.7837 112.8859 5603317 078.2215 336.7597 04.41324316007274
0 SL-12 DEB
1 42977U 10041R   18049.16271153 -.00000855 +00000-0 -24051-2 0  9997
2 42977 064.7854 112.5398 5602265 078.1612 336.7833 04.41321860007318
0 SL-12 DEB
1 42977U 10041R   18049.38930617 -.00001093 +00000-0 -30766-2 0  9993
2 42977 064.7899 112.4530 5601674 078.1574 336.7818 04.41320090007322
0 SL-12 DEB
1 42977U 10041R   18050.29568989 -.00001829 +00000-0 -51702-2 0  9994
2 42977 064.7790 112.1023 5600504 078.1490 336.7692 04.41313083007362
0 SL-12 DEB
1 42977U 10041R   18050.52229327 -.00002515 +00000-0 -71634-2 0  9999
2 42977 064.7827 112.0327 5599514 078.1030 336.7802 04.41309690007370
0 SL-12 DEB
1 42977U 10041R   18051.42870620 -.00002771 +00000-0 -79126-2 0  9995
2 42977 064.7898 111.6908 5599096 078.0264 336.8098 04.41303725007417
0 SL-12 DEB
1 42977U 10041R   18052.56172575 -.00003469 +00000-0 -98565-2 0  9998
2 42977 064.7942 111.2620 5599216 077.9536 336.7980 04.41292559007464
0 SL-12 DEB
1 42977U 10041R   18053.24159032 -.00003653 +00000-0 -10468-1 0  9997
2 42977 064.7996 111.0227 5598379 077.8759 336.8733 04.41287214007491
0 SL-12 DEB
1 42977U 10041R   18053.46820531 -.00003864 +00000-0 -11205-1 0  9994
2 42977 064.7966 110.9381 5597368 077.8200 336.8880 04.41284381007502
0 SL-12 DEB
1 42977U 10041R   18054.37467063 -.00004676 +00000-0 -14072-1 0  9999
2 42977 064.8086 110.5992 5594216 077.8387 336.8845 04.41273074007547
0 SL-12 DEB
1 42977U 10041R   18055.28114146 -.00005154 +00000-0 -15638-1 0  9992
2 42977 064.8090 110.2583 5593544 077.7837 336.8670 04.41261635007587
0 SL-12 DEB
1 42977U 10041R   18055.50777428 -.00005161 +00000-0 -15863-1 0  9993
2 42977 064.7997 110.1741 5592458 077.7566 336.8820 04.41258767007599
0 SL-12 DEB
1 42977U 10041R   18055.96103064 -.00005169 +00000-0 -15863-1 0  9990
2 42977 064.7997 109.9997 5592603 077.7369 336.8915 04.41254097007611
0 SL-12 DEB
1 42977U 10041R   18057.54746957 -.00005566 +00000-0 -17385-1 0  9992
2 42977 064.8105 109.3937 5591333 077.5952 336.9388 04.41235362007682
0 SL-12 DEB
1 42977U 10041R   18058.45404689 -.00005243 +00000-0 -16605-1 0  9992
2 42977 064.8191 109.0670 5590313 077.4475 337.0093 04.41227290007725
0 SL-12 DEB
1 42977U 10041R   18058.90734054 -.00005018 +00000-0 -16411-1 0  9999
2 42977 064.8186 108.8996 5587647 077.3577 337.0629 04.41225100007740
0 SL-12 DEB
1 42977U 10041R   18060.26721524 -.00004276 +00000-0 -14359-1 0  9993
2 42977 064.8084 108.3948 5585617 077.3843 337.0709 04.41215901007804
0 SL-12 DEB
1 42977U 10041R   18061.40046990 -.00003312 +00000-0 -11402-1 0  9993
2 42977 064.8011 107.9844 5583649 077.3313 337.1016 04.41210274007854
0 SL-12 DEB
1 42977U 10041R   18062.30703679 -.00002625  00000-0 -91279-2 0  9994
2 42977  64.8037 107.6536 5582864  77.3154 337.0609  4.41208530  7891
0 SL-12 DEB
1 42977U 10041R   18063.21363149 -.00001888  00000-0 -66771-2 0  9998
2 42977  64.8278 107.3358 5581349  77.1138 337.1041  4.41208321  7938
0 SL-12 DEB
1 42977U 10041R   18063.44028547 -.00001902 +00000-0 -67176-2 0  9990
2 42977 064.8266 107.2466 5581359 077.0989 337.1115 04.41207394007940
0 SL-12 DEB
1 42977U 10041R   18064.12024722 -.00000837  00000-0 -29769-2 0  9999
2 42977  64.8263 106.9744 5580614  77.1053 337.1329  4.41209900  7973
0 SL-12 DEB
1 42977U 10041R   18065.25348863 -.00000793 +00000-0 -27817-2 0  9992
2 42977 064.8245 106.5406 5580701 077.0482 337.1262 04.41208356008023
0 SL-12 DEB
1 42977U 10041R   18065.48014010 -.00000677 +00000-0 -23698-2 0  9995
2 42977 064.8240 106.4558 5580489 077.0349 337.1308 04.41208496008037
0 SL-12 DEB
1 42977U 10041R   18066.16009651 +.00000044 +00000-0 +21776-3 0  9998
2 42977 064.8307 106.2020 5580039 076.9810 337.1570 04.41210884008063
0 SL-12 DEB
1 42977U 10041R   18066.38674134 +.00000043 +00000-0 +21776-3 0  9995
2 42977 064.8307 106.1153 5580093 076.9710 337.1510 04.41210911008074
0 SL-12 DEB
1 42977U 10041R   18068.42658210 +.00000729 +00000-0 +27025-2 0  9992
2 42977 064.8313 105.3493 5579706 076.8468 337.1964 04.41216348008160
0 SL-12 DEB
1 42977U 10041R   18069.10653152 +.00001132 +00000-0 +41363-2 0  9998
2 42977 064.8323 105.0935 5579800 076.7996 337.2287 04.41219518008193
0 SL-12 DEB
1 42977U 10041R   18070.23976298  .00001683  00000-0  60595-2 0  9992
2 42977  64.8326 104.6671 5580113  76.7436 337.2667  4.41225469  8246
0 SL-12 DEB
1 42977U 10041R   18070.46639950 +.00001830 +00000-0 +65752-2 0  9992
2 42977 064.8301 104.5817 5580092 076.7382 337.2617 04.41227031008259
0 SL-12 DEB
1 42977U 10041R   18071.14632626  .00002032  00000-0  72566-2 0  9997
2 42977  64.8304 104.3248 5580230  76.7071 337.2768  4.41230461  8288
0 SL-12 DEB
1 42977U 10041R   18071.14632626 +.00002032 +00000-0 +72566-2 0  9997
2 42977 064.8304 104.3248 5580230 076.7071 337.2768 04.41230461008288
0 SL-12 DEB
1 42977U 10041R   18072.95944704  .00002729  00000-0  97185-2 0  9997
2 42977  64.8437 103.6472 5579655  76.5692 337.3614  4.41242754  8360
0 SL-12 DEB
1 42977U 10041R   18073.41270361  .00002793  00000-0  99258-2 0  9994
2 42977  64.8406 103.4729 5579672  76.5243 337.3565  4.41245402  8380
0 SL-12 DEB
1 42977U 10041R   18073.86597423 +.00002876 +00000-0 +10152-1 0  9991
2 42977 064.8380 103.3034 5580091 076.4920 337.3754 04.41248235008407
0 SL-12 DEB
1 42977U 10041R   18075.90564517  .00003383  00000-0  11826-1 0  9999
2 42977  64.8429 102.5447 5580613  76.3086 337.4640  4.41263018  8492
0 SL-12 DEB
1 42977U 10041R   18076.13227328 +.00003385 +00000-0 +11826-1 0  9993
2 42977 064.8429 102.4580 5580655 076.2986 337.4746 04.41264534008506
0 SL-12 DEB
1 42977U 10041R   18078.17185529  .00003936  00000-0  13662-1 0  9997
2 42977  64.8392 101.6652 5581319  76.2025 337.5355  4.41281997  8596
0 SL-12 DEB
1 42977U 10041R   18078.39845739  .00003868  00000-0  13462-1 0  9999
2 42977  64.8509 101.6099 5581081  76.1809 337.5193  4.41283448  8601
0 SL-12 DEB
1 42977U 10041R   18079.07829680  .00003785  00000-0  12994-1 0  9999
2 42977  64.8596 101.3828 5582312  76.1013 337.5395  4.41288508  8638
0 SL-12 DEB
1 42977U 10041R   18079.98474949  .00004031  00000-0  13765-1 0  9995
2 42977  64.8612 101.0367 5582899  76.0697 337.5812  4.41296731  8674
0 SL-12 DEB
1 42977U 10041R   18080.21135346 +.00003948 +00000-0 +13456-1 0  9991
2 42977 064.8618 100.9493 5583088 076.0609 337.5792 04.41298130008685
0 SL-12 DEB
1 42977U 10041R   18081.11777221  .00003778  00000-0  12831-1 0  9992
2 42977  64.8642 100.6146 5583466  75.9953 337.5961  4.41304239  8725
0 SL-12 DEB
1 42977U 10041R   18081.34438274  .00003177  00000-0  10721-1 0  9998
2 42977  64.8630 100.5282 5583971  76.0021 337.6054  4.41304124  8739
0 SL-12 DEB
1 42977U 10041R   18083.15718899  .00002896  00000-0  96876-2 0  9996
2 42977  64.8639  99.8297 5584724  75.9074 337.6350  4.41313663  8813
0 SL-12 DEB
1 42977U 10041R   18083.38379791 +.00002883 +00000-0 +96296-2 0  9997
2 42977 064.8699 099.7545 5584850 075.8855 337.6574 04.41314905008829
0 SL-12 DEB
1 42977U 10041R   18084.29018926 +.00002797 +00000-0 +91313-2 0  9997
2 42977 064.8672 099.4300 5586655 075.7861 337.6935 04.41319995008866
0 SL-12 DEB
1 42977U 10041R   18085.19658501 +.00002810 +00000-0 +90781-2 0  9990
2 42977 064.8698 099.0841 5587328 075.7547 337.7400 04.41325149008900
0 SL-12 DEB
1 42977U 10041R   18085.42317885 +.00002751 +00000-0 +88755-2 0  9995
2 42977 064.8773 099.0126 5587364 075.7276 337.7476 04.41326091008910
0 SL-12 DEB
1 42977U 10041R   18086.32954943  .00002571  00000-0  81561-2 0  9995
2 42977  64.8782  98.6937 5588458  75.6937 337.7679  4.41330220  8951
0 SL-12 DEB
1 42977U 10041R   18087.23591447 +.00002328 +00000-0 +73071-2 0  9999
2 42977 064.8821 098.3555 5589012 075.6611 337.7914 04.41333463008992
0 SL-12 DEB
1 42977U 10041R   18087.46250777  .00002257  00000-0  70575-2 0  9999
2 42977  64.8842  98.2718 5589233  75.6411 337.8035  4.41334039  9006
0 SL-12 DEB
1 42977U 10041R   18088.36886106 +.00002012 +00000-0 +62172-2 0  9993
2 42977 064.8908 097.9249 5589932 075.5956 337.8204 04.41336452009046
0 SL-12 DEB
1 42977U 10041R   18088.82204248 +.00001867 +00000-0 +57124-2 0  9993
2 42977 064.8896 097.7651 5590631 075.5448 337.8419 04.41337189009069
0 SL-12 DEB
1 42977U 10041R   18089.27522606  .00001409  00000-0  42475-2 0  9999
2 42977  64.8858  97.5968 5591356  75.4979 337.8698  4.41337010  9083
0 SL-12 DEB
1 42977U 10041R   18090.18157841 +.00001153 +00000-0 +34507-2 0  9999
2 42977 064.8872 097.2486 5591830 075.4523 337.8951 04.41338073009120
0 SL-12 DEB
1 42977U 10041R   18090.40816950  .00000995  00000-0  29515-2 0  9993
2 42977  64.8884  97.1619 5592254  75.4226 337.9101  4.41337911  9130
0 SL-12 DEB
1 42977U 10041R   18091.31451611 +.00000964 +00000-0 +28638-2 0  9994
2 42977 064.8896 096.8357 5592880 075.3609 337.9353 04.41339592009177
0 SL-12 DEB
1 42977U 10041R   18092.22085970  .00001047  00000-0  31366-2 0  9991
2 42977  64.8904  96.4887 5593172  75.3235 337.9602  4.41341850  9213
0 SL-12 DEB
1 42977U 10041R   18092.44744155 +.00001054 +00000-0 +31595-2 0  9994
2 42977 064.8917 096.4038 5593380 075.3102 337.9614 04.41342351009220
0 SL-12 DEB
1 42977U 10041R   18093.35377504  .00000934  00000-0  28040-2 0  9992
2 42977  64.9066  96.0895 5594013  75.2844 337.9659  4.41343448  9260
0 SL-12 DEB
1 42977U 10041R   18093.80694609 +.00001034 +00000-0 +30848-2 0  9991
2 42977 064.9074 095.9317 5594863 075.2517 337.9827 04.41344665009287
0 SL-12 DEB
1 42977U 10041R   18094.48669919  .00000903  00000-0  26798-2 0  9995
2 42977  64.9069  95.6833 5595790  75.1714 338.0148  4.41345707  9319
0 SL-12 DEB
1 42977U 10041R   18095.16645579 +.00000898 +00000-0 +26556-2 0  9992
2 42977 064.9087 095.4235 5596249 075.1283 338.0483 04.41347027009346
0 SL-12 DEB
1 42977U 10041R   18095.39303986  .00000900  00000-0  26583-2 0  9994
2 42977  64.9194  95.3569 5596368  75.1049 338.0578  4.41347486  9351
0 SL-12 DEB
1 42977U 10041R   18096.52594857  .00001042  00000-0  30445-2 0  9999
2 42977  64.9221  94.9327 5596853  75.0736 338.0833  4.41350238  9409
0 SL-12 DEB
1 42977U 10041R   18096.97910634 +.00001069 +00000-0 +30939-2 0  9990
2 42977 064.9208 094.7741 5597394 075.0228 338.0958 04.41351372009429
0 SL-12 DEB
1 42977U 10041R   18097.88543019 +.00001081 +00000-0 +30864-2 0  9991
2 42977 064.9244 094.4298 5597812 074.9745 338.1284 04.41353408009469
0 SL-12 DEB
1 42977U 10041R   18098.33858908  .00001088  00000-0  30864-2 0  9995
2 42977  64.9244  94.2558 5597910  74.9534 338.1416  4.41354382  9482
0 SL-12 DEB
1 42977U 10041R   18099.24490096  .00001171  00000-0  32199-2 0  9992
2 42977  64.9201  93.9402 5599573  74.9368 338.1535  4.41356755  9524
0 SL-12 DEB
1 42977U 10041R   18100.15121376 +.00001313 +00000-0 +35649-2 0  9998
2 42977 064.9261 093.6019 5599940 074.8892 338.1886 04.41359672009564
0 SL-12 DEB
1 42977U 10041R   18100.60436414  .00001524  00000-0  41439-2 0  9998
2 42977  64.9430  93.4478 5599798  74.8157 338.2106  4.41361593  9587
0 SL-12 DEB
1 42977U 10041R   18101.05751820 +.00001532 +00000-0 +41439-2 0  9998
2 42977 064.9430 093.2738 5599894 074.7943 338.2298 04.41362935009609
0 SL-12 DEB
1 42977U 10041R   18101.51066515 +.00001797 +00000-0 +48639-2 0  9991
2 42977 064.9409 093.1080 5600016 074.7739 338.2481 04.41366025009626
0 SL-12 DEB
1 42977U 10041R   18102.19037433  .00001488  00000-0  40048-2 0  9996
2 42977  64.9299  92.8242 5599664  74.7893 338.2471  4.41367163  9652
0 SL-12 DEB
1 42977U 10041R   18102.19037433 +.00001488 +00000-0 +40048-2 0  9996
2 42977 064.9299 092.8242 5599664 074.7893 338.2471 04.41367163009652
0 SL-12 DEB
1 42977U 10041R   18103.09664611  .00002811  00000-0  75897-2 0  9991
2 42977  64.9500  92.5308 5600729  74.6840 338.2983  4.41378537  9692
0 SL-12 DEB
1 42977U 10041R   18103.77632823 +.00003002 +00000-0 +80182-2 0  9992
2 42977 064.9495 092.2832 5601704 074.6383 338.2958 04.41383024009723
0 SL-12 DEB
1 42977U 10041R   18104.22945854  .00003004  00000-0  80182-2 0  9996
2 42977  64.9495  92.1092 5601789  74.6169 338.3132  4.41385688  9740
0 SL-12 DEB
1 42977U 10041R   18105.13569814  .00002661  00000-0  70320-2 0  9996
2 42977  64.9441  91.7622 5602533  74.5622 338.3226  4.41389209  9787
0 SL-12 DEB
1 42977U 10041R   18105.81538214  .00002540  00000-0  67207-2 0  9997
2 42977  64.9605  91.5341 5602540  74.5262 338.3399  4.41392013  9815
0 SL-12 DEB
1 42977U 10041R   18106.26850126 +.00002438 +00000-0 +64458-2 0  9997
2 42977 064.9595 091.3702 5602683 074.5172 338.3487 04.41393873009835
0 SL-12 DEB
1 42977U 10041S   18106.94816954  .00002306  00000-0  60710-2 0  9994
2 42977  64.9625  91.1267 5603180  74.4274 338.3679  4.41396514  9869
0 SL-12 DEB
1 42977U 10041S   18107.40129094  .00002381  00000-0  62582-2 0  9990
2 42977  64.9656  90.9587 5603474  74.4188 338.3906  4.41399008  9881
0 SL-12 DEB
1 42977U 10041S   18108.08095047 +.00002402 +00000-0 +62943-2 0  9990
2 42977 064.9678 090.6979 5603915 074.3803 338.4009 04.41402352009916
0 SL-12 DEB
1 42977U 10041S   18108.76060851  .00002421  00000-0  63139-2 0  9999
2 42977  64.9663  90.4414 5604431  74.3272 338.4182  4.41405555  9949
0 SL-12 DEB
1 42977U 10041S   18109.44026580 +.00002219 +00000-0 +57540-2 0  9990
2 42977 064.9626 090.1813 5604900 074.2935 338.4375 04.41408021009972
0 SL-12 DEB
1 42977U 10041S   18110.11991772  .00002314  00000-0  59748-2 0  9998
2 42977  64.9628  89.9195 5605247  74.2478 338.4621  4.41411650 10002
0 SL-12 DEB
1 42977U 10041S   18111.25265580  .00002600  00000-0  66823-2 0  9995
2 42977  64.9680  89.4991 5605480  74.2299 338.4874  4.41418738 10058
0 SL-12 DEB
1 42977U 10041S   18111.47919128  .00002710  00000-0  69485-2 0  9992
2 42977  64.9680  89.4133 5605636  74.2367 338.4741  4.41420352 10064
0 SL-12 DEB
1 42977U 10041S   18112.15882017  .00003192  00000-0  81833-2 0  9990
2 42977  64.9692  89.1735 5605581  74.2343 338.4881  4.41426713 10090
0 SL-12 DEB
1 42977U 10041S   18113.29150773  .00004599  00000-0  11606-1 0  9995
2 42977  64.9732  88.7410 5606789  74.1144 338.5556  4.41442388 10141
0 SL-12 DEB
1 42977U 10041S   18113.74455835 +.00004609 +00000-0 +11606-1 0  9994
2 42977 064.9731 088.5667 5606861 074.0926 338.5443 04.41446515010163
0 SL-12 DEB
1 42977U 10041S   18113.97108865 +.00004402 +00000-0 +11003-1 0  9999
2 42977 064.9698 088.4865 5607371 074.0885 338.5387 04.41447199010172
0 SL-12 DEB
1 42977U 10041S   18115.10373507  .00003627  00000-0  89812-2 0  9995
2 42977  64.9746  88.0555 5607773  73.9971 338.5637  4.41452721 10229
0 SL-12 DEB
1 42977U 10041S   18115.78332990 +.00003189 +00000-0 +78327-2 0  9992
2 42977 064.9763 087.7909 5608267 073.9569 338.5932 04.41454967010254
0 SL-12 DEB
1 42977U 10041S   18116.23639006 +.00003085 +00000-0 +75616-2 0  9994
2 42977 064.9820 087.6250 5608430 073.9424 338.6122 04.41457358010279
0 SL-12 DEB
1 42977U 10041S   18117.14248391  .00002898  00000-0  70428-2 0  9995
2 42977  64.9868  87.2981 5609191  73.8706 338.6298  4.41462006 10310
0 SL-12 DEB
1 42977U 10041S   18118.04857636 +.00002816 +00000-0 +68297-2 0  9994
2 42977 064.9864 086.9471 5609653 073.8416 338.6531 04.41466733010352
0 SL-12 DEB
1 42977U 10041S   18118.72813309  .00002743  00000-0  66390-2 0  9999
2 42977  64.9891  86.6946 5610081  73.8184 338.6579  4.41469994 10382
0 SL-12 DEB
1 42977U 10041S   18119.18117071 +.00002511 +00000-0 +60599-2 0  9991
2 42977 064.9903 086.5258 5610484 073.7969 338.6675 04.41471647010406
0 SL-12 DEB
1 42977U 10041S   18119.86072240  .00002504  00000-0  60475-2 0  9999
2 42977  64.9876  86.2598 5610753  73.7771 338.6799  4.41475074 10437
0 SL-12 DEB
1 42977U 10041S   18119.86072240 +.00002504 +00000-0 +60475-2 0  9999
2 42977 064.9876 086.2598 5610753 073.7771 338.6799 04.41475074010437
0 SL-12 DEB
1 42977U 10041S   18120.08723628 +.00002428 +00000-0 +58526-2 0  9997
2 42977 064.9874 086.1721 5610991 073.7665 338.6804 04.41475862010441
0 SL-12 DEB
1 42977U 10041S   18120.76678108 +.00002358 +00000-0 +56705-2 0  9993
2 42977 064.9867 085.9085 5611492 073.7450 338.6898 04.41478727010471
0 SL-12 DEB
1 42977U 10041S   18121.67283442  .00002324  00000-0  55713-2 0  9998
2 42977  64.9882  85.5616 5612017  73.6962 338.7080  4.41482729 10511
0 SL-12 DEB
1 42977U 10041S   18121.89934999  .00002307  00000-0  55196-2 0  9998
2 42977  64.9882  85.4784 5612239  73.6685 338.7208  4.41483638 10527
0 SL-12 DEB
1 42977U 10041S   18122.80539680 +.00002173 +00000-0 +51757-2 0  9998
2 42977 064.9879 085.1270 5612711 073.5956 338.7509 04.41487213010566
0 SL-12 DEB
1 42977U 10041S   18123.03191259 +.00002141 +00000-0 +50893-2 0  9995
2 42977 064.9889 085.0390 5612867 073.5853 338.7643 04.41488023010577
0 SL-12 DEB
1 42977U 10041S   18124.16445668  .00001898  00000-0  44450-2 0  9996
2 42977  64.9873  84.6152 5613898  73.5643 338.7788  4.41491803 10629
0 SL-12 DEB
1 42977U 10041S   18124.84398215  .00001977  00000-0  45926-2 0  9993
2 42977  64.9929  84.3647 5614196  73.5568 338.7950  4.41494833 10655
0 SL-12 DEB
1 42977U 10041S   18125.07048593  .00001883  00000-0  43499-2 0  9999
2 42977  64.9962  84.2813 5614502  73.5643 338.7898  4.41495207 10669
0 SL-12 DEB
1 42977U 10041S   18126.20301325  .00001998  00000-0  45353-2 0  9998
2 42977  64.9974  83.8366 5615185  73.4859 338.8270  4.41499952 10718
0 SL-12 DEB
1 42977U 10041S   18126.65602350 +.00002090 +00000-0 +47220-2 0  9998
2 42977 064.9959 083.6622 5615274 073.4560 338.8470 04.41502236010736
0 SL-12 DEB
1 42977U 10041S   18126.88252578 +.00002163 +00000-0 +48810-2 0  9993
2 42977 065.0001 083.5873 5615214 073.4400 338.8534 04.41503545010746
0 SL-12 DEB
1 42977U 10041S   18127.78853015  .00002087  00000-0  47082-2 0  9991
2 42977  64.9946  83.2253 5614699  73.3818 338.8787  4.41507034 10780
0 SL-12 DEB
1 42977U 10041S   18127.78853015 +.00002087 +00000-0 +47082-2 0  9991
2 42977 064.9946 083.2253 5614699 073.3818 338.8787 04.41507034010780
0 SL-12 DEB
1 42977U 10041S   18128.24152794  .00003881  00000-0  85133-2 0  9991
2 42977  64.9943  83.0542 5617205  73.3114 338.9561  4.41520317 10804
0 SL-12 DEB
1 42977U 10041S   18129.14747361  .00004385  00000-0  95872-2 0  9992
2 42977  64.9909  82.7078 5617336  73.2882 338.9500  4.41529873 10845
0 SL-12 DEB
1 42977U 10041S   18129.82692415 +.00004471 +00000-0 +97328-2 0  9990
2 42977 064.9875 082.4431 5617592 073.2577 338.9498 04.41536122010876
0 SL-12 DEB
1 42977U 10041S   18130.27989129  .00004613  00000-0  99937-2 0  9998
2 42977  64.9880  82.2690 5617957  73.2536 338.9573  4.41540924 10898
0 SL-12 DEB
1 42977U 10041S   18131.18580820 +.00004490 +00000-0 +96673-2 0  9991
2 42977 064.9954 081.9176 5618412 073.2125 338.9663 04.41548554010938
0 SL-12 DEB
1 42977U 10041S   18131.86523997  .00004376  00000-0  93010-2 0  9993
2 42977  64.9923  81.6642 5619450  73.1523 338.9798  4.41553490 10960
0 SL-12 DEB
1 42977U 10041S   18132.77114581 +.00004160 +00000-0 +87524-2 0  9993
2 42977 064.9894 081.3159 5620356 073.0898 339.0186 04.41560787011004
0 SL-12 DEB
1 42977U 10041S   18133.22409268 +.00004156 +00000-0 +87094-2 0  9990
2 42977 064.9908 081.1409 5620745 073.0837 339.0302 04.41564448011021
0 SL-12 DEB
1 42977U 10041S   18133.67703029 +.00004198 +00000-0 +87894-2 0  9995
2 42977 064.9922 080.9707 5620920 073.0686 339.0368 04.41568478011043
0 SL-12 DEB
1 42977U 10041S   18134.35642821 +.00004307 +00000-0 +90113-2 0  9993
2 42977 064.9928 080.7090 5621117 073.0532 339.0443 04.41574731011077
0 SL-12 DEB
1 42977U 10041S   18134.80935273 +.00003899 +00000-0 +81244-2 0  9999
2 42977 064.9959 080.5354 5621523 073.0264 339.0363 04.41576100011090
0 SL-12 DEB
1 42977U 10041S   18135.48875078 +.00003657 +00000-0 +75774-2 0  9993
2 42977 064.9929 080.2674 5622057 073.0062 339.0572 04.41580155011129
0 SL-12 DEB
1 42977U 10041S   18136.16813679 +.00003191 +00000-0 +65840-2 0  9994
2 42977 064.9970 080.0039 5622492 072.9933 339.0572 04.41582326011151
0 SL-12 DEB
1 42977U 10041S   18136.84752541 +.00003181 +00000-0 +64928-2 0  9994
2 42977 064.9958 079.7418 5623334 072.9805 339.0756 04.41586366011182
0 SL-12 DEB
1 42977U 10041S   18138.20627306 +.00002583 +00000-0 +51173-2 0  9999
2 42977 064.9933 079.2027 5625425 072.8632 339.1061 04.41591309011246
0 SL-12 DEB
1 42977U 10041S   18138.43275680 +.00002566 +00000-0 +50687-2 0  9998
2 42977 064.9921 079.1115 5625570 072.8698 339.1509 04.41592455011254
0 SL-12 DEB
1 42977U 10041S   18139.11212222 +.00002796 +00000-0 +54357-2 0  9990
2 42977 064.9916 078.8494 5626503 072.8263 339.1733 04.41597404011280
0 SL-12 DEB
1 42977U 10041S   18139.79148301 +.00002810 +00000-0 +54357-2 0  9997
2 42977 064.9916 078.5863 5626621 072.7932 339.1929 04.41601200011311
0 SL-12 DEB
1 42977U 10041S   18140.47083632  .00003072  00000-0  58287-2 0  9996
2 42977  64.9892  78.3207 5627855  72.7581 339.2168  4.41606714 11348
0 SL-12 DEB
1 42977U 10041S   18141.15018161 +.00003472 +00000-0 +64846-2 0  9999
2 42977 064.9930 078.0532 5628875 072.7079 339.2491 04.41613302011377
0 SL-12 DEB
1 42977U 10041S   18141.37662642 +.00003706 +00000-0 +69187-2 0  9995
2 42977 064.9964 077.9661 5628881 072.7199 339.2507 04.41615837011389
0 SL-12 DEB
1 42977U 10041S   18142.05595073 +.00004287 +00000-0 +79453-2 0  9996
2 42977 064.9927 077.7065 5629396 072.7032 339.2632 04.41623586011415
0 SL-12 DEB
1 42977U 10041S   18143.18813242  .00005000  00000-0  91666-2 0  9996
2 42977  64.9900  77.2668 5630217  72.6313 339.3040  4.41637834 11465
0 SL-12 DEB
1 42977U 10041S   18143.86741444 +.00005278 +00000-0 +96097-2 0  9995
2 42977 064.9865 077.0105 5630790 072.6080 339.3009 04.41645937011497
0 SL-12 DEB
1 42977U 10041S   18144.09384142 +.00005667 +00000-0 +10193-1 0  9993
2 42977 064.9824 076.9392 5631693 072.5958 339.3100 04.41650507011507
0 SL-12 DEB
1 42977U 10041S   18144.99953390  .00006939  00000-0  12481-1 0  9994
2 42977  64.9842  76.5914 5631781  72.5640 339.3537  4.41668091 11544
0 SL-12 DEB
1 42977U 10041S   18145.90516662 +.00007266 +00000-0 +12985-1 0  9996
2 42977 064.9845 076.2248 5632346 072.5429 339.3450 04.41683030011585
0 SL-12 DEB
1 42977U 10041S   18146.13156513 +.00007336 +00000-0 +13046-1 0  9994
2 42977 064.9849 076.1387 5632728 072.5163 339.3370 04.41686616011596
0 SL-12 DEB
1 42977U 10041S   18147.03718405 +.00008010 +00000-0 +14203-1 0  9994
2 42977 064.9913 075.8121 5632974 072.4768 339.3668 04.41703540011634
0 SL-12 DEB
1 42977U 10041S   18147.94275891 +.00008012 +00000-0 +14203-1 0  9993
2 42977 064.9913 075.4604 5633055 072.4326 339.3756 04.41718137011677
0 SL-12 DEB
1 42977U 10041S   18148.16914958 +.00008165 +00000-0 +14317-1 0  9997
2 42977 064.9862 075.3710 5633825 072.4628 339.3737 04.41722794011681
0 SL-12 DEB
1 42977U 10041S   18149.07468854 +.00008342 +00000-0 +14487-1 0  9992
2 42977 064.9905 075.0180 5634490 072.4261 339.3936 04.41739053011721
0 SL-12 DEB
1 42977U 10041S   18149.75382115 +.00008649 +00000-0 +14952-1 0  9999
2 42977 064.9907 074.7580 5634739 072.4099 339.4077 04.41752177011750
0 SL-12 DEB
1 42977U 10041S   18149.98019032 +.00008654 +00000-0 +14952-1 0  9995
2 42977 064.9906 074.6700 5634757 072.3988 339.4062 04.41756132011768
0 SL-12 DEB
1 42977U 10041S   18150.88566493  .00009074  00000-0  15501-1 0  9992
2 42977  64.9932  74.3110 5635378  72.3688 339.4380  4.41774570 11800
0 SL-12 DEB
1 42977U 10041S   18150.88566493 +.00009074 +00000-0 +15501-1 0  9992
2 42977 064.9932 074.3110 5635378 072.3688 339.4380 04.41774570011800
0 SL-12 DEB
1 42977U 10041S   18151.11202061 +.00009081 +00000-0 +15501-1 0  9995
2 42977 064.9932 074.2230 5635394 072.3577 339.4333 04.41778716011812
0 SL-12 DEB
1 42977U 10041S   18151.79109493 +.00009563 +00000-0 +16115-1 0  9991
2 42977 064.9978 073.9749 5636124 072.2861 339.4641 04.41793403011845
0 SL-12 DEB
1 42977U 10041S   18152.69649726 +.00010112 +00000-0 +16761-1 0  9998
2 42977 064.9925 073.6183 5637021 072.2019 339.5211 04.41814301011887
0 SL-12 DEB
1 42977U 10041S   18152.92283763 +.00010283 +00000-0 +17024-1 0  9991
2 42977 064.9947 073.5329 5637034 072.1679 339.5353 04.41820027011897
0 SL-12 DEB
1 42977U 10041S   18153.82817807 +.00010755 +00000-0 +17705-1 0  9993
2 42977 064.9935 073.1823 5637157 072.1397 339.5619 04.41841005011931
0 SL-12 DEB
1 42977U 10041S   18154.73346866 +.00011296 +00000-0 +18516-1 0  9998
2 42977 064.9936 072.8315 5637181 072.1140 339.5864 04.41863790011978
0 SL-12 DEB
1 42977U 10041S   18154.95977278 +.00015079 +00000-0 +24725-1 0  9991
2 42977 064.9999 072.7434 5636900 072.1886 339.6967 04.41894307011987
0 SL-12 DEB
1 42977U 10041S   18155.63856086 +.00015697 +00000-0 +25623-1 0  9994
2 42977 065.0089 072.4875 5637001 072.1631 339.5656 04.41918520012019
0 SL-12 DEB
1 42977U 10041S   18156.09112170 +.00015720 +00000-0 +25623-1 0  9991
2 42977 065.0089 072.3115 5636987 072.1408 339.5596 04.41932737012030
0 SL-12 DEB
1 42977U 10041S   18156.99621931 +.00015041 +00000-0 +23643-1 0  9996
2 42977 064.9997 071.9591 5639333 072.0435 339.5785 04.41958194012075
0 SL-12 DEB
1 42977U 10041S   18158.12754206  .00013833  00000-0  21581-1 0  9991
2 42977  64.9948  71.5146 5639677  72.0378 339.6080  4.41986920 12123
0 SL-12 DEB
1 42977U 10041S   18158.80629680  .00014648  00000-0  22911-1 0  9996
2 42977  64.9998  71.2517 5639380  71.9915 339.6553  4.42009955 12156
0 SL-12 DEB
1 42977U 10041S   18159.03252559 +.00014988 +00000-0 +23270-1 0  9995
2 42977 064.9889 071.1578 5639852 072.0326 339.6369 04.42018403012167
0 SL-12 DEB
1 42977U 10041S   18159.93743850 +.00015401 +00000-0 +23815-1 0  9999
2 42977 064.9823 070.8005 5639997 072.0190 339.6457 04.42048254012205
0 SL-12 DEB
1 42977U 10041S   18160.61607740 +.00015795 +00000-0 +24351-1 0  9995
2 42977 064.9884 070.5321 5640102 072.0068 339.6468 04.42071785012234
0 SL-12 DEB
1 42977U 10041S   18161.74708471 +.00015617 +00000-0 +23594-1 0  9994
2 42977 064.9884 070.0920 5641368 071.8155 339.6891 04.42105660012288
0 SL-12 DEB
1 42977U 10041S   18162.87805020 +.00012733 +00000-0 +19067-1 0  9993
2 42977 064.9928 069.6525 5641990 071.7564 339.7069 04.42124440012337
0 SL-12 DEB
1 42977U 10041S   18164.91361150 +.00014007 +00000-0 +20888-1 0  9990
2 42977 065.0065 068.8725 5641803 071.7027 339.8306 04.42184995012427
0 SL-12 DEB
1 42977U 10041S   18165.13972997 +.00014359 +00000-0 +21243-1 0  9998
2 42977 064.9921 068.7661 5642271 071.7414 339.7807 04.42193260012435
0 SL-12 DEB
1 42977U 10041S   18165.13972997 +.00014359 +00000-0 +21243-1 0  9998
2 42977 064.9921 068.7661 5642271 071.7414 339.7807 04.42193260012435
0 SL-12 DEB
1 42977U 10041S   18165.81815344 +.00014713 +00000-0 +21549-1 0  9998
2 42977 064.9973 068.5005 5642755 071.6962 339.7972 04.42215015012465
0 SL-12 DEB
1 42977U 10041S   18166.72267546 +.00015922 +00000-0 +22822-1 0  9992
2 42977 064.9971 068.1527 5643921 071.6008 339.8460 04.42247818012509
0 SL-12 DEB
1 42977U 10041S   18167.62713030 +.00016897 +00000-0 +23537-1 0  9992
2 42977 064.9912 067.7970 5645544 071.5665 339.8924 04.42282530012541
0 SL-12 DEB
1 42977U 10041S   18168.07931903 +.00017320 +00000-0 +24065-1 0  9992
2 42977 064.9910 067.6196 5645577 071.5619 339.8872 04.42299304012564
0 SL-12 DEB
1 42977U 10041S   18168.75758015 +.00017239 +00000-0 +23815-1 0  9999
2 42977 064.9886 067.3530 5645783 071.5437 339.8903 04.42322308012591
0 SL-12 DEB
1 42977U 10041S   18168.98366182 +.00017221 +00000-0 +23724-1 0  9994
2 42977 064.9919 067.2724 5645909 071.5539 339.8915 04.42330064012608
0 SL-12 DEB
1 42977U 10041S   18169.88794160 +.00017529 +00000-0 +24130-1 0  9998
2 42977 064.9871 066.9119 5645741 071.5085 339.9174 04.42363142012644
0 SL-12 DEB
1 42977U 10041S   18175.76415417 +.00025918 +00000-0 +34057-1 0  9997
2 42977 065.0086 064.5748 5646902 071.1067 341.6377 04.42692535012907
0 SL-12 DEB
1 42977U 10041S   18176.21494921 +.00029446 +00000-0 +36265-1 0  9998
2 42977 064.9974 064.4233 5650862 071.1497 340.0832 04.42732764012926
0 SL-12 DEB
1 42977U 10041S   18176.89254092  .00031195  00000-0  37610-1 0  9994
2 42977  64.9942  64.1390 5651894  71.1257 340.1263  4.42782720 12951
0 SL-12 DEB
1 42977U 10041S   18177.79586322 +.00034529 +00000-0 +41234-1 0  9999
2 42977 064.9710 063.7977 5651969 071.0636 340.2075 04.42857606012995
0 SL-12 DEB
1 42977U 10041S   18180.05351756  .00039060  00000-0  46735-1 0  9999
2 42977  64.9882  62.9045 5650486  70.9480 340.3518  4.43042847 13099
0 SL-12 DEB
1 42977U 10041S   18180.73052324 +.00038662 +00000-0 +46140-1 0  9990
2 42977 064.9763 062.6522 5650286 070.9518 340.1804 04.43092786013121
0 SL-12 DEB
1 42977U 10041S   18180.95621801 +.00037033 +00000-0 +42641-1 0  9999
2 42977 064.9777 062.5400 5652549 070.8927 340.1492 04.43098982013135
0 SL-12 DEB
1 42977U 10041S   18185.91929512  .00016342  00000-0  18224-1 0  9990
2 42977  65.0015  60.5934 5653746  70.6852 337.8650  4.43228463 13359
0 SL-12 DEB
1 42977U 10041S   18186.59768706 +.00014061 +00000-0 +15439-1 0  9992
2 42977 064.9911 060.3235 5654738 070.6941 340.2938 04.43239242013382
0 SL-12 DEB
1 42977U 10041S   18187.04893815 +.00014043 +00000-0 +15396-1 0  9995
2 42977 064.9937 060.1403 5654793 070.6702 340.3508 04.43252120013408
0 SL-12 DEB
1 42977U 10041S   18187.72574594 +.00015390 +00000-0 +16546-1 0  9994
2 42977 064.9851 059.8741 5655875 070.5527 340.4240 04.43279963013430
0 SL-12 DEB
1 42977U 10041S   18188.17691284 +.00016728 +00000-0 +17923-1 0  9996
2 42977 064.9806 059.6937 5655967 070.6073 340.4053 04.43299456013457
0 SL-12 DEB
1 42977U 10041S   18188.85363194 +.00018028 +00000-0 +19495-1 0  9998
2 42977 064.9809 059.4138 5655205 070.6476 340.4072 04.43329352013486
0 SL-12 DEB
1 42977U 10041S   18189.53029013  .00018963  00000-0  20373-1 0  9998
2 42977  64.9830  59.1546 5655424  70.5916 340.4011  4.43359269 13518
0 SL-12 DEB
1 42977U 10041S   18190.20692169 +.00018884 +00000-0 +20198-1 0  9999
2 42977 064.9816 058.8843 5655553 070.5508 340.3975 04.43384425013541
0 SL-12 DEB
1 42977U 10041S   18190.88352981  .00018886  00000-0  20174-1 0  9994
2 42977  64.9817  58.6172 5655460  70.5174 340.4205  4.43410175 13573
0 SL-12 DEB
1 42977U 10041S   18191.33457732 +.00018339 +00000-0 +19690-1 0  9999
2 42977 064.9853 058.4418 5655044 070.4991 340.4149 04.43424058013592
0 SL-12 DEB
1 42977U 10041S   18192.01112959  .00015362  00000-0  16304-1 0  9996
2 42977  64.9804  58.1777 5655769  70.4860 340.3328  4.43429367 13622
0 SL-12 DEB
1 42977U 10041S   18192.68773758 +.00014967 +00000-0 +15722-1 0  9992
2 42977 064.9767 057.9026 5656241 070.4533 340.4481 04.43447847013654
0 SL-12 DEB
1 42977U 10041S   18194.49170840  .00014278  00000-0  14882-1 0  9997
2 42977  64.9784  57.1933 5656212  70.3791 340.4744  4.43497019 13732
0 SL-12 DEB
1 42977U 10041S   18196.52094401  .00013624  00000-0  13869-1 0  9999
2 42977  64.9687  56.3989 5657210  70.2639 340.5219  4.43550651 13825
0 SL-12 DEB
1 42977U 10041S   18197.87364403  .00011808  00000-0  12077-1 0  9992
2 42977  64.9842  55.8587 5656811  70.3239 340.5214  4.43578806 13882
0 SL-12 DEB
1 42977U 10041S   18198.77539131  .00012586  00000-0  12798-1 0  9998
2 42977  64.9706  55.4637 5657082  70.2615 340.5745  4.43605144 13921
0 SL-12 DEB
1 42977U 10041S   18199.00080302 +.00012587 +00000-0 +12798-1 0  9997
2 42977 064.9706 055.3745 5657079 070.2505 340.5545 04.43610846013938
0 SL-12 DEB
1 42977U 10041S   18199.67706491  .00015301  00000-0  15345-1 0  9992
2 42977  64.9668  55.0894 5657755  70.2347 340.5952  4.43639263 13961
0 SL-12 DEB
1 42977U 10041S   18199.90245369 +.00015200 +00000-0 +15227-1 0  9997
2 42977 064.9683 055.0011 5657810 070.2057 340.5699 04.43645818013971
0 SL-12 DEB
1 42977U 10041S   18199.90245369  .00015200  00000-0  15227-1 0  9997
2 42977  64.9683  55.0011 5657810  70.2057 340.5699  4.43645818 13971
0 SL-12 DEB
1 42977U 10041S   18201.02944965  .00014507  00000-0  14373-1 0  9992
2 42977  64.9681  54.5487 5658444  70.0993 340.5885  4.43676311 14027
0 SL-12 DEB
1 42977U 10041S   18201.70563008  .00014082  00000-0  13910-1 0  9996
2 42977  64.9708  54.2791 5658596  70.1078 340.6202  4.43694882 14055
0 SL-12 DEB
1 42977U 10041S   18201.93100912 +.00014085 +00000-0 +13910-1 0  9995
2 42977 064.9708 054.1898 5658588 070.0968 340.6211 04.43701296014069
0 SL-12 DEB
1 42977U 10041S   18202.83250223  .00014123  00000-0  13889-1 0  9994
2 42977  64.9695  53.8309 5658729  70.0601 340.6409  4.43727344 14104
0 SL-12 DEB
1 42977U 10041S   18202.83250223 +.00014123 +00000-0 +13889-1 0  9994
2 42977 064.9695 053.8309 5658729 070.0601 340.6409 04.43727344014104
0 SL-12 DEB
1 42977U 10041S   18203.73394193 +.00017288 +00000-0 +16906-1 0  9997
2 42977 064.9771 053.4711 5658648 069.8988 340.7965 04.43773856014147
0 SL-12 DEB
1 42977U 10041S   18203.95922619 +.00017830 +00000-0 +17458-1 0  9997
2 42977 064.9773 053.3835 5658477 069.8898 340.7236 04.43784746014157
0 SL-12 DEB
1 42977U 10041S   18205.53648063 +.00019763 +00000-0 +19124-1 0  9990
2 42977 064.9652 052.7438 5658627 069.9197 340.7719 04.43852626014222
0 SL-12 DEB
1 42977U 10041S   18206.43761666 +.00020170 +00000-0 +19280-1 0  9992
2 42977 064.9666 052.3860 5659041 069.9208 340.7330 04.43891243014267
0 SL-12 DEB
1 42977U 10041S   18207.56396470 +.00021267 +00000-0 +20424-1 0  9994
2 42977 064.9750 051.9323 5658295 069.8718 340.7658 04.43942865014311
0 SL-12 DEB
1 42977U 10041S   18208.46493416 +.00022751 +00000-0 +21286-1 0  9998
2 42977 064.9645 051.5535 5659479 069.8634 340.7852 04.43990061014358
0 SL-12 DEB
1 42977U 10041S   18214.54428742  .00020610  00000-0  17297-1 0  9993
2 42977  64.9095  49.0447 5664332  69.6546 340.3564  4.44232759 14625
0 SL-12 DEB
1 42977U 10041S   18215.44499514  .00017057  00000-0  13576-1 0  9995
2 42977  64.9163  48.6640 5667320  69.7241 340.8369  4.44264434 14661
0 SL-12 DEB
1 42977U 10041S   18215.67008873  .00018041  00000-0  14504-1 0  9990
2 42977  64.9172  48.5726 5666671  69.7306 340.8422  4.44274266 14670
0 SL-12 DEB
1 42977U 10041S   18218.14580930  .00016961  00000-0  13520-1 0  9990
2 42977  64.9144  47.5809 5666675  69.6115 340.8376  4.44356784 14787
0 SL-12 DEB
1 42977U 10041S   18225.57050769 +.00020756 +00000-0 +17912-1 0  9993
2 42977 064.8862 044.5452 5659989 069.5314 340.8850 04.44610439015119
0 SL-12 DEB
1 42977U 10041S   18226.69501034  .00018491  00000-0  16428-1 0  9997
2 42977  64.8918  44.0724 5658107  69.5591 340.8242  4.44650215 15162
0 SL-12 DEB
1 42977U 10041S   18227.81944766  .00016971  00000-0  15108-1 0  9990
2 42977  64.8904  43.6208 5657888  69.5016 340.8194  4.44685531 15217
0 SL-12 DEB
1 42977U 10041S   18228.49408482  .00020105  00000-0  17903-1 0  9994
2 42977  64.8917  43.3460 5657603  69.4696 340.9387  4.44726187 15247
0 SL-12 DEB
1 42977U 10041S   18236.36131778  .00007764  00000-0  89618-2 0  9999
2 42977  64.8545  40.0954 5639526  69.2211 341.1692  4.44976935 15599
0 SL-12 DEB
1 42977U 10041S   18237.26002316  .00005619  00000-0  64775-2 0  9998
2 42977  64.8327  39.6481 5639474  69.2653 340.8109  4.44982417 15634
0 SL-12 DEB
1 42977U 10041S   18237.48475119  .00005152  00000-0  60147-2 0  9998
2 42977  64.8445  39.6049 5638635  69.2906 340.7958  4.44983094 15648
0 SL-12 DEB
1 42977U 10041S   18238.38365787  .00004780  00000-0  55825-2 0  9990
2 42977  64.8380  39.2170 5638569  69.1677 340.8180  4.44990224 15682
0 SL-12 DEB
1 42977U 10041S   18238.60839381  .00005192  00000-0  60871-2 0  9996
2 42977  64.8391  39.1397 5638314  69.1522 340.8466  4.44994657 15693
0 SL-12 DEB
1 42977U 10041S   18243.77672290  .00009004  00000-0  11441-1 0  9998
2 42977  64.7813  37.0788 5632753  69.4127 341.4999  4.45103606 15928
0 SL-12 DEB
1 42977U 10041S   18248.49381035  .00002821  00000-0  35022-2 0  9998
2 42977  64.8051  35.1762 5633243  68.9241 339.8843  4.45105038 16134
0 SL-12 DEB
1 42977U 10041S   18249.39309350  .00005083  00000-0  71096-2 0  9992
2 42977  64.8024  34.7770 5625357  69.0098 340.9143  4.45122054 16174
0 SL-12 DEB
1 42977U 10041S   18249.84232677  .00005072  00000-0  71281-2 0  9993
2 42977  64.8006  34.5950 5624992  68.9525 340.7961  4.45126529 16198
0 SL-12 DEB
1 42977U 10041S   18250.51629401 +.00004962 +00000-0 +70002-2 0  9991
2 42977 064.7992 034.3284 5624730 068.9192 340.8051 04.45132666016223
0 SL-12 DEB
1 42977U 10041S   18250.74094759  .00004852  00000-0  69130-2 0  9996
2 42977  64.7877  34.2220 5624058  68.8510 340.8227  4.45134437 16234
0 SL-12 DEB
1 42977U 10041S   18251.63955172  .00006334  00000-0  92855-2 0  9997
2 42977  64.7998  33.8798 5622257  68.8248 340.8545  4.45149485 16276
0 SL-12 DEB
1 42977U 10041S   18252.53809716  .00004617  00000-0  67795-2 0  9996
2 42977  64.7884  33.5084 5622357  68.8813 340.7564  4.45150777 16315
0 SL-12 DEB
1 42977U 10041S   18253.66132671  .00001844  00000-0  27851-2 0  9998
2 42977  64.7857  33.0640 5621514  68.7488 340.7533  4.45145558 16361
0 SL-12 DEB
1 42977U 10041S   18254.33531256  .00001950  00000-0  29786-2 0  9992
2 42977  64.7857  32.7957 5621170  68.7625 340.8301  4.45149064 16392
0 SL-12 DEB
1 42977U 10041S   18254.78459374  .00000849  00000-0  13719-2 0  9996
2 42977  64.7791  32.5940 5619969  68.7032 340.7961  4.45143774 16410
0 SL-12 DEB
1 42977U 10041S   18255.45855851 -.00000131  00000-0 -10186-3 0  9993
2 42977  64.7712  32.3220 5619894  68.6874 340.8157  4.45139739 16449
0 SL-12 DEB
1 42977U 10041S   18255.68321918 -.00000344  00000-0 -42644-3 0  9990
2 42977  64.7725  32.2325 5619292  68.6586 340.8383  4.45138826 16458
0 SL-12 DEB
1 42977U 10041S   18256.35717357 -.00000824  00000-0 -12008-2 0  9994
2 42977  64.7664  31.9483 5616739  68.7284 340.8387  4.45137502 16487
0 SL-12 DEB
1 42977U 10041S   18257.48040878 -.00001139  00000-0 -17414-2 0  9992
2 42977  64.7698  31.5003 5615259  68.7406 340.7832  4.45132987 16532
0 SL-12 DEB
1 42977U 10041S   18258.37902727 -.00001545  00000-0 -24207-2 0  9990
2 42977  64.7651  31.1368 5615080  68.6880 340.7943  4.45128955 16575
0 SL-12 DEB
1 42977U 10041S   18263.54622031 -.00006626 +00000-0 -11503-1 0  9991
2 42977 064.7778 029.0887 5611234 068.3937 340.0666 04.45043071016800
0 SL-12 DEB
1 42977U 10041S   18264.44549536 -.00003439 +00000-0 -63857-2 0  9998
2 42977 064.7397 028.6650 5606329 068.3799 340.8581 04.45040475016848
0 SL-12 DEB
1 42977U 10041S   18265.34430382 -.00002881 +00000-0 -53666-2 0  9993
2 42977 064.7427 028.3207 5605968 068.3635 340.8734 04.45036845016884
0 SL-12 DEB
1 42977U 10041S   18265.56899691 -.00003549 +00000-0 -66839-2 0  9997
2 42977 064.7453 028.2410 5605164 068.4086 340.8369 04.45032119016892
0 SL-12 DEB
1 42977U 10041S   18266.24311288 -.00003560 +00000-0 -66839-2 0  9997
2 42977 064.7450 027.9743 5605286 068.3807 340.8429 04.45027342016922
0 SL-12 DEB
1 42977U 10041S   18269.61381220 -.00006180  00000-0 -11779-1 0  9997
2 42977  64.7485  26.6511 5604321  68.1850 340.5968  4.44972859 17077
0 SL-12 DEB
1 42977U 10041S   18272.53568070 -.00005752  00000-0 -12225-1 0  9993
2 42977  64.7258  25.4996 5596553  68.2634 340.9926  4.44944458 17204
0 SL-12 DEB
1 42977U 10041S   18273.43458483 -.00005531  00000-0 -11858-1 0  9995
2 42977  64.7265  25.1431 5596087  68.2632 340.8382  4.44935384 17240
0 SL-12 DEB
1 42977U 10041S   18274.33360276 -.00004625  00000-0 -10042-1 0  9994
2 42977  64.7414  24.7536 5595281  68.2662 340.8602  4.44930982 17283
0 SL-12 DEB
1 42977U 10041S   18275.45737186 -.00004086  00000-0 -90091-2 0  9990
2 42977  64.7354  24.3101 5594284  68.1177 340.8646  4.44921881 17334
0 SL-12 DEB
1 42977U 10041S   18277.25548972 -.00004105  00000-0 -90091-2 0  9995
2 42977  64.7348  23.6015 5594613  68.0442 340.8962  4.44907154 17410
0 SL-12 DEB
1 42977U 10041S   18278.37933967 -.00004194  00000-0 -92128-2 0  9992
2 42977  64.7189  23.1500 5594336  68.0004 340.9073  4.44897493 17466
0 SL-12 DEB
1 42977U 10041S   18279.27843597 -.00003878  00000-0 -85674-2 0  9997
2 42977  64.7086  22.7835 5593600  67.9769 340.9211  4.44892068 17509
0 SL-12 DEB
1 42977U 10041S   18280.40231306 -.00003609  00000-0 -81075-2 0  9996
2 42977  64.7155  22.3500 5591884  67.8421 340.9428  4.44884683 17556
0 SL-12 DEB
1 42977U 10041S   18281.75100205 -.00002865  00000-0 -66246-2 0  9994
2 42977  64.7025  21.7863 5588864  67.5258 341.0494  4.44879741 17617
0 SL-12 DEB
1 42977U 10041S   18282.42534508 -.00002682 +00000-0 -61973-2 0  9995
2 42977 064.6992 021.5171 5588633 067.4972 341.0538 04.44876883017641
0 SL-12 DEB
1 42977U 10041S   18284.67321143 -.00001451  00000-0 -33230-2 0  9991
2 42977  64.7120  20.6209 5587588  67.5065 341.1089  4.44872492 17744
0 SL-12 DEB
1 42977U 10041S   18285.34753251 -.00001467  00000-0 -34146-2 0  9999
2 42977  64.7136  20.3935 5586715  67.6629 341.0142  4.44870580 17770
0 SL-12 DEB
1 42977U 10041S   18285.57230025 -.00001777  00000-0 -42172-2 0  9995
2 42977  64.7070  20.2940 5585917  67.5464 341.0122  4.44868774 17782
0 SL-12 DEB
1 42977U 10041S   18286.24667386 -.00001798  00000-0 -42653-2 0  9991
2 42977  64.7163  20.0594 5586266  67.5231 341.0387  4.44866926 17812
0 SL-12 DEB
1 42977U 10041S   18287.37062401 -.00001645  00000-0 -40485-2 0  9995
2 42977  64.7110  19.6130 5583673  67.5704 341.0461  4.44863954 17864
0 SL-12 DEB
1 42977U 10041S   18287.59539033 -.00001801  00000-0 -44962-2 0  9997
2 42977  64.7051  19.5201 5582820  67.5252 341.0193  4.44862576 17879
0 SL-12 DEB
1 42977U 10041S   18289.39373168 -.00001181  00000-0 -29542-2 0  9990
2 42977  64.7047  18.8138 5582310  67.4744 341.0661  4.44859962 17958
0 SL-12 DEB
1 42977U 10041S   18289.61850740 -.00001221 +00000-0 -30594-2 0  9995
2 42977 064.7032 018.7229 5582230 067.4496 341.0461 04.44859193017962
0 SL-12 DEB
1 42977U 10041S   18291.41685672 -.00002198  00000-0 -56827-2 0  9997
2 42977  64.7226  17.9933 5580590  67.2932 341.0724  4.44848989 18043
0 SL-12 DEB
1 42977U 10041S   18292.31606603 -.00001744  00000-0 -44403-2 0  9997
2 42977  64.7153  17.6466 5581140  67.2629 341.1255  4.44848314 18081
0 SL-12 DEB
1 42977U 10041S   18292.54085512 -.00001681  00000-0 -43106-2 0  9991
2 42977  64.7159  17.5672 5580418  67.2174 341.1233  4.44847842 18099
0 SL-12 DEB
1 42977U 10041S   18293.21525105  .00000536  00000-0  15821-2 0  9992
2 42977  64.7186  17.3189 5578664  67.2243 341.1557  4.44856049 18129
0 SL-12 DEB
1 42977U 10041S   18294.33918930 -.00000733  00000-0 -18410-2 0  9996
2 42977  64.7186  16.8900 5577582  67.2540 341.0640  4.44848769 18179
0 SL-12 DEB
1 42977U 10041S   18295.23839685 -.00001807  00000-0 -47981-2 0  9993
2 42977  64.7166  16.5425 5577018  67.1831 341.0987  4.44843067 18217
0 SL-12 DEB
1 42977U 10041S   18296.36241445 -.00001811  00000-0 -47981-2 0  9994
2 42977  64.7161  16.1019 5577171  67.1379 341.1321  4.44839144 18263
0 SL-12 DEB
1 42977U 10041S   18298.61046607 +.00000122 +00000-0 +48443-3 0  9994
2 42977 064.7181 015.2138 5575441 066.9625 341.2708 04.44843957018364
0 SL-12 DEB
1 42977U 10041S   18299.28482349 -.00000037  00000-0  23672-4 0  9999
2 42977  64.7227  14.9524 5575286  66.9252 341.2098  4.44843103 18391
0 SL-12 DEB
1 42977U 10041S   18299.50962861 -.00000966  00000-0 -26635-2 0  9998
2 42977  64.7214  14.8668 5572996  66.8128 341.2432  4.44839398 18406
0 SL-12 DEB
1 42977U 10041S   18300.40884458 -.00001398  00000-0 -39211-2 0  9999
2 42977  64.7171  14.5034 5573197  66.7752 341.2603  4.44835773 18445
0 SL-12 DEB
1 42977U 10041S   18301.30807063 -.00001188  00000-0 -33542-2 0  9994
2 42977  64.7127  14.1566 5572593  66.7521 341.2904  4.44834770 18489
0 SL-12 DEB
1 42977U 10041S   18301.53286697 -.00001122 +00000-0 -31947-2 0  9998
2 42977 064.7112 014.0722 5571846 066.7330 341.2860 04.44834675018490
0 SL-12 DEB
1 42977U 10041S   18302.20727947  .00000385  00000-0  12439-2 0  9994
2 42977  64.7110  13.8172 5569951  66.7853 341.2944  4.44839381 18524
0 SL-12 DEB
1 42977U 10041S   18303.33126250  .00000548  00000-0  17384-2 0  9994
2 42977  64.7092  13.3772 5569975  66.7334 341.2739  4.44841291 18574
0 SL-12 DEB
1 42977U 10041S   18303.55606147  .00000522  00000-0  16660-2 0  9994
2 42977  64.7091  13.2890 5569914  66.7077 341.2772  4.44841419 18580
0 SL-12 DEB
1 42977U 10041S   18304.23046586 +.00000717 +00000-0 +22678-2 0  9997
2 42977 064.7084 013.0288 5569772 066.7065 341.2860 04.44843199018619
0 SL-12 DEB
1 42977U 10041S   18305.57925851 -.00000453  00000-0 -11957-2 0  9993
2 42977  64.7062  12.4948 5569781  66.6183 341.2677  4.44837981 18675
0 SL-12 DEB
1 42977U 10041S   18306.25369279 -.00000414  00000-0 -10597-2 0  9991
2 42977  64.7156  12.2344 5569184  66.5390 341.3320  4.44837728 18702
0 SL-12 DEB
1 42977U 10041S   18307.15290634 -.00000707  00000-0 -19455-2 0  9996
2 42977  64.7144  11.8901 5567725  66.5188 341.3456  4.44836288 18741
0 SL-12 DEB
1 42977U 10041S   18308.27691827 -.00000547  00000-0 -14416-2 0  9993
2 42977  64.7120  11.4545 5566512  66.4394 341.3595  4.44835755 18793
0 SL-12 DEB
1 42977U 10041S   18308.50171859 -.00000361  00000-0 -86786-3 0  9991
2 42977  64.7131  11.3710 5565649  66.3762 341.3695  4.44835962 18809
0 SL-12 DEB
1 42977U 10041S   18309.17613366 -.00000365 +00000-0 -86786-3 0  9993
2 42977 064.7128 011.1076 5565721 066.3493 341.3838 04.44835591018830
0 SL-12 DEB
1 42977U 10041S   18310.30015911  .00000563  00000-0  20732-2 0  9998
2 42977  64.7131  10.6699 5564858  66.3303 341.4314  4.44840893 18885
0 SL-12 DEB
1 42977U 10041S   18310.52493604  .00000641  00000-0  23237-2 0  9991
2 42977  64.7137  10.5820 5564777  66.2999 341.4037  4.44841733 18893
0 SL-12 DEB
1 42977U 10041S   18312.32334661  .00001190  00000-0  40807-2 0  9990
2 42977  64.7253   9.8950 5563821  66.2030 341.4652  4.44847831 18979
0 SL-12 DEB
1 42977U 10041S   18312.54813310  .00001092  00000-0  37664-2 0  9995
2 42977  64.7261   9.8069 5563723  66.1608 341.4562  4.44847840 18981
0 SL-12 DEB
1 42977U 10041S   18313.22253256  .00001040  00000-0  36316-2 0  9994
2 42977  64.7298   9.5524 5562507  66.1102 341.4836  4.44849290 19012
0 SL-12 DEB
1 42977U 10041S   18314.12171952 +.00000592 +00000-0 +21653-2 0  9995
2 42977 064.7266 009.2093 5561929 066.0632 341.4893 04.44848727019050
0 SL-12 DEB
1 42977U 10041S   18316.14490140 -.00000247  00000-0 -61491-3 0  9996
2 42977  64.7326   8.4361 5561503  66.0163 341.4875  4.44845349 19140
0 SL-12 DEB
1 42977U 10041S   18317.26891947 -.00000379  00000-0 -10537-2 0  9990
2 42977  64.7280   7.9999 5561011  65.9754 341.5314  4.44843975 19195
0 SL-12 DEB
1 42977U 10041S   18317.49372064 -.00000426  00000-0 -12125-2 0  9997
2 42977  64.7212   7.9037 5560579  65.9141 341.5487  4.44843537 19208
0 SL-12 DEB
1 42977U 10041S   18318.16812508  .00000352  00000-0  14429-2 0  9999
2 42977  64.7383   7.6726 5557395  65.7388 341.6079  4.44846736 19237
0 SL-12 DEB
1 42977U 10041S   18319.29211240  .00000383  00000-0  15678-2 0  9991
2 42977  64.7446   7.2389 5557220  65.6876 341.6188  4.44847725 19281
0 SL-12 DEB
1 42977U 10041S   18320.19130405 +.00000559 +00000-0 +21875-2 0  9996
2 42977 064.7488 006.8925 5557218 065.6366 341.6416 04.44849645019321
0 SL-12 DEB
1 42977U 10041S   18320.41609883  .00000634  00000-0  24553-2 0  9992
2 42977  64.7496   6.8054 5557051  65.5991 341.6507  4.44850410 19335
0 SL-12 DEB
1 42977U 10041S   18321.31528537  .00001381  00000-0  50762-2 0  9999
2 42977  64.7491   6.4537 5556692  65.5356 341.6921  4.44855938 19371
0 SL-12 DEB
1 42977U 10041S   18321.54006775  .00001355  00000-0  49866-2 0  9993
2 42977  64.7513   6.3693 5556653  65.5000 341.6831  4.44856481 19386
0 SL-12 DEB
1 42977U 10041S   18322.88881600  .00002144  00000-0  77622-2 0  9997
2 42977  64.7483   5.8568 5556242  65.4498 341.7139  4.44865529 19443
0 SL-12 DEB
1 42977U 10041S   18322.88881600 +.00002144 +00000-0 +77622-2 0  9997
2 42977 064.7483 005.8568 5556242 065.4498 341.7139 04.44865529019443
0 SL-12 DEB
1 42977U 10041S   18323.33838953 +.00002231 +00000-0 +81007-2 0  9990
2 42977 064.7512 005.6773 5555767 065.4283 341.7160 04.44867562019460
0 SL-12 DEB
1 42977U 10041S   18324.23753828  .00002336  00000-0  84596-2 0  9999
2 42977  64.7512   5.3303 5555703  65.3943 341.7333  4.44872348 19503
0 SL-12 DEB
1 42977U 10041S   18325.36145923  .00002416  00000-0  87357-2 0  9992
2 42977  64.7498   4.8928 5555435  65.3336 341.7562  4.44878207 19550
0 SL-12 DEB
1 42977U 10041S   18326.26058923 +.00002472 +00000-0 +89124-2 0  9991
2 42977 064.7500 004.5447 5555392 065.2853 341.7794 04.44882889019594
0 SL-12 DEB
1 42977U 10041S   18326.93493049  .00002367  00000-0  85436-2 0  9992
2 42977  64.7629   4.3073 5555201  65.2321 341.7945  4.44885597 19629
0 SL-12 DEB
1 42977U 10041S   18327.38449399  .00002252  00000-0  81329-2 0  9991
2 42977  64.7636   4.1330 5555108  65.2005 341.8144  4.44887297 19649
0 SL-12 DEB
1 42977U 10041S   18328.05882926  .00002011  00000-0  72509-2 0  9996
2 42977  64.7752   3.8969 5555323  65.1001 341.8411  4.44889281 19671
0 SL-12 DEB
1 42977U 10041S   18328.28361775 +.00001743 +00000-0 +63139-2 0  9995
2 42977 064.7788 003.8178 5555142 065.0966 341.8548 04.44888686019680
0 SL-12 DEB
1 42977U 10041S   18328.50839854  .00001489  00000-0  54290-2 0  9993
2 42977  64.7855   3.7470 5554891  65.0459 341.8677  4.44888243 19699
0 SL-12 DEB
1 42977U 10041S   18329.18273752 +.00001531 +00000-0 +55771-2 0  9990
2 42977 064.7851 003.4869 5554841 065.0144 341.8927 04.44890586019725
0 SL-12 DEB
1 42977U 10041S   18330.08184011  .00001520  00000-0  55399-2 0  9994
2 42977  64.7872   3.1453 5554893  64.9539 341.9103  4.44893315 19761
0 SL-12 DEB
1 42977U 10041S   18330.30661767 +.00001259 +00000-0 +46217-2 0  9995
2 42977 064.7862 003.0573 5554777 064.9481 341.9122 04.44892664019777
0 SL-12 DEB
1 42977U 10041S   18331.20571866  .00000650  00000-0  24930-2 0  9997
2 42977  64.7936   2.7222 5554151  64.8858 341.9173  4.44891375 19818
0 SL-12 DEB
1 42977U 10041S   18331.88005554 +.00000645 +00000-0 +24930-2 0  9991
2 42977 064.7933 002.4604 5554206 064.8572 341.9427 04.44892316019841
0 SL-12 DEB
1 42977U 10041S   18332.32960588  .00000325  00000-0  13696-2 0  9990
2 42977  64.7960   2.2960 5553662  64.8264 341.9430  4.44891077 19866
0 SL-12 DEB
1 42977U 10041S   18333.00393733 -.00000113  00000-0 -18594-3 0  9998
2 42977  64.7943   2.0322 5553338  64.7755 341.9559  4.44889239 19893
0 SL-12 DEB
1 42977U 10041S   18333.90305050 -.00000226 +00000-0 -57106-3 0  9999
2 42977 064.8038 001.6995 5553124 064.6917 341.9836 04.44888471019932
0 SL-12 DEB
1 42977U 10041S   18334.35261096 -.00000429  00000-0 -12994-2 0  9990
2 42977  64.8042   1.5293 5552779  64.6420 342.0047  4.44887575 19953
0 SL-12 DEB
1 42977U 10041S   18335.02694767 -.00000491  00000-0 -15120-2 0  9993
2 42977  64.8123   1.2811 5552616  64.5619 342.0282  4.44886704 19982
0 SL-12 DEB
1 42977U 10041S   18335.47651060 -.00000801  00000-0 -26353-2 0  9996
2 42977  64.8217   1.1244 5552643  64.4818 342.0508  4.44884688 20000
0 SL-12 DEB
1 42977U 10041S   18336.37563748 -.00000631  00000-0 -20182-2 0  9996
2 42977  64.8181   0.7759 5552399  64.4227 342.0898  4.44884628 20048
0 SL-12 DEB
1 42977U 10041S   18337.04997822 -.00000422 +00000-0 -12664-2 0  9999
2 42977 064.8201 000.5229 5552031 064.3842 342.1103 04.44885079020070
0 SL-12 DEB
1 42977U 10041S   18338.17387521  .00000267  00000-0  12440-2 0  9990
2 42977  64.8249   0.1021 5551887  64.3078 342.1540  4.44888622 20125
0 SL-12 DEB
1 42977U 10041S   18338.84819789  .00000487  00000-0  20397-2 0  9994
2 42977  64.8237 359.8428 5551743  64.2564 342.1624  4.44890527 20150
0 SL-12 DEB
1 42977U 10041S   18338.84819789 +.00000487 +00000-0 +20397-2 0  9994
2 42977 064.8237 359.8428 5551743 064.2564 342.1624 04.44890527020150
0 SL-12 DEB
1 42977U 10041S   18339.07297225  .00000820  00000-0  32721-2 0  9990
2 42977  64.8282 359.7653 5551376  64.2158 342.1712  4.44891923 20160
0 SL-12 DEB
1 42977U 10041S   18340.42161482  .00001954  00000-0  73593-2 0  9997
2 42977  64.8315 359.2465 5552106  64.1278 342.2168  4.44901266 20222
0 SL-12 DEB
1 42977U 10041S   18340.87115549 +.00002245 +00000-0 +84145-2 0  9998
2 42977 064.8313 359.0728 5552094 064.1261 342.2241 04.44904653020245
0 SL-12 DEB
1 42977U 10041S   18340.87115549  .00002245  00000-0  84145-2 0  9998
2 42977  64.8313 359.0728 5552094  64.1261 342.2241  4.44904653 20245
0 SL-12 DEB
1 42977U 10041S   18342.21975928  .00003815  00000-0  14117-1 0  9998
2 42977  64.8311 358.5551 5552134  64.0782 342.2698  4.44918884 20307
0 SL-12 DEB
1 42977U 10041S   18342.44450008  .00003895  00000-0  14402-1 0  9995
2 42977  64.8364 358.4769 5552163  64.0258 342.2505  4.44921002 20319
0 SL-12 DEB
1 42977U 10041S   18343.11878294  .00004410  00000-0  16282-1 0  9993
2 42977  64.8352 358.2179 5552076  63.9586 342.2940  4.44929706 20349
0 SL-12 DEB
1 42977U 10041S   18343.34353040  .00004564  00000-0  16770-1 0  9997
2 42977  64.8367 358.1368 5552461  63.9288 342.2882  4.44932259 20354
0 SL-12 DEB
1 42977U 10041S   18345.14154242  .00006562  00000-0  23585-1 0  9992
2 42977  64.8420 357.4432 5553969  63.7398 342.4160  4.44962400 20433
0 SL-12 DEB
1 42977U 10041S   18345.81572648  .00007035  00000-0  24635-1 0  9993
2 42977  64.8512 357.1860 5556164  63.6351 342.4020  4.44973872 20468
0 SL-12 DEB
1 42977U 10041S   18347.38883792  .00008329  00000-0  28230-1 0  9994
2 42977  64.8562 356.5720 5558748  63.4834 342.5043  4.45004948 20539
0 SL-12 DEB
1 42977U 10041S   18347.83826161  .00008486  00000-0  28571-1 0  9993
2 42977  64.8539 356.4244 5559260  63.4263 342.5028  4.45013266 20557
0 SL-12 DEB
1 42977U 10041S   18348.06298097  .00008458  00000-0  28443-1 0  9997
2 42977  64.8562 356.3449 5559337  63.3927 342.5199  4.45016948 20560
0 SL-12 DEB
1 42977U 10041S   18348.28769569  .00008373  00000-0  27889-1 0  9997
2 42977  64.8497 356.2747 5560157  63.4544 342.5113  4.45021021 20570
0 SL-12 DEB
1 42977U 10041S   18349.18652018  .00009055  00000-0  29982-1 0  9991
2 42977  64.8579 355.9332 5560476  63.4196 342.5321  4.45039669 20617
0 SL-12 DEB
1 42977U 10041S   18350.30998533  .00009581  00000-0  31376-1 0  9996
2 42977  64.8585 355.4898 5561184  63.3884 342.5396  4.45063495 20667
0 SL-12 DEB
1 42977U 10041S   18351.20872503  .00009484  00000-0  30501-1 0  9995
2 42977  64.8750 355.1534 5562586  63.3807 342.5385  4.45079905 20703
0 SL-12 DEB
1 42977U 10041S   18352.10744119  .00009612  00000-0  30399-1 0  9994
2 42977  64.8749 354.7796 5563826  63.3757 342.5601  4.45097351 20748
0 SL-12 DEB
1 42977U 10041S   18352.33211468 +.00009616 +00000-0 +30399-1 0  9999
2 42977 064.8748 354.6923 5563813 063.3655 342.5677 04.45101689020755
0 SL-12 DEB
1 42977U 10041S   18353.23077855  .00009600  00000-0  28875-1 0  9998
2 42977  64.8909 354.4107 5567858  63.1112 342.6256  4.45119573 20794
0 SL-12 DEB
1 42977U 10041S   18354.12944513 +.00009442 +00000-0 +28127-1 0  9995
2 42977 064.8929 354.0585 5568498 063.0633 342.7012 04.45135840020831
0 SL-12 DEB
1 42977U 10041S   18354.35410343  .00009174  00000-0  27117-1 0  9999
2 42977  64.8894 353.9619 5569124  63.0692 342.7112  4.45139357 20849
0 SL-12 DEB
1 42977U 10041S   18355.25269241  .00009066  00000-0  26188-1 0  9995
2 42977  64.8718 353.6171 5570891  62.9942 342.7340  4.45155520 20880
0 SL-12 DEB
1 42977U 10041S   18355.92662247  .00008971  00000-0  25831-1 0  9990
2 42977  64.8790 353.3655 5571055  62.9889 342.7536  4.45167266 20918
0 SL-12 DEB
1 42977U 10041S   18357.27440520  .00007949  00000-0  22296-1 0  9994
2 42977  64.8734 352.8245 5573139  62.9498 342.7333  4.45184923 20976
0 SL-12 DEB
1 42977U 10041S   18357.49905907 +.00008012 +00000-0 +22460-1 0  9998
2 42977 064.8842 352.7582 5573167 062.9340 342.7802 04.45188812020989
0 SL-12 DEB
1 42977U 10041S   18358.17292814  .00007153  00000-0  19530-1 0  9999
2 42977  64.9028 352.5294 5575352  62.8211 342.7948  4.45195772 21017
0 SL-12 DEB
1 42977U 10041S   18358.62219227 +.00007126 +00000-0 +19415-1 0  9998
2 42977 064.9058 352.3606 5575527 062.7894 342.8397 04.45202101021031
0 SL-12 DEB
1 42977U 10041S   18359.07142822  .00006774  00000-0  18210-1 0  9994
2 42977  64.9099 352.1820 5576654  62.7545 342.8414  4.45206335 21052
0 SL-12 DEB
1 42977U 10041S   18359.52066947 +.00006681 +00000-0 +17887-1 0  9993
2 42977 064.9144 352.0088 5577010 062.7273 342.8646 04.45211973021076
0 SL-12 DEB
1 42977U 10041S   18360.19450638  .00005797  00000-0  15248-1 0  9998
2 42977  64.9117 351.7621 5578559  62.6442 342.8710  4.45216657 21101
0 SL-12 DEB
1 42977U 10041S   18360.41913812 +.00005796 +00000-0 +15248-1 0  9990
2 42977 064.9115 351.6745 5578558 062.6338 342.9075 04.45219278021116
0 SL-12 DEB
1 42977U 10041S   18361.09296241 +.00005794 +00000-0 +15248-1 0  9993
2 42977 064.9111 351.4116 5578555 062.6024 342.9160 04.45227142021148
0 SL-12 DEB
1 42977U 10041S   18361.54217209  .00005793  00000-0  15248-1 0  9999
2 42977  64.9108 351.2363 5578552  62.5814 342.9218  4.45232388 21163
0 SL-12 DEB
1 42977U 10041S   18362.21597728  .00004834  00000-0  12482-1 0  9993
2 42977  64.9191 350.9949 5580279  62.5295 342.9061  4.45234855 21193
0 SL-12 DEB
1 42977U 10041S   18362.44060617 +.00004865 +00000-0 +12577-1 0  9999
2 42977 064.9189 350.9047 5580185 062.5227 342.9521 04.45237153021207
0 SL-12 DEB
1 42977U 10041S   18363.11440504  .00004414  00000-0  11324-1 0  9990
2 42977  64.9201 350.6416 5580872  62.4814 342.9504  4.45241041 21238
0 SL-12 DEB
1 42977U 10041S   18363.56361413 +.00004343 +00000-0 +11119-1 0  9993
2 42977 064.9243 350.4741 5581030 062.4700 342.9727 04.45244740021252
0 SL-12 DEB
1 42977U 10041S   18364.01280895 +.00004266 +00000-0 +10839-1 0  9990
2 42977 064.9285 350.2991 5581617 062.4530 342.9819 04.45248551021273
0 SL-12 DEB
1 42977U 10041S   18364.46200054  .00004473  00000-0  11328-1 0  9992
2 42977  64.9355 350.1315 5581746  62.4492 342.9925  4.45253645 21290
0 SL-12 DEB
1 42977U 10041S   18365.13577307 +.00004291 +00000-0 +10749-1 0  9999
2 42977 064.9383 349.8780 5582568 062.4217 342.9894 04.45258432021328
0 SL-12 DEB
1 42977U 10041S   18365.58496151  .00004254  00000-0  10621-1 0  9993
2 42977  64.9424 349.7070 5582756  62.3737 343.0157  4.45262115 21349
0 SL-12 DEB
1 42977U 10041S   19001.03414169  .00004180  00000-0  10336-1 0  9991
2 42977  64.9424 349.5311 5583458  62.3455 343.0269  4.45265331 21361
0 SL-12 DEB
1 42977U 10041S   19001.48332083  .00004031  00000-0  98009-2 0  9993
2 42977  64.9414 349.3638 5584733  62.2714 343.0541  4.45268556 21381
0 SL-12 DEB
1 42977U 10041S   19001.93250128  .00003964  00000-0  95378-2 0  9992
2 42977  64.9431 349.1938 5585494  62.2173 343.0836  4.45271775 21402
0 SL-12 DEB
1 42977U 10041S   19002.38167496  .00004260  00000-0  10582-1 0  9990
2 42977  64.9314 348.9998 5582795  62.2699 343.0935  4.45277007 21425
0 SL-12 DEB
1 42977U 10041S   19003.05539400  .00003823  00000-0  90306-2 0  9990
2 42977  64.9411 348.7640 5586758  62.1334 343.0752  4.45279702 21457
0 SL-12 DEB
1 42977U 10041S   19003.50458757  .00003484  00000-0  81499-2 0  9991
2 42977  64.9422 348.5882 5587502  62.0950 343.1385  4.45281755 21472
0 SL-12 DEB
1 42977U 10041S   19004.40290325 +.00003489 +00000-0 +81499-2 0  9991
2 42977 064.9415 348.2369 5587527 062.0521 343.1624 04.45288057021515
0 SL-12 DEB
1 42977U 10041S   19005.07662635  .00003100  00000-0  71442-2 0  9999
2 42977  64.9403 347.9885 5588603  62.0092 343.1575  4.45290185 21543
0 SL-12 DEB
1 42977U 10041S   19005.52578885 +.00003142 +00000-0 +72123-2 0  9995
2 42977 064.9424 347.8183 5588920 061.9972 343.1859 04.45293257021563
0 SL-12 DEB
1 42977U 10041S   19006.87320919 +.00003421 +00000-0 +77737-2 0  9993
2 42977 064.9428 347.2964 5589700 061.9273 343.2088 04.45303712021629
0 SL-12 DEB
1 42977U 10041S   19006.87321466  .00003426  00000-0  77873-2 0  9997
2 42977  64.9428 347.2963 5589670  61.9297 343.2171  4.45303740 21624
0 SL-12 DEB
1 42977U 10041S   19008.89428394 +.00003916 +00000-0 +87000-2 0  9996
2 42977 064.9516 346.5134 5591469 061.7858 343.2515 04.45320294021719
0 SL-12 DEB
1 42977U 10041S   19008.89428647  .00004033  00000-0  89870-2 0  9995
2 42977  64.9481 346.5087 5591210  61.7936 343.2613  4.45321277 21719
0 SL-12 DEB
1 42977U 10041S   19009.79252064  .00003777  00000-0  83277-2 0  9992
2 42977  64.9591 346.1643 5592094  61.7338 343.2725  4.45326594 21757
0 SL-12 DEB
1 42977U 10041S   19010.01708177 +.00003731 +00000-0 +81854-2 0  9999
2 42977 064.9588 346.0761 5592497 061.7210 343.2803 04.45327809021767
0 SL-12 DEB
1 42977U 10041S   19010.69074956 +.00003733 +00000-0 +81854-2 0  9996
2 42977 064.9583 345.8123 5592512 061.6884 343.2979 04.45332890021798
0 SL-12 DEB
1 42977U 10041S   19010.91530214  .00003483  00000-0  74526-2 0  9995
2 42977  64.9627 345.7412 5594441  61.6525 343.2984  4.45333364 21807
0 SL-12 DEB
1 42977U 10041S   19012.26262098  .00003454  00000-0  72328-2 0  9993
2 42977  64.9742 345.2482 5595890  61.6111 343.3385  4.45343474 21862
0 SL-12 DEB
1 42977U 10041S   19012.71171899  .00003438  00000-0  71325-2 0  9999
2 42977  64.9700 345.0768 5596513  61.5672 343.3554  4.45346559 21882
0 SL-12 DEB
1 42977U 10041S   19014.28353140  .00003928  00000-0  79756-2 0  9994
2 42977  64.9683 344.4579 5597626  61.4831 343.4077  4.45360481 21956
0 SL-12 DEB
1 42977U 10041S   19015.85527992  .00003979  00000-0  78743-2 0  9997
2 42977  64.9753 343.8368 5599099  61.3652 343.4383  4.45373420 22025
0 SL-12 DEB
1 42977U 10041S   19017.20246941  .00004580  00000-0  89839-2 0  9997
2 42977  64.9733 343.3265 5599488  61.3144 343.4859  4.45387859 22087
0 SL-12 DEB
1 42977U 10041S   19018.10055281  .00005022  00000-0  93925-2 0  9995
2 42977  64.9658 342.9614 5602930  61.2379 343.4925  4.45398347 22125
0 SL-12 DEB
1 42977U 10041S   19018.77412111  .00005230  00000-0  95326-2 0  9995
2 42977  64.9665 342.6841 5604789  61.1296 343.5440  4.45406333 22154
0 SL-12 DEB
1 42977U 10041S   19018.99864655 +.00005230 +00000-0 +95326-2 0  9993
2 42977 064.9664 342.5959 5604789 061.1186 343.5634 04.45408671022163
0 SL-12 DEB
1 42977U 10041S   19019.67218456  .00005587  00000-0  99013-2 0  9993
2 42977  64.9671 342.3301 5606847  61.0065 343.5931  4.45417602 22199
0 SL-12 DEB
1 42977U 10041S   19020.79472912 +.00005983 +00000-0 +10530-1 0  9993
2 42977 064.9722 341.9019 5607394 060.9896 343.6237 04.45432582022245
0 SL-12 DEB
1 42977U 10041S   19021.01922396 +.00005985 +00000-0 +10500-1 0  9994
2 42977 064.9737 341.8145 5607641 061.0365 343.6003 04.45435158022252
0 SL-12 DEB
1 42977U 10041S   19021.69271857 +.00005950 +00000-0 +10340-1 0  9991
2 42977 064.9634 341.5478 5608373 061.0018 343.6026 04.45443038022286
0 SL-12 DEB
1 42977U 10041S   19022.14171389 +.00005946 +00000-0 +10340-1 0  9996
2 42977 064.9630 341.3711 5608366 060.9798 343.6141 04.45448383022304
0 SL-12 DEB
1 42977U 10041S   19023.26416968  .00006557  00000-0  11305-1 0  9996
2 42977  64.9693 340.9590 5609002  60.9672 343.6328  4.45465653 22353
0 SL-12 DEB
1 42977U 10041S   19023.48864509 +.00006553 +00000-0 +11287-1 0  9993
2 42977 064.9684 340.8679 5609073 060.9516 343.6214 04.45468587022369
0 SL-12 DEB
1 42977U 10041S   19024.16209280  .00007076  00000-0  11871-1 0  9998
2 42977  64.9805 340.5936 5610923  60.8683 343.6538  4.45480064 22393
0 SL-12 DEB
1 42977U 10041S   19025.28447208  .00008173  00000-0  13717-1 0  9996
2 42977  64.9792 340.1503 5610743  60.8363 343.7001  4.45502234 22445
0 SL-12 DEB
1 42977U 10041S   19026.18231025  .00009351  00000-0  15048-1 0  9992
2 42977  64.9827 339.7928 5613553  60.7309 343.7229  4.45523500 22485
0 SL-12 DEB
1 42977U 10041S   19026.85567262  .00009818  00000-0  15339-1 0  9992
2 42977  64.9814 339.5585 5615506  60.6209 343.7528  4.45538396 22511
0 SL-12 DEB
1 42977U 10041S   19026.85568492  .00010191  00000-0  15675-1 0  9997
2 42977  64.9794 339.5568 5616585  60.6273 343.7765  4.45540338 22510
0 SL-12 DEB
1 42977U 10041S   19028.65120177  .00011243  00000-0  16810-1 0  9992
2 42977  64.9720 338.8505 5618162  60.5495 343.8459  4.45584575 22590
0 SL-12 DEB
1 42977U 10041S   19029.10002925  .00011210  00000-0  16458-1 0  9995
2 42977  64.9636 338.6713 5619336  60.5431 343.8188  4.45594834 22610
0 SL-12 DEB
1 42977U 10041S   19029.99769563 +.00011224 +00000-0 +16458-1 0  9995
2 42977 064.9629 338.3164 5619251 060.4988 343.8363 04.45614986022651
0 SL-12 DEB
1 42977U 10041S   19031.11971776  .00012111  00000-0  17602-1 0  9991
2 42977  64.9608 337.8792 5619630  60.5693 343.8609  4.45646802 22705
0 SL-12 DEB
1 42977U 10041S   19031.79285851  .00012416  00000-0  17735-1 0  9992
2 42977  64.9868 337.6196 5620699  60.5550 343.8211  4.45664798 22734
0 SL-12 DEB
1 42977U 10041S   19032.24162364  .00014220  00000-0  19109-1 0  9998
2 42977  65.0022 337.4022 5624721  60.5217 343.8373  4.45682981 22759
0 SL-12 DEB
1 42977U 10041S   19032.69038014 +.00014223 +00000-0 +19109-1 0  9994
2 42977 065.0019 337.2247 5624658 060.4990 343.8595 04.45695751022775
0 SL-12 DEB
1 42977U 10041S   19033.13911357  .00016884  00000-0  22108-1 0  9992
2 42977  64.9813 337.0391 5626208  60.5522 343.8904  4.45722976 22794
0 SL-12 DEB
1 42977U 10041S   19033.81213890  .00018877  00000-0  23850-1 0  9993
2 42977  64.9791 336.8115 5628372  60.3621 343.9230  4.45756309 22826
0 SL-12 DEB
1 42977U 10041S   19034.93378348 +.00022137 +00000-0 +27331-1 0  9999
2 42977 064.9892 336.3757 5629519 060.1318 344.0456 04.45815030022874
0 SL-12 DEB
1 42977U 10041S   19035.83095881  .00022671  00000-0  27275-1 0  9997
2 42977  64.9768 336.0365 5630960  60.0580 344.0127  4.45856052 22919
0 SL-12 DEB
1 42977U 10041S   19036.05526114  .00023059  00000-0  27168-1 0  9992
2 42977  64.9731 335.9480 5632239  60.0689 344.0458  4.45868694 22929
0 SL-12 DEB
1 42977U 10041S   19037.17660853  .00022924  00000-0  26738-1 0  9997
2 42977  64.9726 335.5049 5632569  60.1408 344.0181  4.45919488 22972
0 SL-12 DEB
1 42977U 10041S   19037.62511300 +.00022928 +00000-0 +26738-1 0  9993
2 42977 064.9722 335.3266 5632447 060.1184 344.0242 04.45940094022990
0 SL-12 DEB
1 42977U 10041S   19038.07359743 +.00022934 +00000-0 +26738-1 0  9991
2 42977 064.9718 335.1482 5632325 060.0960 344.0314 04.45960705023014
0 SL-12 DEB
1 42977U 10041S   19038.97050449  .00024272  00000-0  26672-1 0  9995
2 42977  64.9554 334.7838 5635802  60.3059 343.9901  4.46007101 23054
0 SL-12 DEB
1 42977U 10041S   19040.09149933  .00026361  00000-0  28514-1 0  9996
2 42977  64.9559 334.3285 5636325  60.1642 344.0755  4.46073390 23106
0 SL-12 DEB
1 42977U 10041S   19041.21230215  .00029557  00000-0  30528-1 0  9993
2 42977  64.9915 333.8453 5638672  60.0376 344.1557  4.46150564 23158
0 SL-12 DEB
1 42977U 10041S   19041.88465881  .00029845  00000-0  30341-1 0  9998
2 42977  64.9858 333.5633 5639358  59.9811 344.1163  4.46191894 23181
0 SL-12 DEB
1 42977U 10041S   19042.10877759  .00032549  00000-0  31969-1 0  9997
2 42977  64.9901 333.4891 5641296  59.8696 344.1899  4.46219971 23193
0 SL-12 DEB
1 42977U 10041S   19042.78105110  .00034689  00000-0  30983-1 0  9998
2 42977  64.9561 333.2803 5646688  59.6985 344.2371  4.46275363 23222
0 SL-12 DEB
1 42977U 10041S   19044.12539548  .00038468  00000-0  32629-1 0  9992
2 42977  64.9804 332.6975 5648957  59.5210 344.4128  4.46390617 23284
0 SL-12 DEB
1 42977U 10041S   19044.79736746 +.00039945 +00000-0 +34200-1 0  9992
2 42977 064.9781 332.4676 5647991 059.4861 344.3740 04.46450626023312
0 SL-12 DEB
1 42977U 10041S   19048.15618863 +.00057498 +00000-0 +47970-1 0  9996
2 42977 064.9811 331.1412 5646672 059.9164 345.4701 04.46880566023461
0 SL-12 DEB
1 42977U 10041S   19064.23347518 +.00028323 +00000+0 +13656-1 0  9997
2 42977  64.9703 324.5322 5667391  58.6961 344.7099  4.48294298024184
0 SL-12 DEB
1 42977U 10041S   19064.23347518  .00028323  00000-0  13656-1 0  9998
2 42977  64.9703 324.5322 5667391  58.6961 344.7099  4.48294298 24184
0 SL-12 DEB
1 42977U 10041S   19064.23391712  .00011875  00000-0  56600-2 0  9994
2 42977  64.9366 324.5592 5668927  58.7583 345.2602  4.48180549 24173
0 SL-12 DEB
1 42977U 10041S   19064.23391712 +.00011875 +00000-0 +56600-2 0  9994
2 42977 064.9366 324.5592 5668927 058.7583 345.2602 04.48180549024173
0 SL-12 DEB
1 42977U 10041S   19064.23391712 +.00011875 +00000-0 +56600-2 0  9994
2 42977 064.9366 324.5592 5668927 058.7583 345.2602 04.48180549024173
0 SL-12 DEB
1 42977U 10041S   19064.23391712 +.00011875 +00000-0 +56600-2 0  9994
2 42977 064.9366 324.5592 5668927 058.7583 345.2602 04.48180549024173
0 SL-12 DEB
1 42977U 10041S   19064.23391712 +.00011875 +00000-0 +56600-2 0  9994
2 42977 064.9366 324.5592 5668927 058.7583 345.2602 04.48180549024173
0 SL-12 DEB
1 42977U 10041S   19064.23391712 +.00011875 +00000-0 +56600-2 0  9994
2 42977 064.9366 324.5592 5668927 058.7583 345.2602 04.48180549024173
0 SL-12 DEB
1 42977U 10041S   19064.23391712 +.00011875 +00000-0 +56600-2 0  9994
2 42977 064.9366 324.5592 5668927 058.7583 345.2602 04.48180549024173
0 SL-12 DEB
1 42977U 10041S   19064.23391712 +.00011875 +00000-0 +56600-2 0  9994
2 42977 064.9366 324.5592 5668927 058.7583 345.2602 04.48180549024173
0 SL-12 DEB
1 42977U 10041S   19064.23391712 +.00011875 +00000-0 +56600-2 0  9994
2 42977 064.9366 324.5592 5668927 058.7583 345.2602 04.48180549024173
0 SL-12 DEB
1 42977U 10041S   19064.23391712 +.00011875 +00000-0 +56600-2 0  9994
2 42977 064.9366 324.5592 5668927 058.7583 345.2602 04.48180549024173
0 SL-12 DEB
1 42977U 10041S   19064.23391712 +.00011875 +00000-0 +56600-2 0  9994
2 42977 064.9366 324.5592 5668927 058.7583 345.2602 04.48180549024173
0 SL-12 DEB
1 42977U 10041S   19064.23391712 +.00011875 +00000-0 +56600-2 0  9994
2 42977 064.9366 324.5592 5668927 058.7583 345.2602 04.48180549024173
0 SL-12 DEB
1 42977U 10041S   19064.23391712 +.00011875 +00000-0 +56600-2 0  9994
2 42977 064.9366 324.5592 5668927 058.7583 345.2602 04.48180549024173
0 SL-12 DEB
1 42977U 10041S   19064.23391712  .00011875  00000-0  56600-2 0  9994
2 42977  64.9366 324.5592 5668927  58.7583 345.2602  4.48180549 24173
0 SL-12 DEB
1 42977U 10041S   19064.23391712  .00011875  00000-0  56600-2 0  9994
2 42977  64.9366 324.5592 5668927  58.7583 345.2602  4.48180549 24173
0 SL-12 DEB
1 42977U 10041S   19064.23391712  .00011875  00000-0  56600-2 0  9994
2 42977  64.9366 324.5592 5668927  58.7583 345.2602  4.48180549 24173
