1 06356U 73007  A 73039.67219090  .00003250 +00000-0 +00000-0 0  9993
2 06356 065.0033 255.5544 7449270 284.6444 009.7472 02.04794263000123
1 06356U 73007  A 73066.54474068  .00000075 +13123-8 +00000-0 0  9997
2 06356 065.0272 251.5038 7419436 284.7088 009.9025 02.00645799000657
1 06356U 73007  A 73076.51308086 -.00000379 +13123-8 +00000-0 0  9999
2 06356 065.0222 250.0594 7420442 284.4606 009.9500 02.00633386000854
1 06356U 73007  A 73080.00187464  .00000081 +13123-8 +00000-0 0  9992
2 06356 065.0617 249.5332 7419392 284.3487 009.9802 02.00639720000924
1 06356U 73007  A 73081.49716055 -.00000040 +13123-8 +00000-0 0  9996
2 06356 065.0740 249.3211 7419970 284.2993 009.9876 02.00637384000956
1 06356U 73007  A 73085.48463505 -.00000459 +13123-8 +00000-0 0  9992
2 06356 065.0653 248.7416 7416605 284.2733 010.0127 02.00629088001037
1 06356U 73007  A 73087.47836608 -.00000371 +13123-8 +00000-0 0  9994
2 06356 065.0417 248.4258 7406384 284.4400 010.0359 02.00628526001079
1 06356U 73007  A 73091.46575136 -.00000080 +13123-8 +00000-0 0  9991
2 06356 065.0548 247.8271 7404219 284.3347 010.0714 02.00631482001155
1 06356U 73007  A 73106.41891183  .00000222 +13123-8 +00000-0 0  9993
2 06356 065.0667 245.6824 7399202 283.9947 010.1751 02.00630010001454
1 06356U 73007  A 73117.38504866 -.00000085 +13123-8 +00000-0 0  9998
2 06356 065.0657 244.1090 7388697 283.8124 010.2770 02.00619979001671
1 06356U 73007  A 73120.87422494  .00000069 +13123-8 +00000-0 0  9993
2 06356 065.0891 243.6102 7387781 283.7280 010.3012 02.00621724001743
1 06356U 73007  A 73122.37272115 -.00000141 +13123-8 +00000-0 0  9995
2 06356 065.1042 243.5403 7387638 283.6954 010.3093 02.00618266001772
1 06356U 73007  A 73125.36051342 -.00000350 +13123-8 +00000-0 0  9996
2 06356 065.1468 242.9779 7385816 283.5987 010.3417 02.00613625001835
1 06356U 73007  A 73127.85280601 -.00000202 +13123-8 +00000-0 0  9990
2 06356 065.1415 242.6350 7381868 283.5965 010.3656 02.00615390001889
1 06356U 73007  A 73129.84668869 -.00000183 +13123-8 +00000-0 0  9995
2 06356 065.1298 242.3437 7380127 283.5629 010.3834 02.00614794001925
1 06356U 73007  A 73132.33905497 -.00000072 +13123-8 +00000-0 0  9991
2 06356 065.1555 242.0095 7376747 283.5467 010.4071 02.00615011001973
1 06356U 73007  A 73134.83142217 -.00000029 +13123-8 +00000-0 0  9993
2 06356 065.1523 241.6569 7375507 283.4875 010.4277 02.00614778002028
1 06356U 73007  A 73140.31473309 -.00000282 +13123-8 +00000-0 0  9993
2 06356 065.1438 240.8825 7371542 283.3371 010.4853 02.00609396002136
1 06356U 73007  A 73145.29952120  .00000107 +13123-8 +00000-0 0  9993
2 06356 065.1538 240.2095 7365446 283.2650 010.5381 02.00612574002235
1 06356U 73007  A 73151.28135802 -.00000362 +13123-8 +00000-0 0  9993
2 06356 065.1274 239.3721 7363689 283.0900 010.5885 02.00606263002350
1 06356U 73007  A 73157.26320132  .00000261 +13123-8 +00000-0 0  9996
2 06356 065.1430 238.5582 7355142 283.0350 010.6525 02.00610223002470
1 06356U 73007  A 73159.75560510  .00000247 +13123-8 +00000-0 0  9992
2 06356 065.1140 238.2104 7354466 282.9693 010.6717 02.00611294002529
1 06356U 73007  A 73162.24807250  .00000032 +13123-8 +00000-0 0  9997
2 06356 065.1306 237.8781 7352858 282.9079 010.6956 02.00608779002574
1 06356U 73007  A 73164.74057387 -.00000260 +13123-8 +00000-0 0  9996
2 06356 065.1225 237.5361 7351411 282.8530 010.7170 02.00604585002626
1 06356U 73007  A 73167.73155363 -.00000255 +13123-8 +00000-0 0  9995
2 06356 065.1149 237.1306 7350928 282.7974 010.7328 02.00603350002689
1 06356U 73007  A 73172.71648229  .00000075 +13123-8 +00000-0 0  9996
2 06356 065.1235 236.4605 7348703 282.6690 010.7760 02.00606697002789
1 06356U 73007  A 73175.70745549  .00000029 +13123-8 +00000-0 0  9990
2 06356 065.1280 236.0685 7346579 282.5956 010.8060 02.00606435002847
1 06356U 73007  A 73179.19700547 -.00000223 +13123-8 +00000-0 0  9993
2 06356 065.1173 235.5949 7344050 282.5154 010.8401 02.00601905002911
1 06356U 73007  A 73181.68948002 -.00000030 +13123-8 +00000-0 0  9996
2 06356 065.1117 235.2670 7342047 282.4646 010.8642 02.00604040002961
1 06356U 73007  A 73183.68347280  .00000077 +13123-8 +00000-0 0  9999
2 06356 065.1152 235.0011 7340802 282.4125 010.8840 02.00605180003008
1 06356U 73007  A 73186.17596450  .00000059 +13123-8 +00000-0 0  9991
2 06356 065.1220 234.6687 7339684 282.3505 010.9054 02.00605106003056
1 06356U 73007  A 73188.66847097 -.00000018 +13123-8 +00000-0 0  9999
2 06356 065.1115 234.3300 7338503 282.2947 010.9257 02.00603939003109
1 06356U 73007  A 73192.65656493 -.00000228 +13123-8 +00000-0 0  9994
2 06356 065.1217 233.7972 7335282 282.2076 010.9660 02.00599887003186
1 06356U 73007  A 73195.64758494 -.00000155 +13123-8 +00000-0 0  9999
2 06356 065.1118 233.4024 7334819 282.1635 010.9793 02.00600120003243
1 06356U 73007  A 73198.63859760 -.00000007 +13123-8 +00000-0 0  9995
2 06356 065.1128 233.0069 7334058 282.1108 010.9965 02.00601761003309
1 06356U 73007  A 73201.62960671  .00000114 +13123-8 +00000-0 0  9991
2 06356 065.1164 232.6123 7332628 282.0495 011.0198 02.00603604003368
1 06356U 73007  A 73205.61768879 -.00000053 +13123-8 +00000-0 0  9993
2 06356 065.0844 232.0797 7330899 281.9641 011.0508 02.00601036003443
1 06356U 73007  A 73214.09233399  .00000071 +13123-8 +00000-0 0  9998
2 06356 065.0996 230.9325 7324652 281.7242 011.1468 02.00602373003610
1 06356U 73007  A 73217.58191455 -.00000149 +13123-8 +00000-0 0  9998
2 06356 065.0908 230.4536 7323737 281.6732 011.1647 02.00599034003683
1 06356U 73007  A 73220.07451270 -.00000257 +13123-8 +00000-0 0  9990
2 06356 065.1130 230.1236 7323144 281.6121 011.1831 02.00596420003736
1 06356U 73007  A 73223.06558375 -.00000152 +13123-8 +00000-0 0  9990
2 06356 065.1584 229.7298 7322030 281.5280 011.2104 02.00597133003791
1 06356U 73007  A 73227.55211996  .00000105 +13123-8 +00000-0 0  9990
2 06356 065.1527 229.1302 7321162 281.4532 011.2338 02.00600974003889
1 06356U 73007  A 73228.54910503  .00000195 +13123-8 +00000-0 0  9999
2 06356 065.1267 228.9821 7320756 281.4476 011.2377 02.00602593003903
1 06356U 73007  A 73231.04168025  .00000009 +03123-9 +00000-0 0  9996
2 06356 065.1232 228.6434 7318560 281.3995 011.2631 02.00600338003950
1 06356U 73007  A 73233.03573988 -.00000054 +03123-9 +00000-0 0  9996
2 06356 065.1406 228.3768 7317826 281.3725 011.2742 02.00599074003996
1 06356U 73007  A 73238.51930072  .00000073 +032300  +00000-0 0  9994
2 06356 065.1202 227.6198 7315777 281.2764 011.3040 02.00601220004107
1 06356U 73007  A 73241.51033212  .00000054 +032300  +00000-0 0  9997
2 06356 065.1035 227.2042 7314921 281.2006 011.3343 02.00601244004162
1 06356U 73007  A 73251.97930868 -.00001110 +032300  +00000-0 0  9996
2 06356 065.0972 225.7515 7308266 281.0462 011.4140 02.00584388004376
1 06356U 73007  A 73254.97012840  .00000030 +032300  +00000-0 0  9999
2 06356 065.0927 225.3669 7309065 280.9755 011.4263 02.00599456004438
1 06356U 73007  A 73259.95515057  .00000150 +032300  +00000-0 0  9993
2 06356 065.1032 224.6996 7307698 280.8902 011.4560 02.00602412004532
1 06356U 73007  A 73261.45061273 -.00000024 +032300  +00000-0 0  9998
2 06356 065.1144 224.4791 7303405 280.8377 011.4962 02.00601840004568
1 06356U 73007  A 73263.94309453  .00000137 +032300  +00000-0 0  9993
2 06356 065.0916 224.1297 7300991 280.8147 011.5172 02.00604343004615
1 06356U 73007  A 73268.92797549  .00000142 +032300  +00000-0 0  9999
2 06356 065.0852 223.4910 7298645 280.5735 011.5921 02.00606799004710
1 06356U 73007  A 73271.42030190  .00001510 +032300  +00000-0 0  9990
2 06356 065.0851 223.1657 7298638 280.5300 011.6030 02.00623274004768
1 06356U 73007  A 73279.89502257  .00000195 +032300  +00000-0 0  9995
2 06356 065.1343 222.0332 7292446 280.3547 011.6866 02.00606489004930
1 06356U 73007  A 73282.88590017  .00000342 +032300  +00000-0 0  9993
2 06356 065.1318 221.6352 7290337 280.3168 011.7096 02.00610590004995
1 06356U 73007  A 73286.87382556  .00000012 +070550  +00000-0 0  9996
2 06356 065.1376 221.1166 7289054 280.2329 011.7390 02.00607920005079
1 06356U 73007  A 73288.36927598  .00000093 +00681-9 +00000-0 0  9990
2 06356 065.1431 220.9225 7288320 280.2135 011.7487 02.00609231005102
1 06356U 73007  A 73291.85871623 -.00000072 +00237-9 +00000-0 0  9990
2 06356 065.1669 220.4508 7283789 280.1119 011.8037 02.00607395005177
1 06356U 73007  A 73293.35415734  .00000104 +078970  +00000-0 0  9998
2 06356 065.1453 220.2438 7282832 280.1122 011.8097 02.00609493005201
1 06356U 73007  A 73296.84354929  .00000106 +00194-9 +00000-0 0  9998
2 06356 065.1607 219.7969 7282686 280.0442 011.8280 02.00610065005273
1 06356U 73007  A 73298.83747781  .00000106 +061410  +00000-0 0  9999
2 06356 065.1606 219.5400 7282681 280.0080 011.8372 02.00610495005317
1 06356U 73007  A 73300.83136951  .00000123 +059060  +00000-0 0  9991
2 06356 065.1640 219.2697 7278251 279.9636 011.8772 02.00611949005355
1 06356U 73007  A 73301.82833443  .00000040 +056690  +00000-0 0  9995
2 06356 065.1585 219.1403 7277203 279.9523 011.8869 02.00611043005372
1 06356U 73007  A 73304.32072544  .00000068 +00491-9 +00000-0 0  9998
2 06356 065.1607 218.8215 7275992 279.8889 011.9110 02.00611877005422
1 06356U 73007  A 73306.31459201  .00000240 +00591-9 +00000-0 0  9991
2 06356 065.1607 218.5585 7274062 279.8442 011.9350 02.00615263005464
1 06356U 73007  A 73311.79801844 -.00000062 +050630  +00000-0 0  9995
2 06356 065.1482 217.8546 7268461 279.7923 011.9848 02.00609231005575
1 06356U 73007  A 73312.79486178  .00000172 +053190  +00000-0 0  9990
2 06356 065.1485 217.7269 7268614 279.7643 011.9910 02.00614166005593
1 06356U 73007  A 73313.79175373  .00000303 +064050  +00000-0 0  9996
2 06356 065.1484 217.6001 7268417 279.7410 011.9983 02.00617027005610
1 06356U 73007  A 73315.78556947  .00000438 +076570  +00000-0 0  9996
2 06356 065.1364 217.3276 7265761 279.6704 012.0339 02.00620866005658
1 06356U 73007  A 73317.77937003  .00000643 +01530-9 +00000-0 0  9995
2 06356 065.1275 217.0758 7262831 279.6239 012.0651 02.00625587005695
1 06356U 73007  A 73323.26246958  .00000060 +00823-9 +00000-0 0  9995
2 06356 065.1332 216.3843 7259524 279.4931 012.1207 02.00620294005809
1 06356U 73007  A 73328.24708552  .00000125 +00307-9 +00000-0 0  9990
2 06356 065.1375 215.7571 7257622 279.3936 012.1592 02.00620914005905
1 06356U 73007  A 73331.23780178  .00000228 +046240  +00000-0 0  9997
2 06356 065.1263 215.3829 7256700 279.3207 012.1843 02.00623202005968
1 06356U 73007  A 73333.73012392  .00000166 +035020  +00000-0 0  9995
2 06356 065.1512 215.0468 7250639 279.2040 012.2550 02.00623918006017
1 06356U 73007  A 73335.72394975 -.00000045 +085300  +00000-0 0  9999
2 06356 065.1360 214.8093 7249108 279.1642 012.2755 02.00622106006054
1 06356U 73007  A 73336.72084032 -.00000022 +081150  +00000-0 0  9994
2 06356 065.1363 214.6847 7248859 279.1495 012.2811 02.00622869006071
1 06356U 73007  A 73338.21616872  .00000032 +035220  +00000-0 0  9990
2 06356 065.1391 214.4972 7248785 279.1236 012.2884 02.00624037006103
1 06356U 73007  A 73340.70840459  .00000118 +02369-9 +00000-0 0  9990
2 06356 065.1395 214.1829 7248623 279.0752 012.3022 02.00625014006154
1 06356U 73007  A 73345.19426667  .00000444 +00967-9 +00000-0 0  9993
2 06356 065.1380 213.6207 7248057 278.9976 012.3265 02.00632381006243
1 06356U 73007  A 73347.18797816  .00000422 +064540  +00000-0 0  9994
2 06356 065.1429 213.3710 7248009 278.9616 012.3363 02.00633693006281
1 06356U 73007  A 73350.17861672  .00000219 +043550  +00000-0 0  9991
2 06356 065.1317 213.0018 7246554 278.8922 012.3645 02.00631928006346
1 06356U 73007  A 73352.17236019  .00000168 +00193-9 +00000-0 0  9993
2 06356 065.1369 212.7517 7245943 278.8572 012.3777 02.00631738006384
1 06356U 73007  A 73355.66153736  .00000313 +037470  +00000-0 0  9994
2 06356 065.1235 212.3087 7236739 278.6961 012.4823 02.00633883006451
1 06356U 73007  A 73357.65526190  .00000064 +03110-9 +00000-0 0  9990
2 06356 065.1215 212.0591 7236882 278.6435 012.4955 02.00631475006496
1 06356U 73007  A 73360.64583191  .00000064 +01260-9 +00000-0 0  9991
2 06356 065.1237 211.6851 7236779 278.5932 012.5095 02.00632024006554
1 06356U 73007  A 74015.58257126 -.00000041 +00070-9 +00000-0 0  9992
2 06356 065.1411 209.1519 7227584 278.1505 012.6914 02.00636244006950
1 06356U 73007  A 74022.56034582  .00000167 +08310-9 +00000-0 0  9990
2 06356 065.1409 208.2846 7223678 278.0772 012.7379 02.00639582007095
1 06356U 73007  A 74057.44851303  .00000046 +00318-9 +05121-3 0  9991
2 06356 065.1303 203.8665 7214257 277.2131 013.0416 02.00643468007792
1 06356U 73007  A 74073.39723634  .00000144 +00254-9 +09986-2 0  9998
2 06356 065.1747 201.8830 7209403 276.8161 013.1870 02.00643086008119
1 06356U 73007  A 74076.38765431  .00000103 +00144-9 +04267-2 0  9991
2 06356 065.1904 201.5179 7204550 276.7975 013.2262 02.00642705008176
1 06356U 73007  A 74085.35881995  .00000081 +00136-9 +02616-2 0  9994
2 06356 065.1784 200.3958 7201818 276.6032 013.3006 02.00645065008350
1 06356U 73007  A 74091.33960056  .00000029 +87972-9 +43455-2 0  9996
2 06356 065.1757 199.6595 7198915 276.4528 013.3641 02.00643749008473
1 06356U 73007  A 74094.32998085  .00000036 +87987-9 +60485-2 0  9997
2 06356 065.1735 199.2834 7196857 276.3831 013.3986 02.00644919008539
1 06356U 73007  A 74095.32677793  .00000061 +87543-9 +99592-2 0  9995
2 06356 065.1771 199.1624 7197093 276.3456 013.4078 02.00645096008553
1 06356U 73007  A 74096.32356929  .00000061 +88085-9 +99592-2 0  9993
2 06356 065.1771 199.0405 7197091 276.3283 013.4128 02.00645218008579
1 06356U 73007  A 74098.31720781  .00000123 +87688-9 +19692-1 0  9994
2 06356 065.1818 198.7898 7194725 276.2974 013.4384 02.00642498008616
1 06356U 73007  A 74099.81242561  .00000140 +87984-9 +22158-1 0  9994
2 06356 065.1875 198.6067 7195702 276.2140 013.4556 02.00641848008649
1 06356U 73007  A 74101.30764625  .00000185 +11709-8 +29053-1 0  9993
2 06356 065.1859 198.4223 7196687 276.1518 013.4666 02.00640866008678
1 06356U 73007  A 74111.27568577  .00000052 +86982-9 +85780-2 0  9997
2 06356 065.2020 197.2202 7189803 275.9828 013.5646 02.00642062008877
1 06356U 73007  A 74112.27251193  .00000097 +86973-9 +16229-1 0  9991
2 06356 065.2035 197.0997 7189489 275.9458 013.5776 02.00641177008893
1 06356U 73007  A 74114.26614236  .00000098 +86896-9 +16501-1 0  9991
2 06356 065.2037 196.8569 7188735 275.8842 013.6009 02.00640870008930
1 06356U 73007  A 74115.26295897  .00000104 +86713-9 +17565-1 0  9997
2 06356 065.2030 196.7354 7188374 275.8393 013.6166 02.00640669008956
1 06356U 73007  A 74117.25658888  .00000104 +93356-9 +17565-1 0  9992
2 06356 065.2030 196.4931 7188378 275.8043 013.6269 02.00640255008999
1 06356U 73007  A 74120.24703307  .00000102 +86962-9 +17431-1 0  9997
2 06356 065.1782 196.1223 7187062 275.7546 013.6508 02.00639702009058
1 06356U 73007  A 74122.24065157  .00000131 +87382-9 +22479-1 0  9990
2 06356 065.1470 195.8788 7187066 275.6742 013.6744 02.00639544009095
1 06356U 73007  A 74125.23112486  .00000069 +86708-9 +11897-1 0  9993
2 06356 065.1638 195.5110 7185418 275.6480 013.6939 02.00639360009154
1 06356U 73007  A 74126.22796249  .00000151 +87001-9 +27078-1 0  9995
2 06356 065.1661 195.3850 7182651 275.6666 013.7082 02.00638010009174
1 06356U 73007  A 74127.22479103  .00000157 +86616-9 +28322-1 0  9993
2 06356 065.1477 195.2626 7181931 275.6488 013.7186 02.00637676009195
1 06356U 73007  A 74129.21846483  .00000202 +86659-9 +36997-1 0  9998
2 06356 065.1494 195.0264 7180616 275.6058 013.7407 02.00636367009239
1 06356U 73007  A 74142.17753265  .00000053 +85881-9 +10508-1 0  9993
2 06356 065.1749 193.4642 7176426 275.3435 013.8486 02.00634392009496
1 06356U 73007  A 74230.90475797  .00000151 +00000-0 +00000-0 3  9991
2 06356 065.1378 182.7421 7158399 273.1782 014.6453 02.00595595011273
1 06356U 73007  A 74242.37065552  .00000130 +00000-0 +00000-0 3  9996
2 06356 065.1395 181.3723 7153899 272.8663 014.7784 02.00594265011503
1 06356U 73007  A 74254.33528708  .00000104 +00000-0 +00000-0 3  9993
2 06356 065.1477 179.9323 7151651 272.5466 014.8980 02.00591161011742
1 06356U 73007  A 74289.73183297  .00000006 +00000-0 +00000-0 3  9996
2 06356 065.1514 175.7114 7145888 271.6876 015.2217 02.00584218012458
1 06356U 73007  A 74303.69119119  .00000035 +00000-0 +00000-0 3  9992
2 06356 065.1664 174.0415 7144701 271.3442 015.3444 02.00583702012730
1 06356U 73007  A 74320.14320802  .00000082 +00000-0 +00000-0 3  9996
2 06356 065.1396 172.0850 7144365 270.9587 015.4759 02.00584520013060
1 06356U 73007  A 74328.61841010  .00000105 +00000-0 +00000-0 3  9991
2 06356 065.1363 171.0701 7143969 270.7892 015.5362 02.00586008013237
1 06356U 73007  A 74348.06121396  .00000152 +00000-0 +00000-0 3  9992
2 06356 065.1346 168.7517 7143027 270.3344 015.6973 02.00588718013621
1 06356U 73007  A 74359.02871558  .00000173 +00000-0 +00000-0 3  9995
2 06356 065.1836 167.4425 7141730 270.1188 015.7814 02.00592524013841
1 06356U 73007  A 75022.44338226  .00000208 +00000-0 +00000-0 3  9998
2 06356 065.1434 164.0850 7143327 269.4036 016.0160 02.00603908014418
1 06356U 73007  A 75035.90230130  .00000212 +00000-0 +00000-0 3  9993
2 06356 065.1785 162.4837 7143853 269.0514 016.1354 02.00610198014689
1 06356U 73007  A 75039.89006757  .00000212 +00000-0 +00000-0 3  9991
2 06356 065.2051 162.0140 7143889 268.9680 016.1645 02.00612118014766
1 06356U 73007  A 75054.84383201  .00000207 +00000-0 +00000-0 3  9999
2 06356 065.1834 160.2245 7147021 268.5923 016.2717 02.00619073015060
1 06356U 73007  A 75060.82520532  .00000203 +00000-0 +00000-0 3  9990
2 06356 065.1847 159.5196 7148830 268.4326 016.3137 02.00621590015182
1 06356U 73007  A 75075.27977180  .00000183 +00000-0 +00000-0 3  9997
2 06356 065.1756 157.8111 7153045 268.0859 016.4029 02.00628489015477
1 06356U 73007  A 75088.73695564  .00000157 +00000-0 +00000-0 3  9996
2 06356 065.1741 156.1851 7156825 267.7718 016.4848 02.00634798015742
1 06356U 73007  A 75099.70181560  .00000131 +00000-0 +00000-0 3  9993
2 06356 065.1831 154.8591 7159173 267.4827 016.5696 02.00639249015967
1 06356U 73007  A 75112.66012187  .00000098 +00000-0 +00000-0 3  9994
2 06356 065.1813 153.2816 7162406 267.1692 016.6570 02.00642424016221
1 06356U 73007  A 75115.65047502  .00000090 +00000-0 +00000-0 3  9997
2 06356 065.1868 152.9136 7163194 267.1018 016.6752 02.00642965016287
1 06356U 73007  A 75120.63442892  .00000076 +00000-0 +00000-0 3  9996
2 06356 065.1829 152.3043 7163422 266.9898 016.7143 02.00643244016389
1 06356U 73007  A 75126.61510275  .00000058 +00000-0 +00000-0 3  9991
2 06356 065.1989 151.5885 7164364 266.8591 016.7544 02.00644308016507
1 06356U 73007  A 75134.58918855  .00000033 +00000-0 +00000-0 3  9995
2 06356 065.1631 150.6014 7165782 266.7056 016.7992 02.00645776016669
1 06356U 73007  A 75138.57623480  .00000020 +00000-0 +00000-0 3  9991
2 06356 065.1637 150.1312 7166795 266.6307 016.8183 02.00646656016744
1 06356U 73007  A 75140.56977414  .00000014 +00000-0 +00000-0 3  9995
2 06356 065.1564 149.8862 7167147 266.5713 016.8373 02.00646577016787
1 06356U 73007  A 75146.55035873  .00000004 +00000-0 +00000-0 3  9993
2 06356 065.1357 149.1453 7167546 266.4425 016.8818 02.00646665016904
1 06356U 73007  A 75152.03259181  .00000021 +00000-0 +00000-0 3  9992
2 06356 065.1340 148.4832 7168615 266.3103 016.9219 02.00646358017017
1 06356U 73007  A 75165.98733281  .00000064 +00000-0 +00000-0 3  9995
2 06356 065.1360 146.7721 7170080 266.0020 017.0250 02.00645549017299
1 06356U 73007  A 75168.97766303  .00000072 +00000-0 +00000-0 3  9997
2 06356 065.1396 146.3985 7171084 265.9279 017.0446 02.00644944017357
1 06356U 73007  A 75177.45030875  .00000097 +00000-0 +00000-0 3  9995
2 06356 065.1507 145.3766 7171967 265.7261 017.1128 02.00643141017521
1 06356U 73007  A 75180.44066615  .00000106 +00000-0 +00000-0 3  9990
2 06356 065.1563 145.0316 7174415 265.6373 017.1255 02.00642752017589
1 06356U 73007  A 75191.90382619  .00000058 +00000-0 +11222-1 0  9990
2 06356 065.2071 143.6463 7176293 265.3650 017.2127 02.00644097017811
1 06356U 73007  A 75217.82128664  .00000188 +00000-0 +00000-0 3  9996
2 06356 065.1922 140.4989 7187822 264.7371 017.3529 02.00630305018338
1 06356U 73007  A 75225.29773710  .00000197 +00000-0 +00000-0 3  9994
2 06356 065.2086 139.5740 7192625 264.5855 017.3693 02.00626596018481
1 06356U 73007  A 75229.28521438  .00000202 +00000-0 +00000-0 3  9992
2 06356 065.1893 139.0941 7193424 264.4637 017.4094 02.00625048018565
1 06356U 73007  A 75235.26655766  .00000206 +00000-0 +00000-0 3  9993
2 06356 065.2117 138.3632 7197520 264.3373 017.4224 02.00622271018684
1 06356U 73007  A 75251.21719931  .00000208 +00000-0 +00000-0 3  9993
2 06356 065.1748 136.3780 7205572 263.9417 017.5050 02.00614037019002
1 06356U 73007  A 75257.19882297  .00000206 +00000-0 +00000-0 3  9990
2 06356 065.1774 135.6248 7207378 263.7999 017.5449 02.00611302019128
1 06356U 73007  A 75261.68509293  .00000203 +00000-0 +00000-0 3  9998
2 06356 065.1932 135.0568 7210369 263.7080 017.5545 02.00609460019217
1 06356U 73007  A 75264.67598724  .00000200 +00000-0 +00000-0 3  9994
2 06356 065.1845 134.6728 7212205 263.6423 017.5635 02.00607884019278
1 06356U 73007  A 75266.66992949  .00000198 +00000-0 +00000-0 3  9998
2 06356 065.1868 134.4151 7213007 263.5999 017.5734 02.00606856019312
1 06356U 73007  A 75269.16236401  .00000195 +00000-0 +00000-0 3  9997
2 06356 065.1860 134.0983 7213499 263.5448 017.5903 02.00605696019361
1 06356U 73007  A 75274.64576193  .00000189 +00000-0 +00000-0 3  9994
2 06356 065.1999 133.4165 7216217 263.4127 017.6185 02.00603274019478
1 06356U 73007  A 75277.13822980  .00000186 +00000-0 +00000-0 3  9996
2 06356 065.1912 133.0970 7218482 263.3540 017.6214 02.00602220019526
1 06356U 73007  A 75281.12621401  .00000179 +00000-0 +00000-0 3  9997
2 06356 065.1848 132.5855 7219463 263.2658 017.6472 02.00600515019609
1 06356U 73007  A 75286.11125133  .00000172 +00000-0 +00000-0 3  9995
2 06356 065.1552 131.9758 7220550 263.1563 017.6812 02.00598417019705
1 06356U 73007  A 75288.60378218  .00000167 +00000-0 +00000-0 3  9999
2 06356 065.1642 131.6583 7222152 263.0906 017.6926 02.00597502019753
1 06356U 73007  A 75317.01927277  .00000101 +00000-0 +00000-0 3  9990
2 06356 065.1986 128.0177 7230942 262.4939 017.8519 02.00589268020323
1 06356U 73007  A 75341.94581938 -.00000031 +00000-0 +00000-0 3  9992
2 06356 065.1742 124.8796 7239563 261.9260 018.0031 02.00585930020822
1 06356U 73007  A 75343.93994999 -.00000025 +00000-0 +00000-0 3  9991
2 06356 065.1681 124.6302 7241543 261.9080 017.9923 02.00585785020866
1 06356U 73007  A 75347.92824886 -.00000012 +00000-0 +00000-0 3  9997
2 06356 065.1480 124.1183 7242893 261.8248 018.0137 02.00585488020947
1 06356U 73007  A 75351.41801019 -.00000002 +00000-0 +00000-0 3  9998
2 06356 065.1408 123.6801 7243020 261.7378 018.0484 02.00585357021013
1 06356U 73007  A 75364.87839935  .00000037 +00000-0 +00000-0 3  9997
2 06356 065.1515 121.9834 7250223 261.3994 018.1206 02.00586389021280
1 06356U 73007  A 76006.35931921  .00000056 +00000-0 +00000-0 3  9993
2 06356 065.1611 121.1658 7254988 261.2175 018.1516 02.00587207021414
1 06356U 73007  A 76013.33875178  .00000077 +00000-0 +00000-0 3  9993
2 06356 065.1527 120.2728 7258057 261.0647 018.1861 02.00588264021553
1 06356U 73007  A 76018.82253980  .00000753 +00000-0 +61886-1 0  9991
2 06356 065.1362 119.6148 7260561 260.9053 018.2291 02.00592644021667
1 06356U 73007  A 76034.77505350  .00000134 +00000-0 +00000-0 3  9990
2 06356 065.1536 117.5244 7276027 260.5854 018.2173 02.00594588021986
1 06356U 73007  A 76047.23760509  .00000161 +00000-0 +00000-0 3  9994
2 06356 065.1580 115.8861 7285201 260.3196 018.2422 02.00599855022230
1 06356U 73007  A 76049.23157644  .00000165 +00000-0 +00000-0 3  9990
2 06356 065.1560 115.6065 7286809 260.2834 018.2421 02.00600767022273
1 06356U 73007  A 76053.71795415  .00000173 +00000-0 +00000-0 3  9991
2 06356 065.1476 115.0015 7288061 260.1885 018.2701 02.00602996022362
1 06356U 73007  A 76055.71183013  .00000174 +00000-0 +00000-0 3  9999
2 06356 065.1546 114.7436 7289940 260.1380 018.2736 02.00604925022407
1 06356U 73007  A 76060.19820737  .00000181 +00000-0 +00000-0 3  9996
2 06356 065.1539 114.1538 7294181 260.0398 018.2749 02.00606836022493
1 06356U 73007  A 76062.69061422  .00000186 +00000-0 +00000-0 3  9996
2 06356 065.1472 113.8074 7295913 260.0037 018.2736 02.00608018022540
1 06356U 73007  A 76070.16775083  .00000195 +00000-0 +00000-0 3  9992
2 06356 065.1395 112.7986 7298682 259.8458 018.3139 02.00611326022693
1 06356U 73007  A 76077.64470624  .00000203 +00000-0 +00000-0 3  9995
2 06356 065.1317 111.7581 7303968 259.7083 018.3217 02.00615088022847
1 06356U 73007  A 76079.63853406  .00000203 +00000-0 +00000-0 3  9999
2 06356 065.1456 111.4912 7304158 259.6535 018.3430 02.00616052022882
1 06356U 73007  A 76090.60448264  .00000208 +00000-0 +00000-0 3  9996
2 06356 065.1425 109.9783 7309134 259.4630 018.3762 02.00621483023107
1 06356U 73007  A 76091.60131025  .00000208 +00000-0 +00000-0 3  9991
2 06356 065.1428 109.8314 7309899 259.4461 018.3763 02.00622531023127
1 06356U 73007  A 76094.59199571  .00000208 +00000-0 +00000-0 3  9992
2 06356 065.1137 109.4201 7309458 259.4079 018.3966 02.00623577023183
1 06356U 73007  A 76102.56680200  .00000202 +00000-0 +00000-0 3  9997
2 06356 065.0923 108.3569 7314762 259.2274 018.4228 02.00628405023344
1 06356U 73007  A 76110.54145998  .00000192 +00000-0 +00000-0 3  9992
2 06356 065.0870 107.2785 7317858 259.0981 018.4483 02.00633652023506
1 06356U 73007  A 76116.52243370  .00000186 +00000-0 +00000-0 3  9992
2 06356 065.0686 106.4570 7321237 258.9774 018.4673 02.00636093023624
1 06356U 73007  A 76122.50333116  .00000176 +00000-0 +00000-0 3  9994
2 06356 065.0527 105.6399 7320732 258.8375 018.5324 02.00638549023748
1 06356U 73007  A 76125.49372052  .00000169 +00000-0 +00000-0 3  9999
2 06356 065.0499 105.2492 7322576 258.7761 018.5410 02.00639802023808
1 06356U 73007  A 76130.47771831  .00000161 +00000-0 +00000-0 3  9993
2 06356 065.0688 104.5589 7325152 258.6555 018.5679 02.00641717023906
1 06356U 73007  A 76141.44220063  .00000134 +00000-0 +00000-0 3  9998
2 06356 065.0855 103.0770 7329943 258.4077 018.6290 02.00646394024128
1 06356U 73007  A 76145.42924833  .00000123 +00000-0 +00000-0 3  9994
2 06356 065.0861 102.5266 7331089 258.3252 018.6537 02.00647984024206
1 06356U 73007  A 76147.92114304  .00000116 +00000-0 +00000-0 3  9997
2 06356 065.0966 102.1919 7331245 258.2657 018.6779 02.00648774024256
1 06356U 73007  A 76155.39676952  .00000092 +00000-0 +00000-0 3  9992
2 06356 065.0939 101.2158 7336108 258.0746 018.7140 02.00650894024407
1 06356U 73007  A 76157.39024733  .00000087 +00000-0 +00000-0 3  9992
2 06356 065.0880 100.9352 7337556 258.0363 018.7166 02.00651509024443
1 06356U 73007  A 76163.37065072  .00000067 +00000-0 +00000-0 3  9996
2 06356 065.0912 100.1235 7339771 257.9002 018.7542 02.00652917024565
1 06356U 73007  A 76165.36411904  .00000060 +00000-0 +00000-0 3  9999
2 06356 065.0882 099.8671 7341758 257.8546 018.7550 02.00653268024603
1 06356U 73007  A 76172.34120605  .00000037 +00000-0 +00000-0 3  9994
2 06356 065.1353 098.9146 7347970 257.7372 018.7458 02.00654604024749
1 06356U 73007  A 76178.32160997  .00000017 +00000-0 +00000-0 3  9994
2 06356 065.1239 098.1116 7350605 257.6112 018.7752 02.00654857024861
1 06356U 73007  A 76187.29208275 -.00000012 +00000-0 +00000-0 3  9998
2 06356 065.1465 096.8752 7358228 257.4126 018.7873 02.00655883025040
1 06356U 73007  A 76190.28222939 -.00000023 +00000-0 +00000-0 3  9996
2 06356 065.1423 096.4737 7360126 257.3357 018.8030 02.00655996025106
1 06356U 73007  A 76196.26260467 -.00000041 +00000-0 +00000-0 3  9998
2 06356 065.0784 095.6444 7366509 257.1826 018.8076 02.00655842025224
1 06356U 73007  A 76211.21360023 -.00000085 +00000-0 +00000-0 3  9998
2 06356 065.1026 093.5307 7377548 256.8895 018.8284 02.00654279025523
1 06356U 73007  A 76216.19728542 -.00000098 +00000-0 +00000-0 3  9998
2 06356 065.1079 092.7959 7379424 256.8008 018.8490 02.00653362025628
1 06356U 73007  A 76222.17773306 -.00000115 +00000-0 +00000-0 3  9991
2 06356 065.1062 091.9579 7385643 256.6800 018.8407 02.00652219025748
1 06356U 73007  A 76224.17122965 -.00000119 +00000-0 +00000-0 3  9996
2 06356 065.1139 091.6596 7387354 256.6579 018.8339 02.00651799025783
1 06356U 73007  A 76229.15501352 -.00000131 +00000-0 +00000-0 3  9994
2 06356 065.1006 090.9368 7388528 256.5719 018.8603 02.00650545025887
1 06356U 73007  A 76230.15176609 -.00000134 +00000-0 +00000-0 3  9992
2 06356 065.0985 090.7953 7389022 256.5571 018.8622 02.00650260025904
1 06356U 73007  A 76235.13558362 -.00000145 +00000-0 +00000-0 3  9997
2 06356 065.1029 090.0946 7392672 256.4515 018.8727 02.00648781026004
1 06356U 73007  A 76239.12267169 -.00000152 +00000-0 +00000-0 3  9990
2 06356 065.1004 089.5036 7395426 256.3860 018.8747 02.00647622026085
1 06356U 73007  A 76244.10651025 -.00000162 +00000-0 +00000-0 3  9993
2 06356 065.0738 088.7686 7396408 256.3027 018.9020 02.00646190026181
1 06356U 73007  A 76256.06799449 -.00000180 +00000-0 +00000-0 3  9994
2 06356 065.0865 086.9956 7402074 256.0951 018.9386 02.00641920026420
1 06356U 73007  A 76260.05520959 -.00000186 +00000-0 +00000-0 3  9992
2 06356 065.0679 086.4306 7403250 256.0100 018.9652 02.00640337026506
1 06356U 73007  A 76264.04246281 -.00000190 +00000-0 +00000-0 3  9993
2 06356 065.0716 085.8481 7406184 255.9380 018.9680 02.00638783026583
1 06356U 73007  A 76272.01702201 -.00000197 +00000-0 +00000-0 3  9995
2 06356 065.0826 084.6566 7406956 255.7881 019.0281 02.00635665026740
1 06356U 73007  A 76274.01067399 -.00000199 +00000-0 +00000-0 3  9991
2 06356 065.0728 084.3757 7408506 255.7441 019.0325 02.00634914026784
1 06356U 73007  A 76277.99802636 -.00000200 +00000-0 +00000-0 3  9995
2 06356 065.0699 083.7794 7411247 255.6814 019.0331 02.00633349026861
1 06356U 73007  A 76280.98857025 -.00000200 +00000-0 +00000-0 3  9990
2 06356 065.0684 083.3263 7411179 255.6341 019.0556 02.00632099026928
1 06356U 73007  A 76286.96969826 -.00000203 +00000-0 +00000-0 3  9990
2 06356 065.0698 082.4712 7411673 255.4987 019.1121 02.00629498027047
1 06356U 73007  A 76298.93215644 -.00000202 +00000-0 +00000-0 3  9991
2 06356 065.0233 080.7394 7415820 255.2568 019.1811 02.00624426027288
1 06356U 73007  A 76302.42125142 -.00000202 +00000-0 +00000-0 3  9994
2 06356 065.0223 080.2505 7419118 255.1760 019.1845 02.00623022027359
1 06356U 73007  A 76305.91039876 -.00000199 +00000-0 +00000-0 3  9994
2 06356 065.0119 079.7313 7421096 255.1172 019.1914 02.00621610027424
1 06356U 73007  A 76316.87641308 -.00000191 +00000-0 +00000-0 3  9992
2 06356 065.0146 078.1766 7425905 254.8640 019.2589 02.00617070027646
1 06356U 73007  A 76317.87333831 -.00000190 +00000-0 +00000-0 3  9991
2 06356 065.0165 078.0339 7426852 254.8442 019.2583 02.00616690027667
1 06356U 73007  A 76322.85798156 -.00000182 +00000-0 +00000-0 3  9991
2 06356 065.0228 077.2857 7428907 254.7570 019.2778 02.00614819027765
1 06356U 73007  A 76326.34723548 -.00000179 +00000-0 +00000-0 3  9998
2 06356 065.0221 076.7947 7430342 254.6617 019.3070 02.00613563027838
1 06356U 73007  A 76333.82432546 -.00000167 +00000-0 +00000-0 3  9991
2 06356 065.0292 075.7173 7437723 254.5124 019.3003 02.00611079027980
1 06356U 73007  A 76340.80300917 -.00000154 +00000-0 +00000-0 3  9999
2 06356 065.0207 074.7131 7441139 254.3604 019.3364 02.00608965028123
1 06356U 73007  A 76344.29237751 -.00000147 +00000-0 +00000-0 3  9993
2 06356 065.0221 074.2110 7445339 254.2885 019.3260 02.00608080028197
1 06356U 73007  A 76347.78176339 -.00000137 +00000-0 +00000-0 3  9993
2 06356 065.0259 073.6835 7448527 254.2352 019.3180 02.00607345028268
1 06356U 73007  A 76351.27114443 -.00000129 +00000-0 +00000-0 3  9991
2 06356 065.0229 073.1592 7449732 254.1679 019.3372 02.00606669028339
1 06356U 73007  A 77010.19541087 -.00000112 +00000-0 +00000-0 0  9992
2 06356 064.9734 069.3539 7463323 253.8122 019.4834 02.00609082028838
1 06356U 73007  A 77012.68764186 -.00000137 +00000-0 +00000-0 0  9992
2 06356 064.9716 068.9769 7464514 253.7722 019.3628 02.00609024028887
1 06356U 73007  A 77015.18003579 -.00000171 +00000-0 +00000-0 0  9990
2 06356 064.9690 068.5989 7465994 253.7219 019.4360 02.00610075028930
1 06356U 73007  A 77021.66023410 -.00000123 +00000-0 +00000-0 0  9993
2 06356 064.9556 067.6148 7469219 253.5978 019.4519 02.00611594029060
1 06356U 73007  A 77024.65099128 -.00000139 +00000-0 +00000-0 0  9991
2 06356 064.9280 067.1586 7471704 253.5188 019.4937 02.00616079029124
1 06356U 73007  A 77032.62628782  .00000101 +00000-0 +26268-3 0  9996
2 06356 064.9385 065.9336 7474463 253.3985 019.5034 02.00621486029281
1 06356U 73007  A 77037.61068939 -.00002069 +00000-0 -27123-2 0  9999
2 06356 064.9444 065.1626 7473413 253.1611 019.5511 02.00625024029382
1 06356U 73007  A 77038.60752607 -.00000045 +00000-0 +00000-0 0  9995
2 06356 064.9436 065.0105 7473911 253.1455 019.4307 02.00608997029408
1 06356U 73007  A 77039.60460099  .00000268 +00000-0 +37578-3 0  9996
2 06356 064.9280 064.8708 7478289 253.2748 019.6696 02.00630041029420
1 06356U 73007  A 77040.60108995  .00000235 +00000-0 +37578-3 0  9996
2 06356 064.9121 064.7220 7476905 253.1894 019.4475 02.00632005029443
1 06356U 73007  A 77047.57900756  .00000333 +00000-0 +37578-3 0  9993
2 06356 064.9152 063.6479 7482196 253.1264 019.5188 02.00638694029588
1 06356U 73007  A 77052.56295049  .00000390 +00000-0 +37578-3 0  9993
2 06356 064.8945 062.8852 7486597 253.0296 019.6339 02.00650862029687
1 06356U 73007  A 77062.53005766  .00000559 +00000-0 +37578-3 0  9993
2 06356 064.8863 061.3476 7490955 252.8790 019.4967 02.00662109029885
1 06356U 73007  A 77069.50677224  .00000567 +00000-0 +37578-3 0  9990
2 06356 064.8940 060.2549 7493382 252.7413 019.6179 02.00673350030023
1 06356U 73007  A 77080.96771434  .00000699 +00000-0 +37578-3 0  9997
2 06356 064.8853 058.4670 7498313 252.5468 019.6994 02.00693072030250
1 06356U 73007  A 77083.95716583  .00000731 +00000-0 +37578-3 0  9990
2 06356 064.8801 058.0004 7499226 252.4772 019.5761 02.00697427030317
1 06356U 73007  A 77086.44853507  .00000791 +00000-0 +37578-3 0  9991
2 06356 064.8779 057.6120 7500237 252.4399 019.6153 02.00702601030367
1 06356U 73007  A 77088.93981142  .00000942 +00000-0 +37578-3 0  9992
2 06356 064.8653 057.2029 7502793 252.3889 019.6111 02.00707204030418
1 06356U 73007  A 77089.93632011  .00000969 +00000-0 +37578-3 0  9990
2 06356 064.8644 057.0471 7503190 252.3741 019.6327 02.00709059030437
1 06356U 73007  A 77093.92212279 -.00000055 +00000-0 +28640-4 0  9992
2 06356 064.8516 056.4593 7506069 252.2827 019.4608 02.00705014030511
1 06356U 73007  A 77101.39605799  .00000529 +00000-0 +19119-3 0  9991
2 06356 064.8485 055.2700 7508890 252.1982 019.8888 02.00716544030668
1 06356U 73007  A 77104.38506244  .00000552 +00000-0 +19119-3 0  9994
2 06356 064.8456 054.8002 7510072 252.1544 019.7505 02.00721882030728
1 06356U 73007  A 77106.87597640  .00000545 +00000-0 +19119-3 0  9992
2 06356 064.8432 054.4083 7511047 252.1181 019.7605 02.00726577030779
1 06356U 73007  A 77109.86501207  .00000610 +00000-0 +19119-3 0  9991
2 06356 064.8451 053.9346 7512945 252.0559 019.8235 02.00733665030835
1 06356U 73007  A 77113.85022562  .00000710 +00000-0 +19119-3 0  9998
2 06356 064.8490 053.3001 7514579 251.9936 019.8419 02.00743161030917
1 06356U 73007  A 77117.33712743  .00000810 +00000-0 +19119-3 0  9993
2 06356 064.8289 052.7585 7515938 251.9241 019.8330 02.00751978030986
1 06356U 73007  A 77123.31438440  .00000939 +00000-0 +19119-3 0  9999
2 06356 064.8156 051.8109 7518736 251.8478 019.9266 02.00769324031109
1 06356U 73007  A 77128.29490368  .00001098 +00000-0 +19119-3 0  9995
2 06356 064.8051 051.0221 7520589 251.7695 019.9097 02.00786114031208
1 06356U 73007  A 77131.78098919  .00001231 +00000-0 +19119-3 0  9998
2 06356 064.8311 050.4523 7521990 251.7230 019.8997 02.00799616031273
1 06356U 73007  A 77133.77285217  .00001505 +00000-0 +22466-3 0  9991
2 06356 064.7967 050.1707 7521929 251.6419 019.9146 02.00812410031310
1 06356U 73007  A 77136.26257292  .00002253 +00000-0 +26496-3 0  9998
2 06356 064.8145 049.7634 7523557 251.6106 020.1359 02.00838099031360
1 06356U 73007  A 77137.75587434  .00002286 +00000-0 +26627-3 0  9999
2 06356 064.8309 049.5237 7523673 251.5782 019.8743 02.00847058031397
1 06356U 73007  A 77140.74284692  .00004557 +00000-0 +41234-3 0  9996
2 06356 064.7935 049.0589 7524636 251.5295 020.0932 02.00897377031455
1 06356U 73007  A 77143.23123875  .00004515 +00000-0 +38693-3 0  9997
2 06356 064.8033 048.6381 7525174 251.4954 019.9224 02.00923570031501
1 06356U 73007  A 77145.22188809  .00004944 +00000-0 +40243-3 0  9996
2 06356 064.7788 048.3522 7525478 251.4593 019.9291 02.00949270031540
1 06356U 73007  A 77146.21706153  .00005090 +00000-0 +40752-3 0  9992
2 06356 064.8079 048.1557 7525554 251.4472 019.9549 02.00963929031566
1 06356U 73007  A 77147.70955537  .00005567 +00000-0 +38942-3 0  9996
2 06356 064.7765 047.9414 7526783 251.4151 019.9259 02.00993922031592
1 06356U 73007  A 77147.70969920  .00005520 +00000-0 +41538-3 0  9991
2 06356 064.8032 047.9204 7526021 251.4297 019.9840 02.00987986031592
1 06356U 73007  A 77157.16001906  .00014540 +00000-0 +63866-3 0  9993
2 06356 064.7738 046.4118 7529060 251.2748 020.8932 02.01198829031782
1 06356U 73007  A 77160.14014632  .00013895 +00000-0 +59311-3 0  9997
2 06356 064.7399 045.9509 7528756 251.2324 019.9508 02.01287394031845
1 06356U 73007  A 77161.63035651  .00014678 +00000-0 +64263-3 0  9998
2 06356 064.7487 045.7029 7528060 251.2029 020.0195 02.01339442031878
1 06356U 73007  A 77164.11316741  .00016042 +00000-0 +58231-3 0  9991
2 06356 064.7373 045.3048 7529089 251.1686 020.1073 02.01429924031926
1 06356U 73007  A 77165.10576781  .00016622 +00000-0 +58083-3 0  9992
2 06356 064.7362 045.1445 7529092 251.1553 020.0239 02.01469925031940
1 06356U 73007  A 77166.09829010  .00016841 +00000-0 +53872-3 0  9991
2 06356 064.7352 044.9849 7529601 251.1295 019.9875 02.01506432031963
1 06356U 73007  A 77171.05888025  .00023838 +00000-0 +77354-3 0  9999
2 06356 064.7218 044.1868 7526864 251.0550 021.4037 02.01783107032064
1 06356U 73007  A 77212.97062391  .08446859 +00000-0 +27217-2 0  9998
2 06356 064.6044 037.1611 7460932 250.5786 020.8172 02.12534286032928
1 06356U 73007  A 77228.60048237  .14567831 +00000-0 +36661-2 0  9992
2 06356 064.5736 034.3243 7371651 250.2950 021.9665 02.23780137033261
1 06356U 73007  A 77231.71228455  .00390125 +00000-0 +00000-0 1  9992
2 06356 064.5736 033.7645 7348912 250.2431 022.3828 02.26184177033337
