1 02817U 67051  A 67144.59715972  .00000000 +00000-0 +00000-0 0  9994
2 02817 067.1720 167.7340 9417700 179.9860 000.0120 00.22647430000000
1 02817U 67051  A 67300.54166666  .00000000 +00000-0 +00000-0 0  9993
2 02817 067.1720 165.7625 9417700 179.3573 114.2847 00.22647430000351
1 02817U 67051  A 68013.37629999  .00000000 +00000-0 +00000-0 0  9999
2 02817 067.5699 166.0100 9123100 184.2799 000.6139 00.23100499000638
1 02817U 67051  A 68056.27777778  .00000000 +00000-0 +00000-0 0  9994
2 02817 071.5230 166.2090 9081800 185.5640 337.3600 00.23192891000633
1 02817U 67051  A 68250.58541667  .00000000 +00000-0 +00000-0 0  9990
2 02817 071.3450 165.5230 9107299 190.5930 301.9800 00.23169674001095
1 02817U 67051  A 69019.00000000  .00000000 +00000-0 +00000-0 0  9992
2 02817 068.5760 164.1430 9249200 193.6220 324.5720 00.23157269001403
1 02817U 67051  A 69032.00000000  .00000000 +00000-0 +00000-0 0  9997
2 02817 069.4550 164.2759 9259499 193.7020 326.5000 00.23139856001433
1 02817U 67051  A 69049.00000000  .00000000 +00000-0 +00000-0 0  9995
2 02817 071.5550 164.7120 9288199 194.1368 299.8930 00.23167869001476
