1 21764U 91074  F 91299.34901561  .00004583 +00000-0 +15715-2 0  9991
2 21764 047.4689 271.3803 7292416 000.7147 359.7719 02.26146493000080
1 21764U 91074  F 91303.32810068  .00006874 +00000-0 +22475-2 0  9992
2 21764 047.4599 270.2876 7293074 001.7597 359.6893 02.26204362000171
1 21764U 91074  F 91304.21220150  .00006966 +00000-0 +22499-2 0  9996
2 21764 047.4558 270.0415 7293232 001.9950 359.6624 02.26216407000191
1 21764U 91074  F 91306.42223361  .00007201 +00000-0 +22543-2 0  9991
2 21764 047.4467 269.4269 7293635 002.5821 359.5785 02.26246947000245
1 21764U 91074  F 91309.07385760  .00007534 +00000-0 +22726-2 0  9999
2 21764 047.4342 268.6867 7294093 003.2905 359.4777 02.26285482000306
1 21764U 91074  F 91317.90827941  .00009738 +00000-0 +24805-2 0  9990
2 21764 047.4077 266.2835 7296097 005.5867 359.2176 02.26459248000504
1 21764U 91074  F 91321.88176476  .00010349 +00000-0 +24706-2 0  9992
2 21764 047.3931 265.1741 7296742 006.6456 359.1400 02.26535057000590
1 21764U 91074  F 91322.32318896  .00010294 +00000-0 +24576-2 0  9990
2 21764 047.3888 265.0396 7296903 006.7736 359.1395 02.26544079000606
1 21764U 91074  F 91322.32319024  .00010421 +00000-0 +24576-2 0  9996
2 21764 047.3888 265.0395 7296903 006.7735 359.1395 02.26544079000604
1 21764U 91074  F 91324.08863463  .00010763 +00000-0 +24549-2 0  9991
2 21764 047.3741 264.5351 7297238 007.2512 359.0897 02.26581210000647
1 21764U 91074  F 91325.85379067  .00011099 +00000-0 +24549-2 0  9992
2 21764 047.3678 264.0409 7297514 007.7229 359.0319 02.26618998000689
1 21764U 91074  F 91329.82433218  .00011286 +00000-0 +22605-2 0  9991
2 21764 047.3313 262.9008 7298600 008.8253 358.9833 02.26710736000775
1 21764U 91074  F 91331.14745538  .00011568 +00000-0 +23411-2 0  9999
2 21764 047.3007 262.5344 7298152 009.1944 358.9536 02.26743516000803
1 21764U 91074  F 91332.02941146  .00011915 +00000-0 +23229-2 0  9993
2 21764 047.2977 262.2900 7298635 009.4243 358.9404 02.26768021000828
1 21764U 91074  F 91333.79305365  .00012274 +00000-0 +23273-2 0  9993
2 21764 047.3024 261.7847 7298985 009.9008 358.8627 02.26811489000865
1 21764U 91074  F 91334.23389663  .00012572 +00000-0 +23025-2 0  9992
2 21764 047.3049 261.6542 7299313 010.0156 358.8403 02.26823285000876
1 21764U 91074  F 91334.23389791  .00012431 +00000-0 +23390-2 0  9993
2 21764 047.3059 261.6531 7299026 010.0259 358.8397 02.26823239000871
1 21764U 91074  F 91337.31934713  .00013326 +00000-0 +23058-2 0  9990
2 21764 047.2928 260.7844 7299698 010.8488 358.7286 02.26900263000946
1 21764U 91074  F 91337.31934928  .00013188 +00000-0 +23118-2 0  9991
2 21764 047.2929 260.7848 7299654 010.8501 358.7316 02.26900277000948
1 21764U 91074  F 91339.52262353  .00013277 +00000-0 +21419-2 0  9993
2 21764 047.2748 260.1638 7300510 011.4233 358.9586 02.26972203000995
1 21764U 91074  F 91341.72473390  .00014722 +00000-0 +24260-2 0  9996
2 21764 047.2669 259.5683 7299393 012.0624 358.6535 02.27044692001047
1 21764U 91074  F 91343.48627078  .00015097 +00000-0 +24314-2 0  9991
2 21764 047.2653 259.0473 7299308 012.5659 358.7203 02.27104395001085
1 21764U 91074  F 91348.32661687  .00019613 +00000-0 +25986-2 0  9997
2 21764 047.2599 257.6361 7300909 013.8103 358.5087 02.27328319001196
1 21764U 91074  F 91348.76648470  .00019783 +00000-0 +25322-2 0  9992
2 21764 047.2576 257.5106 7301292 013.9125 358.5878 02.27349888001202
1 21764U 91074  F 91349.20619357  .00020162 +00000-0 +25931-2 0  9993
2 21764 047.2472 257.3924 7300935 014.0450 358.4896 02.27369480001219
1 21764U 91074  F 91352.72305378  .00021860 +00000-0 +26279-2 0  9991
2 21764 047.2279 256.3967 7300744 015.0017 358.3839 02.27542004001297
1 21764U 91074  F 91352.72347587  .00022085 +00000-0 +26559-2 0  9990
2 21764 047.2288 256.3961 7300625 015.0053 358.7305 02.27542308001298
1 21764U 91074  F 91353.16249776  .00021500 +00000-0 +25538-2 0  9997
2 21764 047.2268 256.2703 7300684 015.1208 358.3672 02.27558746001305
1 21764U 91074  F 91355.35895182  .00025189 +00000-0 +28903-2 0  9994
2 21764 047.2267 255.6552 7300214 015.7422 358.3296 02.27686642001356
1 21764U 91074  F 91357.55437562  .00025171 +00000-0 +27010-2 0  9991
2 21764 047.2070 255.0135 7300368 016.3339 358.2889 02.27796273001408
1 21764U 91074  F 91362.37858803  .00061757 +00000-0 +58102-2 0  9998
2 21764 047.1727 253.6157 7298970 017.6574 358.0759 02.28224196001511
1 21764U 91074  F 91364.13133234  .00042039 -45300-4 +27912-2 0  9992
2 21764 047.1713 253.1121 7301110 018.1266 358.1211 02.28282715001556
1 21764U 91074  F 92001.32063812  .00038770 +28690-5 +30746-2 0  9995
2 21764 047.1682 252.4814 7299773 018.7251 358.0179 02.28455080001608
1 21764U 91074  F 92001.32073476  .00043300 -45500-4 +30637-2 0  9995
2 21764 047.1512 252.4643 7298951 018.7485 358.1015 02.28449056001602
1 21764U 91074  F 92004.38270388  .00050960 -45599-4 +33741-2 0  9992
2 21764 047.1370 251.5865 7297928 019.5917 358.0387 02.28740789001677
1 21764U 91074  F 92004.38306401  .00049915 -45599-4 +32281-2 0  9994
2 21764 047.1550 251.6007 7298283 019.5775 358.2636 02.28731413001676
1 21764U 91074  F 92005.69375561  .00052047 -45700-4 +32459-2 0  9993
2 21764 047.1447 251.2141 7297771 019.9362 358.0318 02.28868976001707
1 21764U 91074  F 92006.13052442  .00058661 -45599-4 +37660-2 0  9996
2 21764 047.1389 251.0918 7296982 020.0578 357.9842 02.28946273001715
1 21764U 91074  F 92010.05784827  .00058588 -45800-4 +35494-2 0  9997
2 21764 047.1328 249.9481 7294542 021.1683 357.7414 02.29350767001809
1 21764U 91074  F 92010.05792264  .00058594 -46000-4 +35303-2 0  9990
2 21764 047.1303 249.9503 7294613 021.1637 357.8031 02.29350682001807
1 21764U 91074  F 92011.36551480  .00059852 -45900-4 +35395-2 0  9995
2 21764 047.1259 249.5663 7293818 021.5326 357.7550 02.29486770001831
1 21764U 91074  F 92012.67232081  .00058525 -46000-4 +33323-2 0  9990
2 21764 047.1225 249.1862 7293216 021.8988 357.6785 02.29621009001868
1 21764U 91074  F 92014.41359496  .00058916 -46000-4 +28671-2 0  9998
2 21764 047.1087 248.6743 7293803 022.3882 357.6706 02.29805839001900
1 21764U 91074  F 92016.15334205  .00052788 +20865-6 +30054-2 0  9993
2 21764 047.1069 248.1524 7291824 022.9445 357.5914 02.29994560001948
1 21764U 91074  F 92022.22895687  .00077732 -46300-4 +30266-2 0  9996
2 21764 047.0797 246.3573 7288557 024.6328 357.5957 02.30860690002088
1 21764U 91074  F 92022.66178558  .00071985 +15386-5 +29694-2 0  9992
2 21764 047.0883 246.2291 7288375 024.7399 357.3869 02.30927893002097
1 21764U 91074  F 92022.66180474  .00074446 -46300-4 +27165-2 0  9998
2 21764 047.0772 246.2297 7288780 024.7339 357.4029 02.30923169002095
1 21764U 91074  F 92024.39293620  .00078347 -46500-4 +27359-2 0  9999
2 21764 047.0710 245.7056 7287361 025.2474 357.3239 02.31174346002137
1 21764U 91074  F 92025.69004777  .00077702 -46400-4 +25122-2 0  9995
2 21764 047.0540 245.3366 7286810 025.5909 357.2152 02.31354739002164
1 21764U 91074  F 92026.98623526  .00074956 -46400-4 +22876-2 0  9998
2 21764 047.0440 244.9502 7286074 025.9578 357.1574 02.31524955002197
1 21764U 91074  F 92028.71302283  .00076817 -46500-4 +23216-2 0  9993
2 21764 047.0469 244.4487 7284234 026.4444 357.2536 02.31775164002233
1 21764U 91074  F 92030.00670317  .00093158 -46600-4 +25349-2 0  9991
2 21764 047.0508 244.0504 7283548 026.7605 357.3755 02.32031137002265
1 21764U 91074  F 92030.00670634  .00078377 -46400-4 +23209-2 0  9990
2 21764 047.0419 244.0651 7283050 026.8131 357.1188 02.31956868002266
1 21764U 91074  F 92033.01907972  .00059838 -46600-4 +19885-2 0  9990
2 21764 047.0502 243.1554 7278597 027.9216 354.9671 02.32312711002331
1 21764U 91074  F 92033.02085505  .00076909 -46600-4 +21574-2 0  9996
2 21764 047.0362 243.1706 7280284 027.6807 356.3737 02.32380279002336
1 21764U 91074  F 92039.87521846  .00099221 -46700-4 +22194-2 0  9990
2 21764 047.0296 241.1039 7270144 029.7416 356.6971 02.34003506002499
1 21764U 91074  F 92040.30248753  .00099205 -46600-4 +20306-2 0  9997
2 21764 047.0284 240.9657 7270426 029.8301 356.6991 02.34082497002506
1 21764U 91074  F 92041.15655656  .00122238 +51060-5 +25189-2 0  9998
2 21764 047.0204 240.7087 7269210 030.0660 356.8160 02.34310586002529
1 21764U 91074  F 92041.58304668  .00121721 -46700-4 +23300-2 0  9993
2 21764 047.0224 240.5963 7268700 030.1746 356.6355 02.34404157002534
1 21764U 91074  F 92044.56500222  .00111770 -46800-4 +21843-2 0  9992
2 21764 047.0093 239.6700 7263606 031.0781 356.2458 02.35021590002600
1 21764U 91074  F 92047.96269226  .00128178 -46800-4 +20201-2 0  9992
2 21764 047.0076 238.6708 7259054 032.0821 356.3938 02.35878283002687
1 21764U 91074  F 92049.23362203  .00124356 +66713-5 +17659-2 0  9995
2 21764 046.9903 238.2180 7257272 032.4994 356.3679 02.36198393002713
1 21764U 91074  F 92049.65682226  .00130695 -46700-4 +14084-2 0  9997
2 21764 046.9854 238.1454 7257526 032.5580 356.3012 02.36305301002726
1 21764U 91074  F 92050.92545019  .00132136 -46800-4 +11805-2 0  9998
2 21764 046.9745 237.7543 7255943 032.9075 356.2801 02.36628964002754
1 21764U 91074  F 92068.46315238  .00159205 -46500-4 +74174-3 0  9996
2 21764 046.8956 232.2906 7215414 038.8083 355.3365 02.42342557003184
1 21764U 91074  F 92072.98703567  .00176213 -46400-4 +12697-2 0  9992
2 21764 046.8722 230.7875 7200916 040.2558 355.1241 02.43906330003297
1 21764U 91074  F 92073.80605778  .00201686 -46199-4 +57115-3 0  9992
2 21764 046.8758 230.5593 7203236 039.8820 355.3876 02.44350538003318
1 21764U 91074  F 92077.47514038  .00229941 -46100-4 +39753-3 0  9991
2 21764 046.8568 229.3770 7193620 040.9147 354.9436 02.46079076003404
1 21764U 91074  F 92077.47797389  .00229940 -46000-4 +40719-3 0  9995
2 21764 046.8543 229.3740 7193424 041.0085 357.4437 02.46080368003404
1 21764U 91074  F 92077.47797420  .00224935 +11455-4 +40719-3 0  9995
2 21764 046.8543 229.3741 7193424 041.0086 357.4437 02.46080368003406
1 21764U 91074  F 92077.88132787  .00231108 -46100-4 +40539-3 0  9995
2 21764 046.8554 229.2468 7192094 041.0406 354.9177 02.46263823003414
1 21764U 91074  F 92083.93412293  .00264800 +12614-4 +62920-3 0  9996
2 21764 046.8718 227.2056 7166051 043.3643 354.6360 02.49397817003560
