1 13218U 82044  E 82146.84690475  .00001449 +00000-0 +94110-3 0  9993
2 13218 047.3065 239.6968 7267324 002.2132 000.0672 02.27279258000218
1 13218U 82044  E 82155.20518100  .00002407 +00000-0 +14115-2 0  9998
2 13218 047.2903 237.3886 7270112 004.4298 359.5851 02.27323969000409
1 13218U 82044  E 82155.64507193  .00002416 +00000-0 +14045-2 0  9998
2 13218 047.2874 237.2646 7270312 004.5393 359.5780 02.27325997000413
1 13218U 82044  E 82158.28435791  .00002521 +00000-0 +14410-2 0  9998
2 13218 047.2832 236.5282 7270666 005.2566 359.5496 02.27338755000473
1 13218U 82044  E 82159.60392764  .00002564 +00000-0 +14256-2 0  9992
2 13218 047.2849 236.1661 7271304 005.5923 359.5223 02.27345182000502
1 13218U 82044  E 82161.36328458  .00002550 +00000-0 +14127-2 0  9999
2 13218 047.2817 235.6728 7271324 006.0703 359.4693 02.27352677000540
1 13218U 82044  E 82162.24294749  .00002450 +00000-0 +13075-2 0  9992
2 13218 047.2744 235.4201 7272173 006.3200 359.4468 02.27356740000568
1 13218U 82044  E 82163.56238489  .00002503 +00000-0 +13141-2 0  9990
2 13218 047.2787 235.0548 7272530 006.6604 359.4113 02.27364037000591
1 13218U 82044  E 82166.20114526  .00002496 +00000-0 +12654-2 0  9998
2 13218 047.2765 234.3206 7273269 007.3729 359.3085 02.27376147000655
1 13218U 82044  E 82166.20114576  .00002767 +00000-0 +14027-2 0  9990
2 13218 047.2699 234.3120 7273308 007.3745 359.3593 02.27380873000653
1 13218U 82044  E 82166.64085937  .00002786 +00000-0 +14028-2 0  9998
2 13218 047.2691 234.1896 7273453 007.4926 359.2965 02.27383242000662
1 13218U 82044  E 82172.35760417  .00002941 +00000-0 +13479-2 0  9998
2 13218 047.2587 232.5995 7275466 009.0358 359.1930 02.27412578000791
1 13218U 82044  E 82173.23702733  .00002819 +00000-0 +12742-2 0  9999
2 13218 047.2551 232.3438 7275703 009.2817 359.1834 02.27419185000815
1 13218U 82044  E 82176.31476983  .00002850 +00000-0 +12096-2 0  9993
2 13218 047.2444 231.4814 7277010 010.1113 359.0472 02.27436017000884
1 13218U 82044  E 82177.19408600  .00002987 +00000-0 +12966-2 0  9998
2 13218 047.2364 231.1922 7276454 010.4100 359.0994 02.27445152000904
1 13218U 82044  E 82179.39215195  .00003412 +00000-0 +13486-2 0  9999
2 13218 047.2526 230.6389 7278470 010.9312 358.9693 02.27464281000958
1 13218U 82044  E 82181.15053731  .00003526 +00000-0 +13679-2 0  9992
2 13218 047.2456 230.1287 7278786 011.4203 358.9157 02.27478060000996
1 13218U 82044  E 82186.42519219  .00003888 +00000-0 +13689-2 0  9997
2 13218 047.2349 228.6514 7280631 012.8458 358.7857 02.27515436001110
1 13218U 82044  E 82188.18320225  .00003984 +00000-0 +13579-2 0  9994
2 13218 047.2354 228.1570 7281230 013.3056 358.7245 02.27528009001154
1 13218U 82044  E 82191.25948698  .00003891 +00000-0 +13153-2 0  9991
2 13218 047.2264 227.2856 7281260 014.1682 358.5965 02.27544704001223
1 13218U 82044  E 82192.13838150  .00003533 +00000-0 +11119-2 0  9993
2 13218 047.2348 227.0363 7282632 014.4079 358.5719 02.27553817001248
1 13218U 82044  E 82194.33548348  .00003583 +00000-0 +10798-2 0  9991
2 13218 047.2268 226.4135 7283399 014.9883 358.4857 02.27569673001292
1 13218U 82044  E 82204.43724570  .00005582 +00000-0 +11995-2 0  9998
2 13218 047.2097 223.5458 7288795 017.7375 358.1387 02.27741889001522
1 13218U 82044  E 82206.19325246  .00008437 +00000-0 +19219-2 0  9999
2 13218 047.2134 223.0876 7287460 018.2004 358.0666 02.27786932001567
1 13218U 82044  E 82207.07120536  .00008049 +00000-0 +15672-2 0  9990
2 13218 047.1893 222.8153 7290312 018.2971 357.8367 02.27791678001586
1 13218U 82044  E 82215.41086691  .00006464 +00000-0 +11620-2 0  9998
2 13218 047.1749 220.4668 7290975 020.7669 357.7873 02.27878243001774
1 13218U 82044  E 82221.11442971  .00006840 +00000-0 +11181-2 0  9999
2 13218 047.1791 218.8610 7291991 022.3483 357.6709 02.27960083001906
1 13218U 82044  E 82225.06147934  .00008240 +00000-0 +10871-2 0  9999
2 13218 047.1395 217.7032 7295030 023.3715 357.4394 02.28033867001998
1 13218U 82044  E 82228.13045708  .00009362 +00000-0 +11207-2 0  9996
2 13218 047.1350 216.8178 7296073 024.1381 357.3748 02.28101319002065
1 13218U 82044  E 82229.00713529  .00010350 +00000-0 +12613-2 0  9997
2 13218 047.1199 216.5715 7295604 024.5804 357.3236 02.28127348002087
1 13218U 82044  E 82232.07493623  .00011015 +00000-0 +12764-2 0  9994
2 13218 047.1153 215.6892 7295940 025.4625 357.1057 02.28186038002155
1 13218U 82044  E 82232.51316991  .00010279 +00000-0 +12030-2 0  9992
2 13218 047.1307 215.5813 7295689 025.6052 357.0978 02.28195988002160
1 13218U 82044  E 82232.51317020  .00010148 +00000-0 +11869-2 0  9990
2 13218 047.1304 215.5810 7295696 025.6059 357.0974 02.28195954002168
1 13218U 82044  E 82236.01825095  .00010325 +00000-0 +00152-3 0  9996
2 13218 047.1024 214.5562 7297763 026.5379 357.0416 02.28269529002242
1 13218U 82044  E 82237.33230998  .00010339 +00000-0 +08213-4 0  9996
2 13218 047.1105 214.1841 7298059 026.9043 356.9606 02.28296399002276
1 13218U 82044  E 82238.20830439  .00010284 +00000-0 +00147-4 0  9996
2 13218 047.1068 213.9292 7299091 027.0956 356.9525 02.28313947002294
1 13218U 82044  E 82239.96007215  .00010725 +00000-0 +06854-4 0  9999
2 13218 047.0926 213.4288 7298330 027.6540 356.9693 02.28356338002338
1 13218U 82044  E 82245.21299760  .00018712 +06927-5 +02215-4 0  9992
2 13218 047.0650 211.9405 7302997 029.1997 356.6672 02.28488731002454
1 13218U 82044  E 82259.63361263  .00031401 +07461-5 +02341-4 0  9995
2 13218 047.0410 207.7442 7306052 033.0961 356.1665 02.29173803002788
1 13218U 82044  E 82260.50619441  .00031487 +07678-5 +07732-4 0  9990
2 13218 047.0419 207.4971 7306426 033.3533 356.1519 02.29217815002807
1 13218U 82044  E 82263.55815269  .00033038 +07652-5 +01267-4 0  9997
2 13218 047.0273 206.6070 7306608 034.1279 356.1123 02.29403138002877
1 13218U 82044  E 82263.99397944  .00033052 +07775-5 +00016-4 0  9993
2 13218 047.0259 206.4787 7306634 034.2519 356.0593 02.29425955002883
