1 12634U 81069  E 81212.40486311  .00000209 +00000-0 +09999-5 0  9993
2 12634 047.2877 282.0625 7305768 359.9342 000.1546 02.22310019000016
1 12634U 81069  E 81222.30059588  .00000223 +00000-0 +09999-5 0  9991
2 12634 047.2689 279.3739 7308373 002.5301 358.8928 02.22284722000235
1 12634U 81069  E 81246.14402617  .00001826 +00000-0 +90148-3 0  9998
2 12634 047.2029 272.9400 7314012 008.7867 005.7058 02.22444157000769
1 12634U 81069  E 81252.42910982  .00004317 +00000-0 +19585-2 0  9998
2 12634 047.1821 271.2363 7316084 010.4197 359.4211 02.22499217000908
1 12634U 81069  E 81257.37180227  .00004772 +00000-0 +19170-2 0  9993
2 12634 047.1483 269.8759 7318434 011.7182 358.8764 02.22544003001016
1 12634U 81069  E 81281.17273930  .00007233 +00000-0 +18060-2 0  9994
2 12634 047.0449 263.3045 7325978 018.0821 358.1007 02.22816169001541
1 12634U 81069  E 81283.41644069  .00007604 +00000-0 +18060-2 0  9990
2 12634 047.0363 262.6828 7326616 018.6832 358.0403 02.22854953001592
1 12634U 81069  E 81290.14535736  .00008856 +00000-0 +18060-2 0  9998
2 12634 047.0181 260.8183 7328495 020.4853 357.8879 02.22970892001747
1 12634U 81069  E 81332.17750306  .00039807 +09232-5 +01477-3 0  9996
2 12634 046.8211 249.0181 7332690 031.9135 356.5117 02.24638891002684
1 12634U 81069  E 81334.84725429  .00044059 +09372-5 +02938-3 0  9993
2 12634 046.8125 248.2584 7331885 032.6519 356.4422 02.24830008002744
