1 21024U 90112  E 91002.74050037  .00005517 +00000-0 +33160-2 0  9993
2 21024 047.2536 268.1045 7275486 003.1642 333.6529 02.26704482000331
1 21024U 90112  E 91002.77245594  .00005203 +00000-0 +31038-2 0  9994
2 21024 047.2483 268.1299 7275668 003.1646 359.7354 02.26705913000334
1 21024U 90112  E 91002.77245595  .00005303 +00000-0 +31038-2 0  9996
2 21024 047.2483 268.1298 7275668 003.1645 359.7354 02.26705914000333
1 21024U 90112  E 91005.85985003  .00005344 +00000-0 +30733-2 0  9999
2 21024 047.2362 267.2698 7276299 003.9862 359.6518 02.26737655000409
1 21024U 90112  E 91006.74185390  .00005513 +00000-0 +31807-2 0  9990
2 21024 047.2294 267.0246 7276134 004.2196 359.6122 02.26748004000425
1 21024U 90112  E 91009.38771272  .00005320 +00000-0 +29751-2 0  9994
2 21024 047.2288 266.2787 7276670 004.9264 359.5345 02.26775831000487
1 21024U 90112  E 91009.82865522  .00005159 +00000-0 +28025-2 0  9998
2 21024 047.2175 266.1595 7277354 005.0358 359.5009 02.26778487000492
1 21024U 90112  E 91010.71055747  .00005083 +00000-0 +27069-2 0  9991
2 21024 047.2165 265.9053 7277307 005.2747 359.4840 02.26785628000519
1 21024U 90112  E 91011.15150889  .00005123 +00000-0 +26909-2 0  9990
2 21024 047.2131 265.7856 7277604 005.3880 359.4929 02.26790159000524
1 21024U 90112  E 91012.03334838  .00005087 +00000-0 +26693-2 0  9995
2 21024 047.2092 265.5466 7278016 005.6197 359.4773 02.26799015000546
1 21024U 90112  E 91012.47425562  .00005229 +00000-0 +26765-2 0  9996
2 21024 047.2058 265.4264 7278117 005.7397 359.4713 02.26803669000554
1 21024U 90112  E 91013.35604257  .00005183 +00000-0 +26652-2 0  9998
2 21024 047.1979 265.1777 7278381 005.9786 359.4539 02.26812523000575
1 21024U 90112  E 91013.79692812  .00005323 +00000-0 +26854-2 0  9990
2 21024 047.1976 265.0541 7278360 006.0993 359.4531 02.26817293000581
1 21024U 90112  E 91015.11952598  .00005078 +00000-0 +24697-2 0  9998
2 21024 047.1954 264.6871 7279106 006.4542 359.4317 02.26829690000611
1 21024U 90112  E 91016.44202031  .00005381 +00000-0 +26165-2 0  9994
2 21024 047.1929 264.3129 7278997 006.8132 359.4254 02.26845949000640
1 21024U 90112  E 91018.20518519  .00005444 +00000-0 +26074-2 0  9990
2 21024 047.1812 263.8193 7279614 007.2944 359.3662 02.26865103000689
1 21024U 90112  E 91018.20518527  .00005539 +00000-0 +26126-2 0  9992
2 21024 047.1860 263.8243 7279563 007.2874 359.3656 02.26865055000682
1 21024U 90112  E 91019.08671513  .00005514 +00000-0 +25925-2 0  9993
2 21024 047.1787 263.5766 7279962 007.5269 359.3368 02.26874659000704
1 21024U 90112  E 91019.96820562  .00005685 +00000-0 +25994-2 0  9995
2 21024 047.1759 263.3300 7280135 007.7647 359.3076 02.26884444000722
1 21024U 90112  E 91021.73106168  .00005795 +00000-0 +25745-2 0  9998
2 21024 047.1702 262.8407 7280646 008.2387 359.2301 02.26903377000767
1 21024U 90112  E 91022.17178793  .00005760 +00000-0 +25211-2 0  9990
2 21024 047.1707 262.7223 7280955 008.3568 359.2228 02.26906905000771
1 21024U 90112  E 91023.05314988  .00005841 +00000-0 +25040-2 0  9996
2 21024 047.1658 262.4767 7281348 008.5924 359.1904 02.26916938000790
1 21024U 90112  E 91024.37513783  .00005907 +00000-0 +25213-2 0  9991
2 21024 047.1520 262.1122 7281331 008.9556 359.1446 02.26931075000821
1 21024U 90112  E 91027.01886045  .00005100 +00000-0 +20524-2 0  9994
2 21024 047.1376 261.3587 7282835 009.6650 359.0178 02.26954669000880
1 21024U 90112  E 91027.01886611  .00006171 +00000-0 +25156-2 0  9998
2 21024 047.1416 261.3722 7282119 009.6699 359.0920 02.26962514000887
1 21024U 90112  E 91028.34072774  .00005065 +00000-0 +20048-2 0  9998
2 21024 047.1411 260.9925 7283092 010.0174 359.0582 02.26967712000910
1 21024U 90112  E 91033.62595765  .00008039 +00000-0 +28929-2 0  9995
2 21024 047.1319 259.4891 7284009 011.4556 358.8869 02.27073468001036
1 21024U 90112  E 91033.62596922  .00007939 +00000-0 +28929-2 0  9999
2 21024 047.1319 259.4892 7284009 011.4556 358.8869 02.27073468001037
1 21024U 90112  E 91033.62598194  .00016006 +00000-0 +58240-2 0  9996
2 21024 047.1370 259.4938 7283940 011.4442 358.8979 02.27083633001039
1 21024U 90112  E 91035.82761718  .00008327 +00000-0 +28559-2 0  9991
2 21024 047.1251 258.8759 7284760 012.0417 358.8027 02.27108393001081
1 21024U 90112  E 91036.26791066  .00008419 +00000-0 +28415-2 0  9992
2 21024 047.1143 258.7492 7285038 012.1766 358.7876 02.27115908001093
1 21024U 90112  E 91037.14845442  .00007452 +00000-0 +24941-2 0  9994
2 21024 047.1052 258.4908 7285131 012.4321 358.6921 02.27122787001111
1 21024U 90112  E 91041.11052440  .00007214 +00000-0 +23022-2 0  9999
2 21024 047.1046 257.3779 7285960 013.4966 358.6205 02.27178520001205
1 21024U 90112  E 91041.99088288  .00007025 +00000-0 +21914-2 0  9992
2 21024 047.0921 257.1261 7286047 013.7386 358.6242 02.27188542001224
1 21024U 90112  E 91041.99088855  .00007461 +00000-0 +23217-2 0  9994
2 21024 047.0957 257.1230 7286088 013.7347 358.6439 02.27191671001226
1 21024U 90112  E 91047.71167302  .00007028 +00000-0 +20051-2 0  9997
2 21024 047.0651 255.5105 7287499 015.2990 358.4102 02.27270842001355
1 21024U 90112  E 91047.71170959  .00007119 +00000-0 +19978-2 0  9996
2 21024 047.0600 255.4851 7287825 015.2909 358.4476 02.27271655001356
1 21024U 90112  E 91047.71179422  .00006865 +00000-0 +19162-2 0  9992
2 21024 047.0732 255.5034 7288015 015.3099 358.4104 02.27261625001353
1 21024U 90112  E 91048.59181059  .00007047 +00000-0 +19800-2 0  9990
2 21024 047.0754 255.2679 7287706 015.5330 358.5340 02.27283211001375
1 21024U 90112  E 91051.67104025  .00007014 +00000-0 +18477-2 0  9994
2 21024 047.0560 254.3938 7288638 016.3792 358.2541 02.27326143001444
1 21024U 90112  E 91051.67107917  .00007118 +00000-0 +18573-2 0  9999
2 21024 047.0765 254.4127 7288524 016.3866 358.2837 02.27326116001446
1 21024U 90112  E 91055.62933673  .00008518 +00000-0 +20449-2 0  9994
2 21024 047.0156 253.2486 7289607 017.5044 358.1662 02.27397522001533
1 21024U 90112  E 91055.62950969  .00008408 +00000-0 +20449-2 0  9999
2 21024 047.0156 253.2486 7289607 017.5045 358.3078 02.27397524001539
1 21024U 90112  E 91060.90477661  .00010289 +00000-0 +21316-2 0  9993
2 21024 047.0173 251.7567 7291490 018.9409 357.9606 02.27512017001654
1 21024U 90112  E 91060.90588877  .00010174 +00000-0 +21315-2 0  9997
2 21024 047.0173 251.7565 7291490 018.9413 358.8715 02.27512038001651
1 21024U 90112  E 91063.54155761  .00010811 +00000-0 +21350-2 0  9999
2 21024 047.0033 251.0301 7291950 019.6479 357.8426 02.27564687001710
1 21024U 90112  E 91064.85974667  .00011112 +00000-0 +21330-2 0  9991
2 21024 046.9981 250.6544 7292240 020.0096 357.8158 02.27592926001740
1 21024U 90112  E 91066.61704837  .00009636 +00000-0 +17709-2 0  9990
2 21024 046.9891 250.1420 7292990 020.5080 357.6745 02.27620145001787
1 21024U 90112  E 91066.61715562  .00009755 +00000-0 +17642-2 0  9995
2 21024 046.9886 250.1421 7293058 020.5018 357.7633 02.27620149001780
1 21024U 90112  E 91070.57018985  .00010534 +00000-0 +17331-2 0  9992
2 21024 046.9459 248.9865 7294040 021.6057 357.6396 02.27705082001875
1 21024U 90112  E 91071.88754773  .00010846 +00000-0 +17330-2 0  9994
2 21024 046.9412 248.6097 7294327 021.9709 357.5964 02.27732556001903
1 21024U 90112  E 91075.83861027  .00010595 +00000-0 +15354-2 0  9999
2 21024 046.9196 247.4681 7295299 023.0673 357.4323 02.27815755001990
1 21024U 90112  E 91075.83863222  .00010467 +00000-0 +15350-2 0  9992
2 21024 046.9194 247.4680 7295301 023.0672 357.4497 02.27815724001998
1 21024U 90112  E 91077.59417837  .00010844 +00000-0 +15840-2 0  9997
2 21024 046.9721 247.0228 7294831 023.6193 357.4468 02.27857938002036
1 21024U 90112  E 91078.47171994  .00011516 +00000-0 +16388-2 0  9991
2 21024 046.9641 246.7874 7295283 023.8487 357.3281 02.27880051002056
1 21024U 90112  E 91078.91050446 -.00017261 +00000-0 -24799-2 0  9998
2 21024 046.9591 246.6591 7295539 024.0775 357.2320 02.27839766002063
1 21024U 90112  E 91084.17448367  .00018219 +00000-0 +21641-2 0  9991
2 21024 046.9180 245.1090 7296722 025.4088 357.2942 02.28050009002181
1 21024U 90112  E 91085.48959332  .00018087 +00000-0 +21203-2 0  9992
2 21024 046.9076 244.7495 7296688 025.7651 357.0794 02.28094511002212
1 21024U 90112  E 91085.48960646  .00018209 +00000-0 +21330-2 0  9999
2 21024 046.9077 244.7503 7296584 025.7665 357.0906 02.28094473002215
1 21024U 90112  E 91086.80464065  .00018304 +00000-0 +21005-2 0  9995
2 21024 046.9035 244.3715 7296658 026.1389 357.0261 02.28139895002245
1 21024U 90112  E 91086.80464098  .00018439 +00000-0 +21005-2 0  9990
2 21024 046.9035 244.3714 7296658 026.1389 357.0261 02.28139895002244
1 21024U 90112  E 91090.74855655  .00013923 +00000-0 +13674-2 0  9997
2 21024 046.8761 243.2143 7298082 027.2135 356.8081 02.28238815002336
1 21024U 90112  E 91093.81360769  .00013549 +00000-0 +12248-2 0  9995
2 21024 046.8762 242.3398 7298662 028.0486 355.6651 02.28318366002409
1 21024U 90112  E 91103.44206357  .00026929 -48100-4 +14854-2 0  9997
2 21024 046.8072 239.4991 7298567 030.8009 356.4554 02.28698398002626
1 21024U 90112  E 91103.44291280  .00022742 +73449-5 +15708-2 0  9998
2 21024 046.8220 239.5433 7298884 030.8582 357.1464 02.28705200002620
1 21024U 90112  E 91114.79553156  .00036558 -48800-4 +14836-2 0  9995
2 21024 046.7825 236.2349 7298728 034.0658 356.0751 02.29323364002880
1 21024U 90112  E 91117.41093561  .00030366 +10112-4 +13343-2 0  9993
2 21024 046.7647 235.4582 7298605 034.7597 355.9613 02.29471731002949
1 21024U 90112  E 91117.41093682  .00030362 +10036-4 +13343-2 0  9998
2 21024 046.7641 235.4579 7298606 034.7646 355.9619 02.29471742002943
1 21024U 90112  E 91117.41093683  .00035991 -48900-4 +13343-2 0  9994
2 21024 046.7641 235.4579 7298606 034.7645 355.9619 02.29471743002943
1 21024U 90112  E 91117.41273203  .00030401 +99781-5 +13204-2 0  9992
2 21024 046.7502 235.4478 7298748 034.7604 357.4468 02.29472129002947
1 21024U 90112  E 91126.54684156  .00054217 -49299-4 +17174-2 0  9999
2 21024 046.7601 232.7903 7295074 037.4334 355.6739 02.30266090003165
1 21024U 90112  E 91126.54684356  .00050919 +11774-4 +17683-2 0  9997
2 21024 046.7376 232.7416 7295208 037.3935 355.6843 02.30270834003165
1 21024U 90112  E 91126.54684439  .00048777 +11756-4 +17222-2 0  9997
2 21024 046.7583 232.7883 7295041 037.4307 355.6771 02.30266046003162
1 21024U 90112  E 91131.75179531  .00061178 -49500-4 +16349-2 0  9996
2 21024 046.7537 231.2690 7292777 038.7820 355.4926 02.30818508003298
1 21024U 90112  E 91131.75180382  .00055564 +12540-4 +16154-2 0  9991
2 21024 046.7576 231.2516 7292855 038.7938 355.4988 02.30817978003293
1 21024U 90112  E 91131.75181837  .00060914 -49500-4 +16285-2 0  9994
2 21024 046.7543 231.2839 7292779 038.7638 355.5074 02.30816862003295
1 21024U 90112  E 91138.23652095  .00092980 -49500-4 +21305-2 0  9990
2 21024 046.7227 229.3417 7286520 040.6872 355.2605 02.31876626003442
1 21024U 90112  E 91138.23973378  .00091784 +13759-4 +21002-2 0  9991
2 21024 046.7080 229.2811 7287067 040.6805 357.9502 02.31884377003446
1 21024U 90112  E 91141.25080556  .00109429 -49500-4 +21457-2 0  9998
2 21024 046.7008 228.3752 7283132 041.4944 355.1464 02.32522021003513
1 21024U 90112  E 91141.25081701  .00104179 +14261-4 +21155-2 0  9998
2 21024 046.7010 228.3853 7283263 041.4658 355.1580 02.32521343003510
1 21024U 90112  E 91141.25182286  .00107876 -49600-4 +17532-2 0  9995
2 21024 046.6853 228.3876 7284950 041.4279 356.0020 02.32517836003513
1 21024U 90112  E 91145.54256387  .00113376 -49500-4 +13335-2 0  9993
2 21024 046.6578 227.0817 7279316 042.6675 354.9609 02.33446248003611
1 21024U 90112  E 91145.54257735  .00112647 -49500-4 +15063-2 0  9991
2 21024 046.6952 226.9806 7278744 042.8060 354.9687 02.33443094003619
1 21024U 90112  E 91145.54258366  .00113345 -49500-4 +12503-2 0  9994
2 21024 046.6621 227.0931 7279621 042.6435 354.9789 02.33446101003617
1 21024U 90112  E 91145.54308755  .00113377 -49600-4 +15086-2 0  9997
2 21024 046.6581 227.0645 7278743 042.7221 355.3973 02.33446326003611
