1 10276U 77071  D 77230.10753884  .00000366 +00000-0 +00000-0 0  9998
2 10276 047.0952 262.2680 7290051 006.7573 359.4142 02.22499037000582
1 10276U 77071  D 77244.03919747  .00000459 +00000-0 +00000-0 0  9990
2 10276 047.0949 258.6912 7289683 010.2011 358.9206 02.22511506000896
1 10276U 77071  D 77253.02698443  .00000481 +00000-0 +00000-0 0  9991
2 10276 047.0385 256.1932 7292388 012.5311 358.6716 02.22520542001095
1 10276U 77071  D 77254.82446716  .00000456 +00000-0 +00000-0 0  9996
2 10276 047.0385 255.7117 7292374 012.9982 358.6047 02.22522092001132
1 10276U 77071  D 77257.07133122  .00000003 +00000-0 +04280-6 0  9998
2 10276 047.0156 255.0772 7294064 013.4805 358.5761 02.22541022001187
1 10276U 77071  D 77257.97007645  .00000549 +00000-0 +00000-0 0  9992
2 10276 047.0043 254.8167 7294418 013.6941 358.5679 02.22527528001209
1 10276U 77071  D 77279.98636255  .00001162 +00000-0 +00306-4 0  9997
2 10276 046.9716 248.8353 7311366 019.5003 357.6828 02.22574425001697
1 10276U 77071  D 77293.91239851  .00001628 +00000-0 +00320-4 0  9990
2 10276 046.8733 244.9746 7318056 023.2117 357.8556 02.22608733002005
1 10276U 77071  D 77306.93527600  .00003013 +00000-0 +09361-4 0  9993
2 10276 046.8564 241.3812 7323517 026.7896 357.6322 02.22718430002298
1 10276U 77071  D 77311.87298005  .00003128 +00000-0 +03908-4 0  9994
2 10276 046.8249 239.9991 7325307 028.1140 357.0245 02.22751856002406
1 10276U 77071  D 77314.56620001  .00003926 +00000-0 +08016-4 0  9999
2 10276 046.8157 239.2491 7326431 028.8419 357.2201 02.22788978002462
1 10276U 77071  D 77316.80982535  .00004131 +00000-0 +09619-4 0  9990
2 10276 046.7972 238.6133 7326898 029.2923 356.8780 02.22811055002510
1 10276U 77071  D 77322.19414402  .00005341 +00000-0 +10693-2 0  9998
2 10276 046.8017 236.9540 7329841 030.9323 356.5648 02.22880967002639
1 10276U 77071  D 77328.02583098  .00006605 +00000-0 +11167-2 0  9995
2 10276 046.7824 235.3211 7332007 032.5167 357.1146 02.22974955002769
1 10276U 77071  D 77338.78367908  .00008321 +00000-0 +11538-2 0  9998
2 10276 046.7228 232.3844 7333636 035.4589 356.4125 02.23164067003008
1 10276U 77071  D 77341.02349751  .00010961 +00000-0 +14185-2 0  9999
2 10276 046.7427 231.7187 7334066 036.0824 356.6362 02.23247878003051
1 10276U 77071  D 77345.50028132  .00013473 +00000-0 +16709-2 0  9998
2 10276 046.6876 230.4859 7333593 037.3046 356.0079 02.23387515003157
1 10276U 77071  D 77345.50089956  .00011956 +00000-0 +13487-2 0  9993
2 10276 046.7289 230.4540 7335192 037.3102 356.3842 02.23369997003158
1 10276U 77071  D 78051.99678236  .00000000 +00000-0 +00000-0 0  9999
2 10276 046.5108 209.5037 7289573 058.2518 352.7113 02.32474637004776
1 10276U 77071  D 78083.80592172  .00000124 +00000-0 +00000-0 0  9995
2 10276 046.4778 199.4114 7187282 067.7000 350.4778 02.46858358005534
1 10276U 77071  D 78104.99173898  .01682891 +00000-0 +00000-0 0  9997
2 10276 046.4438 192.0192 6931080 074.8705 347.3275 02.82231569006082
1 10276U 77071  D 78115.95704275  .03113368 +00000-0 +00000-0 0  9994
2 10276 046.4165 187.4533 6633038 079.3956 343.9905 03.24727893006412
