0 TBA - TO BE ASSIGNED
1 44892U 10007AQ  20006.01040227  .00011298  00000-0  80449-2 0  9997
2 44892  64.6904 334.1185 5966614  26.3200 354.5063  4.01102627 17077
0 TBA - TO BE ASSIGNED
1 44892U 10007AQ  20008.00474906  .00010622  00000-0  77536-2 0  9996
2 44892  64.7126 333.4658 5965093  26.3224 354.4792  4.01155677 17157
0 SL-12 DEB
1 44892U 10007AQ  20009.00183784  .00012571  00000-0  92106-2 0  9993
2 44892  64.7173 333.1228 5964903  26.3065 354.4750  4.01180770 17191
0 SL-12 DEB
1 44892U 10007AQ  20011.99266492  .00014312  00000-0  10465-1 0  9994
2 44892  64.7181 332.0787 5964713  26.2149 354.4789  4.01272689 17316
0 SL-12 DEB
1 44892U 10007AQ  20012.74028253  .00014695  00000-0  94187-2 0  9997
2 44892  64.6891 331.7283 5971070  25.9868 354.5416  4.01295461 17342
0 SL-12 DEB
1 44892U 10007AQ  20012.98947328  .00012682  00000-0  83475-2 0  9998
2 44892  64.7023 331.6686 5969781  26.0389 354.5277  4.01300939 17355
0 SL-12 DEB
1 44892U 10007AQ  20013.73701875  .00013379  00000-0  93509-2 0  9990
2 44892  64.7118 331.4452 5966606  26.1676 354.4942  4.01322451 17386
0 SL-12 DEB
1 44892U 10007AQ  20013.98619696  .00012998  00000-0  90002-2 0  9997
2 44892  64.7096 331.3535 5967016  26.1388 354.5020  4.01327502 17399
0 SL-12 DEB
1 44892U 10007AQ  20017.97241598  .00012023  00000-0  82869-2 0  9993
2 44892  64.7141 329.9779 5965968  26.0368 354.5295  4.01442430 17554
0 SL-12 DEB
1 44892U 10007AQ  20018.96880229  .00011972  00000-0  82091-2 0  9992
2 44892  64.7307 329.6931 5966082  25.9590 354.5436  4.01466353 17599
0 SL-12 DEB
1 44892U 10007AQ  20019.21789274 +.00012809 +00000-0 +79438-2 0  9990
2 44892 064.6906 329.4795 5970936 025.8425 354.5781 04.01473637017606
0 SL-12 DEB
1 44892U 10007AQ  20019.21789274  .00012809  00000-0  79438-2 0  9990
2 44892  64.6906 329.4795 5970936  25.8425 354.5781  4.01473637 17606
0 SL-12 DEB
1 44892U 10007AQ  20027.68406070 +.00016246 +00000-0 +99937-2 0  9995
2 44892 064.6878 326.5071 5970152 025.6558 354.6111 04.01738033017943
0 SL-12 DEB
1 44892U 10007AQ  20027.68406070  .00016246  00000-0  99937-2 0  9995
2 44892  64.6878 326.5071 5970152  25.6558 354.6111  4.01738033 17943
0 SL-12 DEB
1 44892U 10007AQ  20028.92860510  .00016098  00000-0  91325-2 0  9994
2 44892  64.6765 326.0151 5973583  25.4562 354.6696  4.01780573 17995
0 SL-12 DEB
1 44892U 10007AQ  20032.91002791 +.00021465 +00000-0 +11143-1 0  9990
2 44892 064.6821 324.6034 5976102 025.1541 354.7530 04.01959217018156
0 SL-12 DEB
1 44892U 10007AQ  20033.90510715 +.00022019 +00000-0 +11470-1 0  9999
2 44892 064.7026 324.3409 5975655 025.0943 354.7639 04.02003163018199
0 SL-12 DEB
1 44892U 10007AQ  20033.90510715  .00022019  00000-0  11470-1 0  9999
2 44892  64.7026 324.3409 5975655  25.0943 354.7639  4.02003163 18199
0 SL-12 DEB
1 44892U 10007AQ  20039.87337240  .00024087  00000-0  12530-1 0  9996
2 44892  64.5848 321.9913 5974251  25.1218 354.7556  4.02261144 18439
0 SL-12 DEB
1 44892U 10007AQ  20041.61336550  .00023425  00000-0  13128-1 0  9993
2 44892  64.6521 321.5069 5970115  25.2600 354.7283  4.02344563 18509
0 SL-12 DEB
1 44892U 10007AQ  20041.86191558 +.00017597 +00000-0 +97365-2 0  9996
2 44892 064.6597 321.4300 5970734 025.2118 354.7419 04.02347067018514
0 SL-12 DEB
1 44892U 10007AQ  20041.86191558  .00017597  00000-0  97365-2 0  9996
2 44892  64.6597 321.4300 5970734  25.2118 354.7419  4.02347067 18514
0 SL-12 DEB
1 44892U 10007AQ  20042.85602584  .00018762  00000-0  10112-1 0  9991
2 44892  64.6652 321.0891 5971495  25.1192 354.7703  4.02394865 18551
0 SL-12 DEB
1 44892U 10007AQ  20044.84395101  .00020277  00000-0  10413-1 0  9994
2 44892  64.6711 320.4012 5973064  24.9358 354.8205  4.02470911 18634
0 SL-12 DEB
1 44892U 10007AQ  20045.83777456 +.00019720 +00000-0 +10101-1 0  9996
2 44892 064.6753 320.0519 5972958 024.8989 354.8281 04.02506162018674
0 SL-12 DEB
1 44892U 10007AQ  20045.83777456  .00019720  00000-0  10101-1 0  9996
2 44892  64.6753 320.0519 5972958  24.8989 354.8281  4.02506162 18674
0 SL-12 DEB
1 44892U 10007AQ  20047.82516691  .00020067  00000-0  10338-1 0  9997
2 44892  64.6790 319.3489 5972408  24.8885 354.8248  4.02574904 18758
0 SL-12 DEB
1 44892U 10007AQ  20050.80549499 +.00035698 +00000+0 +17645-1 0  9994
2 44892  64.6779 318.2940 5973253  24.7342 354.8608  4.02739920018875
0 SL-12 DEB
1 44892U 10007AQ  20050.80549499  .00035699  00000-0  17645-1 0  9996
2 44892  64.6779 318.2940 5973253  24.7342 354.8608  4.02739920 18875
0 SL-12 DEB
1 44892U 10007AQ  20050.80549499 +.00035699 +00000-0 +17645-1 0  9996
2 44892 064.6779 318.2940 5973253 024.7342 354.8608 04.02739920018875
0 SL-12 DEB
1 44892U 10007AQ  20050.80549499 +.00035699 +00000-0 +17645-1 0  9996
2 44892 064.6779 318.2940 5973253 024.7342 354.8608 04.02739920018875
0 SL-12 DEB
1 44892U 10007AQ  20050.80549499 +.00035699 +00000-0 +17645-1 0  9996
2 44892 064.6779 318.2940 5973253 024.7342 354.8608 04.02739920018875
0 SL-12 DEB
1 44892U 10007AQ  20050.80549499 +.00035699 +00000-0 +17645-1 0  9996
2 44892 064.6779 318.2940 5973253 024.7342 354.8608 04.02739920018875
0 SL-12 DEB
1 44892U 10007AQ  20050.80549499 +.00035699 +00000-0 +17645-1 0  9996
2 44892 064.6779 318.2940 5973253 024.7342 354.8608 04.02739920018875
0 SL-12 DEB
1 44892U 10007AQ  20050.80549499 +.00035699 +00000-0 +17645-1 0  9996
2 44892 064.6779 318.2940 5973253 024.7342 354.8608 04.02739920018875
0 SL-12 DEB
1 44892U 10007AQ  20050.80549499 +.00035699 +00000-0 +17645-1 0  9996
2 44892 064.6779 318.2940 5973253 024.7342 354.8608 04.02739920018875
0 SL-12 DEB
1 44892U 10007AQ  20050.80549499 +.00035699 +00000-0 +17645-1 0  9996
2 44892 064.6779 318.2940 5973253 024.7342 354.8608 04.02739920018875
0 SL-12 DEB
1 44892U 10007AQ  20050.80549499 +.00035699 +00000-0 +17645-1 0  9996
2 44892 064.6779 318.2940 5973253 024.7342 354.8608 04.02739920018875
0 SL-12 DEB
1 44892U 10007AQ  20050.80549499 +.00035699 +00000-0 +17645-1 0  9996
2 44892 064.6779 318.2940 5973253 024.7342 354.8608 04.02739920018875
0 SL-12 DEB
1 44892U 10007AQ  20050.80549499 +.00035699 +00000-0 +17645-1 0  9996
2 44892 064.6779 318.2940 5973253 024.7342 354.8608 04.02739920018875
0 SL-12 DEB
1 44892U 10007AQ  20050.80549499 +.00035699 +00000-0 +17645-1 0  9996
2 44892 064.6779 318.2940 5973253 024.7342 354.8608 04.02739920018875
0 SL-12 DEB
1 44892U 10007AQ  20050.80549499  .00035699  00000-0  17645-1 0  9996
2 44892  64.6779 318.2940 5973253  24.7342 354.8608  4.02739920 18875
0 SL-12 DEB
1 44892U 10007AQ  20050.80549499  .00035699  00000-0  17645-1 0  9996
2 44892  64.6779 318.2940 5973253  24.7342 354.8608  4.02739920 18875
