1 19036U 88028  E 88092.58348931  .00000162 +00000-0 +99999-4 0  9991
2 19036 047.4656 262.1724 7295566 000.2365 359.8419 02.22016363000052
1 19036U 88028  E 88093.48428030  .00001008 +00000-0 +10930-2 0  9996
2 19036 047.4450 261.9624 7295960 000.4406 359.8106 02.22018935000078
1 19036U 88028  E 88094.83544905  .00000394 +00000-0 +37234-3 0  9990
2 19036 047.4345 261.6062 7295913 000.8020 359.7401 02.22017766000100
1 19036U 88028  E 88094.83572652  .00000394 +00000-0 +37234-3 0  9990
2 19036 047.4345 261.6062 7295913 000.8020 359.7401 02.22017767000101
1 19036U 88028  E 88100.69065613  .00000397 +00000-0 +34562-3 0  9990
2 19036 047.4154 260.0500 7298234 002.2869 359.6163 02.22021173000239
1 19036U 88028  E 88100.69093422  .00000397 +00000-0 +34562-3 0  9999
2 19036 047.4154 260.0500 7298234 002.2868 359.6163 02.22021174000239
1 19036U 88028  E 88102.04183153  .00000338 +00000-0 +27916-3 0  9991
2 19036 047.4069 259.6652 7298487 002.6625 359.5763 02.22021590000261
1 19036U 88028  E 88102.04183403  .00000338 +00000-0 +27922-3 0  9996
2 19036 047.4068 259.6655 7298496 002.6621 359.5783 02.22021591000262
1 19036U 88028  E 88102.04210963  .00000338 +00000-0 +27916-3 0  9991
2 19036 047.4069 259.6652 7298487 002.6624 359.5763 02.22021590000260
1 19036U 88028  E 88113.75184081  .00000446 +00000-0 +32963-3 0  9990
2 19036 047.3882 256.5249 7303344 005.6565 359.4544 02.22033640000520
1 19036U 88028  E 88113.75211860  .00000445 +00000-0 +32963-3 0  9995
2 19036 047.3882 256.5249 7303344 005.6564 359.4544 02.22033641000520
1 19036U 88028  E 88121.40768321  .00000995 +00000-0 +72867-3 0  9992
2 19036 047.3278 254.4999 7306502 007.6072 359.1963 02.22050396000699
1 19036U 88028  E 88122.75843693  .00000982 +00000-0 +70247-3 0  9993
2 19036 047.3211 254.1350 7307046 007.9570 358.9687 02.22052705000724
1 19036U 88028  E 88122.75871472  .00000981 +00000-0 +70247-3 0  9998
2 19036 047.3211 254.1350 7307046 007.9569 358.9687 02.22052706000723
1 19036U 88028  E 88134.46672782  .00020606 +00000-0 +13783-1 0  9998
2 19036 047.2589 251.0157 7311311 010.9338 358.6176 02.21999912000985
1 19036U 88028  E 88134.46680886  .00023274 +00000-0 +15569-1 0  9990
2 19036 047.2593 251.0173 7311312 010.9323 358.6823 02.22000916000980
1 19036U 88028  E 88162.37820994  .00156767 +00000-0 +58637-1 0  9994
2 19036 047.1960 243.3774 7319021 018.1894 358.0531 02.22706130001618
1 19036U 88028  E 88189.36220981  .00000550 +00000-0 +99999-4 0  9999
2 19036 047.1308 235.9119 7331113 025.7487 357.2449 02.22545225002214
1 19036U 88028  E 88189.36248824  .00000550 +00000-0 +00000-4 0  9990
2 19036 047.1308 235.9118 7331113 025.7487 357.2449 02.22545225002213
1 19036U 88028  E 88220.30563074  .00008507 -50400-4 +00000-4 0  9991
2 19036 046.9829 227.1831 7338776 033.8479 356.3103 02.23501184002883
1 19036U 88028  E 88232.36881385  .00009193 -50900-4 +00000-4 0  9995
2 19036 046.9411 223.7075 7339348 037.0360 355.9208 02.24097079003159
1 19036U 88028  E 88237.27450582  .00009510 -51200-4 +00000-4 0  9998
2 19036 046.9413 222.2801 7339063 038.5253 355.7334 02.24345222003269
1 19036U 88028  E 88245.28733165  .00009785 -51500-4 +00000-4 0  9996
2 19036 046.8987 220.0302 7335856 040.7289 355.4434 02.24900594003432
1 19036U 88028  E 88255.04782051  .00013803 -52300-4 +00000-4 0  9994
2 19036 046.9348 217.2215 7353281 043.2726 355.5986 02.23890894003658
1 19036U 88028  E 88261.23283895  .00012666 -51800-4 +00000-4 0  9994
2 19036 046.9124 215.4669 7329246 045.1667 354.8346 02.26775036003792
1 19036U 88028  E 88268.26684909  .00215327 -51699-4 +10718-2 0  9995
2 19036 046.8580 213.4170 7322526 047.0315 356.4693 02.28523193003955
1 19036U 88028  E 88268.26751562  .05433677 -52799-4 +27455-1 0  9997
2 19036 046.8149 213.6979 7354232 046.9182 357.0539 02.24511788003953
1 19036U 88028  E 88279.12350844  .00033489 -51000-4 +00000-4 0  9998
2 19036 046.8572 210.1332 7291465 050.0434 354.0187 02.32722247004198
1 19036U 88028  E 88280.83842012  .00061913 -50900-4 +93725-4 0  9998
2 19036 046.8167 209.6613 7290739 050.6021 353.8489 02.33535932004235
1 19036U 88028  E 88283.90000000  .00067603 -53400-4 +00000-4 0  9996
2 19036 046.3590 208.2529 7358895 051.6680 058.7440 02.24867599000007
1 19036U 88028  E 88283.90027777  .00067603 -53400-4 +00000-4 0  9996
2 19036 046.3590 208.2529 7358895 051.6680 058.7440 02.24867599000007
