1 13112U 82023  D 91050.98340738  .00000389 +00000-0 +45099-3 0  9990
2 13112 064.8380 087.8897 7348680 246.6055 024.6041 01.96635534064021
1 13112U 82023  D 91053.01764279 -.00000001 +00000-0 +45099-3 0  9999
2 13112 064.8421 087.6169 7349818 246.5774 024.6018 01.96630041064064
1 13112U 82023  D 91056.06913218  .00000395 +00000-0 +45099-3 0  9991
2 13112 064.8445 087.2153 7351485 246.5310 024.6126 01.96622586064120
1 13112U 82023  D 91058.10351388  .00000398 +00000-0 +45099-3 0  9995
2 13112 064.8431 086.9439 7352706 246.5040 024.6227 01.96620082064160
1 13112U 82023  D 91060.13790244  .00000409 +00000-0 +45099-3 0  9992
2 13112 064.8414 086.6725 7353923 246.4775 024.6295 01.96620511064209
1 13112U 82023  D 91064.71513906  .00000408 +00000-0 +45099-3 0  9997
2 13112 064.8475 086.0974 7354259 246.3688 024.6335 01.96630852064294
1 13112U 82023  D 91067.25800585  .00000413 +00000-0 +45099-3 0  9997
2 13112 064.8379 085.7470 7356388 246.3635 024.6883 01.96638050064343
1 13112U 82023  D 91076.41175389  .00000426 +00000-0 +45099-3 0  9996
2 13112 064.8319 084.5260 7361745 246.2402 024.7054 01.96635321064524
1 13112U 82023  D 91077.93739022  .00000428 +00000-0 +45099-3 0  9996
2 13112 064.8348 084.2985 7363354 246.2076 024.7019 01.96631322064553
1 13112U 82023  D 91079.97166461  .00000430 +00000-0 +45099-3 0  9996
2 13112 064.8330 084.0254 7364539 246.1807 024.6906 01.96625921064594
1 13112U 82023  D 91083.02318861  .00000434 +00000-0 +45099-3 0  9994
2 13112 064.8363 083.5922 7366639 246.1512 024.6795 01.96620907064654
1 13112U 82023  D 91085.05757605  .00000437 +00000-0 +45099-3 0  9995
2 13112 064.8047 083.3420 7368478 246.1140 024.6853 01.96621162064697
1 13112U 82023  D 91087.09193410  .00000441 +00000-0 +45099-3 0  9994
2 13112 064.7964 083.0737 7369760 246.0870 024.6884 01.96624394064735
1 13112U 82023  D 91093.19474789  .00000451 +00000-0 +45099-3 0  9994
2 13112 064.8119 082.2602 7371981 245.9475 024.7292 01.96640887064859
1 13112U 82023  D 91098.28011240  .00000458 +00000-0 +45099-3 0  9995
2 13112 064.8237 081.5811 7375413 245.9161 024.7537 01.96643105064959
1 13112U 82023  D 91102.85696270  .00000464 +00000-0 +45099-3 0  9993
2 13112 064.8169 080.9409 7379830 245.8954 024.7016 01.96632524065041
1 13112U 82023  D 91106.92549943  .00000468 +00000-0 +45099-3 0  9993
2 13112 064.8110 080.3866 7382366 245.8504 024.6488 01.96622987065120
1 13112U 82023  D 91109.97706459  .00000419 +00000-0 +45099-3 0  9994
2 13112 064.7997 079.9694 7383744 245.8003 024.6575 01.96621830065189
1 13112U 82023  D 91110.99425025  .00000390 +00000-0 +45099-3 0  9993
2 13112 064.7991 079.8287 7384097 245.7819 024.6604 01.96623015065209
1 13112U 82023  D 91112.01149310  .00000474 +00000-0 +45099-3 0  9991
2 13112 064.7896 079.7007 7383756 245.7276 024.6991 01.96624725065220
1 13112U 82023  D 91114.04580348  .00000477 +00000-0 +45099-3 0  9999
2 13112 064.7823 079.4313 7384348 245.6793 024.6927 01.96629925065268
1 13112U 82023  D 91117.09719469  .00000482 +00000-0 +45099-3 0  9991
2 13112 064.7754 079.0238 7385756 245.6382 024.7252 01.96638960065329
1 13112U 82023  D 91122.18251469 -.00000416 +00000-0 +45099-3 0  9996
2 13112 064.7712 078.3310 7388042 245.5613 024.7076 01.96644894065421
1 13112U 82023  D 91124.72521466  .00000491 +00000-0 +45099-3 0  9997
2 13112 064.7680 077.9820 7389598 245.5352 024.7267 01.96641374065470
1 13112U 82023  D 91128.79364271  .00000495 +00000-0 +45099-3 0  9991
2 13112 064.7644 077.4224 7392048 245.4914 024.7282 01.96630640065550
1 13112U 82023  D 91130.82793499  .00000255 +00000-0 +45099-3 0  9990
2 13112 064.7622 077.1420 7393237 245.4683 024.7230 01.96625602065594
1 13112U 82023  D 91132.86225603  .00000498 +00000-0 +45099-3 0  9992
2 13112 064.7602 076.8614 7394381 245.4439 024.7074 01.96622556065639
1 13112U 82023  D 91134.89662509  .00000501 +00000-0 +45099-3 0  9992
2 13112 064.7509 076.5797 7396236 245.4316 024.7084 01.96622325065678
1 13112U 82023  D 91136.93096468  .00000347 +00000-0 +45099-3 0  9992
2 13112 064.7202 076.3087 7396711 245.4145 024.6761 01.96624889065719
1 13112U 82023  D 91143.03371733  .00000513 +00000-0 +45099-3 0  9997
2 13112 064.7054 075.4661 7399658 245.3368 024.6759 01.96641684065833
1 13112U 82023  D 91146.59337030  .00000519 +00000-0 +45099-3 0  9999
2 13112 064.6964 074.9570 7404903 245.3999 024.6136 01.96645612065907
1 13112U 82023  D 91153.71284468  .00000377 +00000-0 -20058-2 0  9997
2 13112 064.7739 073.9078 7410757 245.3660 024.5282 01.96630271066041
1 13112U 82023  D 91154.72999766  .00000376 +00000-0 -20058-2 0  9992
2 13112 064.7724 073.7665 7411302 245.3530 024.5330 01.96627240066066
1 13112U 82023  D 91156.76434578  .00000368 +00000-0 -21073-2 0  9992
2 13112 064.7581 073.4956 7412306 245.3208 024.5426 01.96622222066100
1 13112U 82023  D 91161.85028262  .00000365 +00000-0 -21073-2 0  9994
2 13112 064.7594 072.8018 7414764 245.2368 024.5419 01.96622040066203
1 13112U 82023  D 91164.90176900  .00000366 +00000-0 -21073-2 0  9997
2 13112 064.7636 072.3701 7415548 245.1844 024.5624 01.96630014066267
1 13112U 82023  D 91175.07264977  .00000534 +00000-0 +28328-3 0  9996
2 13112 064.7416 070.9437 7418796 245.0034 024.6561 01.96641074066462
1 13112U 82023  D 91176.59827402  .00000535 +00000-0 +28328-3 0  9993
2 13112 064.7535 070.7198 7420124 245.0015 024.6484 01.96637266066498
1 13112U 82023  D 91178.63250798  .00000530 +00000-0 +20646-3 0  9998
2 13112 064.7522 070.4283 7420768 244.9721 024.6513 01.96631412066537
1 13112U 82023  D 91182.70118432  .00000531 +00000-0 +20646-3 0  9990
2 13112 064.7591 069.8519 7422902 244.9229 024.6861 01.96622769066612
1 13112U 82023  D 91185.75273766  .00000402 +00000-0 +20646-3 0  9997
2 13112 064.7548 069.4147 7424899 244.8962 024.6999 01.96623123066670
1 13112U 82023  D 91186.76982524  .00000203 +00000-0 +16220-2 0  9999
2 13112 064.7012 069.3075 7427678 244.9568 024.6166 01.96622391066690
1 13112U 82023  D 91194.90674148 -.00000404 +00000-0 +16150-4 0  9992
2 13112 064.7189 068.1548 7426766 244.6936 024.6492 01.96644959066854
1 13112U 82023  D 91195.92402550 -.00000436 +00000-0 +68882-4 0  9995
2 13112 064.7207 068.0091 7426953 244.6700 024.8125 01.96645922066872
1 13112U 82023  D 91201.00913455 -.00000171 +00000-0 +92446-3 0  9991
2 13112 064.7216 067.2934 7434255 244.7834 024.6562 01.96640940066971
1 13112U 82023  D 91201.51767045 -.00000128 +00000-0 +87752-3 0  9995
2 13112 064.7279 067.2161 7434389 244.7684 024.6530 01.96639607066987
1 13112U 82023  D 91202.53490964  .00000591 +00000-0 +71805-3 0  9996
2 13112 064.6824 067.0842 7432167 244.6668 024.7559 01.96636517067002
1 13112U 82023  D 91204.56914638  .00000588 +00000-0 +66961-3 0  9993
2 13112 064.7034 066.7867 7433813 244.6557 024.7513 01.96630861067045
1 13112U 82023  D 91206.60347168  .00000591 +00000-0 +68249-3 0  9993
2 13112 064.7010 066.4974 7434920 244.6348 024.7707 01.96626444067084
1 13112U 82023  D 91208.63782390  .00000590 +00000-0 +65944-3 0  9996
2 13112 064.6997 066.2082 7435828 244.6071 024.7853 01.96624318067121
1 13112U 82023  D 91211.68935878  .00000342 +00000-0 +47172-4 0  9995
2 13112 064.6350 065.7939 7441215 244.6695 024.7879 01.96625395067188
1 13112U 82023  D 91216.26655357  .00000595 +00000-0 +65944-3 0  9991
2 13112 064.7275 065.1168 7436911 244.4238 024.9056 01.96640240067276
1 13112U 82023  D 91229.48778449  .00000614 +00000-0 +65944-3 0  9999
2 13112 064.7058 062.9223 7448493 244.3840 024.3547 01.96628175067539
1 13112U 82023  D 91253.38957209  .00000571 +00000-0 +24953-3 0  9995
2 13112 064.6609 059.7613 7461819 244.1868 024.4652 01.96639625068005
1 13112U 82023  D 91256.44137010  .00000373 +00000-0 +58808-3 0  9991
2 13112 064.6405 059.3797 7463739 244.1204 024.8190 01.96633578068063
1 13112U 82023  D 91259.49276958 -.00000329 +00000-0 +37010-2 0  9997
2 13112 064.7401 058.8095 7465191 244.1206 024.7975 01.96626239068124
1 13112U 82023  D 91262.54419841  .00000614 +00000-0 +20541-2 0  9994
2 13112 064.5701 058.1954 7455497 244.2830 024.7569 01.96632792068180
1 13112U 82023  D 91281.89999998  .00000308 +00000-0 +99999-4 0  9994
2 13112 064.6040 055.5000 7463796 243.9080 047.6730 01.96643686000009
1 13112U 82023  D 91283.90182412 -.00004474 +00000-0 +17156-1 0  9994
2 13112 064.6357 055.2978 7478386 243.8852 024.7307 01.96629697000055
1 13112U 82023  D 91287.46141333 -.00000344 +00000-0 -27342-2 0  9998
2 13112 064.6230 054.7797 7481566 243.8216 024.6294 01.96643401000127
1 13112U 82023  D 91294.07090637  .00000019 +00000-0 +11419-2 0  9998
2 13112 064.6044 053.7932 7482694 243.7781 023.9588 01.96671240000253
1 13112U 82023  D 91295.08891177 -.00055486 +00000-0 -0169801 0  9994
2 13112 064.6078 053.6247 7483253 243.7924 024.7351 01.96660583000276
1 13112U 82023  D 91306.27497644  .00000912 +00000-0 +11393-2 0  9996
2 13112 064.5745 051.9553 7486872 243.6786 024.5991 01.96662526000493
1 13112U 82023  D 91311.35995971  .00000679 +00000-0 +68696-3 0  9996
2 13112 064.5785 051.2166 7491439 243.6241 024.6536 01.96663438000591
1 13112U 82023  D 91314.41071652  .00001174 +00000-0 +15559-2 0  9997
2 13112 064.5625 050.7535 7492559 243.5952 024.6407 01.96677243000653
1 13112U 82023  D 91315.42761521  .00001128 +00000-0 +14247-2 0  9992
2 13112 064.5599 050.6054 7493108 243.5850 024.6439 01.96681111000672
1 13112U 82023  D 91318.98649274  .00001469 +00000-0 +38395-2 0  9994
2 13112 064.5666 050.0747 7494132 243.5386 024.6638 01.96707045000746
1 13112U 82023  D 91328.13710566  .00001263 +00000-0 +15114-2 0  9991
2 13112 064.5467 048.6924 7497361 243.4626 024.6338 01.96706324000924
1 13112U 82023  D 91330.17067013  .00000877 +00000-0 +14620-2 0  9991
2 13112 064.5447 048.3919 7498545 243.4332 024.6557 01.96702787000968
1 13112U 82023  D 91331.18745167  .00001273 +00000-0 +14595-2 0  9998
2 13112 064.5375 048.2405 7498954 243.4286 024.6651 01.96701702000982
1 13112U 82023  D 91335.76301450  .00001203 +00000-0 +12645-2 0  9996
2 13112 064.5339 047.5621 7500699 243.3781 024.6501 01.96701324001078
1 13112U 82023  D 91338.30489483  .00001058 +00000-0 +12289-2 0  9994
2 13112 064.5317 047.1857 7501950 243.3542 024.6413 01.96708835001129
1 13112U 82023  D 91342.87999577  .00001582 +00000-0 +16869-2 0  9991
2 13112 064.5245 046.4865 7504047 243.3094 024.7506 01.96735692001217
1 13112U 82023  D 91347.96261546  .00000735 +00000-0 +17167-2 0  9995
2 13112 064.5175 045.7207 7506069 243.2598 024.7014 01.96755184001318
1 13112U 82023  D 91352.02891416  .00001823 +00000-0 +18269-2 0  9996
2 13112 064.5118 045.1056 7507084 243.2190 025.0967 01.96763811001392
1 13112U 82023  D 91354.06128463  .00000606 +00000-0 +22119-3 0  9995
2 13112 064.5092 044.8055 7507255 243.1719 024.6864 01.96748391001436
1 13112U 82023  D 91355.07940921  .00000977 +00000-0 +12372-2 0  9998
2 13112 064.5069 044.6427 7508227 243.1902 025.8531 01.96757175001451
1 13112U 82023  D 91357.42196404  .00000179 +00000-0 +99999-4 0  9994
2 13112 001.7323 285.5741 0010167 330.7221 023.3675 01.00286341003140
1 13112U 82023  D 91359.14372216  .00001831 +00000-0 +16403-2 0  9995
2 13112 064.5038 044.0322 7510307 243.1478 024.7641 01.96763298001537
1 13112U 82023  D 91361.17654016  .00001978 +00000-0 +17081-2 0  9997
2 13112 064.5006 043.7216 7511789 243.1332 024.7448 01.96771439001579
1 13112U 82023  D 91362.19291721 -.00000223 +00000-0 +52805-3 0  9997
2 13112 064.4938 043.5562 7518864 243.1961 024.6626 01.96759349001598
1 13112U 82023  D 91365.24194197  .00002004 +00000-0 +16086-2 0  9993
2 13112 064.4891 043.1076 7513614 243.0961 024.7017 01.96792045001651
1 13112U 82023  D 92009.89504025  .00003158 +00000-0 +24522-2 0  9990
2 13112 064.4748 041.6223 7516156 243.0030 024.8278 01.96862803001841
1 13112U 82023  D 92010.40309843  .00002855 +00000-0 +22184-2 0  9995
2 13112 064.4791 041.5360 7516670 243.0181 024.7997 01.96768435001852
1 13112U 82023  D 92018.02241497  .00002657 +00000-0 +18608-2 0  9997
2 13112 064.4643 040.3729 7517955 242.9413 024.8377 01.96875021002008
1 13112U 82023  D 92019.03832329  .00027905 +00000-0 +23147-1 0  9995
2 13112 064.4519 040.2536 7517427 242.8293 024.8388 01.96879790002025
1 13112U 82023  D 92022.08589767  .00002506 +00000-0 +15601-2 0  9996
2 13112 064.4561 039.7523 7519736 242.9028 024.8743 01.96884908002081
1 13112U 82023  D 92023.10170090 -.00012504 +00000-0 +89200-2 0  9991
2 13112 064.4517 039.6467 7522039 242.8658 024.9141 01.96871229002104
1 13112U 82023  D 92025.13322159  .00002687 +00000-0 +15948-2 0  9999
2 13112 064.4554 039.2879 7521880 242.8614 024.8586 01.96903344002143
1 13112U 82023  D 92026.14894363  .00002726 +00000-0 +15415-2 0  9995
2 13112 064.4457 039.1226 7522696 242.8592 024.8521 01.96909435002169
1 13112U 82023  D 92028.18030396  .00002830 +00000-0 +16468-2 0  9994
2 13112 064.4376 038.8362 7522089 242.8290 024.8803 01.96925693002209
1 13112U 82023  D 92036.30403882  .00002967 +00000-0 +13459-2 0  9999
2 13112 064.4337 037.5621 7526930 242.7844 024.9831 01.96983229002361
1 13112U 82023  D 92039.34992755  .00003128 +00000-0 +13299-2 0  9990
2 13112 064.4307 037.0762 7528192 242.7527 025.0812 01.96997554002423
1 13112U 82023  D 92042.90293122  .00002905 +00000-0 +13144-2 0  9999
2 13112 064.4374 036.5556 7529864 242.7279 024.9029 01.97010543002493
1 13112U 82023  D 92043.91810421  .00001524 +00000-0 +46759-3 0  9993
2 13112 064.4403 036.4057 7530778 242.7395 024.8756 01.97002059002518
1 13112U 82023  D 92045.94854552  .00002516 +00000-0 +89959-3 0  9992
2 13112 064.4371 036.0920 7530600 242.7084 024.9090 01.97008681002559
1 13112U 82023  D 92047.97891492  .00003143 +00000-0 +11595-2 0  9998
2 13112 064.4337 035.7770 7530691 242.6756 024.9386 01.97017221002597
1 13112U 82023  D 92048.99405331  .00003128 +00000-0 +11112-2 0  9992
2 13112 064.4318 035.6193 7531300 242.6661 024.9424 01.97021348002618
1 13112U 82023  D 92051.02425935  .00002929 +00000-0 +93425-3 0  9998
2 13112 064.4113 035.3442 7532824 242.6384 024.9445 01.97031637002658
1 13112U 82023  D 92055.08415700  .00002908 +00000-0 +11095-2 0  9996
2 13112 064.4279 034.6514 7531100 242.5542 024.9001 01.97064573002736
1 13112U 82023  D 92055.59171161  .00003151 +00000-0 +91173-3 0  9999
2 13112 064.4192 034.5760 7534306 242.6127 024.9799 01.97068400002741
1 13112U 82023  D 92057.11386424  .00003867 +00000-0 +11433-2 0  9993
2 13112 064.3973 034.3842 7534353 242.6094 024.9039 01.97085833002770
1 13112U 82023  D 92060.66535331  .00002741 +00000-0 +99842-3 0  9991
2 13112 064.3955 033.8238 7536581 242.5884 024.9190 01.97116666002849
1 13112U 82023  D 92062.18725418  .00003757 +00000-0 +94289-3 0  9995
2 13112 064.3912 033.6015 7536482 242.5801 024.9176 01.97127652002876
1 13112U 82023  D 92063.20182123  .00003754 +00000-0 +92279-3 0  9993
2 13112 064.3913 033.4446 7536747 242.5731 024.9230 01.97133961002892
1 13112U 82023  D 92066.75256017  .00003231 +00000-0 +68654-3 0  9990
2 13112 064.3888 032.8917 7538355 242.5490 024.8973 01.97145811002966
1 13112U 82023  D 92068.27425286  .00001708 +00000-0 +59909-3 0  9995
2 13112 064.3893 032.6529 7539030 242.5288 024.8865 01.97147920002991
1 13112U 82023  D 92069.28871263  .00003016 +00000-0 +58116-3 0  9990
2 13112 064.3825 032.5008 7539474 242.5246 024.8793 01.97149241003015
1 13112U 82023  D 92070.81042410  .00002891 +00000-0 +55828-3 0  9992
2 13112 064.3714 032.2708 7539331 242.5091 024.8815 01.97149655003043
1 13112U 82023  D 92071.82489836  .00000446 +00000-0 +12557-3 0  9997
2 13112 064.3656 032.1125 7539465 242.4969 024.9025 01.97148061003067
1 13112U 82023  D 92073.85377878  .00003303 +00000-0 +60742-3 0  9998
2 13112 064.3638 031.7924 7540428 242.4878 024.8989 01.97156825003109
1 13112U 82023  D 92075.88258131  .00003554 +00000-0 +61624-3 0  9991
2 13112 064.3575 031.4763 7541398 242.4752 024.8951 01.97164624003144
1 13112U 82023  D 92077.91124103  .00003937 +00000-0 +60192-3 0  9992
2 13112 064.3522 031.1439 7543288 242.4768 024.8512 01.97174191003187
1 13112U 82023  D 92078.92553784  .00003539 +00000-0 +50196-3 0  9996
2 13112 064.3504 030.9844 7543858 242.4716 024.8311 01.97179052003201
1 13112U 82023  D 92082.98248859  .00005009 +00000-0 +70348-3 0  9996
2 13112 064.3429 030.3528 7544722 242.4302 024.8393 01.97215162003283
1 13112U 82023  D 92085.01061056  .00005160 +00000-0 +72919-3 0  9999
2 13112 064.3495 030.0257 7544524 242.4119 024.8276 01.97238613003329
1 13112U 82023  D 92087.03850668  .00005319 +00000-0 +70491-3 0  9997
2 13112 064.3467 029.7094 7545221 242.3957 024.8370 01.97262251003360
1 13112U 82023  D 92089.57315250  .00021068 +00000-0 +33917-2 0  9991
2 13112 064.3406 029.3174 7543861 242.3650 024.8820 01.97320870003414
1 13112U 82023  D 92089.57316916  .00019592 +00000-0 +33917-2 0  9990
2 13112 064.3406 029.3174 7543861 242.3650 024.8940 01.97320864003410
1 13112U 82023  D 92089.57319437  .00025940 +00000-0 +45627-2 0  9996
2 13112 064.3412 029.3206 7543399 242.3564 024.9128 01.97334144003418
1 13112U 82023  D 92100.72214302 -.00002074 +29677-4 +39585-3 0  9998
2 13112 064.3244 027.5370 7550070 242.3540 024.8039 01.97355565003635
1 13112U 82023  D 92102.74917678  .00005836 +00000-0 +53774-3 0  9997
2 13112 064.2770 027.2545 7549016 242.2566 025.0190 01.97373649003672
1 13112U 82023  D 92103.76220738  .00004608 +00000-0 +51509-3 0  9994
2 13112 064.2885 027.0800 7548828 242.2220 024.8329 01.97377645003691
1 13112U 82023  D 92105.78862324  .00012910 -46199-4 +41539-3 0  9992
2 13112 064.2982 026.7553 7551445 242.2885 024.7530 01.97391142003732
1 13112U 82023  D 92107.81499143  .00013141 -46199-4 +41791-3 0  9990
2 13112 064.2911 026.4362 7551831 242.2726 024.7736 01.97410279003777
1 13112U 82023  D 92109.84108253  .00001367 +30980-4 +49757-3 0  9991
2 13112 064.3244 026.1138 7550042 242.1682 024.7926 01.97434749003812
1 13112U 82023  D 92112.87925562  .00004550 +30436-4 +62118-3 0  9997
2 13112 064.2767 025.6316 7551653 242.1984 024.6171 01.97496839003872
1 13112U 82023  D 92112.87943194  .00003578 +30205-4 +31488-3 0  9997
2 13112 064.4692 025.5036 7557672 242.3448 024.7261 01.97493470003872
1 13112U 82023  D 92113.89212405  .00020054 -46199-4 +94080-3 0  9999
2 13112 064.2824 025.4753 7551802 242.2065 024.8673 01.97536680003896
1 13112U 82023  D 92114.90441694  .00019137 -46199-4 +81305-3 0  9992
2 13112 064.2813 025.3153 7552366 242.2038 024.7844 01.97560679003910
1 13112U 82023  D 92117.94090258  .00007476 +29208-4 +72474-3 0  9996
2 13112 064.2834 024.8244 7552589 242.1806 024.7778 01.97632530003975
1 13112U 82023  D 92118.95283918  .00018386 -46199-4 +68591-3 0  9991
2 13112 064.2848 024.6735 7552724 242.1730 024.7709 01.97653534003993
1 13112U 82023  D 92120.97634999  .00018198 -46199-4 +62572-3 0  9999
2 13112 064.2838 024.3483 7553191 242.1626 024.7552 01.97696427004032
1 13112U 82023  D 92121.98798166  .00006256 +28713-4 +63255-3 0  9990
2 13112 064.2786 024.1912 7553127 242.1510 024.7686 01.97716581004054
1 13112U 82023  D 92122.99946696  .00018222 -46199-4 +56422-3 0  9998
2 13112 064.2644 024.0422 7554027 242.1480 024.7580 01.97735996004074
1 13112U 82023  D 92125.02216872  .00020010 -46199-4 +58746-3 0  9990
2 13112 064.2687 023.7115 7554976 242.1435 024.7994 01.97784834004118
1 13112U 82023  D 92129.57105481  .00034339 +29440-4 +18989-2 0  9999
2 13112 064.2428 022.9554 7554415 242.1149 024.7548 01.97929815004204
1 13112U 82023  D 92131.08673056  .00025266 -46100-4 +77129-3 0  9990
2 13112 064.2531 022.7208 7554535 242.1157 024.8377 01.97963546004238
1 13112U 82023  D 92132.60181272  .00027024 -46199-4 +71281-3 0  9998
2 13112 064.2762 022.4573 7555843 242.1207 024.7542 01.98018668004268
1 13112U 82023  D 92135.63107964  .00026735 -46100-4 +78420-3 0  9992
2 13112 064.2454 021.9883 7553901 242.0472 024.7936 01.98121265004322
1 13112U 82023  D 92136.64039947  .00029740 -46199-4 +85221-3 0  9993
2 13112 064.2187 021.8111 7554195 242.0529 024.7845 01.98167467004342
1 13112U 82023  D 92137.14509795  .00013936 +30781-4 +75658-3 0  9994
2 13112 064.2319 021.7349 7554391 242.0564 024.8575 01.98184922004355
1 13112U 82023  D 92137.64957691  .00014303 +30747-4 +80973-3 0  9998
2 13112 064.2355 021.6604 7553694 242.0293 024.8173 01.98205552004360
1 13112U 82023  D 92138.65855762  .00027347 -46100-4 +62547-3 0  9996
2 13112 064.2636 021.4766 7555477 242.1125 024.7395 01.98233079004387
1 13112U 82023  D 92139.66717147  .00036294 -46100-4 +10640-2 0  9999
2 13112 064.2906 021.2981 7553419 242.0324 024.8431 01.98314578004407
1 13112U 82023  D 92141.17960917  .00021073 +31061-4 +79280-3 0  9997
2 13112 064.1755 021.1367 7554872 242.0610 024.8410 01.98393544004437
1 13112U 82023  D 92141.68365758  .00026461 +31060-4 +40168-3 0  9993
2 13112 064.1989 021.0512 7559532 242.1237 024.9252 01.98438189004442
1 13112U 82023  D 92143.69879907  .00024119 +31169-4 +12522-2 0  9992
2 13112 064.1898 020.7476 7550027 241.9276 024.9235 01.98553377004488
1 13112U 82023  D 92144.70618957  .00024741 +31029-4 +12632-2 0  9999
2 13112 064.2038 020.5651 7549552 241.9286 025.1541 01.98616501004505
1 13112U 82023  D 92145.71289711  .00027304 +30944-4 +10198-2 0  9991
2 13112 064.2225 020.3637 7551764 241.9960 025.1431 01.98691273004521
1 13112U 82023  D 92146.71901548  .00040511 -46000-4 +10232-2 0  9996
2 13112 064.2154 020.2051 7551457 241.9915 024.9311 01.98756724004549
1 13112U 82023  D 92147.72507613  .00036963 -46000-4 +10137-2 0  9993
2 13112 064.2264 020.0382 7549962 241.9093 024.9240 01.98815645004562
1 13112U 82023  D 92149.73629964  .00039761 -46000-4 +60771-3 0  9999
2 13112 064.2134 019.7135 7553540 242.0160 024.9234 01.98951994004609
1 13112U 82023  D 92151.74610668  .00039785 -45900-4 +68352-3 0  9991
2 13112 064.2102 019.3903 7551982 241.9684 024.8871 01.99084394004642
1 13112U 82023  D 92153.75438382  .00037903 +30322-4 +43607-3 0  9992
2 13112 064.2276 019.0366 7553242 242.0677 025.3902 01.99303208004682
1 13112U 82023  D 92155.75951774  .00041236 +30138-4 +12320-2 0  9995
2 13112 064.2987 018.6927 7546398 241.8165 024.9307 01.99505821004726
1 13112U 82023  D 92155.76086401  .00056047 -45800-4 +80696-3 0  9993
2 13112 064.2623 018.7195 7549372 241.8765 025.9361 01.99526292004728
1 13112U 82023  D 92158.76416025  .00059749 -45599-4 +61990-3 0  9998
2 13112 064.2296 018.2462 7548101 241.8747 025.1175 01.99862374004791
1 13112U 82023  D 92158.76426291  .00048841 +30098-4 +62561-3 0  9997
2 13112 064.2299 018.2460 7548058 241.8741 025.1912 01.99862360004791
1 13112U 82023  D 92159.76470373  .00048695 +30009-4 +15605-2 0  9993
2 13112 064.1789 018.0106 7541834 241.8839 025.1682 01.99968598004819
1 13112U 82023  D 92241.32567484  .00197530 -40999-4 +15906-3 0  9995
2 13112 064.0173 003.9250 7404381 241.1586 027.6596 02.19852680001348
1 13112U 82023  D 92241.32570010  .00197463 -40999-4 +16725-3 0  9999
2 13112 064.0464 003.9280 7403923 241.1409 027.6765 02.19852140001348
1 13112U 82023  D 93177.25472848  .00089500 +00000-0 +18952-2 0  9999
2 13112 023.1534 201.6969 5067991 060.5983 340.7105 05.63163841125105
