1 02501U 66092  A 66312.20905041  .00001794 +00000-0 +00000-0 0  9991
2 02501 064.5983 178.6681 7416056 284.7984 009.8726 02.01899029000397
1 02501U 66092  A 66314.19032335  .00001034 +00000-0 +00000-0 0  9995
2 02501 064.7908 178.3932 7413984 284.6925 009.9072 02.01894526000430
1 02501U 66092  A 66335.62623474  .00004110 +00000-0 +00000-0 0  9994
2 02501 064.6846 175.2781 7424226 284.1214 009.9706 02.00524162000861
1 02501U 66092  A 66341.11230704  .00000430 +00000-0 +00000-0 0  9996
2 02501 064.7455 174.5431 7423147 284.0255 009.9976 02.00512017000974
1 02501U 66092  A 66350.08910438  .00000603 +00000-0 +00000-0 0  9993
2 02501 064.7279 173.2917 7423778 283.8444 010.0331 02.00523258001158
1 02501U 66092  A 66361.55874965  .00000737 +00000-0 +00000-0 0  9999
2 02501 064.7710 171.6961 7419467 283.7101 010.0876 02.00538981001386
1 02501U 66092  A 67002.54253957  .00000631 +00000-0 +00000-0 0  9996
2 02501 064.8350 170.8698 7421093 283.5012 010.1237 02.00546410001504
1 02501U 66092  A 67014.01061270  .00000861 +00000-0 +00000-0 0  9991
2 02501 064.8614 169.2411 7422493 283.2233 010.1764 02.00567661001730
1 02501U 66092  A 67022.98478337  .00000928 +00000-0 +00000-0 0  9996
2 02501 064.7825 167.9052 7417486 283.0638 010.2413 02.00584272001911
1 02501U 66092  A 67027.47156400  .00001045 +00000-0 +00000-0 0  9990
2 02501 064.8053 167.2893 7417533 282.9264 010.2715 02.00594478002002
1 02501U 66092  A 67032.45669370  .00000972 +00000-0 +00000-0 0  9997
2 02501 064.8053 166.5801 7417448 282.8482 010.3193 02.00604436002107
1 02501U 66092  A 67034.45060908  .00001132 +00000-0 +00000-0 0  9990
2 02501 064.8337 166.2965 7415090 282.7641 010.3521 02.00609797002141
1 02501U 66092  A 67036.44451931  .00000990 +00000-0 +00000-0 0  9992
2 02501 064.8263 166.0085 7418522 282.6716 010.3524 02.00613543002186
1 02501U 66092  A 67039.43528595  .00001006 +00000-0 +00000-0 0  9994
2 02501 064.8405 165.5895 7418658 282.6030 010.3669 02.00620972002247
1 02501U 66092  A 67053.39096763  .00001147 +00000-0 +00000-0 0  9998
2 02501 064.8489 163.6045 7419476 282.2558 010.4401 02.00651113002522
1 02501U 66092  A 67057.37795512  .00000960 +00000-0 +00000-0 0  9990
2 02501 064.8489 163.0371 7419420 282.1912 010.4549 02.00657668002603
1 02501U 66092  A 67083.28926111  .00000983 +00000-0 +00000-0 0  9995
2 02501 064.8489 159.3719 7418959 281.7703 010.5407 02.00711372003121
1 02501U 66092  A 67101.22410900  .00001005 +00000-0 +00000-0 0  9990
2 02501 064.8489 156.8371 7418665 281.4786 010.6090 02.00745468003480
1 02501U 66092  A 67116.16834123  .00000456 -58313-6 +00000-0 0  9992
2 02501 064.8488 154.7246 7418556 281.2354 010.6657 02.00758262003783
1 02501U 66092  A 67130.11534751  .00000336 +00000-0 +00000-0 0  9997
2 02501 064.8487 152.7528 7418488 281.0084 010.7185 02.00766136004063
1 02501U 66092  A 67143.06574787  .00000215 +00000-0 +00000-0 0  9994
2 02501 064.8485 150.9218 7418458 280.7975 010.7676 02.00769566004323
1 02501U 66092  A 67154.02368789  .00002578 +00000-0 +00000-0 0  9999
2 02501 064.8485 149.3727 7418218 280.6193 010.8107 02.00797494004540
1 02501U 66092  A 67163.98594261 -.00010569 -67559-4 +00000-0 0  9997
2 02501 064.8483 147.9643 7418889 280.4572 010.8445 02.00719135004745
1 02501U 66092  A 67193.87334419 -.00000504 +00000-0 +00000-0 0  9996
2 02501 064.8599 143.7814 7415368 279.0872 011.2259 02.00735047005348
1 02501U 66092  A 67208.81943717 -.00000755 +00000-0 +00000-0 0  9992
2 02501 064.8598 141.6588 7415582 278.8435 011.2655 02.00710092005648
1 02501U 66092  A 67223.26974716 -.00001215 +00000-0 +00000-0 0  9993
2 02501 064.9251 139.6056 7406453 278.5354 011.4006 02.00670134005932
1 02501U 66092  A 67233.23555725 -.00001424 +00000-0 +00000-0 0  9998
2 02501 064.9218 138.1248 7423260 278.0859 011.4019 02.00657944006133
1 02501U 66092  A 67250.18095246 -.00001048 +00000-0 +00000-0 0  9990
2 02501 064.9169 135.7074 7428184 277.7004 011.4652 02.00627095006470
1 02501U 66092  A 67250.18095527 -.00001051 +00000-0 +00000-0 0  9996
2 02501 064.9121 135.6989 7428313 277.7024 011.4639 02.00626988006473
1 02501U 66092  A 67338.43651909 -.00000315 +00000-0 +00000-0 0  9995
2 02501 064.8829 122.6943 7446404 275.8250 011.8183 02.00509816008249
1 02501U 66092  A 67345.41847728  .00002935 +00000-0 +00000-0 0  9996
2 02501 064.8615 121.5757 7460585 275.5281 011.7980 02.00532187008386
1 02501U 66092  A 68004.35635767  .00000907 +00000-0 +00000-0 0  9997
2 02501 064.9130 118.0259 7451804 275.1593 011.9541 02.00533335008867
1 02501U 66092  A 68044.24512391  .00001570 +00000-0 +00000-0 0  9993
2 02501 064.9283 112.0996 7474694 274.1303 012.0656 02.00610404009669
1 02501U 66092  A 68053.71537015  .00001712 +00000-0 +00000-0 0  9993
2 02501 064.9253 110.6764 7479935 273.9180 012.0851 02.00645216009853
1 02501U 66092  A 68063.68231932  .00001770 +00000-0 +00000-0 0  9993
2 02501 064.9262 109.1678 7480489 273.7288 012.1315 02.00681678010055
1 02501U 66092  A 68064.18060547  .00001746 +00000-0 +00000-0 0  9994
2 02501 064.9297 109.1113 7482897 273.6959 012.1233 02.00682944010063
1 02501U 66092  A 68071.65411250  .00001947 +00000-0 +00000-0 0  9998
2 02501 064.9311 107.9929 7483401 273.5497 012.1588 02.00719453010215
1 02501U 66092  A 68078.62729076  .00003853 +00000-0 +00000-0 0  9998
2 02501 064.9044 106.8166 7494591 273.4250 012.0761 02.00785243010354
1 02501U 66092  A 68088.58675661  .00003094 +00000-0 +00000-0 0  9991
2 02501 064.9533 105.3000 7494931 273.1918 012.1728 02.00845059010552
1 02501U 66092  A 68132.85983240  .00003181 +00000-0 +00000-0 0  9993
2 02501 064.9517 098.3359 7505533 272.3199 012.3326 02.01176266011448
1 02501U 66092  A 68149.25696187  .00004479 +00000-0 +00000-0 0  9997
2 02501 064.9832 095.7671 7507602 271.9016 012.4323 02.01330246011772
1 02501U 66092  A 68185.45052118  .00011612 +00000-0 +00000-0 0  9996
2 02501 064.9790 090.1137 7517633 271.1747 012.5604 02.02111603012509
