1 45464U 20022A   20086.64818236  .00000174 -34748-6  00000+0 0  9997
2 45464  26.4735 319.3391 7271889 179.1988 178.3033  2.34170849    09
1 45464U 20022A   20086.64818236  .00000174 -34748-6  00000+0 0  9997
2 45464  26.4735 319.3391 7271889 179.1988 178.3033  2.34170849    09
1 45464U 20022A   20086.64897504 +.00000172 -34586-6 +00000-0 0  9991
2 45464 026.6059 319.0399 7278090 179.8395 180.8850 02.31616969000005
1 45464U 20022A   20086.65013854 -.00000087 +17382-5 +00000-0 0  9999
2 45464 026.8501 318.8248 7306568 179.7801 180.9038 02.32628469000000
1 45464U 20022A   20087.19857329 +.02083038 -63902-6 +67210-3 0  9990
2 45464  26.7355 318.7559 5422198 180.0483 179.8922  5.13827075000013
1 45464U 20022A   20087.29241302 -.00000093  00000-0  00000+0 0  9991
2 45464  26.4980 318.9837 7282322 179.9623 357.3555  2.30488966    16
1 45464U 20022A   20087.29241302 -.00000093  00000-0  00000+0 0  9991
2 45464  26.4980 318.9837 7282322 179.9623 357.3555  2.30488966    16
1 45464U 20022A   20087.29241302 -.00000093  00000-0  00000+0 0  9991
2 45464  26.4980 318.9837 7282322 179.9623 357.3555  2.30488966    16
1 45464U 20022A   20087.29241302 -.00000093  00000-0  00000+0 0  9991
2 45464  26.4980 318.9837 7282322 179.9623 357.3555  2.30488966    16
1 45464U 20022A   20087.29241302 -.00000093  00000-0  00000+0 0  9991
2 45464  26.4980 318.9837 7282322 179.9623 357.3555  2.30488966    16
1 45464U 20022A   20087.29241302 -.00000093  00000-0  00000+0 0  9991
2 45464  26.4980 318.9837 7282322 179.9623 357.3555  2.30488966    16
1 45464U 20022A   20087.29241302 -.00000093 +00000-0 +00000-0 0  9992
2 45464 026.4980 318.9837 7282322 179.9623 357.3555 02.30488966000016
1 45464U 20022A   20087.29241302 -.00000093  00000-0  00000+0 0  9991
2 45464  26.4980 318.9837 7282322 179.9623 357.3555  2.30488966    16
1 45464U 20022A   20087.29241302 -.00000093 +00000-0 +00000-0 0  9992
2 45464 026.4980 318.9837 7282322 179.9623 357.3555 02.30488966000016
1 45464U 20022A   20087.29241302 -.00000093  00000-0  00000+0 0  9991
2 45464  26.4980 318.9837 7282322 179.9623 357.3555  2.30488966    16
1 45464U 20022A   20087.29241302 -.00000093  00000-0  00000+0 0  9991
2 45464  26.4980 318.9837 7282322 179.9623 357.3555  2.30488966    16
1 45464U 20022A   20087.29241302 -.00000093 +00000-0 +00000-0 0  9992
2 45464 026.4980 318.9837 7282322 179.9623 357.3555 02.30488966000016
1 45464U 20022A   20087.29241302 -.00000093  00000-0  00000+0 0  9991
2 45464  26.4980 318.9837 7282322 179.9623 357.3555  2.30488966    16
1 45464U 20022A   20087.29241302 -.00000093  00000-0  00000+0 0  9991
2 45464  26.4980 318.9837 7282322 179.9623 357.3555  2.30488966    16
1 45464U 20022A   20087.29241302 -.00000093  00000-0  00000+0 0  9991
2 45464  26.4980 318.9837 7282322 179.9623 357.3555  2.30488966    16
1 45464U 20022A   20087.29241302 -.00000093  00000-0  00000+0 0  9991
2 45464  26.4980 318.9837 7282322 179.9623 357.3555  2.30488966    16
1 45464U 20022A   20087.29241302 -.00000093  00000-0  00000+0 0  9991
2 45464  26.4980 318.9837 7282322 179.9623 357.3555  2.30488966    16
1 45464U 20022A   20087.29241302 -.00000093  00000-0  00000+0 0  9991
2 45464  26.4980 318.9837 7282322 179.9623 357.3555  2.30488966    16
1 45464U 20022A   20087.29241302 -.00000093  00000-0  00000+0 0  9991
2 45464  26.4980 318.9837 7282322 179.9623 357.3555  2.30488966    16
1 45464U 20022A   20087.29241302 -.00000093  00000-0  00000+0 0  9991
2 45464  26.4980 318.9837 7282322 179.9623 357.3555  2.30488966    16
1 45464U 20022A   20087.29241302 -.00000093  00000-0  00000+0 0  9991
2 45464  26.4980 318.9837 7282322 179.9623 357.3555  2.30488966    16
1 45464U 20022A   20087.29241302 -.00000093  00000-0  00000+0 0  9991
2 45464  26.4980 318.9837 7282322 179.9623 357.3555  2.30488966    16
1 45464U 20022A   20087.29241302 -.00000093  00000-0  00000+0 0  9991
2 45464  26.4980 318.9837 7282322 179.9623 357.3555  2.30488966    16
1 45464U 20022A   20087.29241302 -.00000093  00000-0  00000+0 0  9991
2 45464  26.4980 318.9837 7282322 179.9623 357.3555  2.30488966    16
1 45464U 20022A   20087.29241302 -.00000093  00000-0  00000+0 0  9991
2 45464  26.4980 318.9837 7282322 179.9623 357.3555  2.30488966    16
1 45464U 20022A   20087.29241302 -.00000093  00000-0  00000+0 0  9991
2 45464  26.4980 318.9837 7282322 179.9623 357.3555  2.30488966    16
1 45464U 20022A   20087.29241302 -.00000093  00000-0  00000+0 0  9991
2 45464  26.4980 318.9837 7282322 179.9623 357.3555  2.30488966    16
1 45464U 20022A   20087.29241302 -.00000093  00000-0  00000+0 0  9991
2 45464  26.4980 318.9837 7282322 179.9623 357.3555  2.30488966    16
1 45464U 20022A   20087.29241302 -.00000093  00000-0  00000+0 0  9991
2 45464  26.4980 318.9837 7282322 179.9623 357.3555  2.30488966    16
1 45464U 20022A   20087.29241302 -.00000093  00000-0  00000+0 0  9991
2 45464  26.4980 318.9837 7282322 179.9623 357.3555  2.30488966    16
1 45464U 20022A   20087.29241302 -.00000093  00000-0  00000+0 0  9991
2 45464  26.4980 318.9837 7282322 179.9623 357.3555  2.30488966    16
1 45464U 20022A   20087.29241302 -.00000093  00000-0  00000+0 0  9991
2 45464  26.4980 318.9837 7282322 179.9623 357.3555  2.30488966    16
1 45464U 20022A   20087.29241302 -.00000093  00000-0  00000+0 0  9991
2 45464  26.4980 318.9837 7282322 179.9623 357.3555  2.30488966    16
1 45464U 20022A   20087.29241302 -.00000093  00000-0  00000+0 0  9991
2 45464  26.4980 318.9837 7282322 179.9623 357.3555  2.30488966    16
1 45464U 20022A   20087.29241302 -.00000093  00000-0  00000+0 0  9991
2 45464  26.4980 318.9837 7282322 179.9623 357.3555  2.30488966    16
1 45464U 20022A   20087.29241302 -.00000093  00000-0  00000+0 0  9991
2 45464  26.4980 318.9837 7282322 179.9623 357.3555  2.30488966    16
1 45464U 20022A   20087.29241302 -.00000093  00000-0  00000+0 0  9991
2 45464  26.4980 318.9837 7282322 179.9623 357.3555  2.30488966    16
1 45464U 20022A   20087.29241302 -.00000093  00000-0  00000+0 0  9991
2 45464  26.4980 318.9837 7282322 179.9623 357.3555  2.30488966    16
1 45464U 20022A   20087.29241302 -.00000093  00000-0  00000+0 0  9991
2 45464  26.4980 318.9837 7282322 179.9623 357.3555  2.30488966    16
1 45464U 20022A   20087.29241302 -.00000093  00000-0  00000+0 0  9991
2 45464  26.4980 318.9837 7282322 179.9623 357.3555  2.30488966    16
1 45464U 20022A   20087.29241302 -.00000093  00000-0  00000+0 0  9991
2 45464  26.4980 318.9837 7282322 179.9623 357.3555  2.30488966    16
1 45464U 20022A   20087.29241302 -.00000093  00000-0  00000+0 0  9991
2 45464  26.4980 318.9837 7282322 179.9623 357.3555  2.30488966    16
1 45464U 20022A   20087.29241302 -.00000093  00000-0  00000+0 0  9991
2 45464  26.4980 318.9837 7282322 179.9623 357.3555  2.30488966    16
1 45464U 20022A   20087.29241302 -.00000093  00000-0  00000+0 0  9991
2 45464  26.4980 318.9837 7282322 179.9623 357.3555  2.30488966    16
1 45464U 20022A   20087.29241302 -.00000093  00000-0  00000+0 0  9991
2 45464  26.4980 318.9837 7282322 179.9623 357.3555  2.30488966    16
1 45464U 20022A   20087.29241302 -.00000093  00000-0  00000+0 0  9991
2 45464  26.4980 318.9837 7282322 179.9623 357.3555  2.30488966    16
1 45464U 20022A   20087.29241302 -.00000093  00000-0  00000+0 0  9991
2 45464  26.4980 318.9837 7282322 179.9623 357.3555  2.30488966    16
1 45464U 20022A   20087.29241302 -.00000093  00000-0  00000+0 0  9991
2 45464  26.4980 318.9837 7282322 179.9623 357.3555  2.30488966    16
1 45464U 20022A   20087.29241302 -.00000093  00000-0  00000+0 0  9991
2 45464  26.4980 318.9837 7282322 179.9623 357.3555  2.30488966    16
1 45464U 20022A   20087.29241302 -.00000093  00000-0  00000+0 0  9991
2 45464  26.4980 318.9837 7282322 179.9623 357.3555  2.30488966    16
1 45464U 20022A   20087.29241302 -.00000093  00000-0  00000+0 0  9991
2 45464  26.4980 318.9837 7282322 179.9623 357.3555  2.30488966    16
1 45464U 20022A   20087.29241302 -.00000093  00000-0  00000+0 0  9991
2 45464  26.4980 318.9837 7282322 179.9623 357.3555  2.30488966    16
1 45464U 20022A   20087.29241302 -.00000093  00000-0  00000+0 0  9991
2 45464  26.4980 318.9837 7282322 179.9623 357.3555  2.30488966    16
1 45464U 20022A   20087.29241302 -.00000093  00000-0  00000+0 0  9991
2 45464  26.4980 318.9837 7282322 179.9623 357.3555  2.30488966    16
1 45464U 20022A   20087.29241302 -.00000093  00000-0  00000+0 0  9991
2 45464  26.4980 318.9837 7282322 179.9623 357.3555  2.30488966    16
1 45464U 20022A   20087.29241302 -.00000093  00000-0  00000+0 0  9991
2 45464  26.4980 318.9837 7282322 179.9623 357.3555  2.30488966    16
1 45464U 20022A   20087.29241302 -.00000093  00000-0  00000+0 0  9991
2 45464  26.4980 318.9837 7282322 179.9623 357.3555  2.30488966    16
1 45464U 20022A   20087.29241302 -.00000093  00000-0  00000+0 0  9991
2 45464  26.4980 318.9837 7282322 179.9623 357.3555  2.30488966    16
1 45464U 20022A   20087.29241302 -.00000093  00000-0  00000+0 0  9991
2 45464  26.4980 318.9837 7282322 179.9623 357.3555  2.30488966    16
1 45464U 20022A   20087.29241302 -.00000093  00000-0  00000+0 0  9991
2 45464  26.4980 318.9837 7282322 179.9623 357.3555  2.30488966    16
1 45464U 20022A   20087.29241302 -.00000093  00000-0  00000+0 0  9991
2 45464  26.4980 318.9837 7282322 179.9623 357.3555  2.30488966    16
1 45464U 20022A   20087.29241302 -.00000093  00000-0  00000+0 0  9991
2 45464  26.4980 318.9837 7282322 179.9623 357.3555  2.30488966    16
1 45464U 20022A   20087.29241302 -.00000093  00000-0  00000+0 0  9991
2 45464  26.4980 318.9837 7282322 179.9623 357.3555  2.30488966    16
1 45464U 20022A   20087.29241302 -.00000093  00000-0  00000+0 0  9991
2 45464  26.4980 318.9837 7282322 179.9623 357.3555  2.30488966    16
1 45464U 20022A   20087.29241302 -.00000093  00000-0  00000+0 0  9991
2 45464  26.4980 318.9837 7282322 179.9623 357.3555  2.30488966    16
1 45464U 20022A   20087.29241302 -.00000093  00000-0  00000+0 0  9991
2 45464  26.4980 318.9837 7282322 179.9623 357.3555  2.30488966    16
1 45464U 20022A   20087.29241302 -.00000093 +00000-0 +00000-0 0  9992
2 45464 026.4980 318.9837 7282322 179.9623 357.3555 02.30488966000016
1 45464U 20022A   20087.29241302 -.00000093 +00000-0 +00000-0 0  9992
2 45464 026.4980 318.9837 7282322 179.9623 357.3555 02.30488966000016
1 45464U 20022A   20087.29241302 -.00000093 +00000-0 +00000-0 0  9992
2 45464 026.4980 318.9837 7282322 179.9623 357.3555 02.30488966000016
1 45464U 20022A   20087.29241302 -.00000093 +00000-0 +00000-0 0  9992
2 45464 026.4980 318.9837 7282322 179.9623 357.3555 02.30488966000016
1 45464U 20022A   20087.29241302 -.00000093 +00000-0 +00000-0 0  9992
2 45464 026.4980 318.9837 7282322 179.9623 357.3555 02.30488966000016
1 45464U 20022A   20087.29241302 -.00000093 +00000-0 +00000-0 0  9992
2 45464 026.4980 318.9837 7282322 179.9623 357.3555 02.30488966000016
1 45464U 20022A   20087.29241302 -.00000093 +00000-0 +00000-0 0  9992
2 45464 026.4980 318.9837 7282322 179.9623 357.3555 02.30488966000016
1 45464U 20022A   20087.29241302 -.00000093 +00000-0 +00000-0 0  9992
2 45464 026.4980 318.9837 7282322 179.9623 357.3555 02.30488966000016
