0 SL-6 DEB
1 21962U 77054  E 90266.51686031  .00000087 +00000-0 +23064-2 0  9998
2 21962 063.3445 129.7285 7234054 265.7225 016.6000 02.05893735000965
0 SL-6 DEB
1 21962U 77054  E 90266.51686032  .00000231 +00000-0 -23064-2 0  9991
2 21962 063.3445 129.7284 7234054 265.7225 016.6000 02.05893736000965
0 SL-6 DEB
1 21962U 77054  E 90267.48822221  .00000226 +00000-0 -25351-2 0  9995
2 21962 063.3442 129.5886 7234535 265.7201 016.5980 02.05890856000984
0 SL-6 DEB
1 21962U 77054  E 90270.88806941  .00000235 +00000-0 -15963-2 0  9992
2 21962 063.3463 129.0993 7236058 265.7130 016.5985 02.05887072001054
0 SL-6 DEB
1 21962U 77054  E 90274.77355665  .00000251 +00000-0 -18836-3 0  9997
2 21962 063.3488 128.5402 7237766 265.7007 016.6003 02.05895866001131
0 SL-6 DEB
1 21962U 77054  E 90276.23054789  .00000239 +00000-0 -78591-3 0  9993
2 21962 063.3470 128.3319 7238407 265.6959 016.5836 02.05900300001161
0 SL-6 DEB
1 21962U 77054  E 90276.71621209  .00000235 +00000-0 -93997-3 0  9996
2 21962 063.3451 128.2627 7238549 265.6939 016.5834 02.05901699001177
0 SL-6 DEB
1 21962U 77054  E 90279.14446747 -.00000305 +00000-0 +85043-3 0  9999
2 21962 063.3440 127.9133 7239664 265.6870 016.5730 02.05906529001224
0 SL-6 DEB
1 21962U 77054  E 90280.60138561 -.00000326 +00000-0 +44316-3 0  9995
2 21962 063.3486 127.6929 7240415 265.6796 016.5544 02.05906514001257
0 SL-6 DEB
1 21962U 77054  E 90280.60140056  .00000243 +00000-0 -67999-4 0  9998
2 21962 063.3454 127.7032 7240761 265.6842 016.5729 02.05906867001250
0 SL-6 DEB
1 21962U 77054  E 90281.57269605  .00000237 +00000-0 -31955-3 0  9992
2 21962 063.3483 127.5528 7240867 265.6763 016.5622 02.05905227001272
0 SL-6 DEB
1 21962U 77054  E 90282.05834384  .00000239 +00000-0 -15901-3 0  9993
2 21962 063.3435 127.4830 7241121 265.6763 016.5599 02.05904293001284
0 SL-6 DEB
1 21962U 77054  E 90290.80056278  .00000230 +00000-0 +26404-3 0  9993
2 21962 063.3447 126.2220 7245181 265.6497 016.5398 02.05888495001463
0 SL-6 DEB
1 21962U 77054  E 90296.62861633  .00000223 +00000-0 +43424-3 0  9991
2 21962 063.3466 125.3775 7248000 265.6325 016.5221 02.05904938001581
0 SL-6 DEB
1 21962U 77054  E 90299.54249319 -.00000288 +00000-0 +17446-2 0  9992
2 21962 063.3529 124.9549 7249595 265.6166 016.5576 02.05908837001640
0 SL-6 DEB
1 21962U 77054  E 90300.51372166 -.00000256 +00000-0 +17445-2 0  9993
2 21962 063.3529 124.8138 7250056 265.6139 016.5117 02.05907577001660
0 SL-6 DEB
1 21962U 77054  E 90300.51372430  .00000240 +00000-0 +16443-2 0  9996
2 21962 063.3527 124.8137 7250038 265.6142 016.5102 02.05907475001662
0 SL-6 DEB
1 21962U 77054  E 90302.45633029 -.00000110 +00000-0 +68610-3 0  9996
2 21962 063.3500 124.5320 7250724 265.6115 016.4707 02.05901374001703
0 SL-6 DEB
1 21962U 77054  E 90302.45633157  .00000217 +00000-0 +68610-3 0  9995
2 21962 063.3500 124.5320 7250724 265.6114 016.4707 02.05901374001702
0 SL-6 DEB
1 21962U 77054  E 90305.37050318  .00000175 +00000-0 -11488-2 0  9995
2 21962 063.3489 124.1065 7251795 265.6057 016.4961 02.05890025001763
0 SL-6 DEB
1 21962U 77054  E 90305.37050444  .00000204 +00000-0 +11488-2 0  9997
2 21962 063.3489 124.1066 7251795 265.6058 016.4961 02.05890025001765
0 SL-6 DEB
1 21962U 77054  E 90307.79896243  .00000170 +00000-0 -11472-2 0  9996
2 21962 063.3488 123.7531 7252959 265.5993 016.4848 02.05885885001814
0 SL-6 DEB
1 21962U 77054  E 90314.59853231  .00000189 +00000-0 +36450-3 0  9995
2 21962 063.3429 122.7530 7257661 265.6124 016.4972 02.05901820001950
0 SL-6 DEB
1 21962U 77054  E 90317.51234556  .00000201 +00000-0 +11968-2 0  9994
2 21962 063.3373 122.3291 7257999 265.5934 016.4416 02.05908151002015
0 SL-6 DEB
1 21962U 77054  E 90318.48362051  .00000199 +00000-0 +11669-2 0  9997
2 21962 063.3374 122.1869 7258449 265.5906 016.4296 02.05907928002034
0 SL-6 DEB
1 21962U 77054  E 90319.94057920 -.00000253 +00000-0 +63286-3 0  9990
2 21962 063.3454 121.9616 7259672 265.5801 016.4276 02.05905135002062
0 SL-6 DEB
1 21962U 77054  E 90320.42622869  .00000185 +00000-0 +70670-3 0  9993
2 21962 063.3365 121.8913 7259745 265.5822 016.4231 02.05903991002076
0 SL-6 DEB
1 21962U 77054  E 90324.79725647  .00000177 +00000-0 +72502-3 0  9992
2 21962 063.3340 121.2515 7261811 265.5729 016.4123 02.05890927002168
0 SL-6 DEB
1 21962U 77054  E 90327.22570384  .00000175 +00000-0 +83466-3 0  9998
2 21962 063.3273 120.8958 7262716 265.5745 016.4091 02.05888030002214
0 SL-6 DEB
1 21962U 77054  E 90327.22570510  .00000452 +00000-0 +83466-3 0  9997
2 21962 063.3273 120.8959 7262716 265.5746 016.4091 02.05888030002216
0 SL-6 DEB
1 21962U 77054  E 90328.19708775  .00000174 +00000-0 +88420-3 0  9996
2 21962 063.3241 120.7533 7263094 265.5751 016.4061 02.05888511002237
0 SL-6 DEB
1 21962U 77054  E 90333.53954303  .00000151 +00000-0 +33795-3 0  9990
2 21962 063.3234 119.9692 7265637 265.5670 016.3824 02.05902080002346
0 SL-6 DEB
1 21962U 77054  E 90338.88166134 -.00000264 +00000-0 +42118-3 0  9995
2 21962 063.3204 119.1820 7268394 265.5639 016.3503 02.05905172002457
0 SL-6 DEB
1 21962U 77054  E 90342.28128748  .00000136 +00000-0 +42827-3 0  9997
2 21962 063.3222 118.6798 7270249 265.5580 016.3289 02.05894876002529
0 SL-6 DEB
1 21962U 77054  E 90345.19539090  .00000401 +00000-0 +42553-3 0  9997
2 21962 063.3299 118.2463 7271936 265.5544 016.3123 02.05887850002589
0 SL-6 DEB
1 21962U 77054  E 90345.19539229  .00000130 +00000-0 +42553-3 0  9990
2 21962 063.3224 118.2496 7271669 265.5528 016.3180 02.05888303002585
0 SL-6 DEB
1 21962U 77054  E 90346.16677962  .00000442 +00000-0 +42553-3 0  9991
2 21962 063.3297 118.1028 7272444 265.5516 016.3338 02.05888486002604
0 SL-6 DEB
1 21962U 77054  E 90346.65245174  .00000127 +00000-0 +42553-3 0  9991
2 21962 063.3297 118.0323 7272734 265.5517 016.3084 02.05888143002613
0 SL-6 DEB
1 21962U 77054  E 90349.56657329  .00000121 +00000-0 +42553-3 0  9997
2 21962 063.3265 117.6025 7274622 265.5495 016.3010 02.05893664002674
0 SL-6 DEB
1 21962U 77054  E 90352.48056660  .00000116 +00000-0 +42553-3 0  9997
2 21962 063.3258 117.1710 7275973 265.5434 016.2831 02.05903003002731
0 SL-6 DEB
1 21962U 77054  E 90354.42317777  .00000112 +00000-0 +42553-3 0  9998
2 21962 063.3260 116.8833 7276878 265.5391 016.2863 02.05907729002771
0 SL-6 DEB
1 21962U 77054  E 91004.47888937  .00000469 +00000-0 +12575-1 0  9991
2 21962 063.3199 114.6439 7284967 265.5264 016.2001 02.05900001003082
0 SL-6 DEB
1 21962U 77054  E 91005.45020487  .00000462 +00000-0 +12575-1 0  9991
2 21962 063.3199 114.4989 7285452 265.5249 016.1954 02.05904057003107
0 SL-6 DEB
1 21962U 77054  E 91007.39286299  .00000237 +00000-0 +12575-1 0  9991
2 21962 063.3159 114.2130 7288023 265.5377 016.1649 02.05909410003141
0 SL-6 DEB
1 21962U 77054  E 91007.39289010  .00000231 +00000-0 +12575-1 0  9999
2 21962 063.3233 114.2196 7287127 265.5436 016.1919 02.05909542003142
0 SL-6 DEB
1 21962U 77054  E 91009.33545955  .00000085 +00000-0 +12575-1 0  9995
2 21962 063.3290 113.9336 7287113 265.5430 016.1707 02.05912541003188
0 SL-6 DEB
1 21962U 77054  E 91009.33546422  .00000085 +00000-0 +12575-1 0  9995
2 21962 063.3286 113.9339 7287080 265.5421 016.1725 02.05912452003180
0 SL-6 DEB
1 21962U 77054  E 91009.82112054  .00000071 +00000-0 +12575-1 0  9994
2 21962 063.3349 113.8651 7286920 265.5528 016.1717 02.05912542003198
0 SL-6 DEB
1 21962U 77054  E 91015.16328567  .00000050 +00000-0 +00000-4 0  9996
2 21962 063.3299 113.0596 7290682 265.5349 016.1619 02.05899352003300
0 SL-6 DEB
1 21962U 77054  E 91015.64893956  .00000048 +00000-0 +00000-4 0  9995
2 21962 063.3305 112.9900 7291475 265.5152 016.1481 02.05897546003319
0 SL-6 DEB
1 21962U 77054  E 91017.59164998  .00000352 +00000-0 +99999-4 0  9991
2 21962 063.3278 112.6969 7292239 265.5056 016.1455 02.05892582003352
0 SL-6 DEB
1 21962U 77054  E 91017.59165903  .00000044 +00000-0 +00000-4 0  9991
2 21962 063.3275 112.7010 7292400 265.5073 016.1523 02.05892699003351
0 SL-6 DEB
1 21962U 77054  E 91018.56303652  .00000413 +00000-0 +99999-4 0  9999
2 21962 063.3275 112.5621 7292221 265.5026 016.1526 02.05891115003373
0 SL-6 DEB
1 21962U 77054  E 91018.56303661  .00000042 +00000-0 +00000-4 0  9992
2 21962 063.3275 112.5621 7292220 265.5025 016.1526 02.05891116003372
0 SL-6 DEB
1 21962U 77054  E 91021.47714031  .00000036 +00000-0 +00000-4 0  9996
2 21962 063.3275 112.1247 7293711 265.4984 016.1446 02.05893470003434
0 SL-6 DEB
1 21962U 77054  E 91022.44849072  .00000035 +00000-0 +00000-4 0  9997
2 21962 063.3273 111.9789 7294213 265.4973 016.1397 02.05895974003454
0 SL-6 DEB
1 21962U 77054  E 91023.41982646  .00000032 +00000-0 +00000-4 0  9997
2 21962 063.3273 111.8329 7294707 265.4959 016.1334 02.05899017003470
0 SL-6 DEB
1 21962U 77054  E 91024.39114685  .00000031 +00000-0 +00000-4 0  9994
2 21962 063.3264 111.6864 7295224 265.4944 016.1269 02.05902299003497
0 SL-6 DEB
1 21962U 77054  E 91027.30502036  .00000024 +00000-0 +00000-4 0  9991
2 21962 063.3274 111.2549 7296907 265.4918 016.0569 02.05908820003559
0 SL-6 DEB
1 21962U 77054  E 91028.27636619  .00000023 +00000-0 +00000-4 0  9992
2 21962 063.3217 111.1021 7298457 265.4879 016.1177 02.05910371003570
0 SL-6 DEB
1 21962U 77054  E 91029.73323641  .00000020 +00000-0 +00000-4 0  9999
2 21962 063.3216 110.8822 7299179 265.4861 016.0775 02.05909803003602
0 SL-6 DEB
1 21962U 77054  E 91031.19017653  .00000016 +00000-0 +00000-4 0  9990
2 21962 063.3213 110.6622 7299912 265.4845 016.0799 02.05906944003634
0 SL-6 DEB
1 21962U 77054  E 91033.13279211  .00000012 +00000-0 +00000-4 0  9992
2 21962 063.3205 110.3683 7300812 265.4844 016.0725 02.05900904003673
0 SL-6 DEB
1 21962U 77054  E 91035.56114591  .00000007 +00000-0 +00000-4 0  9994
2 21962 063.3355 110.0386 7302399 265.4704 016.0903 02.05894415003726
0 SL-6 DEB
1 21962U 77054  E 91036.53247078  .00000005 +00000-0 +00000-4 0  9997
2 21962 063.3339 109.8901 7302822 265.4739 016.0625 02.05892455003741
0 SL-6 DEB
1 21962U 77054  E 91039.44657316  .00000427 +00000-0 +99999-4 0  9993
2 21962 063.3337 109.4533 7305033 265.4690 016.0625 02.05892258003807
0 SL-6 DEB
1 21962U 77054  E 91040.41791177  .00000379 +00000-0 +99999-4 0  9992
2 21962 063.3332 109.3068 7306038 265.4669 016.0530 02.05894263003821
0 SL-6 DEB
1 21962U 77054  E 91041.38924350 -.00000004 +00000-0 +00000-4 0  9991
2 21962 063.3335 109.1595 7306569 265.4665 016.0372 02.05896779003842
0 SL-6 DEB
1 21962U 77054  E 91042.36058001 -.00000006 +00000-0 +00000-4 0  9993
2 21962 063.3337 109.0119 7307162 265.4659 016.0361 02.05899888003862
0 SL-6 DEB
1 21962U 77054  E 91046.24577980 -.00000013 +00000-0 +00000-4 0  9994
2 21962 063.3313 108.4076 7308960 265.4432 016.0908 02.05912669003946
0 SL-6 DEB
1 21962U 77054  E 91048.18823377 -.00000352 +00000-0 +99999-4 0  9994
2 21962 063.3305 108.1158 7309167 265.4555 016.0376 02.05913809003981
0 SL-6 DEB
1 21962U 77054  E 91049.15948741 -.00000326 +00000-0 +99999-4 0  9996
2 21962 063.3300 107.9677 7309843 265.4536 016.0266 02.05912653004007
0 SL-6 DEB
1 21962U 77054  E 91049.15948742 -.00000019 +00000-0 +00000-4 0  9991
2 21962 063.3300 107.9677 7309843 265.4535 016.0266 02.05912653004006
0 SL-6 DEB
1 21962U 77054  E 91050.13075800 -.00000021 +00000-0 +00000-4 0  9990
2 21962 063.3296 107.8205 7310088 265.4570 016.0216 02.05910514004029
0 SL-6 DEB
1 21962U 77054  E 91052.07333530 -.00000026 +00000-0 +00000-4 0  9997
2 21962 063.3300 107.5239 7311102 265.4555 016.0101 02.05904463004063
0 SL-6 DEB
1 21962U 77054  E 91053.04464571  .00000079 +00000-0 +99999-4 0  9997
2 21962 063.3273 107.3749 7311563 265.4580 016.0040 02.05901221004088
0 SL-6 DEB
1 21962U 77054  E 91055.47298249 -.00000033 +00000-0 +00000-4 0  9999
2 21962 063.3278 107.0045 7312864 265.4569 015.9887 02.05894972004138
0 SL-6 DEB
1 21962U 77054  E 91058.38704830 -.00000039 +00000-0 +00000-4 0  9996
2 21962 063.3294 106.5692 7315066 265.4670 015.9917 02.05894802004190
0 SL-6 DEB
1 21962U 77054  E 91063.72915411 -.00000049 +00000-0 +00000-4 0  9990
2 21962 063.3311 105.7458 7318467 265.4677 015.9402 02.05913414004309
0 SL-6 DEB
1 21962U 77054  E 91064.21478488 -.00000186 +00000-0 +99999-4 0  9990
2 21962 063.3306 105.6747 7318600 265.4775 015.9368 02.05914660004317
0 SL-6 DEB
1 21962U 77054  E 91065.18603796 -.00000052 +00000-0 +00000-4 0  9996
2 21962 063.3330 105.5242 7318782 265.4681 015.9431 02.05917248004338
0 SL-6 DEB
1 21962U 77054  E 91066.15735134 -.00000339 +00000-0 +99999-4 0  9999
2 21962 063.3159 105.3060 7319740 265.5178 015.9874 02.05919748004350
0 SL-6 DEB
1 21962U 77054  E 91069.07097104 -.00000061 +00000-0 +00000-4 0  9998
2 21962 063.3182 104.8608 7320368 265.4829 015.9258 02.05916581004413
0 SL-6 DEB
1 21962U 77054  E 91070.04222996 -.00000063 +00000-0 +00000-4 0  9998
2 21962 063.3199 104.7152 7320888 265.4815 015.9236 02.05913626004431
0 SL-6 DEB
1 21962U 77054  E 91071.01350486 -.00000065 +00000-0 +00000-4 0  9994
2 21962 063.3194 104.5585 7321421 265.4796 015.9264 02.05910921004454
0 SL-6 DEB
1 21962U 77054  E 91073.44174582 -.00000070 +00000-0 +00000-4 0  9990
2 21962 063.3238 104.2025 7322610 265.4782 015.9163 02.05903083004500
0 SL-6 DEB
1 21962U 77054  E 91077.32705692  .00000427 +00000-0 +99999-4 0  9993
2 21962 063.3208 103.6152 7324573 265.4804 015.8599 02.05896852004581
0 SL-6 DEB
1 21962U 77054  E 91077.32712041 -.00000078 +00000-0 +00000-4 0  9997
2 21962 063.3188 103.6184 7324586 265.4795 015.9062 02.05896826004583
0 SL-6 DEB
1 21962U 77054  E 91080.24109609 -.00000082 +00000-0 +00000-4 0  9997
2 21962 063.3197 103.1634 7325789 265.4647 015.9930 02.05911372004645
0 SL-6 DEB
1 21962U 77054  E 91082.66909483 -.00000132 +00000-0 +99999-4 0  9994
2 21962 063.3167 102.7963 7326749 265.4667 015.9027 02.05921034004699
0 SL-6 DEB
1 21962U 77054  E 91083.15471944 -.00000088 +00000-0 +00000-4 0  9990
2 21962 063.3190 102.7301 7326960 265.4706 015.8793 02.05920414004702
0 SL-6 DEB
1 21962U 77054  E 91088.01086232 -.00000098 +00000-0 +00000-4 0  9993
2 21962 063.3192 101.9459 7327773 265.4579 015.8906 02.05919087004801
0 SL-6 DEB
1 21962U 77054  E 91088.98208373 -.00000100 +00000-0 +00000-4 0  9995
2 21962 063.3218 101.8008 7328800 265.4641 015.8802 02.05917313004828
0 SL-6 DEB
1 21962U 77054  E 91103.06564999 -.00000290 +00000-0 +99999-4 0  9996
2 21962 063.3234 099.6729 7336814 265.4484 016.0575 02.05926466005111
0 SL-6 DEB
1 21962U 77054  E 91104.03656473  .00001400 +00000-0 +23893-1 0  9993
2 21962 063.3249 099.5152 7335860 265.4350 015.8417 02.05930884005131
0 SL-6 DEB
1 21962U 77054  E 91105.00773948 -.00000022 +00000-0 +15473-2 0  9994
2 21962 063.3251 099.3677 7336495 265.4339 015.8187 02.05928078005154
0 SL-6 DEB
1 21962U 77054  E 91105.00775390  .00000798 +00000-0 +12598-1 0  9990
2 21962 063.3238 099.3684 7336390 265.4321 015.8401 02.05931297005158
0 SL-6 DEB
1 21962U 77054  E 91105.97892521  .00000388 +00000-0 +70744-2 0  9995
2 21962 063.3234 099.2182 7336628 265.4323 015.8140 02.05928885005173
0 SL-6 DEB
1 21962U 77054  E 91109.86384942 -.00000015 +00000-0 +16336-2 0  9995
2 21962 063.3256 098.6049 7340790 265.4459 015.8699 02.05918547005259
0 SL-6 DEB
1 21962U 77054  E 91112.77749756 -.00000002 +00000-0 +18142-2 0  9990
2 21962 063.3252 098.1517 7342343 265.4459 015.7707 02.05912765005318
0 SL-6 DEB
1 21962U 77054  E 91116.17691936  .00000558 +00000-0 +22490-2 0  9990
2 21962 063.3206 097.6229 7344423 265.4493 015.7715 02.05917311005388
0 SL-6 DEB
1 21962U 77054  E 91117.14812364  .00000040 +00000-0 +23092-2 0  9993
2 21962 063.3201 097.4711 7344971 265.4494 015.7441 02.05920484005400
0 SL-6 DEB
1 21962U 77054  E 91120.06181261  .00000005 +00000-0 +19035-2 0  9996
2 21962 063.3207 097.0147 7346689 265.4501 015.7331 02.05929668005469
0 SL-6 DEB
1 21962U 77054  E 91122.00414836  .00000011 +00000-0 +19623-2 0  9999
2 21962 063.3209 096.7111 7347622 265.4493 015.7164 02.05935346005505
0 SL-6 DEB
1 21962U 77054  E 91122.97530535 -.00000038 +00000-0 +14088-2 0  9990
2 21962 063.3217 096.5562 7348906 265.4572 015.7047 02.05935564005520
0 SL-6 DEB
1 21962U 77054  E 91123.94646363 -.00000263 +00000-0 +12223-2 0  9994
2 21962 063.3189 096.4132 7349131 265.4512 015.6815 02.05935258005549
0 SL-6 DEB
1 21962U 77054  E 91125.88883155 -.00000065 +00000-0 +11283-2 0  9996
2 21962 063.3207 096.1022 7351030 265.4613 015.6972 02.05931988005582
0 SL-6 DEB
1 21962U 77054  E 91139.48593973 -.00000180 +00000-0 +17423-3 0  9994
2 21962 063.3139 093.9658 7358789 265.4840 015.5902 02.05931988005869
0 SL-6 DEB
1 21962U 77054  E 91139.97154966 -.00000179 +00000-0 +19429-3 0  9999
2 21962 063.3137 093.8881 7358662 265.4842 015.5991 02.05933247005875
0 SL-6 DEB
1 21962U 77054  E 91141.91387050 -.00000163 +00000-0 +35112-3 0  9998
2 21962 063.3140 093.5805 7359435 265.4821 015.5887 02.05936682005913
0 SL-6 DEB
1 21962U 77054  E 91142.88502718 -.00000105 +00000-0 +86305-3 0  9991
2 21962 063.3149 093.4246 7359332 265.4750 015.5937 02.05937909005938
0 SL-6 DEB
1 21962U 77054  E 91143.85617778 -.00000132 +00000-0 +64257-3 0  9994
2 21962 063.3135 093.2740 7359833 265.4757 015.5816 02.05936123005958
0 SL-6 DEB
1 21962U 77054  E 91145.79852850 -.00000168 +00000-0 +35800-3 0  9992
2 21962 063.3153 092.9659 7361510 265.4851 015.5756 02.05930203005993
0 SL-6 DEB
1 21962U 77054  E 91147.74091841 -.00000185 +00000-0 +24010-3 0  9994
2 21962 063.3152 092.6583 7362509 265.4849 015.5540 02.05923371006036
0 SL-6 DEB
1 21962U 77054  E 91150.16900553 -.00000175 +00000-0 +34511-3 0  9999
2 21962 063.3122 092.2790 7363824 265.4899 015.5565 02.05918068006084
0 SL-6 DEB
1 21962U 77054  E 91150.16900616  .00000382 +00000-0 +31332-3 0  9996
2 21962 063.3133 092.2747 7363964 265.4923 015.5548 02.05917961006083
0 SL-6 DEB
1 21962U 77054  E 91151.14023784  .00000446 +00000-0 +34236-3 0  9994
2 21962 063.3070 092.1276 7364082 265.4850 015.5405 02.05917062006107
0 SL-6 DEB
1 21962U 77054  E 91153.08273900 -.00000160 +00000-0 +48738-3 0  9992
2 21962 063.3064 091.8258 7364880 265.4836 015.5439 02.05918648006148
0 SL-6 DEB
1 21962U 77054  E 91154.05397124 -.00000160 +00000-0 +48911-3 0  9998
2 21962 063.3062 091.6741 7365327 265.4832 015.5361 02.05920643006168
0 SL-6 DEB
1 21962U 77054  E 91155.02519972 -.00004789 +00000-0 -32918-1 0  9993
2 21962 063.3127 091.5250 7367500 265.5026 015.5258 02.05914042006188
0 SL-6 DEB
1 21962U 77054  E 91155.02520106 -.00000161 +00000-0 +48820-3 0  9994
2 21962 063.3063 091.5199 7365880 265.4848 015.5344 02.05923420006185
0 SL-6 DEB
1 21962U 77054  E 91157.93909091 -.00000090 +00000-0 +16323-3 0  9994
2 21962 063.3093 091.0712 7368919 265.4950 015.7512 02.05933323006243
0 SL-6 DEB
1 21962U 77054  E 91158.90993894 -.00000278 +00000-0 +31317-3 0  9994
2 21962 063.3075 090.9194 7369587 265.4992 015.4979 02.05934941006266
0 SL-6 DEB
1 21962U 77054  E 91159.88109512  .00003057 +00000-0 +24004-1 0  9998
2 21962 063.3078 090.7737 7367989 265.4644 015.4902 02.05942503006289
0 SL-6 DEB
1 21962U 77054  E 91162.79457139 -.00000219 +00000-0 +12456-3 0  9991
2 21962 063.3129 090.2955 7369811 265.4836 015.4972 02.05937014006347
0 SL-6 DEB
1 21962U 77054  E 91163.76570583 -.00000219 +00000-0 +13458-3 0  9991
2 21962 063.3124 090.1404 7370350 265.4851 015.4745 02.05934735006364
0 SL-6 DEB
1 21962U 77054  E 91164.73691382 -.00000146 +00000-0 +20119-3 0  9991
2 21962 063.3053 089.9755 7371981 265.5060 015.5118 02.05932202006388
0 SL-6 DEB
1 21962U 77054  E 91165.70801774 -.00000212 +00000-0 +20141-3 0  9996
2 21962 063.3053 089.8205 7372480 265.5067 015.4476 02.05928897006403
0 SL-6 DEB
1 21962U 77054  E 91170.07851731 -.00000198 +00000-0 +32580-3 0  9993
2 21962 063.3057 089.1186 7373364 265.5071 015.4307 02.05919162006492
0 SL-6 DEB
1 21962U 77054  E 91171.04976992 -.00000181 +00000-0 +43726-3 0  9994
2 21962 063.3073 088.9644 7373418 265.5048 015.4432 02.05919720006512
0 SL-6 DEB
1 21962U 77054  E 91172.02100361  .00000476 +00000-0 +44250-3 0  9991
2 21962 063.3076 088.8107 7373880 265.5048 015.4378 02.05920849006536
0 SL-6 DEB
1 21962U 77054  E 91173.96344429 -.00000182 +00000-0 +44284-3 0  9992
2 21962 063.3079 088.5002 7374890 265.5066 015.4275 02.05925757006575
0 SL-6 DEB
1 21962U 77054  E 91174.93463445 -.00000182 +00000-0 +44206-3 0  9994
2 21962 063.3069 088.3492 7375353 265.5063 015.4162 02.05929110006591
0 SL-6 DEB
1 21962U 77054  E 91176.87698328 -.00000188 +00000-0 +40874-3 0  9992
2 21962 063.3091 088.0405 7376559 265.5083 015.4050 02.05936023006630
0 SL-6 DEB
1 21962U 77054  E 91177.84813708 -.00000196 +00000-0 +36584-3 0  9993
2 21962 063.3090 087.8864 7377263 265.5110 015.4006 02.05938755006656
0 SL-6 DEB
1 21962U 77054  E 91179.79043194 -.00000334 +00000-0 +29012-3 0  9995
2 21962 063.3077 087.5762 7378388 265.5171 015.4024 02.05941338006696
0 SL-6 DEB
1 21962U 77054  E 91185.61744734  .00000098 +00000-0 +92364-4 0  9998
2 21962 063.2968 086.6408 7381210 265.5121 015.4261 02.05927517006814
0 SL-6 DEB
1 21962U 77054  E 91188.04541084 -.00000212 +00000-0 +32196-3 0  9996
2 21962 063.2970 086.2612 7381283 265.5121 015.3722 02.05922683006865
0 SL-6 DEB
1 21962U 77054  E 91189.98786572 -.00000188 +00000-0 +45215-3 0  9991
2 21962 063.2978 085.9519 7381748 265.5113 015.3719 02.05922722006907
0 SL-6 DEB
1 21962U 77054  E 91190.95907170 -.00000185 +00000-0 +46858-3 0  9990
2 21962 063.2980 085.7962 7382163 265.5117 015.3576 02.05924033006926
0 SL-6 DEB
1 21962U 77054  E 91192.90147914 -.00000196 +00000-0 +41161-3 0  9993
2 21962 063.2962 085.4846 7383213 265.5158 015.3411 02.05928716006960
0 SL-6 DEB
1 21962U 77054  E 91194.84384595 -.00000189 +00000-0 +44829-3 0  9992
2 21962 063.3008 085.1697 7384244 265.5168 015.3405 02.05936015007009
0 SL-6 DEB
1 21962U 77054  E 91199.69947741 -.00000149 +00000-0 +62572-3 0  9999
2 21962 063.3241 084.3724 7386720 265.5242 015.3243 02.05946131007105
0 SL-6 DEB
1 21962U 77054  E 91201.64174546 -.00000172 +00000-0 +49056-3 0  9991
2 21962 063.3218 084.0583 7386865 265.5179 015.3264 02.05942057007148
0 SL-6 DEB
1 21962U 77054  E 91202.61285887 -.00000070 +00000-0 +45490-3 0  9995
2 21962 063.3203 083.9019 7387477 265.5202 015.3023 02.05939019007160
0 SL-6 DEB
1 21962U 77054  E 91202.61287925 -.00000074 +00000-0 +43546-3 0  9994
2 21962 063.3205 083.9020 7387311 265.5177 015.3143 02.05938892007163
0 SL-6 DEB
1 21962U 77054  E 91204.55520312 -.00000175 +00000-0 +50775-3 0  9993
2 21962 063.3204 083.5876 7388855 265.5284 015.3169 02.05933044007207
0 SL-6 DEB
1 21962U 77054  E 91209.89678512 -.00000172 +00000-0 +50941-3 0  9993
2 21962 063.3207 082.7242 7391519 265.5340 015.2945 02.05928556007317
0 SL-6 DEB
1 21962U 77054  E 91211.83916464 -.00000138 +00000-0 +65343-3 0  9995
2 21962 063.3148 082.4173 7391360 265.5310 015.2975 02.05934793007359
0 SL-6 DEB
1 21962U 77054  E 91213.78147522  .00000115 +00000-0 +54698-3 0  9997
2 21962 063.3209 082.0975 7390833 265.5031 015.2940 02.05941614007393
0 SL-6 DEB
1 21962U 77054  E 92028.63803690  .00044349 +00000-0 +56262-2 0  9996
2 21962 063.3317 051.8368 7462526 265.9557 014.2184 02.07578315002557
0 SL-6 DEB
1 21962U 77054  E 92031.04594431  .00025156 +00000-0 +35595-2 0  9996
2 21962 063.3308 051.4265 7459671 265.9882 014.6576 02.07746452002601
0 SL-6 DEB
1 21962U 77054  E 92031.52714517  .00025406 +00000-0 +32310-2 0  9998
2 21962 063.3308 051.3454 7460884 265.9937 014.5712 02.07770365002611
0 SL-6 DEB
1 21962U 77054  E 92032.48962644  .00026070 +00000-0 +29539-2 0  9997
2 21962 063.3310 051.1838 7462071 266.0125 014.5839 02.07825760002631
0 SL-6 DEB
1 21962U 77054  E 92033.45174258  .00031288 +00000-0 +35561-2 0  9990
2 21962 063.3189 051.0700 7461390 266.0113 014.5572 02.07899585002654
0 SL-6 DEB
1 21962U 77054  E 92033.45175689  .00029045 +00000-0 +33325-2 0  9993
2 21962 063.3245 051.0259 7461360 265.9730 014.5778 02.07888197002651
0 SL-6 DEB
1 21962U 77054  E 92033.45182436  .00027794 +00000-0 +28676-2 0  9993
2 21962 063.3312 051.0229 7462819 266.0417 014.6106 02.07891317002651
0 SL-6 DEB
1 21962U 77054  E 92051.19985784  .00041867 -50700-4 +23760-2 0  9994
2 21962 063.3324 047.9129 7458038 266.0417 014.6344 02.09046438003029
0 SL-6 DEB
1 21962U 77054  E 92053.11175693  .00033442 +10487-4 +22102-2 0  9994
2 21962 063.3321 047.5883 7457763 266.0846 013.8971 02.09178106003068
0 SL-6 DEB
1 21962U 77054  E 92053.11196678  .00043351 -50600-4 +26540-2 0  9992
2 21962 063.3240 047.5370 7455973 266.0899 014.1593 02.09195305003062
0 SL-6 DEB
1 21962U 77054  E 92055.50150007  .00034160 +78290-5 +22393-2 0  9998
2 21962 063.3276 047.1687 7456919 266.0543 014.6250 02.09380203003119
0 SL-6 DEB
1 21962U 77054  E 92055.50150095  .00044482 -50600-4 +22373-2 0  9996
2 21962 063.3274 047.1685 7456931 266.0544 014.6266 02.09380319003115
0 SL-6 DEB
1 21962U 77054  E 92055.97905899  .00033966 +84054-5 +22294-2 0  9994
2 21962 063.3279 047.0813 7456803 266.0556 014.6342 02.09414947003124
0 SL-6 DEB
1 21962U 77054  E 92056.45652345  .00053049 -50499-4 +23113-2 0  9994
2 21962 063.3220 046.9978 7458365 266.0657 014.6413 02.09460087003133
0 SL-6 DEB
1 21962U 77054  E 92057.88832890  .00044852 -50499-4 +19265-2 0  9992
2 21962 063.3294 046.7370 7457370 266.0651 014.5615 02.09552915003165
0 SL-6 DEB
1 21962U 77054  E 92064.08364472  .00050865 -50400-4 +19981-2 0  9996
2 21962 063.3292 045.6321 7454135 266.0890 014.6942 02.10106711003297
0 SL-6 DEB
1 21962U 77054  E 92064.08364503  .00042549 +11361-4 +19981-2 0  9993
2 21962 063.3292 045.6322 7454135 266.0891 014.6942 02.10106711003299
0 SL-6 DEB
1 21962U 77054  E 92066.46257188  .00253339 -50400-4 +97934-2 0  9990
2 21962 063.3353 045.1994 7455591 266.0580 014.8122 02.10143706003342
0 SL-6 DEB
1 21962U 77054  E 92066.46257220  .00242765 +82151-5 +97934-2 0  9996
2 21962 063.3353 045.1995 7455591 266.0580 014.8122 02.10143706003343
0 SL-6 DEB
1 21962U 77054  E 92067.41352076  .00043177 -50300-4 +12220-2 0  9999
2 21962 063.3293 045.0353 7455487 266.0800 014.6720 02.10318901003367
0 SL-6 DEB
1 21962U 77054  E 92075.96012069  .00032124 +81824-5 +10786-2 0  9993
2 21962 063.3283 043.5188 7451841 266.1216 013.8416 02.10877499003542
0 SL-6 DEB
1 21962U 77054  E 92075.96122065  .00031373 +82549-5 +99946-3 0  9997
2 21962 063.3234 043.5229 7452415 266.1321 014.6797 02.10872144003542
0 SL-6 DEB
1 21962U 77054  E 92076.43539825  .00031180 +84466-5 +95696-3 0  9990
2 21962 063.3240 043.4342 7452694 266.1276 014.6779 02.10906847003551
0 SL-6 DEB
1 21962U 77054  E 92076.43540155  .00041771 -50000-4 +92514-3 0  9998
2 21962 063.3293 043.4280 7453025 266.1311 014.6761 02.10906775003550
0 SL-6 DEB
1 21962U 77054  E 92076.90950177  .00030122 +92042-5 +99596-3 0  9996
2 21962 063.3251 043.3478 7451960 266.1362 014.6841 02.10935073003567
0 SL-6 DEB
1 21962U 77054  E 92076.90950949  .00030119 +92302-5 +99582-3 0  9993
2 21962 063.3251 043.3478 7451962 266.1362 014.6900 02.10935074003566
0 SL-6 DEB
1 21962U 77054  E 92077.38350407  .00063176 -50000-4 +14793-2 0  9997
2 21962 063.3394 043.2063 7452566 266.1551 014.6791 02.10994671003571
0 SL-6 DEB
1 21962U 77054  E 92077.85743452  .00041463 -49900-4 +74143-3 0  9993
2 21962 063.3268 043.1680 7454257 266.1475 014.6613 02.10996073003581
0 SL-6 DEB
1 21962U 77054  E 92078.80511554  .00055829 +15571-4 +13666-2 0  9994
2 21962 063.3176 043.0065 7453087 266.1194 014.8086 02.11124187003602
0 SL-6 DEB
1 21962U 77054  E 92078.80511587  .00068401 -50000-4 +13666-2 0  9997
2 21962 063.3176 043.0064 7453087 266.1193 014.8086 02.11124188003601
0 SL-6 DEB
1 21962U 77054  E 92078.80518233  .00029900 +15545-4 +82810-3 0  9995
2 21962 063.3252 042.9984 7452950 266.1323 014.7252 02.11067004003605
0 SL-6 DEB
1 21962U 77054  E 92082.11934869  .00042638 -49800-4 +75229-3 0  9992
2 21962 063.3262 042.3973 7451907 266.1563 014.6412 02.11307805003675
0 SL-6 DEB
1 21962U 77054  E 92084.95744640  .00034248 +88903-5 +64563-3 0  9996
2 21962 063.3253 041.8935 7451314 266.1656 014.7717 02.11525395003734
0 SL-6 DEB
1 21962U 77054  E 92085.43000639  .00046660 -49700-4 +56479-3 0  9993
2 21962 063.3230 041.8079 7451886 266.1765 014.6554 02.11570252003744
0 SL-6 DEB
1 21962U 77054  E 92085.90260705  .00037198 +87083-5 +55985-3 0  9990
2 21962 063.3231 041.7221 7451761 266.1790 014.6504 02.11608859003754
0 SL-6 DEB
1 21962U 77054  E 92086.37511271  .00038765 +98187-5 +63470-3 0  9995
2 21962 063.3182 041.6477 7451109 266.1702 014.6527 02.11651800003760
0 SL-6 DEB
1 21962U 77054  E 92086.37513031  .00037735 +97043-5 +53448-3 0  9991
2 21962 063.3233 041.6355 7451791 266.1827 014.6582 02.11648557003763
0 SL-6 DEB
1 21962U 77054  E 92086.84755061  .00049717 -49600-4 +61239-3 0  9990
2 21962 063.3165 041.5665 7450918 266.1706 014.6573 02.11688166003777
0 SL-6 DEB
1 21962U 77054  E 92087.31989705  .00049278 -49500-4 +59219-3 0  9993
2 21962 063.3262 041.4647 7450705 266.1818 014.6606 02.11727179003788
0 SL-6 DEB
1 21962U 77054  E 92087.31990607  .00052048 -49600-4 +63201-3 0  9992
2 21962 063.3175 041.4782 7450683 266.1743 014.6710 02.11730226003786
0 SL-6 DEB
1 21962U 77054  E 92087.79223336  .00045860 -49600-4 +78552-3 0  9991
2 21962 063.3323 041.3487 7448754 266.1937 014.6727 02.11747891003798
0 SL-6 DEB
1 21962U 77054  E 92090.15226421  .00046160 -45700-4 +39974-3 0  9999
2 21962 063.3184 040.9497 7450626 266.1944 014.6233 02.11946746003846
0 SL-6 DEB
1 21962U 77054  E 92092.03892998  .00048789 -45599-4 +40208-3 0  9993
2 21962 063.3183 040.6073 7449710 266.2002 014.6796 02.12096366003883
0 SL-6 DEB
1 21962U 77054  E 92092.98171628  .00046565 -45500-4 +28497-3 0  9995
2 21962 063.3230 040.4264 7450569 266.2119 014.6923 02.12174425003907
0 SL-6 DEB
1 21962U 77054  E 92093.92412965  .00038386 +15205-4 +26569-3 0  9990
2 21962 063.3254 040.2509 7450358 266.2150 014.7462 02.12257510003922
0 SL-6 DEB
1 21962U 77054  E 92094.39510201  .00047710 -45400-4 +26619-3 0  9992
2 21962 063.3253 040.1652 7450114 266.2164 014.6603 02.12295535003930
0 SL-6 DEB
1 21962U 77054  E 92094.86611897  .00039384 +15215-4 +26818-3 0  9996
2 21962 063.3249 040.0802 7449834 266.2179 014.6583 02.12332817003947
0 SL-6 DEB
1 21962U 77054  E 92095.33703795  .00039869 +15326-4 +27004-3 0  9997
2 21962 063.3246 039.9949 7449553 266.2191 014.6514 02.12371096003952
0 SL-6 DEB
1 21962U 77054  E 92095.33704709  .00037778 +15322-4 +32785-3 0  9998
2 21962 063.3186 040.0037 7448311 266.2106 014.6008 02.12364230003953
0 SL-6 DEB
1 21962U 77054  E 92095.80799103  .00047107 -45400-4 +32861-3 0  9995
2 21962 063.3185 039.9181 7448071 266.2120 014.6665 02.12401197003962
0 SL-6 DEB
1 21962U 77054  E 92096.27877141  .00046316 -45400-4 +32335-3 0  9993
2 21962 063.3179 039.8329 7447777 266.2133 014.6306 02.12435327003979
0 SL-6 DEB
1 21962U 77054  E 92096.27881989  .00046312 -45400-4 +32326-3 0  9994
2 21962 063.3179 039.8328 7447778 266.2133 014.6677 02.12435328003971
0 SL-6 DEB
1 21962U 77054  E 92102.86239419  .00048889 -45200-4 +20783-3 0  9995
2 21962 063.3176 038.6551 7446677 266.2365 014.6565 02.12916763004117
0 SL-6 DEB
1 21962U 77054  E 92103.33197873  .00040698 +15800-4 +23376-3 0  9998
2 21962 063.3206 038.5623 7445772 266.2372 014.6223 02.12955699004126
0 SL-6 DEB
1 21962U 77054  E 92103.80156925  .00053153 -45100-4 +25514-3 0  9996
2 21962 063.3198 038.4791 7445368 266.2355 014.6732 02.13001477004136
0 SL-6 DEB
1 21962U 77054  E 92108.02294650  .00046693 -44900-4 +18795-3 0  9994
2 21962 063.3204 037.7033 7443640 266.2591 014.0484 02.13329787004223
0 SL-6 DEB
1 21962U 77054  E 92108.02370649  .00037860 +16074-4 +18796-3 0  9994
2 21962 063.3204 037.7032 7443640 266.2592 014.6321 02.13329849004228
0 SL-6 DEB
1 21962U 77054  E 92109.42961010  .00048122 -45000-4 +17711-3 0  9998
2 21962 063.3205 037.4452 7443295 266.2656 014.6420 02.13443064004258
0 SL-6 DEB
1 21962U 77054  E 92115.04318580  .00059221 +16424-4 +19121-3 0  9997
2 21962 063.3231 036.4188 7439851 266.2932 014.8479 02.14119876004373
0 SL-6 DEB
1 21962U 77054  E 92115.04318612  .00068356 -44600-4 +21267-3 0  9994
2 21962 063.3227 036.4203 7439177 266.2857 014.8585 02.14122032004379
0 SL-6 DEB
1 21962U 77054  E 92115.97671957  .00063990 +16491-4 +20705-3 0  9991
2 21962 063.3241 036.2531 7438683 266.2857 014.7146 02.14261530004399
0 SL-6 DEB
1 21962U 77054  E 92116.44330760  .00064195 +16598-4 +20703-3 0  9992
2 21962 063.3242 036.1669 7438208 266.2872 014.6665 02.14323534004401
0 SL-6 DEB
1 21962U 77054  E 92117.37621503  .00065026 +16603-4 +20853-3 0  9990
2 21962 063.3235 035.9936 7437221 266.2929 014.6848 02.14450873004426
0 SL-6 DEB
1 21962U 77054  E 92117.37621505  .00074198 -44500-4 +19007-3 0  9999
2 21962 063.3292 035.9877 7437850 266.2964 014.7009 02.14453327004427
0 SL-6 DEB
1 21962U 77054  E 92117.84241147  .00065581 +16666-4 +18847-3 0  9999
2 21962 063.3298 035.9009 7437420 266.2985 014.6766 02.14517042004431
0 SL-6 DEB
1 21962U 77054  E 92118.77445089  .00073290 -44500-4 +20760-3 0  9995
2 21962 063.3227 035.7346 7435696 266.2985 014.6272 02.14637723004451
0 SL-6 DEB
1 21962U 77054  E 92118.77446747  .00074707 -44400-4 +18947-3 0  9994
2 21962 063.3295 035.7289 7436401 266.3009 014.6779 02.14643225004451
0 SL-6 DEB
1 21962U 77054  E 92118.77447051  .00065626 +16661-4 +21402-3 0  9990
2 21962 063.3190 035.7406 7435567 266.2964 014.6628 02.14643416004452
0 SL-6 DEB
1 21962U 77054  E 92124.35638784  .00067782 +16995-4 +22000-3 0  9996
2 21962 063.3197 034.7052 7429224 266.3145 016.0627 02.15438722004571
0 SL-6 DEB
1 21962U 77054  E 92124.81872964  .00076625 -44100-4 +21982-3 0  9991
2 21962 063.3197 034.6190 7428710 266.3161 014.7001 02.15503685004583
0 SL-6 DEB
1 21962U 77054  E 92126.67837885  .00067311 -44100-4 +17743-3 0  9992
2 21962 063.3185 034.2658 7428649 266.3336 014.6802 02.15570859004620
0 SL-6 DEB
1 21962U 77054  E 92126.67841704  .00068115 -44100-4 +16918-3 0  9993
2 21962 063.3327 034.1676 7429045 266.2932 014.6922 02.15572295004628
0 SL-6 DEB
1 21962U 77054  E 92126.67878003  .00067252 -44200-4 +17217-3 0  9990
2 21962 063.3198 034.2638 7428848 266.3350 014.9949 02.15570227004623
0 SL-6 DEB
1 21962U 77054  E 92138.66746254  .00116133 -43200-4 +39224-3 0  9998
2 21962 063.3307 032.0821 7406342 266.1977 014.9429 02.18197275004896
0 SL-6 DEB
1 21962U 77054  E 92163.57772556  .00102412 +18149-4 +28988-2 0  9992
2 21962 063.3213 027.4067 7352401 266.4881 015.2367 02.23417150005445
