0 TBA - TO BE ASSIGNED
1 45494U 10041AQ  20100.33718884 -.00000377  00000-0 -78124-3 0  9991
2 45494  64.8069 200.5801 5740373  37.2247 351.3203  4.25016402 36731
0 SL-12 DEB
1 45494U 10041AQ  20104.33707694 -.00000326 +00000-0 -64863-3 0  9991
2 45494 064.8091 199.1045 5741038 037.0528 351.3754 04.25013639036907
0 SL-12 DEB
1 45494U 10041AQ  20105.51351617 -.00000375 +00000-0 -68324-3 0  9992
2 45494 064.8090 198.6696 5741283 037.0024 351.3868 04.25012809036954
0 SL-12 DEB
1 45494U 10041AQ  20108.33698505 -.00000416  00000-0 -63935-3 0  9994
2 45494  64.8120 197.6285 5741649  36.8736 351.4203  4.25010746 37070
0 SL-12 DEB
1 45494U 10041AQ  20109.51343595 -.00000419 +00000-0 -63397-3 0  9996
2 45494 064.8097 197.1933 5741936 036.8227 351.4384 04.25010125037129
0 SL-12 DEB
1 45494U 10041AQ  20116.33689686 -.00000198  00000-0 -46388-3 0  9993
2 45494  64.8108 194.6745 5742765  36.5182 351.5641  4.25006975 37410
0 SL-12 DEB
1 45494U 10041AQ  20117.27806419 -.00000187 +00000-0 -43729-3 0  9996
2 45494 064.8102 194.3252 5743088 036.4824 351.5758 04.25006754037453
0 SL-12 DEB
1 45494U 10041AQ  20120.33685715 -.00000221  00000-0 -39151-3 0  9994
2 45494  64.8082 193.1940 5743672  36.3507 351.6051  4.25005559 37580
0 SL-12 DEB
1 45494U 10041AQ  20124.33683667 -.00000173  00000-0 -27076-3 0  9991
2 45494  64.8068 191.7131 5744733  36.1756 351.6546  4.25004350 37759
0 SL-12 DEB
1 45494U 10041AQ  20125.27801402 -.00000091 +00000-0 -15879-3 0  9991
2 45494 064.8104 191.3679 5744746 036.1357 351.6704 04.25004347037790
0 SL-12 DEB
1 45494U 10041AQ  20129.98388970  .00000100  00000-0  82027-4 0  9992
2 45494  64.8105 189.6279 5745738  35.9366 351.7405  4.25004448 37999
0 SL-12 DEB
1 45494U 10041AQ  20130.21918256 +.00000085 +00000-0 +61129-4 0  9998
2 45494 064.8108 189.5410 5745791 035.9265 351.7426 04.25004408038007
0 SL-12 DEB
1 45494U 10041AQ  20130.92505961 +.00000074 +00000-0 +67063-4 0  9992
2 45494 064.8109 189.2790 5745992 035.8933 351.7491 04.25004610038030
0 SL-12 DEB
1 45494U 10041AQ  20133.98386097 -.00000003  00000-0  79154-4 0  9995
2 45494  64.8151 188.1508 5746633  35.7667 351.7702  4.25004874 38169
0 SL-12 DEB
1 45494U 10041AQ  20135.16032378 -.00000028 +00000-0 +66873-4 0  9998
2 45494 064.8138 187.7126 5746917 035.7168 351.7824 04.25005133038216
0 SL-12 DEB
1 45494U 10041AQ  20137.51325652 +.00000030 +00000-0 +14540-3 0  9994
2 45494 064.8156 186.8426 5747418 035.6161 351.8157 04.25005461038313
0 SL-12 DEB
1 45494U 10041AQ  20137.98384314 +.00000103 +00000-0 +25466-3 0  9995
2 45494 064.8182 186.6721 5747505 035.5982 351.8229 04.25005883038335
0 SL-12 DEB
1 45494U 10041AQ  20138.92501678 +.00000133 +00000-0 +25983-3 0  9991
2 45494 064.8185 186.3235 5747707 035.5580 351.8389 04.25006102038379
0 SL-12 DEB
1 45494U 10041AQ  20141.51323871 +.00000345 +00000-0 +48781-3 0  9993
2 45494 064.8199 185.3651 5748299 035.4473 351.8810 04.25007377038488
0 SL-12 DEB
1 45494U 10041AQ  20141.51323871  .00000345  00000-0  48781-3 0  9993
2 45494  64.8199 185.3651 5748299  35.4473 351.8810  4.25007377 38488
0 SL-12 DEB
1 45494U 10041AQ  20142.21911501 +.00000381 +00000-0 +52335-3 0  9994
2 45494 064.8204 185.1038 5748476 035.4166 351.8908 04.25007746038510
0 SL-12 DEB
1 45494U 10041AQ  20143.39557146 +.00000447 +00000-0 +61803-3 0  9998
2 45494 064.8212 184.6682 5748761 035.3669 351.9041 04.25008709038566
0 SL-12 DEB
1 45494U 10041AQ  20146.21905295  .00000381  00000-0  57168-3 0  9990
2 45494  64.8238 183.6238 5749460  35.2475 351.9233  4.25010049 38687
0 SL-12 DEB
1 45494U 10041AQ  20149.51309551 +.00000360 +00000-0 +62101-3 0  9999
2 45494 064.8264 182.4053 5750353 035.1124 351.9422 04.25012522038825
0 SL-12 DEB
1 45494U 10041AQ  20149.51309551  .00000360  00000-0  62101-3 0  9999
2 45494  64.8264 182.4053 5750353  35.1124 351.9422  4.25012522 38825
0 SL-12 DEB
1 45494U 10041AQ  20150.21896193 +.00000404 +00000-0 +68503-3 0  9992
2 45494 064.8270 182.1441 5750543 035.0832 351.9493 04.25013154038859
0 SL-12 DEB
1 45494U 10041AQ  20154.45414351  .00000708  00000-0  99878-3 0  9990
2 45494  64.8297 180.5753 5751724  34.9081 352.0072  4.25017818 39039
0 SL-12 DEB
1 45494U 10041AQ  20154.45414351  .00000708  00000-0  99878-3 0  9990
2 45494  64.8297 180.5753 5751724  34.9081 352.0072  4.25017818 39039
0 SL-12 DEB
1 45494U 10041AQ  20155.16000095  .00000762  00000-0  10680-2 0  9998
2 45494  64.8300 180.3134 5751928  34.8789 352.0148  4.25018815 39060
0 SL-12 DEB
1 45494U 10041AQ  20155.16000095  .00000762  00000-0  10680-2 0  9998
2 45494  64.8300 180.3134 5751928  34.8789 352.0148  4.25018815 39060
0 SL-12 DEB
1 45494U 10041AQ  20155.16000095  .00000762  00000-0  10680-2 0  9998
2 45494  64.8300 180.3134 5751928  34.8789 352.0148  4.25018815 39060
0 SL-12 DEB
1 45494U 10041AQ  20155.16000095  .00000762  00000-0  10680-2 0  9998
2 45494  64.8300 180.3134 5751928  34.8789 352.0148  4.25018815 39060
0 SL-12 DEB
1 45494U 10041AQ  20155.16000095 +.00000762 +00000-0 +10680-2 0  9998
2 45494 064.8300 180.3134 5751928 034.8789 352.0148 04.25018815039060
0 SL-12 DEB
1 45494U 10041AQ  20155.16000095  .00000762  00000-0  10680-2 0  9998
2 45494  64.8300 180.3134 5751928  34.8789 352.0148  4.25018815 39060
0 SL-12 DEB
1 45494U 10041AQ  20155.16000095  .00000762  00000-0  10680-2 0  9998
2 45494  64.8300 180.3134 5751928  34.8789 352.0148  4.25018815 39060
0 SL-12 DEB
1 45494U 10041AQ  20155.16000095 +.00000762 +00000-0 +10680-2 0  9998
2 45494 064.8300 180.3134 5751928 034.8789 352.0148 04.25018815039060
0 SL-12 DEB
1 45494U 10041AQ  20155.16000095  .00000762  00000-0  10680-2 0  9998
2 45494  64.8300 180.3134 5751928  34.8789 352.0148  4.25018815 39060
0 SL-12 DEB
1 45494U 10041AQ  20155.16000095  .00000762  00000-0  10680-2 0  9998
2 45494  64.8300 180.3134 5751928  34.8789 352.0148  4.25018815 39060
0 SL-12 DEB
1 45494U 10041AQ  20155.16000095  .00000762  00000-0  10680-2 0  9998
2 45494  64.8300 180.3134 5751928  34.8789 352.0148  4.25018815 39060
0 SL-12 DEB
1 45494U 10041AQ  20161.04205756  .00000675  00000-0  11189-2 0  9991
2 45494  64.8321 178.1285 5753767  34.6343 352.0410  4.25027024 39314
0 SL-12 DEB
1 45494U 10041AQ  20161.04205756  .00000675  00000-0  11189-2 0  9991
2 45494  64.8321 178.1285 5753767  34.6343 352.0410  4.25027024 39314
0 SL-12 DEB
1 45494U 10041AQ  20161.04205756  .00000675  00000-0  11189-2 0  9991
2 45494  64.8321 178.1285 5753767  34.6343 352.0410  4.25027024 39314
0 SL-12 DEB
1 45494U 10041AQ  20161.04205756  .00000675  00000-0  11189-2 0  9991
2 45494  64.8321 178.1285 5753767  34.6343 352.0410  4.25027024 39314
0 SL-12 DEB
1 45494U 10041AQ  20161.04205756  .00000675  00000-0  11189-2 0  9991
2 45494  64.8321 178.1285 5753767  34.6343 352.0410  4.25027024 39314
0 SL-12 DEB
1 45494U 10041AQ  20161.04205756  .00000675  00000-0  11189-2 0  9991
2 45494  64.8321 178.1285 5753767  34.6343 352.0410  4.25027024 39314
0 SL-12 DEB
1 45494U 10041AQ  20161.04205756  .00000675  00000-0  11189-2 0  9991
2 45494  64.8321 178.1285 5753767  34.6343 352.0410  4.25027024 39314
0 SL-12 DEB
1 45494U 10041AQ  20161.04205756  .00000675  00000-0  11189-2 0  9991
2 45494  64.8321 178.1285 5753767  34.6343 352.0410  4.25027024 39314
0 SL-12 DEB
1 45494U 10041AQ  20161.04205756  .00000675  00000-0  11189-2 0  9991
2 45494  64.8321 178.1285 5753767  34.6343 352.0410  4.25027024 39314
0 SL-12 DEB
1 45494U 10041AQ  20162.92429784  .00000655  00000-0  11095-2 0  9992
2 45494  64.8328 177.4299 5754292  34.5580 352.0565  4.25029696 39390
0 SL-12 DEB
1 45494U 10041AQ  20162.92429784  .00000655  00000-0  11095-2 0  9992
2 45494  64.8328 177.4299 5754292  34.5580 352.0565  4.25029696 39390
0 SL-12 DEB
1 45494U 10041AQ  20162.92429784  .00000655  00000-0  11095-2 0  9992
2 45494  64.8328 177.4299 5754292  34.5580 352.0565  4.25029696 39390
0 SL-12 DEB
1 45494U 10041AQ  20162.92429784  .00000655  00000-0  11095-2 0  9992
2 45494  64.8328 177.4299 5754292  34.5580 352.0565  4.25029696 39390
0 SL-12 DEB
1 45494U 10041AQ  20162.92429784  .00000655  00000-0  11095-2 0  9992
2 45494  64.8328 177.4299 5754292  34.5580 352.0565  4.25029696 39390
0 SL-12 DEB
1 45494U 10041AQ  20163.86541593  .00000619  00000-0  10330-2 0  9990
2 45494  64.8346 177.0845 5754513  34.5201 352.0673  4.25030611 39433
0 SL-12 DEB
1 45494U 10041AQ  20164.10069523  .00000601  00000-0  99681-3 0  9994
2 45494  64.8350 176.9980 5754567  34.5110 352.0702  4.25030814 39443
0 SL-12 DEB
1 45494U 10041AQ  20164.10069523  .00000601  00000-0  99681-3 0  9994
2 45494  64.8350 176.9980 5754567  34.5110 352.0702  4.25030814 39443
0 SL-12 DEB
1 45494U 10041AQ  20164.10069523  .00000601  00000-0  99681-3 0  9994
2 45494  64.8350 176.9980 5754567  34.5110 352.0702  4.25030814 39443
0 SL-12 DEB
1 45494U 10041AQ  20164.10069523  .00000601  00000-0  99681-3 0  9994
2 45494  64.8350 176.9980 5754567  34.5110 352.0702  4.25030814 39443
0 SL-12 DEB
1 45494U 10041AQ  20164.80653257 +.00000644 +00000-0 +10356-2 0  9992
2 45494 064.8361 176.7383 5754751 034.4821 352.0797 04.25031752039472
0 SL-12 DEB
1 45494U 10041AQ  20164.80653257  .00000644  00000-0  10356-2 0  9992
2 45494  64.8361 176.7383 5754751  34.4821 352.0797  4.25031752 39472
0 SL-12 DEB
1 45494U 10041AQ  20165.04181150  .00000651  00000-0  10347-2 0  9995
2 45494  64.8355 176.6501 5754835  34.4714 352.0833  4.25032042 39485
0 SL-12 DEB
1 45494U 10041AQ  20165.04181150  .00000651  00000-0  10347-2 0  9995
2 45494  64.8355 176.6501 5754835  34.4714 352.0833  4.25032042 39485
0 SL-12 DEB
1 45494U 10041AQ  20165.04181150  .00000651  00000-0  10347-2 0  9995
2 45494  64.8355 176.6501 5754835  34.4714 352.0833  4.25032042 39485
0 SL-12 DEB
1 45494U 10041AQ  20165.04181150  .00000651  00000-0  10347-2 0  9995
2 45494  64.8355 176.6501 5754835  34.4714 352.0833  4.25032042 39485
0 SL-12 DEB
1 45494U 10041AQ  20165.04181150  .00000651  00000-0  10347-2 0  9995
2 45494  64.8355 176.6501 5754835  34.4714 352.0833  4.25032042 39485
0 SL-12 DEB
1 45494U 10041AQ  20165.04181150  .00000651  00000-0  10347-2 0  9995
2 45494  64.8355 176.6501 5754835  34.4714 352.0833  4.25032042 39485
0 SL-12 DEB
1 45494U 10041AQ  20165.04181150  .00000651  00000-0  10347-2 0  9995
2 45494  64.8355 176.6501 5754835  34.4714 352.0833  4.25032042 39485
0 SL-12 DEB
1 45494U 10041AQ  20165.04181150  .00000651  00000-0  10347-2 0  9995
2 45494  64.8355 176.6501 5754835  34.4714 352.0833  4.25032042 39485
0 SL-12 DEB
1 45494U 10041AQ  20165.04181150  .00000651  00000-0  10347-2 0  9995
2 45494  64.8355 176.6501 5754835  34.4714 352.0833  4.25032042 39485
0 SL-12 DEB
1 45494U 10041AQ  20165.04181150  .00000651  00000-0  10347-2 0  9995
2 45494  64.8355 176.6501 5754835  34.4714 352.0833  4.25032042 39485
0 SL-12 DEB
1 45494U 10041AQ  20165.04181150  .00000651  00000-0  10347-2 0  9995
2 45494  64.8355 176.6501 5754835  34.4714 352.0833  4.25032042 39485
0 SL-12 DEB
1 45494U 10041AQ  20165.04181150  .00000651  00000-0  10347-2 0  9995
2 45494  64.8355 176.6501 5754835  34.4714 352.0833  4.25032042 39485
0 SL-12 DEB
1 45494U 10041AQ  20165.04181150  .00000651  00000-0  10347-2 0  9995
2 45494  64.8355 176.6501 5754835  34.4714 352.0833  4.25032042 39485
0 SL-12 DEB
1 45494U 10041AQ  20165.04181150  .00000651  00000-0  10347-2 0  9995
2 45494  64.8355 176.6501 5754835  34.4714 352.0833  4.25032042 39485
0 SL-12 DEB
1 45494U 10041AQ  20165.04181150  .00000651  00000-0  10347-2 0  9995
2 45494  64.8355 176.6501 5754835  34.4714 352.0833  4.25032042 39485
0 SL-12 DEB
1 45494U 10041AQ  20165.04181150  .00000651  00000-0  10347-2 0  9995
2 45494  64.8355 176.6501 5754835  34.4714 352.0833  4.25032042 39485
0 SL-12 DEB
1 45494U 10041AQ  20168.10042371  .00000693  00000-0  92931-3 0  9992
2 45494  64.8374 175.5165 5755656  34.3458 352.1241  4.25035083 39613
0 SL-12 DEB
1 45494U 10041AQ  20168.10042371  .00000693  00000-0  92931-3 0  9992
2 45494  64.8374 175.5165 5755656  34.3458 352.1241  4.25035083 39613
0 SL-12 DEB
1 45494U 10041AQ  20168.10042371  .00000693  00000-0  92931-3 0  9992
2 45494  64.8374 175.5165 5755656  34.3458 352.1241  4.25035083 39613
0 SL-12 DEB
1 45494U 10041AQ  20168.10042371  .00000693  00000-0  92931-3 0  9992
2 45494  64.8374 175.5165 5755656  34.3458 352.1241  4.25035083 39613
0 SL-12 DEB
1 45494U 10041AQ  20168.10042371  .00000693  00000-0  92931-3 0  9992
2 45494  64.8374 175.5165 5755656  34.3458 352.1241  4.25035083 39613
0 SL-12 DEB
1 45494U 10041AQ  20168.10042371  .00000693  00000-0  92931-3 0  9992
2 45494  64.8374 175.5165 5755656  34.3458 352.1241  4.25035083 39613
0 SL-12 DEB
1 45494U 10041AQ  20168.10042371  .00000693  00000-0  92931-3 0  9992
2 45494  64.8374 175.5165 5755656  34.3458 352.1241  4.25035083 39613
0 SL-12 DEB
1 45494U 10041AQ  20168.10042371  .00000693  00000-0  92931-3 0  9992
2 45494  64.8374 175.5165 5755656  34.3458 352.1241  4.25035083 39613
0 SL-12 DEB
1 45494U 10041AQ  20168.10042371  .00000693  00000-0  92931-3 0  9992
2 45494  64.8374 175.5165 5755656  34.3458 352.1241  4.25035083 39613
0 SL-12 DEB
1 45494U 10041AQ  20168.10042371  .00000693  00000-0  92931-3 0  9992
2 45494  64.8374 175.5165 5755656  34.3458 352.1241  4.25035083 39613
0 SL-12 DEB
1 45494U 10041AQ  20168.10042371  .00000693  00000-0  92931-3 0  9992
2 45494  64.8374 175.5165 5755656  34.3458 352.1241  4.25035083 39613
0 SL-12 DEB
1 45494U 10041AQ  20168.10042371  .00000693  00000-0  92931-3 0  9992
2 45494  64.8374 175.5165 5755656  34.3458 352.1241  4.25035083 39613
0 SL-12 DEB
1 45494U 10041AQ  20168.10042371  .00000693  00000-0  92931-3 0  9992
2 45494  64.8374 175.5165 5755656  34.3458 352.1241  4.25035083 39613
0 SL-12 DEB
1 45494U 10041AQ  20168.10042371  .00000693  00000-0  92931-3 0  9992
2 45494  64.8374 175.5165 5755656  34.3458 352.1241  4.25035083 39613
0 SL-12 DEB
1 45494U 10041AQ  20168.10042371  .00000693  00000-0  92931-3 0  9992
2 45494  64.8374 175.5165 5755656  34.3458 352.1241  4.25035083 39613
0 SL-12 DEB
1 45494U 10041AQ  20168.10042371  .00000693  00000-0  92931-3 0  9992
2 45494  64.8374 175.5165 5755656  34.3458 352.1241  4.25035083 39613
0 SL-12 DEB
1 45494U 10041AQ  20172.10009893  .00000666  00000-0  87280-3 0  9990
2 45494  64.8392 174.0328 5756758  34.1832 352.1510  4.25039050 39781
0 SL-12 DEB
1 45494U 10041AQ  20173.27646339 +.00000663 +00000-0 +91895-3 0  9995
2 45494 064.8392 173.5959 5757121 034.1340 352.1540 04.25040252039839
0 SL-12 DEB
1 45494U 10041AQ  20173.98228025 +.00000644 +00000-0 +92003-3 0  9992
2 45494 064.8401 173.3347 5757326 034.1055 352.1555 04.25041139039863
0 SL-12 DEB
1 45494U 10041AQ  20177.04081392  .00000570  00000-0  84844-3 0  9999
2 45494  64.8444 172.2018 5758252  33.9818 352.1727  4.25043982 39999
0 SL-12 DEB
1 45494U 10041AQ  20177.27608593 +.00000557 +00000-0 +82273-3 0  9991
2 45494 064.8465 172.1162 5758358 033.9716 352.1754 04.25044451040001
0 SL-12 DEB
1 45494U 10041AQ  20179.39352776  .00000772  00000-0  10454-2 0  9995
2 45494  64.8454 171.3302 5759011  33.8927 352.2007  4.25047093 40092
0 TBA - TO BE ASSIGNED
1 45494U 10041AQ  20181.04041901 +.00000773 +00000-0 +96096-3 0  9993
2 45494 064.8479 170.7199 5759591 033.8264 352.2223 04.25048573040165
0 TBA - TO BE ASSIGNED
1 45494U 10041AQ  20181.98149424  .00000637  00000-0  73473-3 0  9998
2 45494  64.8479 170.3708 5759855  33.7891 352.2313  4.25049635 40200
0 SL-12 DEB
1 45494U 10041AQ  20182.21676341 +.00000823 +00000-0 +10064-2 0  9991
2 45494 064.8482 170.2834 5759930 033.7792 352.2333 04.25049932040210
0 SL-12 DEB
1 45494U 10041AQ  20184.09889967  .00000794  00000-0  99587-3 0  9994
2 45494  64.8496 169.5853 5760524  33.7043 352.2417  4.25052289 40297
0 SL-12 DEB
1 45494U 10041AQ  20185.03996187 +.00000745 +00000-0 +97037-3 0  9996
2 45494 064.8497 169.2360 5760819 033.6661 352.2432 04.25053261040333
0 SL-12 DEB
1 45494U 10041AQ  20186.21628674  .00000733  00000-0  10224-2 0  9999
2 45494  64.8504 168.7995 5761207  33.6187 352.2449  4.25054732 40382
0 SL-12 DEB
1 45494U 10041AQ  20189.03944951  .00000746  00000-0  11498-2 0  9999
2 45494  64.8526 167.7523 5762113  33.5059 352.2605  4.25059723 40509
0 SL-12 DEB
1 45494U 10041AQ  20190.21576333 +.00000685 +00000-0 +10590-2 0  9990
2 45494 064.8520 167.3148 5762406 033.4585 352.2738 04.25061279040551
0 SL-12 DEB
1 45494U 10041AQ  20192.33311964  .00000670  00000-0  95637-3 0  9992
2 45494  64.8553 166.5287 5763184  33.3811 352.3031  4.25064573 40644
0 SL-12 DEB
1 45494U 10041AQ  20196.33252393  .00001006  00000-0  12488-2 0  9992
2 45494  64.8546 165.0442 5764289  33.2165 352.3558  4.25070979 40811
0 SL-12 DEB
1 45494U 10041AQ  20196.80303689 +.00001079 +00000-0 +13467-2 0  9997
2 45494 064.8523 164.8686 5764334 033.1945 352.3604 04.25071659040839
0 SL-12 DEB
1 45494U 10041AQ  20198.92032402  .00000963  00000-0  12310-2 0  9991
2 45494  64.8533 164.0823 5764944  33.1095 352.3730  4.25076059 40927
0 SL-12 DEB
1 45494U 10041AQ  20201.03759191  .00000687  00000-0  95583-3 0  9996
2 45494  64.8538 163.2959 5765545  33.0245 352.3823  4.25079538 41016
0 SL-12 DEB
1 45494U 10041AQ  20201.97859531 +.00000757 +00000-0 +10825-2 0  9991
2 45494 064.8545 162.9466 5765843 032.9874 352.3880 04.25081224041052
0 SL-12 DEB
1 45494U 10041AQ  20205.97784378  .00000999  00000-0  13133-2 0  9994
2 45494  64.8544 161.4593 5767064  32.8267 352.4407  4.25088057 41224
0 SL-12 DEB
1 45494U 10041AQ  20207.15408167 +.00001248 +00000-0 +15724-2 0  9991
2 45494 064.8537 161.0186 5767337 032.7838 352.4593 04.25090871041274
0 SL-12 DEB
1 45494U 10041AQ  20207.85981777 +.00001222 +00000-0 +15069-2 0  9995
2 45494 064.8531 160.7578 5767462 032.7509 352.4711 04.25093213041302
0 SL-12 DEB
1 45494U 10041AQ  20208.33030712 +.00001197 +00000-0 +14557-2 0  9995
2 45494 064.8565 160.5855 5767669 032.7419 352.4754 04.25094431041326
0 SL-12 DEB
1 45494U 10041AQ  20209.27128026 +.00001291 +00000-0 +15612-2 0  9993
2 45494 064.8557 160.2349 5767919 032.7025 352.4864 04.25096759041364
0 SL-12 DEB
1 45494U 10041AQ  20210.91796327  .00001548  00000-0  19239-2 0  9995
2 45494  64.8561 159.6228 5768388  32.6382 352.4978  4.25101937 41432
0 SL-12 DEB
1 45494U 10041AQ  20213.97604031  .00001485  00000-0  20104-2 0  9997
2 45494  64.8544 158.4843 5769032  32.5138 352.5131  4.25109954 41561
0 SL-12 DEB
1 45494U 10041AQ  20214.91697679 +.00001524 +00000-0 +20955-2 0  9990
2 45494 064.8520 158.1326 5769276 032.4727 352.5226 04.25112926041604
0 SL-12 DEB
1 45494U 10041AQ  20217.97498659  .00002027  00000-0  27031-2 0  9997
2 45494  64.8532 156.9968 5769943  32.3454 352.5708  4.25123996 41730
0 SL-12 DEB
1 45494U 10041AQ  20221.26813425  .00001616  00000-0  20230-2 0  9993
2 45494  64.8516 155.7687 5770492  32.2372 352.6256  4.25136662 41874
0 SL-12 DEB
1 45494U 10041AQ  20221.97379707 +.00001818 +00000-0 +22487-2 0  9991
2 45494 064.8476 155.4974 5770449 032.2134 352.6352 04.25138228041904
0 SL-12 DEB
1 45494U 10041AQ  20222.91467334 +.00002433 +00000-0 +29509-2 0  9996
2 45494 064.8483 155.1488 5771235 032.1523 352.6556 04.25143046041948
0 SL-12 DEB
1 45494U 10041AQ  20222.91467334  .00002433  00000-0  29509-2 0  9996
2 45494  64.8483 155.1488 5771235  32.1523 352.6556  4.25143046 41948
0 SL-12 DEB
1 45494U 10041AQ  20224.09074992 +.00001952 +00000-0 +23507-2 0  9998
2 45494 064.8475 154.7132 5771621 032.0938 352.6723 04.25147868041995
0 SL-12 DEB
1 45494U 10041AQ  20224.09074992  .00001952  00000-0  23507-2 0  9998
2 45494  64.8475 154.7132 5771621  32.0938 352.6723  4.25147868 41995
0 SL-12 DEB
1 45494U 10041AQ  20226.20765629 +.00001931 +00000-0 +23809-2 0  9999
2 45494 064.8474 153.9243 5772064 032.0080 352.6909 04.25155129042084
0 SL-12 DEB
1 45494U 10041AQ  20226.20765629  .00001931  00000-0  23809-2 0  9999
2 45494  64.8474 153.9243 5772064  32.0080 352.6909  4.25155129 42084
0 SL-12 DEB
1 45494U 10041AQ  20226.91328449 +.00002612 +00000-0 +32282-2 0  9994
2 45494 064.8470 153.6613 5772214 031.9792 352.6966 04.25158365042115
0 SL-12 DEB
1 45494U 10041AQ  20228.08931775 +.00002101 +00000-0 +26608-2 0  9994
2 45494 064.8462 153.2249 5772448 031.9307 352.7072 04.25163484042160
0 SL-12 DEB
1 45494U 10041AQ  20228.79493099  .00001719  00000-0  22239-2 0  9994
2 45494  64.8460 152.9620 5772616  31.9023 352.7148  4.25166374 42197
0 SL-12 DEB
1 45494U 10041AQ  20229.26533905 +.00001454 +00000-0 +19148-2 0  9999
2 45494 064.8461 152.7863 5772757 031.8830 352.7207 04.25167669042213
0 SL-12 DEB
1 45494U 10041AQ  20231.85255709  .00002203  00000-0  27392-2 0  9993
2 45494  64.8400 151.8200 5773262  31.7714 352.7657  4.25178042 42321
0 SL-12 DEB
1 45494U 10041AQ  20234.20451892  .00001880  00000-0  22135-2 0  9996
2 45494  64.8412 150.9424 5773750  31.6773 352.8132  4.25187460 42422
0 SL-12 DEB
1 45494U 10041AQ  20235.85085804 +.00002723 +00000-0 +31272-2 0  9993
2 45494 064.8419 150.3281 5774126 031.6121 352.8398 04.25195084042491
0 SL-12 DEB
1 45494U 10041AQ  20235.85085804  .00002723  00000-0  31272-2 0  9993
2 45494  64.8419 150.3281 5774126  31.6121 352.8398  4.25195084 42491
0 SL-12 DEB
1 45494U 10041AQ  20239.14342183  .00002718  00000-0  31991-2 0  9997
2 45494  64.8424 149.0994 5774790  31.4825 352.8671  4.25211405 42635
0 SL-12 DEB
1 45494U 10041AQ  20239.84895603 +.00002658 +00000-0 +31653-2 0  9992
2 45494 064.8419 148.8339 5774968 031.4548 352.8719 04.25214346042661
0 SL-12 DEB
1 45494U 10041AQ  20242.20069433  .00002297  00000-0  28397-2 0  9990
2 45494  64.8424 147.9587 5775365  31.3573 352.8981  4.25226968 42766
0 SL-12 DEB
1 45494U 10041AQ  20244.78754270  .00003145  00000-0  37343-2 0  9999
2 45494  64.8405 146.9901 5775915  31.2476 352.9474  4.25242096 42876
0 SL-12 DEB
1 45494U 10041AQ  20245.72818877 +.00002733 +00000-0 +32236-2 0  9996
2 45494 064.8436 146.6440 5776058 031.2159 352.9656 04.25248170042918
0 SL-12 DEB
1 45494U 10041AQ  20246.19850807 +.00002548 +00000-0 +29893-2 0  9996
2 45494 064.8424 146.4664 5776142 031.1942 352.9761 04.25250338042932
0 SL-12 DEB
1 45494U 10041AQ  20247.37429053 +.00002603 +00000-0 +29824-2 0  9998
2 45494 064.8426 146.0269 5776286 031.1470 352.9992 04.25257057042982
0 SL-12 DEB
1 45494U 10041AQ  20247.37429053  .00002603  00000-0  29824-2 0  9998
2 45494  64.8426 146.0269 5776286  31.1470 352.9992  4.25257057 42982
0 SL-12 DEB
1 45494U 10041AQ  20247.84459928 +.00002885 +00000-0 +32684-2 0  9994
2 45494 064.8425 145.8510 5776380 031.1277 353.0079 04.25259755043006
0 SL-12 DEB
1 45494U 10041AQ  20248.31490405 +.00002981 +00000-0 +33506-2 0  9993
2 45494 064.8424 145.6751 5776455 031.1090 353.0159 04.25262690043029
0 SL-12 DEB
1 45494U 10041AQ  20248.78520577 +.00002630 +00000-0 +29401-2 0  9998
2 45494 064.8426 145.4990 5776566 031.0896 353.0236 04.25264909043043
0 SL-12 DEB
1 45494U 10041AQ  20250.19609243 +.00001045 +00000-0 +11595-2 0  9998
2 45494 064.8426 144.9713 5776852 031.0323 353.0430 04.25269993043104
0 SL-12 DEB
1 45494U 10041AQ  20250.19609243  .00001045  00000-0  11595-2 0  9998
2 45494  64.8426 144.9713 5776852  31.0323 353.0430  4.25269993 43104
0 SL-12 DEB
1 45494U 10041AQ  20252.78267038  .00001926  00000-0  21673-2 0  9993
2 45494  64.8417 144.0033 5777354  30.9285 353.0676  4.25280516 43211
0 SL-12 DEB
1 45494U 10041AQ  20255.83945927  .00001453  00000-0  17562-2 0  9999
2 45494  64.8424 142.8593 5777934  30.8013 353.0976  4.25290700 43341
0 SL-12 DEB
1 45494U 10041AQ  20256.78000577 +.00002010 +00000-0 +23538-2 0  9997
2 45494 064.8426 142.5072 5778112 030.7625 353.1107 04.25293511043383
0 SL-12 DEB
1 45494U 10041AQ  20259.13132790  .00001412  00000-0  16182-2 0  9994
2 45494  64.8418 141.6263 5778524  30.6742 353.1510  4.25301770 43488
0 SL-12 DEB
1 45494U 10041AQ  20260.07184795 +.00002091 +00000-0 +22761-2 0  9995
2 45494 064.8413 141.2748 5778712 030.6349 353.1699 04.25304922043524
0 SL-12 DEB
1 45494U 10041AQ  20261.95285510  .00001850  00000-0  19141-2 0  9990
2 45494  64.8403 140.5719 5779015  30.5582 353.2022  4.25312529 43600
0 SL-12 DEB
1 45494U 10041AQ  20264.06894874  .00001433  00000-0  14623-2 0  9991
2 45494  64.8395 139.7791 5779343  30.4747 353.2225  4.25317841 43692
0 SL-12 DEB
1 45494U 10041AQ  20264.77430528 +.00001869 +00000-0 +19393-2 0  9993
2 45494 064.8411 139.5142 5779521 030.4498 353.2253 04.25320467043723
0 SL-12 DEB
1 45494U 10041AQ  20265.94988728 +.00001355 +00000-0 +14628-2 0  9999
2 45494 064.8406 139.0756 5779632 030.4054 353.2288 04.25324191043775
0 SL-12 DEB
1 45494U 10041AQ  20265.94988728  .00001355  00000-0  14628-2 0  9999
2 45494  64.8406 139.0756 5779632  30.4054 353.2288  4.25324191 43775
0 SL-12 DEB
1 45494U 10041AQ  20266.65523113  .00001434  00000-0  15812-2 0  9995
2 45494  64.8423 138.8110 5779805  30.3810 353.2309  4.25327239 43800
0 SL-12 DEB
1 45494U 10041AQ  20270.65211161  .00002511  00000-0  27554-2 0  9990
2 45494  64.8407 137.3120 5780396  30.2248 353.2729  4.25346555 43974
0 SL-12 DEB
1 45494U 10041AQ  20270.88721546  .00002567  00000-0  27929-2 0  9995
2 45494  64.8287 137.2172 5780688  30.2282 353.2744  4.25348606 43985
0 SL-12 DEB
1 45494U 10041AQ  20273.00313194  .00003983  00000-0  41335-2 0  9998
2 45494  64.8345 136.4257 5780796  30.1192 353.3164  4.25359698 44075
0 SL-12 DEB
1 45494U 10041AQ  20280.99600018  .00002073  00000-0  21262-2 0  9994
2 45494  64.8344 133.4250 5781777  29.8073 353.3801  4.25398828 44411
0 SL-12 DEB
1 45494U 10041AQ  20281.70122499 +.00002400 +00000-0 +24705-2 0  9995
2 45494 064.8349 133.1616 5781961 029.7752 353.3850 04.25401187044447
0 SL-12 DEB
1 45494U 10041AQ  20282.17136981 +.00002017 +00000-0 +20984-2 0  9997
2 45494 064.8354 132.9880 5782112 029.7508 353.3896 04.25403349044465
0 SL-12 DEB
1 45494U 10041AQ  20282.87658564 +.00001491 +00000-0 +15891-2 0  9996
2 45494 064.8348 132.7224 5782149 029.7261 353.3942 04.25405249044490
0 SL-12 DEB
1 45494U 10041AQ  20282.87658564  .00001491  00000-0  15891-2 0  9996
2 45494  64.8348 132.7224 5782149  29.7261 353.3942  4.25405249 44490
0 SL-12 DEB
1 45494U 10041AQ  20284.05194022 +.00001033 +00000-0 +11272-2 0  9993
2 45494 064.8343 132.2807 5782261 029.6802 353.4060 04.25408440044546
0 SL-12 DEB
1 45494U 10041AQ  20285.69742839  .00001686  00000-0  17010-2 0  9999
2 45494  64.8334 131.6618 5782436  29.6158 353.4278  4.25412920 44614
0 SL-12 DEB
1 45494U 10041AQ  20286.87276493 +.00001513 +00000-0 +14577-2 0  9992
2 45494 064.8323 131.2213 5782483 029.5703 353.4444 04.25416405044668
0 SL-12 DEB
1 45494U 10041AQ  20287.57796169 +.00001008 +00000-0 +91700-3 0  9990
2 45494 064.8321 130.9560 5782568 029.5433 353.4536 04.25417872044695
0 SL-12 DEB
1 45494U 10041AQ  20288.04809096  .00000929  00000-0  81426-3 0  9992
2 45494  64.8315 130.7792 5782600  29.5258 353.4589  4.25419015 44717
0 SL-12 DEB
1 45494U 10041AQ  20288.04809096 +.00000929 +00000-0 +81426-3 0  9992
2 45494 064.8315 130.7792 5782600 029.5258 353.4589 04.25419015044717
0 SL-12 DEB
1 45494U 10041AQ  20289.69353510 +.00001716 +00000-0 +15320-2 0  9993
2 45494 064.8309 130.1603 5782773 029.4627 353.4716 04.25422834044787
0 SL-12 DEB
1 45494U 10041AQ  20289.69353510  .00001716  00000-0  15320-2 0  9993
2 45494  64.8309 130.1603 5782773  29.4627 353.4716  4.25422834 44787
0 SL-12 DEB
1 45494U 10041AQ  20291.80906750  .00001299  00000-0  11675-2 0  9994
2 45494  64.8330 129.3635 5783128  29.3853 353.4726  4.25428754 44879
0 SL-12 DEB
1 45494U 10041AQ  20292.98434919 +.00001320 +00000-0 +12490-2 0  9998
2 45494 064.8306 128.9202 5783285 029.3366 353.4713 04.25432131044926
0 SL-12 DEB
1 45494U 10041AQ  20292.98434919 +.00001320 +00000-0 +12490-2 0  9998
2 45494 064.8306 128.9202 5783285 029.3366 353.4713 04.25432131044926
0 SL-12 DEB
1 45494U 10041AQ  20292.98434919 +.00001320 +00000-0 +12490-2 0  9998
2 45494 064.8306 128.9202 5783285 029.3366 353.4713 04.25432131044926
0 SL-12 DEB
1 45494U 10041AQ  20292.98434919 +.00001320 +00000-0 +12490-2 0  9998
2 45494 064.8306 128.9202 5783285 029.3366 353.4713 04.25432131044926
0 SL-12 DEB
1 45494U 10041AQ  20296.04004718 +.00001654 +00000-0 +16869-2 0  9993
2 45494 064.8286 127.7699 5783545 029.2212 353.4787 04.25442107045058
0 SL-12 DEB
1 45494U 10041AQ  20296.04004718 +.00001654 +00000-0 +16869-2 0  9993
2 45494 064.8286 127.7699 5783545 029.2212 353.4787 04.25442107045058
0 SL-12 DEB
1 45494U 10041AQ  20297.92045403 +.00002337 +00000-0 +23061-2 0  9998
2 45494 064.8299 127.0649 5783813 029.1477 353.4991 04.25448181045134
0 SL-12 DEB
1 45494U 10041AQ  20300.50595761  .00001731  00000-0  16052-2 0  9993
2 45494  64.8278 126.0912 5783966  29.0479 353.5298  4.25458520 45244
0 SL-12 DEB
1 45494U 10041AQ  20301.91620576 +.00002012 +00000-0 +18169-2 0  9996
2 45494 064.8232 125.5583 5783932 028.9927 353.5415 04.25463051045304
0 SL-12 DEB
1 45494U 10041AQ  20303.79650370  .00001747  00000-0  15366-2 0  9999
2 45494  64.8210 124.8497 5783997  28.9205 353.5488  4.25469543 45386
0 SL-12 DEB
1 45494U 10041AQ  20307.55699969 +.00002038 +00000-0 +19287-2 0  9994
2 45494 064.8177 123.4312 5784128 028.7775 353.5491 04.25483665045549
0 SL-12 DEB
1 45494U 10041AQ  20307.55699969  .00002038  00000-0  19287-2 0  9994
2 45494  64.8177 123.4312 5784128  28.7775 353.5491  4.25483665 45549
0 SL-12 DEB
1 45494U 10041AQ  20308.96715872  .00001197  00000-0  11782-2 0  9999
2 45494  64.8217 122.9026 5784312  28.7246 353.5525  4.25487452 45601
0 SL-12 DEB
1 45494U 10041AQ  20310.61233750 +.00001564 +00000-0 +15329-2 0  9993
2 45494 064.8251 122.2868 5784438 028.6642 353.5625 04.25491310045670
0 SL-12 DEB
1 45494U 10041AQ  20311.55243226  .00001905  00000-0  18272-2 0  9995
2 45494  64.8250 121.9322 5784547  28.6261 353.5723  4.25494823 45714
0 SL-12 DEB
1 45494U 10041AQ  20315.54777046 +.00001910 +00000+0 +16214-2 0  9999
2 45494  64.8196 120.4308 5784939  28.4507 353.6199  4.25505680045887
0 SL-12 DEB
1 45494U 10041AQ  20317.89790527 +.00001331 +00000-0 +10930-2 0  9995
2 45494 064.8215 119.5471 5784977 028.3692 353.6219 04.25511826045988
0 SL-12 DEB
1 45494U 10041AQ  20318.60293792 +.00001758 +00000-0 +15201-2 0  9996
2 45494 064.8204 119.2804 5785056 028.3393 353.6208 04.25514068046014
0 SL-12 DEB
1 45494U 10041AQ  20319.54297451 +.00002023 +00000-0 +18229-2 0  9995
2 45494 064.8191 118.9249 5784960 028.3067 353.6168 04.25517413046055
0 SL-12 DEB
1 45494U 10041AQ  20319.54297451  .00002023  00000-0  18229-2 0  9995
2 45494  64.8191 118.9249 5784960  28.3067 353.6168  4.25517413 46055
0 SL-12 DEB
1 45494U 10041AQ  20323.53807394  .00001799  00000-0  17556-2 0  9993
2 45494  64.8203 117.4236 5785070  28.1566 353.6291  4.25529149 46229
0 SL-12 DEB
1 45494U 10041AQ  20324.71308803 +.00001273 +00000-0 +12449-2 0  9998
2 45494 064.8177 116.9784 5785060 028.1096 353.6433 04.25532377046278
0 SL-12 DEB
1 45494U 10041AQ  20325.41809210 +.00001286 +00000-0 +12331-2 0  9998
2 45494 064.8171 116.7132 5785031 028.0816 353.6525 04.25534882046303
0 SL-12 DEB
1 45494U 10041AQ  20325.41809210  .00001286  00000-0  12331-2 0  9998
2 45494  64.8171 116.7132 5785031  28.0816 353.6525  4.25534882 46303
0 SL-12 DEB
1 45494U 10041AQ  20326.82809298 +.00001895 +00000-0 +17369-2 0  9992
2 45494 064.8167 116.1822 5785043 028.0280 353.6699 04.25539099046369
0 SL-12 DEB
1 45494U 10041AQ  20329.41302895  .00001784  00000-0  15601-2 0  9995
2 45494  64.8195 115.2114 5784975  27.9343 353.6901  4.25551285 46474
0 SL-12 DEB
1 45494U 10041AQ  20329.88300948 +.00001559 +00000-0 +13493-2 0  9990
2 45494 064.8157 115.0321 5785007 027.9086 353.6942 04.25552613046494
0 SL-12 DEB
1 45494U 10041AQ  20331.52792615 +.00002527 +00000-0 +22725-2 0  9994
2 45494 064.8158 114.4130 5784917 027.8462 353.6985 04.25559315046563
0 SL-12 DEB
1 45494U 10041AQ  20331.52792615  .00002527  00000-0  22725-2 0  9994
2 45494  64.8158 114.4130 5784917  27.8462 353.6985  4.25559315 46563
0 SL-12 DEB
1 45494U 10041AQ  20332.46786539 +.00002562 +00000-0 +23379-2 0  9991
2 45494 064.8158 114.0590 5784925 027.8090 353.7005 04.25563618046605
0 SL-12 DEB
1 45494U 10041AQ  20333.40779245 +.00001680 +00000-0 +15686-2 0  9994
2 45494 064.8143 113.7039 5784745 027.7752 353.7015 04.25567552046643
0 SL-12 DEB
1 45494U 10041AQ  20333.87775433  .00001352  00000-0  12834-2 0  9998
2 45494  64.8183 113.5298 5784848  27.7601 353.7024  4.25569011 46663
0 SL-12 DEB
1 45494U 10041AQ  20335.52260684 +.00002259 +00000-0 +21923-2 0  9995
2 45494 064.8149 112.9082 5784776 027.6918 353.7117 04.25576138046738
0 SL-12 DEB
1 45494U 10041AQ  20336.46250821  .00002748  00000-0  26709-2 0  9991
2 45494  64.8129 112.5538 5784620  27.6559 353.7192  4.25582171 46778
0 SL-12 DEB
1 45494U 10041AQ  20336.46250821  .00002748  00000-0  26709-2 0  9991
2 45494  64.8129 112.5538 5784620  27.6559 353.7192  4.25582171 46778
0 SL-12 DEB
1 45494U 10041AQ  20337.63737232  .00001682  00000-0  16740-2 0  9997
2 45494  64.8092 112.1091 5784706  27.5993 353.7355  4.25587237 46828
0 SL-12 DEB
1 45494U 10041AQ  20337.63737232  .00001682  00000-0  16740-2 0  9997
2 45494  64.8092 112.1091 5784706  27.5993 353.7355  4.25587237 46828
0 SL-12 DEB
1 45494U 10041AQ  20339.51713968  .00002051  00000-0  19480-2 0  9991
2 45494  64.8083 111.4013 5784627  27.5234 353.7636  4.25592972 46907
0 SL-12 DEB
1 45494U 10041AQ  20340.45701125  .00002379  00000-0  22037-2 0  9993
2 45494  64.8071 111.0468 5784548  27.4863 353.7781  4.25597270 46944
0 SL-12 DEB
1 45494U 10041AQ  20340.45701125  .00002379  00000-0  22037-2 0  9993
2 45494  64.8071 111.0468 5784548  27.4863 353.7781  4.25597270 46944
0 SL-12 DEB
1 45494U 10041AQ  20340.45701125 +.00002379 +00000-0 +22037-2 0  9993
2 45494 064.8071 111.0468 5784548 027.4863 353.7781 04.25597270046944
0 SL-12 DEB
1 45494U 10041AQ  20343.51153128  .00001673  00000-0  14627-2 0  9999
2 45494  64.8052 109.8959 5784378  27.3646 353.8117  4.25606395 47070
0 SL-12 DEB
1 45494U 10041AQ  20343.51153128  .00001673  00000-0  14627-2 0  9999
2 45494  64.8052 109.8959 5784378  27.3646 353.8117  4.25606395 47070
0 SL-12 DEB
1 45494U 10041AQ  20343.74649131  .00002071  00000-0  18386-2 0  9997
2 45494  64.8049 109.8063 5784302  27.3578 353.8122  4.25607424 47084
0 SL-12 DEB
1 45494U 10041AQ  20344.45136802  .00002608  00000-0  23588-2 0  9998
2 45494  64.8050 109.5406 5784229  27.3327 353.8142  4.25610398 47114
0 SL-12 DEB
1 45494U 10041AQ  20344.45136802  .00002608  00000-0  23588-2 0  9998
2 45494  64.8050 109.5406 5784229  27.3327 353.8142  4.25610398 47114
0 SL-12 DEB
1 45494U 10041AQ  20349.62034111  .00000884  00000-0  99710-3 0  9997
2 45494  64.8034 107.5953 5784021  27.1216 353.8426  4.25626044 47330
0 SL-12 DEB
1 45494U 10041AQ  20349.62034111  .00000884  00000-0  99710-3 0  9997
2 45494  64.8034 107.5953 5784021  27.1216 353.8426  4.25626044 47330
0 SL-12 DEB
1 45494U 10041AQ  20351.49994196  .00000948  00000-0  10342-2 0  9997
2 45494  64.8025 106.8874 5783931  27.0439 353.8736  4.25629310 47411
0 SL-12 DEB
1 45494U 10041AQ  20353.61447184  .00001188  00000-0  11783-2 0  9990
2 45494  64.8015 106.0908 5783819  26.9578 353.9112  4.25634874 47507
0 SL-12 DEB
1 45494U 10041AQ  20353.61447184  .00001188  00000-0  11783-2 0  9990
2 45494  64.8015 106.0908 5783819  26.9578 353.9112  4.25634874 47507
0 SL-12 DEB
1 45494U 10041AQ  20355.72897151  .00001186  00000-0  11228-2 0  9999
2 45494  64.7986 105.2945 5783604  26.8677 353.9411  4.25639138 47595
0 SL-12 DEB
1 45494U 10041AQ  20355.72897151  .00001186  00000-0  11228-2 0  9999
2 45494  64.7986 105.2945 5783604  26.8677 353.9411  4.25639138 47595
0 SL-12 DEB
1 45494U 10041AQ  20358.31331271  .00001610  00000-0  15561-2 0  9999
2 45494  64.7968 104.3211 5783434  26.7594 353.9640  4.25647818 47700
0 SL-12 DEB
1 45494U 10041AQ  20358.31331271  .00001610  00000-0  15561-2 0  9999
2 45494  64.7968 104.3211 5783434  26.7594 353.9640  4.25647818 47700
0 SL-12 DEB
1 45494U 10041AQ  20359.72293238  .00001456  00000-0  14707-2 0  9994
2 45494  64.7960 103.7900 5783344  26.6993 353.9749  4.25651738 47764
0 SL-12 DEB
1 45494U 10041AQ  20360.42773826  .00001442  00000-0  14911-2 0  9991
2 45494  64.7961 103.5249 5783302  26.6702 353.9808  4.25653386 47791
0 SL-12 DEB
1 45494U 10041AQ  20360.42773826  .00001442  00000-0  14911-2 0  9991
2 45494  64.7961 103.5249 5783302  26.6702 353.9808  4.25653386 47791
0 SL-12 DEB
1 45494U 10041AQ  20361.36747552  .00001355  00000-0  14513-2 0  9993
2 45494  64.7957 103.1711 5783246  26.6306 353.9902  4.25655537 47833
0 SL-12 DEB
1 45494U 10041AQ  20364.42159044  .00001557  00000-0  16821-2 0  9994
2 45494  64.7936 102.0203 5783012  26.5012 354.0360  4.25663961 47962
0 SL-12 DEB
1 45494U 10041AQ  20364.42159044  .00001557  00000-0  16821-2 0  9994
2 45494  64.7936 102.0203 5783012  26.5012 354.0360  4.25663961 47962
0 SL-12 DEB
1 45494U 10041AQ  20366.53594487  .00001199  00000-0  12586-2 0  9998
2 45494  64.7938 101.2250 5782840  26.4143 354.0778  4.25670880 48051
0 SL-12 DEB
1 45494U 10041AQ  20366.53594487  .00001199  00000-0  12586-2 0  9998
2 45494  64.7938 101.2250 5782840  26.4143 354.0778  4.25670880 48051
0 SL-12 DEB
1 45494U 10041AQ  21001.24072305  .00000786  00000-0  82911-3 0  9994
2 45494  64.7936 100.9596 5782788  26.3838 354.0921  4.25672136 48088
0 SL-12 DEB
1 45494U 10041AQ  21001.24072310  .00000614  00000-0  66504-3 0  9990
2 45494  64.7946 100.9605 5782926  26.3941 354.0900  4.25671801 48084
0 SL-12 DEB
1 45494U 10041AQ  21001.24072310  .00000614  00000-0  66504-3 0  9990
2 45494  64.7946 100.9605 5782926  26.3941 354.0900  4.25671801 48084
0 SL-12 DEB
1 45494U 10041AQ  21003.35504227  .00001481  00000-0  14072-2 0  9996
2 45494  64.7904 100.1606 5782633  26.3099 354.1241  4.25676708 48170
0 SL-12 DEB
1 45494U 10041AQ  21003.35504227  .00001481  00000-0  14072-2 0  9996
2 45494  64.7904 100.1606 5782633  26.3099 354.1241  4.25676708 48170
0 SL-12 DEB
1 45494U 10041AQ  21004.52964869  .00000964  00000-0  91407-3 0  9991
2 45494  64.7940  99.7218 5782655  26.2514 354.1396  4.25678805 48224
0 SL-12 DEB
1 45494U 10041AQ  21004.52964869  .00000964  00000-0  91407-3 0  9991
2 45494  64.7940  99.7218 5782655  26.2514 354.1396  4.25678805 48224
0 SL-12 DEB
1 45494U 10041AQ  21005.23440883  .00000845  00000-0  81898-3 0  9996
2 45494  64.7931  99.4564 5782610  26.2228 354.1450  4.25680152 48250
0 SL-12 DEB
1 45494U 10041AQ  21008.52325091  .00000771  00000-0  91945-3 0  9996
2 45494  64.7926  98.2181 5782459  26.0866 354.1668  4.25687749 48398
0 SL-12 DEB
1 45494U 10041AQ  21008.52325091  .00000771  00000-0  91945-3 0  9996
2 45494  64.7926  98.2181 5782459  26.0866 354.1668  4.25687749 48398
0 SL-12 DEB
1 45494U 10041AQ  21012.51679823  .00001171  00000-0  13028-2 0  9995
2 45494  64.7959  96.7163 5782314  25.9213 354.2323  4.25696224 48567
0 SL-12 DEB
1 45494U 10041AQ  21012.51679823  .00001171  00000-0  13028-2 0  9995
2 45494  64.7959  96.7163 5782314  25.9213 354.2323  4.25696224 48567
0 SL-12 DEB
1 45494U 10041AQ  21013.22153492  .00000934  00000-0  10470-2 0  9997
2 45494  64.7955  96.4511 5782274  25.8903 354.2471  4.25697616 48590
0 SL-12 DEB
1 45494U 10041AQ  21014.39608921  .00000910  00000-0  97514-3 0  9997
2 45494  64.7977  96.0098 5782195  25.8379 354.2702  4.25700240 48640
0 SL-12 DEB
1 45494U 10041AQ  21014.39608921  .00000910  00000-0  97514-3 0  9997
2 45494  64.7977  96.0098 5782195  25.8379 354.2702  4.25700240 48640
0 SL-12 DEB
1 45494U 10041AQ  21020.26873610  .00001014  00000-0  11003-2 0  9993
2 45494  64.7997  93.8001 5781999  25.5880 354.3361  4.25711588 48892
0 SL-12 DEB
1 45494U 10041AQ  21020.26873610  .00001014  00000-0  11003-2 0  9993
2 45494  64.7997  93.8001 5781999  25.5880 354.3361  4.25711588 48892
0 SL-12 DEB
1 45494U 10041AQ  21023.32244243  .00001063  00000-0  12459-2 0  9997
2 45494  64.8014  92.6514 5781907  25.4592 354.3701  4.25719304 49025
0 SL-12 DEB
1 45494U 10041AQ  21023.32244243  .00001063  00000-0  12459-2 0  9997
2 45494  64.8014  92.6514 5781907  25.4592 354.3701  4.25719304 49025
0 SL-12 DEB
1 45494U 10041AQ  21025.43652432  .00001152  00000-0  13060-2 0  9992
2 45494  64.8005  91.8543 5781890  25.3662 354.4065  4.25724840 49111
0 SL-12 DEB
1 45494U 10041AQ  21025.43652432  .00001152  00000-0  13060-2 0  9992
2 45494  64.8005  91.8543 5781890  25.3662 354.4065  4.25724840 49111
0 SL-12 DEB
1 45494U 10041AQ  21029.42968771  .00001342  00000-0  12839-2 0  9995
2 45494  64.8049  90.3560 5781988  25.1889 354.4800  4.25739683 49285
0 SL-12 DEB
1 45494U 10041AQ  21029.42968771  .00001342  00000-0  12839-2 0  9995
2 45494  64.8049  90.3560 5781988  25.1889 354.4800  4.25739683 49285
0 SL-12 DEB
1 45494U 10041AQ  21030.13434744  .00001047  00000-0  98400-3 0  9994
2 45494  64.8059  90.0906 5781959  25.1609 354.4883  4.25741542 49317
0 SL-12 DEB
1 45494U 10041AQ  21031.30877329  .00001311  00000-0  12322-2 0  9996
2 45494  64.8080  89.6497 5781928  25.1079 354.4994  4.25744379 49366
0 SL-12 DEB
1 45494U 10041AQ  21034.12734753  .00001342  00000-0  13721-2 0  9990
2 45494  64.8100  88.5885 5781863  24.9968 354.5091  4.25753522 49482
0 SL-12 DEB
1 45494U 10041AQ  21034.12734753  .00001342  00000-0  13721-2 0  9990
2 45494  64.8100  88.5885 5781863  24.9968 354.5091  4.25753522 49482
0 SL-12 DEB
1 45494U 10041AQ  21036.94587217  .00001504  00000-0  16113-2 0  9991
2 45494  64.8163  87.5300 5781859  24.8805 354.5313  4.25762389 49608
0 SL-12 DEB
1 45494U 10041AQ  21036.94587217  .00001504  00000-0  16113-2 0  9991
2 45494  64.8163  87.5300 5781859  24.8805 354.5313  4.25762389 49608
0 SL-12 DEB
1 45494U 10041AQ  21039.29460716  .00001562  00000-0  16056-2 0  9996
2 45494  64.8175  86.6462 5781864  24.7873 354.5665  4.25769683 49705
0 SL-12 DEB
1 45494U 10041AQ  21039.29460716  .00001562  00000-0  16056-2 0  9996
2 45494  64.8175  86.6462 5781864  24.7873 354.5665  4.25769683 49705
0 SL-12 DEB
1 45494U 10041AQ  21041.40843374  .00001487  00000-0  14300-2 0  9993
2 45494  64.8148  85.8514 5782285  24.6867 354.6019  4.25776610 49795
0 SL-12 DEB
1 45494U 10041AQ  21041.40843374  .00001487  00000-0  14300-2 0  9993
2 45494  64.8148  85.8514 5782285  24.6867 354.6019  4.25776610 49795
0 SL-12 DEB
1 45494U 10041AQ  21046.10568378  .00000981  00000-0  95578-3 0  9998
2 45494  64.8152  84.0805 5782427  24.4928 354.6307  4.25790164 49990
0 SL-12 DEB
1 45494U 10041AQ  21046.10568378  .00000981  00000-0  95578-3 0  9998
2 45494  64.8152  84.0805 5782427  24.4928 354.6307  4.25790164 49990
0 SL-12 DEB
1 45494U 10041AQ  21054.09061093  .00002798  00000-0  26491-2 0  9992
2 45494  64.8157  81.0736 5782367  24.1759 354.7024  4.25827121 50338
0 SL-12 DEB
1 45494U 10041AQ  21054.32545129  .00001997  00000-0  18860-2 0  9996
2 45494  64.8114  80.9841 5782339  24.1757 354.7031  4.25825525 50348
0 SL-12 DEB
1 45494U 10041AQ  21054.32545129  .00001997  00000-0  18860-2 0  9996
2 45494  64.8114  80.9841 5782339  24.1757 354.7031  4.25825525 50348
0 SL-12 DEB
1 45494U 10041AQ  21055.02996899  .00002258  00000-0  20761-2 0  9992
2 45494  64.8390  80.7331 5782779  24.1257 354.7175  4.25830052 50372
0 SL-12 DEB
1 45494U 10041AQ  21055.02996899  .00002258  00000-0  20761-2 0  9992
2 45494  64.8390  80.7331 5782779  24.1257 354.7175  4.25830052 50372
0 SL-12 DEB
1 45494U 10041AQ  21056.20415017  .00003405  00000-0  30901-2 0  9993
2 45494  64.8426  80.2932 5782798  24.0668 354.7312  4.25836470 50429
0 SL-12 DEB
1 45494U 10041AQ  21056.20415017  .00003405  00000-0  30901-2 0  9993
2 45494  64.8426  80.2932 5782798  24.0668 354.7312  4.25836470 50429
0 SL-12 DEB
1 45494U 10041AQ  21058.31761951  .00001936  00000-0  17053-2 0  9998
2 45494  64.8458  79.4997 5782872  23.9676 354.7427  4.25847561 50515
0 SL-12 DEB
1 45494U 10041AQ  21058.31761951  .00001936  00000-0  17053-2 0  9998
2 45494  64.8458  79.4997 5782872  23.9676 354.7427  4.25847561 50515
0 SL-12 DEB
1 45494U 10041AQ  21064.18810271  .00002739  00000-0  26168-2 0  9999
2 45494  64.8484  77.2905 5782885  23.7335 354.7524  4.25877200 50761
0 SL-12 DEB
1 45494U 10041AQ  21064.18810271  .00002739  00000-0  26168-2 0  9999
2 45494  64.8484  77.2905 5782885  23.7335 354.7524  4.25877200 50761
0 SL-12 DEB
1 45494U 10041AQ  21067.00579156  .00002013  00000-0  18530-2 0  9996
2 45494  64.8482  76.2268 5782706  23.6286 354.7817  4.25892245 50880
0 SL-12 DEB
1 45494U 10041AQ  21067.00579156  .00002013  00000-0  18530-2 0  9996
2 45494  64.8482  76.2268 5782706  23.6286 354.7817  4.25892245 50880
0 SL-12 DEB
1 45494U 10041AQ  21068.17980397  .00002501  00000-0  22537-2 0  9992
2 45494  64.8605  75.7899 5782879  23.5975 354.7888  4.25897147 50936
0 SL-12 DEB
1 45494U 10041AQ  21068.17980397  .00002501  00000-0  22537-2 0  9992
2 45494  64.8605  75.7899 5782879  23.5975 354.7888  4.25897147 50936
0 SL-12 DEB
1 45494U 10041AQ  21073.11045030  .00003654  00000-0  33540-2 0  9994
2 45494  64.8697  73.9402 5782895  23.4047 354.7954  4.25922877 51141
0 SL-12 DEB
1 45494U 10041AQ  21073.11045030  .00003654  00000-0  33540-2 0  9994
2 45494  64.8697  73.9402 5782895  23.4047 354.7954  4.25922877 51141
0 SL-12 DEB
1 45494U 10041AQ  21074.28436114  .00003671  00000-0  33705-2 0  9992
2 45494  64.8691  73.5031 5783596  23.3152 354.8075  4.25933382 51197
0 SL-12 DEB
1 45494U 10041AQ  21074.28436114  .00003671  00000-0  33705-2 0  9992
2 45494  64.8691  73.5031 5783596  23.3152 354.8075  4.25933382 51197
0 SL-12 DEB
1 45494U 10041AQ  21082.03169129  .00005115  00000-0  45936-2 0  9997
2 45494  64.8832  70.5977 5783013  23.0407 354.8660  4.25987638 51524
0 SL-12 DEB
1 45494U 10041AQ  21082.03169129  .00005115  00000-0  45936-2 0  9997
2 45494  64.8832  70.5977 5783013  23.0407 354.8660  4.25987638 51524
0 SL-12 DEB
1 45494U 10041AQ  21082.03169178  .00004558  00000-0  40875-2 0  9998
2 45494  64.8833  70.5976 5783012  23.0409 354.8660  4.25986814 51520
0 SL-12 DEB
1 45494U 10041AQ  21082.03169178  .00004558  00000-0  40875-2 0  9998
2 45494  64.8833  70.5976 5783012  23.0409 354.8660  4.25986814 51520
0 SL-12 DEB
1 45494U 10041AQ  21083.90966349  .00002856  00000-0  24714-2 0  9993
2 45494  64.8857  69.8837 5783447  22.9443 354.8830  4.26000109 51604
0 SL-12 DEB
1 45494U 10041AQ  21083.90966410  .00002823  00000-0  24390-2 0  9996
2 45494  64.8900  69.8849 5783511  22.9497 354.8819  4.25999887 51603
0 SL-12 DEB
1 45494U 10041AQ  21083.90966410  .00002823  00000-0  24390-2 0  9996
2 45494  64.8900  69.8849 5783511  22.9497 354.8819  4.25999887 51603
0 SL-12 DEB
1 45494U 10041AQ  21087.90012291  .00003298  00000-0  29866-2 0  9999
2 45494  64.8839  68.3814 5783483  22.7889 354.8806  4.26033776 51772
0 SL-12 DEB
1 45494U 10041AQ  21087.90012291  .00003298  00000-0  29866-2 0  9999
2 45494  64.8839  68.3814 5783483  22.7889 354.8806  4.26033776 51772
0 SL-12 DEB
1 45494U 10041AQ  21093.06386288  .00004515  00000-0  41115-2 0  9997
2 45494  64.8820  66.4353 5782790  22.6201 354.9135  4.26070766 51996
0 SL-12 DEB
1 45494U 10041AQ  21093.06386288  .00004515  00000-0  41115-2 0  9997
2 45494  64.8820  66.4353 5782790  22.6201 354.9135  4.26070766 51996
0 SL-12 DEB
1 45494U 10041AQ  21097.05371751  .00003096  00000-0  27791-2 0  9996
2 45494  64.8827  64.9336 5782222  22.4658 354.9433  4.26094619 52165
0 SL-12 DEB
1 45494U 10041AQ  21097.05371751  .00003096  00000-0  27791-2 0  9996
2 45494  64.8827  64.9336 5782222  22.4658 354.9433  4.26094619 52165
0 SL-12 DEB
1 45494U 10041AQ  21101.27799886  .00003773  00000-0  35947-2 0  9993
2 45494  64.8822  63.3383 5781307  22.3453 354.9422  4.26122106 52341
0 SL-12 DEB
1 45494U 10041AQ  21101.27799886  .00003773  00000-0  35947-2 0  9993
2 45494  64.8822  63.3383 5781307  22.3453 354.9422  4.26122106 52341
0 SL-12 DEB
1 45494U 10041AQ  21101.98203336  .00003927  00000-0  35474-2 0  9997
2 45494  64.8862  63.0562 5784624  22.1876 354.9832  4.26127317 52370
0 SL-12 DEB
1 45494U 10041AQ  21101.98203336  .00003927  00000-0  35474-2 0  9997
2 45494  64.8862  63.0562 5784624  22.1876 354.9832  4.26127317 52370
0 SL-12 DEB
1 45494U 10041AQ  21103.15538564  .00003574  00000-0  33025-2 0  9990
2 45494  64.8969  62.6456 5783898  22.1473 354.9917  4.26137832 52423
0 SL-12 DEB
1 45494U 10041AQ  21105.97135107  .00004281  00000-0  38997-2 0  9997
2 45494  64.8984  61.5867 5783613  22.0277 355.0322  4.26157411 52540
0 SL-12 DEB
1 45494U 10041AQ  21105.97135107  .00004281  00000-0  38997-2 0  9997
2 45494  64.8984  61.5867 5783613  22.0277 355.0322  4.26157411 52540
0 SL-12 DEB
1 45494U 10041AQ  21111.83732140  .00004285  00000-0  37937-2 0  9996
2 45494  64.9029  59.3756 5782890  21.7850 355.0995  4.26223475 52799
0 SL-12 DEB
1 45494U 10041AQ  21111.83732140  .00004285  00000-0  37937-2 0  9996
2 45494  64.9029  59.3756 5782890  21.7850 355.0995  4.26223475 52799
0 SL-12 DEB
1 45494U 10041AQ  21113.01040939  .00004492  00000-0  40257-2 0  9995
2 45494  64.8972  58.9306 5782732  21.7426 355.1026  4.26232723 52843
0 SL-12 DEB
1 45494U 10041AQ  21113.47963900  .00004980  00000-0  44763-2 0  9995
2 45494  64.9037  58.7589 5782750  21.7268 355.1035  4.26236555 52860
0 SL-12 DEB
1 45494U 10041AQ  21115.12189842  .00004254  00000-0  38760-2 0  9998
2 45494  64.9005  58.1432 5783069  21.6414 355.1166  4.26251879 52931
0 SL-12 DEB
1 45494U 10041AQ  21115.12189842  .00004254  00000-0  38760-2 0  9998
2 45494  64.9005  58.1432 5783069  21.6414 355.1166  4.26251879 52931
0 SL-12 DEB
1 45494U 10041AQ  21119.10998230  .00004797  00000-0  43569-2 0  9994
2 45494  64.9015  56.6418 5782668  21.4760 355.1711  4.26296055 53106
0 SL-12 DEB
1 45494U 10041AQ  21119.10998230  .00004797  00000-0  43569-2 0  9994
2 45494  64.9015  56.6418 5782668  21.4760 355.1711  4.26296055 53106
0 SL-12 DEB
1 45494U 10041AQ  21123.09773072  .00003836  00000-0  34416-2 0  9996
2 45494  64.9007  55.1395 5782105  21.3040 355.2294  4.26326994 53272
0 SL-12 DEB
1 45494U 10041AQ  21123.09773072  .00003836  00000-0  34416-2 0  9996
2 45494  64.9007  55.1395 5782105  21.3040 355.2294  4.26326994 53272
0 SL-12 DEB
1 45494U 10041AQ  21125.20878591  .00003423  00000-0  31466-2 0  9997
2 45494  64.8945  54.3499 5781657  21.2246 355.2417  4.26338842 53368
0 SL-12 DEB
1 45494U 10041AQ  21125.20878591  .00003423  00000-0  31466-2 0  9997
2 45494  64.8945  54.3499 5781657  21.2246 355.2417  4.26338842 53368
0 SL-12 DEB
1 45494U 10041AQ  21131.07250687  .00002758  00000-0  27123-2 0  9994
2 45494  64.8964  52.1436 5781117  20.9702 355.3139  4.26371567 53611
0 SL-12 DEB
1 45494U 10041AQ  21131.07250687  .00002758  00000-0  27123-2 0  9994
2 45494  64.8964  52.1436 5781117  20.9702 355.3139  4.26371567 53611
0 SL-12 DEB
1 45494U 10041AQ  21141.86023432  .00003874  00000-0  36579-2 0  9993
2 45494  64.9221  48.0866 5780707  20.5027 355.4626  4.26457712 54079
0 SL-12 DEB
1 45494U 10041AQ  21141.86023432  .00003874  00000-0  36579-2 0  9993
2 45494  64.9221  48.0866 5780707  20.5027 355.4626  4.26457712 54079
0 SL-12 DEB
1 45494U 10041AQ  21162.72716000  .00003433  00000-0  30962-2 0  9992
2 45494  64.9370  40.2342 5780540  19.5792 355.7688  4.26572589 54968
0 SL-12 DEB
1 45494U 10041AQ  21162.72716000  .00003433  00000-0  30962-2 0  9992
2 45494  64.9370  40.2342 5780540  19.5792 355.7688  4.26572589 54968
0 SL-12 DEB
1 45494U 10041AQ  21170.69735580  .00002165  00000-0  21062-2 0  9993
2 45494  64.9543  37.2830 5779551  19.2452 355.8298  4.26611403 55304
0 SL-12 DEB
1 45494U 10041AQ  21170.69735580  .00002165  00000-0  21062-2 0  9993
2 45494  64.9543  37.2830 5779551  19.2452 355.8298  4.26611403 55304
0 SL-12 DEB
1 45494U 10041AQ  21190.62016543  .00001668  00000-0  14044-2 0  9998
2 45494  65.0027  29.8989 5781992  18.2134 356.0674  4.26686964 56152
0 SL-12 DEB
1 45494U 10041AQ  21190.62016543  .00001668  00000-0  14044-2 0  9998
2 45494  65.0027  29.8989 5781992  18.2134 356.0674  4.26686964 56152
0 SL-12 DEB
1 45494U 10041AQ  21192.96379996  .00000692  00000-0  61468-3 0  9990
2 45494  64.9930  29.0196 5782179  18.1310 356.0679  4.26691083 56252
0 SL-12 DEB
1 45494U 10041AQ  21192.96379996  .00000692  00000-0  61468-3 0  9990
2 45494  64.9930  29.0196 5782179  18.1310 356.0679  4.26691083 56252
0 SL-12 DEB
1 45494U 10041AQ  21192.96380005  .00000823  00000-0  72635-3 0  9997
2 45494  64.9933  29.0191 5782178  18.1319 356.0677  4.26691228 56257
0 SL-12 DEB
1 45494U 10041AQ  21192.96380005  .00000823  00000-0  72635-3 0  9997
2 45494  64.9933  29.0191 5782178  18.1319 356.0677  4.26691228 56257
0 SL-12 DEB
1 45494U 10041AQ  21199.52582308  .00000357  00000-0  34522-3 0  9991
2 45494  64.9278  26.3679 5779274  18.0405 356.0648  4.26705442 56531
0 SL-12 DEB
1 45494U 10041AQ  21199.52582308  .00000357  00000-0  34522-3 0  9991
2 45494  64.9278  26.3679 5779274  18.0405 356.0648  4.26705442 56531
0 SL-12 DEB
1 45494U 10041AQ  21207.49371480  .00000787  00000-0  82195-3 0  9990
2 45494  64.9360  23.3776 5778196  17.7660 356.0747  4.26725495 56876
0 SL-12 DEB
1 45494U 10041AQ  21207.49371480  .00000787  00000-0  82195-3 0  9990
2 45494  64.9360  23.3776 5778196  17.7660 356.0747  4.26725495 56876
0 SL-12 DEB
1 45494U 10041AQ  21208.43108966  .00000741  00000-0  80293-3 0  9999
2 45494  64.9359  23.0250 5778231  17.7258 356.0792  4.26727337 56913
0 SL-12 DEB
1 45494U 10041AQ  21211.47753948  .00000938  00000-0  96140-3 0  9999
2 45494  64.9282  21.8702 5778283  17.5945 356.1097  4.26734618 57048
0 SL-12 DEB
1 45494U 10041AQ  21211.47753948  .00000938  00000-0  96140-3 0  9999
2 45494  64.9282  21.8702 5778283  17.5945 356.1097  4.26734618 57048
0 SL-12 DEB
1 45494U 10041AQ  21215.46130972  .00000496  00000-0  43672-3 0  9999
2 45494  64.9132  20.3594 5778278  17.3275 356.1736  4.26737674 57217
0 SL-12 DEB
1 45494U 10041AQ  21215.46130972  .00000496  00000-0  43672-3 0  9999
2 45494  64.9132  20.3594 5778278  17.3275 356.1736  4.26737674 57217
0 SL-12 DEB
1 45494U 10041AQ  21218.74201822  .00000268  00000-0  24968-3 0  9990
2 45494  64.9029  19.1186 5777988  17.2068 356.1804  4.26740246 57351
0 SL-12 DEB
1 45494U 10041AQ  21218.74201822  .00000268  00000-0  24968-3 0  9990
2 45494  64.9029  19.1186 5777988  17.2068 356.1804  4.26740246 57351
0 SL-12 DEB
1 45494U 10041AQ  21220.85103047  .00000344  00000-0  38904-3 0  9995
2 45494  64.8995  18.3235 5777828  17.1137 356.1831  4.26742473 57441
0 SL-12 DEB
1 45494U 10041AQ  21220.85103047  .00000344  00000-0  38904-3 0  9995
2 45494  64.8995  18.3235 5777828  17.1137 356.1831  4.26742473 57441
0 SL-12 DEB
1 45494U 10041AQ  21222.72570536  .00000098  00000-0  20328-3 0  9991
2 45494  64.8978  17.6171 5777708  17.0349 356.1908  4.26743378 57523
0 SL-12 DEB
1 45494U 10041AQ  21222.72570536  .00000098  00000-0  20328-3 0  9991
2 45494  64.8978  17.6171 5777708  17.0349 356.1908  4.26743378 57523
0 SL-12 DEB
1 45494U 10041AQ  21227.41240470  .00000157  00000-0  13645-3 0  9993
2 45494  64.8928  15.8504 5777352  16.8380 356.2435  4.26744689 57729
0 SL-12 DEB
1 45494U 10041AQ  21228.81840700  .00000446  00000-0  38097-3 0  9999
2 45494  64.8937  15.3217 5777191  16.7825 356.2544  4.26746173 57786
0 SL-12 DEB
1 45494U 10041AQ  21228.81840700  .00000446  00000-0  38097-3 0  9999
2 45494  64.8937  15.3217 5777191  16.7825 356.2544  4.26746173 57786
0 SL-12 DEB
1 45494U 10041AQ  21230.69306302  .00000414  00000-0  38520-3 0  9999
2 45494  64.8891  14.6133 5777081  16.6991 356.2614  4.26747582 57867
0 SL-12 DEB
1 45494U 10041AQ  21231.39605673  .00000344  00000-0  34755-3 0  9998
2 45494  64.8883  14.3482 5777016  16.6695 356.2618  4.26747963 57891
0 SL-12 DEB
1 45494U 10041AQ  21231.39605673  .00000344  00000-0  34755-3 0  9998
2 45494  64.8883  14.3482 5777016  16.6695 356.2618  4.26747963 57891
0 SL-12 DEB
1 45494U 10041AQ  21234.67667984  .00000453  00000-0  58277-3 0  9991
2 45494  64.8837  13.1108 5776713  16.5285 356.2717  4.26751937 58032
0 SL-12 DEB
1 45494U 10041AQ  21234.67667984  .00000453  00000-0  58277-3 0  9991
2 45494  64.8837  13.1108 5776713  16.5285 356.2717  4.26751937 58032
0 SL-12 DEB
1 45494U 10041AQ  21235.37967152  .00000280  00000-0  43593-3 0  9992
2 45494  64.8828  12.8458 5776644  16.4980 356.2780  4.26751865 58063
0 SL-12 DEB
1 45494U 10041AQ  21238.66029103  .00000720  00000-0  80965-3 0  9995
2 45494  64.8787  11.6085 5776335  16.3542 356.3235  4.26755926 58204
0 SL-12 DEB
1 45494U 10041AQ  21242.64381905  .00002445  00000-0  23315-2 0  9990
2 45494  64.8741  10.1060 5775965  16.1783 356.3765  4.26771151 58378
0 SL-12 DEB
1 45494U 10041AQ  21242.64381905  .00002445  00000-0  23315-2 0  9990
2 45494  64.8741  10.1060 5775965  16.1783 356.3765  4.26771151 58378
0 SL-12 DEB
1 45494U 10041AQ  21243.34678814  .00001138  00000-0  11088-2 0  9998
2 45494  64.8752   9.8420 5775841  16.1422 356.3837  4.26768807 58406
0 SL-12 DEB
1 45494U 10041AQ  21246.62725830  .00000728  00000-0  80672-3 0  9993
2 45494  64.8692   8.6038 5775599  15.9989 356.4036  4.26773486 58542
0 SL-12 DEB
1 45494U 10041AQ  21246.62725830  .00000728  00000-0  80672-3 0  9993
2 45494  64.8692   8.6038 5775599  15.9989 356.4036  4.26773486 58542
0 SL-12 DEB
1 45494U 10041AQ  21247.33020959  .00000575  00000-0  68686-3 0  9993
2 45494  64.8689   8.3390 5775525  15.9674 356.4082  4.26774849 58574
0 SL-12 DEB
1 45494U 10041AQ  21248.50179243  .00000709  00000-0  84360-3 0  9990
2 45494  64.8693   7.8982 5775395  15.9209 356.4164  4.26777169 58624
0 SL-12 DEB
1 45494U 10041AQ  21250.61063151  .00000721  00000-0  85376-3 0  9997
2 45494  64.8663   7.1022 5775284  15.8277 356.4430  4.26781318 58717
0 SL-12 DEB
1 45494U 10041AQ  21250.61063151  .00000721  00000-0  85376-3 0  9997
2 45494  64.8663   7.1022 5775284  15.8277 356.4430  4.26781318 58717
0 SL-12 DEB
1 45494U 10041AQ  21251.31357364  .00000870  00000-0  97766-3 0  9998
2 45494  64.8664   6.8377 5775206  15.7991 356.4539  4.26783465 58741
0 SL-12 DEB
1 45494U 10041AQ  21251.31357364  .00000870  00000-0  97766-3 0  9998
2 45494  64.8664   6.8377 5775206  15.7991 356.4539  4.26783465 58741
0 SL-12 DEB
1 45494U 10041AQ  21255.29685923  .00001378  00000-0  13487-2 0  9995
2 45494  64.8618   5.3342 5774884  15.6254 356.5182  4.26794516 58911
0 SL-12 DEB
1 45494U 10041AQ  21255.29685923  .00001378  00000-0  13487-2 0  9995
2 45494  64.8618   5.3342 5774884  15.6254 356.5182  4.26794516 58911
0 SL-12 DEB
1 45494U 10041AQ  21257.40560107  .00001645  00000-0  16425-2 0  9998
2 45494  64.8586   4.5372 5774738  15.5271 356.5371  4.26800852 59007
0 SL-12 DEB
1 45494U 10041AQ  21257.40560107  .00001645  00000-0  16425-2 0  9998
2 45494  64.8586   4.5372 5774738  15.5271 356.5371  4.26800852 59007
0 SL-12 DEB
1 45494U 10041AQ  21258.57710630  .00001035  00000-0  11100-2 0  9993
2 45494  64.8565   4.0943 5774713  15.4739 356.5438  4.26804257 59056
0 SL-12 DEB
1 45494U 10041AQ  21259.28000608  .00000623  00000-0  75028-3 0  9991
2 45494  64.8565   3.8295 5774665  15.4435 356.5477  4.26805707 59089
0 SL-12 DEB
1 45494U 10041AQ  21259.28000608  .00000623  00000-0  75028-3 0  9991
2 45494  64.8565   3.8295 5774665  15.4435 356.5477  4.26805707 59089
0 SL-12 DEB
1 45494U 10041AQ  21261.38870177  .00001670  00000-0  18242-2 0  9998
2 45494  64.8553   3.0343 5774565  15.3541 356.5662  4.26810750 59178
0 SL-12 DEB
1 45494U 10041AQ  21261.38870177  .00001670  00000-0  18242-2 0  9998
2 45494  64.8553   3.0343 5774565  15.3541 356.5662  4.26810750 59178
0 SL-12 DEB
1 45494U 10041AQ  21262.56018799  .00000747  00000-0  95370-3 0  9995
2 45494  64.8536   2.5916 5774526  15.3012 356.5833  4.26813280 59226
0 SL-12 DEB
1 45494U 10041AQ  21263.26307676  .00000465  00000-0  68042-3 0  9991
2 45494  64.8529   2.3264 5774484  15.2698 356.5954  4.26815095 59257
0 SL-12 DEB
1 45494U 10041AQ  21263.26307676  .00000465  00000-0  68042-3 0  9991
2 45494  64.8529   2.3264 5774484  15.2698 356.5954  4.26815095 59257
0 SL-12 DEB
1 45494U 10041AQ  21266.54319845  .00001974  00000-0  20386-2 0  9990
2 45494  64.8502   1.0878 5774377  15.1213 356.6593  4.26825706 59393
0 SL-12 DEB
1 45494U 10041AQ  21266.54319845  .00001974  00000-0  20386-2 0  9990
2 45494  64.8502   1.0878 5774377  15.1213 356.6593  4.26825706 59393
0 SL-12 DEB
1 45494U 10041AQ  21267.24606835  .00001269  00000-0  13438-2 0  9993
2 45494  64.8500   0.8225 5774367  15.0894 356.6719  4.26827369 59428
0 SL-12 DEB
1 45494U 10041AQ  21267.24606835  .00001269  00000-0  13438-2 0  9993
2 45494  64.8500   0.8225 5774367  15.0894 356.6719  4.26827369 59428
0 SL-12 DEB
1 45494U 10041AQ  21269.35465156  .00002356  00000-0  23502-2 0  9997
2 45494  64.8492   0.0267 5774324  14.9930 356.7040  4.26836128 59519
0 SL-12 DEB
1 45494U 10041AQ  21269.35465156  .00002356  00000-0  23502-2 0  9997
2 45494  64.8492   0.0267 5774324  14.9930 356.7040  4.26836128 59519
0 SL-12 DEB
1 45494U 10041AQ  21270.52606255  .00001359  00000-0  14019-2 0  9990
2 45494  64.8479 359.5838 5774340  14.9400 356.7176  4.26840129 59561
0 SL-12 DEB
1 45494U 10041AQ  21271.22890315  .00001730  00000-0  17686-2 0  9996
2 45494  64.8477 359.3185 5774321  14.9087 356.7246  4.26843815 59598
0 SL-12 DEB
1 45494U 10041AQ  21271.22890315  .00001730  00000-0  17686-2 0  9996
2 45494  64.8477 359.3185 5774321  14.9087 356.7246  4.26843815 59598
0 SL-12 DEB
1 45494U 10041AQ  21273.33739917  .00002486  00000-0  25494-2 0  9995
2 45494  64.8475 358.5226 5774295  14.8079 356.7455  4.26852715 59684
0 SL-12 DEB
1 45494U 10041AQ  21273.33739917  .00002486  00000-0  25494-2 0  9995
2 45494  64.8475 358.5226 5774295  14.8079 356.7455  4.26852715 59684
0 SL-12 DEB
1 45494U 10041AQ  21277.31998105  .00002757  00000-0  28211-2 0  9994
2 45494  64.8451 357.0179 5774374  14.6275 356.7998  4.26872579 59854
0 SL-12 DEB
1 45494U 10041AQ  21277.31998105  .00002757  00000-0  28211-2 0  9994
2 45494  64.8451 357.0179 5774374  14.6275 356.7998  4.26872579 59854
0 SL-12 DEB
1 45494U 10041AQ  21279.19407675  .00001317  00000-0  13789-2 0  9994
2 45494  64.8434 356.3095 5774454  14.5422 356.8364  4.26881209 59933
0 SL-12 DEB
1 45494U 10041AQ  21279.19407675  .00001317  00000-0  13789-2 0  9994
2 45494  64.8434 356.3095 5774454  14.5422 356.8364  4.26881209 59933
0 SL-12 DEB
1 45494U 10041AQ  21280.59962730  .00003116  00000-0  30282-2 0  9994
2 45494  64.8423 355.7783 5774517  14.4808 356.8628  4.26888951 59995
0 SL-12 DEB
1 45494U 10041AQ  21281.30239034  .00003213  00000-0  31026-2 0  9993
2 45494  64.8394 355.5105 5774474  14.4494 356.8743  4.26893210 60029
0 SL-12 DEB
1 45494U 10041AQ  21281.30239034  .00003213  00000-0  31026-2 0  9993
2 45494  64.8394 355.5105 5774474  14.4494 356.8743  4.26893210 60029
0 SL-12 DEB
1 45494U 10041AQ  21282.23939402  .00002188  00000-0  21192-2 0  9995
2 45494  64.8391 355.1563 5774513  14.4069 356.8874  4.26898247 60066
0 SL-12 DEB
1 45494U 10041AQ  21282.47364179  .00002266  00000-0  21927-2 0  9997
2 45494  64.8391 355.0679 5774540  14.3956 356.8903  4.26900139 60075
0 SL-12 DEB
1 45494U 10041AQ  21283.17638458  .00001943  00000-0  18938-2 0  9998
2 45494  64.8379 354.8018 5774572  14.3645 356.8974  4.26903110 60109
0 SL-12 DEB
1 45494U 10041AQ  21283.17638458  .00001943  00000-0  18938-2 0  9998
2 45494  64.8379 354.8018 5774572  14.3645 356.8974  4.26903110 60109
0 SL-12 DEB
1 45494U 10041AQ  21283.17638487  .00001734  00000-0  16952-2 0  9992
2 45494  64.8385 354.8024 5774592  14.3689 356.8964  4.26902772 60105
0 SL-12 DEB
1 45494U 10041AQ  21286.22152950  .00003858  00000-0  37849-2 0  9994
2 45494  64.8372 353.6510 5774840  14.2389 356.9159  4.26923830 60239
0 SL-12 DEB
1 45494U 10041AQ  21286.22152950  .00003858  00000-0  37849-2 0  9994
2 45494  64.8372 353.6510 5774840  14.2389 356.9159  4.26923830 60239
0 SL-12 DEB
1 45494U 10041AQ  21287.15845998  .00001200  00000-0  13193-2 0  9993
2 45494  64.8361 353.2964 5774903  14.1985 356.9236  4.26929042 60278
0 SL-12 DEB
1 45494U 10041AQ  21287.15845998  .00001200  00000-0  13193-2 0  9993
2 45494  64.8361 353.2964 5774903  14.1985 356.9236  4.26929042 60278
0 SL-12 DEB
1 45494U 10041AQ  21290.20343912  .00001830  00000-0  19117-2 0  9993
2 45494  64.8331 352.1441 5775058  14.0639 356.9668  4.26945089 60403
0 SL-12 DEB
1 45494U 10041AQ  21290.43766365  .00001713  00000-0  17966-2 0  9999
2 45494  64.8321 352.0550 5775083  14.0542 356.9709  4.26946107 60412
0 SL-12 DEB
1 45494U 10041AQ  21291.60877779  .00003159  00000-0  31018-2 0  9991
2 45494  64.8352 351.6143 5775204  13.9883 356.9959  4.26953192 60464
0 SL-12 DEB
1 45494U 10041AQ  21291.60877779  .00003159  00000-0  31018-2 0  9991
2 45494  64.8352 351.6143 5775204  13.9883 356.9959  4.26953192 60464
0 SL-12 DEB
1 45494U 10041AQ  21293.48251876  .00003078  00000-0  29505-2 0  9991
2 45494  64.8364 350.9066 5775439  13.9059 357.0290  4.26964919 60546
0 SL-12 DEB
1 45494U 10041AQ  21294.41936744  .00001778  00000-0  17213-2 0  9997
2 45494  64.8359 350.5519 5775570  13.8647 357.0431  4.26968926 60580
0 SL-12 DEB
1 45494U 10041AQ  21294.41936744  .00001778  00000-0  17213-2 0  9997
2 45494  64.8359 350.5519 5775570  13.8647 357.0431  4.26968926 60580
0 SL-12 DEB
1 45494U 10041AQ  21297.22986396  .00002736  00000-0  25761-2 0  9999
2 45494  64.8353 349.4888 5775866  13.7447 357.0725  4.26980872 60709
0 SL-12 DEB
1 45494U 10041AQ  21297.22986396  .00002736  00000-0  25761-2 0  9999
2 45494  64.8353 349.4888 5775866  13.7447 357.0725  4.26980872 60709
0 SL-12 DEB
1 45494U 10041AQ  21301.21123081  .00003915  00000-0  37076-2 0  9990
2 45494  64.8343 347.9823 5776238  13.5736 357.1011  4.27004762 60876
0 SL-12 DEB
1 45494U 10041AQ  21301.21123081  .00003915  00000-0  37076-2 0  9990
2 45494  64.8343 347.9823 5776238  13.5736 357.1011  4.27004762 60876
0 SL-12 DEB
1 45494U 10041AQ  21302.14798866  .00003209  00000-0  30668-2 0  9998
2 45494  64.8324 347.6274 5776333  13.5392 357.1090  4.27010908 60917
0 SL-12 DEB
1 45494U 10041AQ  21302.14798866  .00003209  00000-0  30668-2 0  9998
2 45494  64.8324 347.6274 5776333  13.5392 357.1090  4.27010908 60917
0 SL-12 DEB
1 45494U 10041AQ  21309.17313490  .00007490  00000-0  65973-2 0  9997
2 45494  64.8317 344.9704 5777225  13.2347 357.2018  4.27080777 61211
0 SL-12 DEB
1 45494U 10041AQ  21309.17313490  .00007490  00000-0  65973-2 0  9997
2 45494  64.8317 344.9704 5777225  13.2347 357.2018  4.27080777 61211
0 SL-12 DEB
1 45494U 10041AQ  21310.10970856  .00004305  00000-0  37502-2 0  9996
2 45494  64.8266 344.6022 5777796  13.1745 357.2116  4.27094860 61259
0 SL-12 DEB
1 45494U 10041AQ  21310.10970856  .00004305  00000-0  37502-2 0  9996
2 45494  64.8266 344.6022 5777796  13.1745 357.2116  4.27094860 61259
0 SL-12 DEB
1 45494U 10041AQ  21314.08998333  .00002523  00000-0  22817-2 0  9990
2 45494  64.8226 343.0876 5778592  13.0102 357.2210  4.27120733 61429
0 SL-12 DEB
1 45494U 10041AQ  21329.30656306  .00003322  00000-0  27411-2 0  9995
2 45494  64.8279 337.3324 5781936  12.2270 357.3645  4.27220792 62075
0 SL-12 DEB
1 45494U 10041AQ  21329.30656306  .00003322  00000-0  27411-2 0  9995
2 45494  64.8279 337.3324 5781936  12.2270 357.3645  4.27220792 62075
0 SL-12 DEB
1 45494U 10041AQ  21333.28563680  .00005723  00000-0  44767-2 0  9999
2 45494  64.8250 335.8222 5782475  12.0610 357.4056  4.27260072 62240
0 SL-12 DEB
1 45494U 10041AQ  21333.28563680  .00005723  00000-0  44767-2 0  9999
2 45494  64.8250 335.8222 5782475  12.0610 357.4056  4.27260072 62240
0 SL-12 DEB
1 45494U 10041AQ  21333.28563681  .00005327  00000-0  41652-2 0  9990
2 45494  64.8251 335.8222 5782479  12.0615 357.4055  4.27259621 62247
0 SL-12 DEB
1 45494U 10041AQ  21333.28563681  .00005327  00000-0  41652-2 0  9990
2 45494  64.8251 335.8222 5782479  12.0615 357.4055  4.27259621 62247
0 SL-12 DEB
1 45494U 10041AQ  21337.26428125  .00004601  00000-0  35276-2 0  9994
2 45494  64.8213 334.3112 5782861  11.9055 357.4221  4.27306535 62419
0 SL-12 DEB
1 45494U 10041AQ  21337.26428125  .00004601  00000-0  35276-2 0  9994
2 45494  64.8213 334.3112 5782861  11.9055 357.4221  4.27306535 62419
0 SL-12 DEB
1 45494U 10041AQ  21340.07246661  .00005958  00000-0  46173-2 0  9994
2 45494  64.8271 333.2459 5783369  11.9426 357.3856  4.27338403 62536
0 SL-12 DEB
1 45494U 10041AQ  21341.24248492  .00004185  00000-0  32671-2 0  9997
2 45494  64.8092 332.7972 5783539  11.8988 357.3877  4.27350172 62587
0 SL-12 DEB
1 45494U 10041AQ  21341.24248492  .00004185  00000-0  32671-2 0  9997
2 45494  64.8092 332.7972 5783539  11.8988 357.3877  4.27350172 62587
0 SL-12 DEB
1 45494U 10041AQ  21348.02808603  .00004989  00000-0  37047-2 0  9990
2 45494  64.8072 330.2217 5784295  11.6367 357.4435  4.27408809 62873
0 SL-12 DEB
1 45494U 10041AQ  21348.02808603  .00004989  00000-0  37047-2 0  9990
2 45494  64.8072 330.2217 5784295  11.6367 357.4435  4.27408809 62873
0 SL-12 DEB
1 45494U 10041AQ  21348.96395279  .00004934  00000-0  35519-2 0  9995
2 45494  64.8189 329.8736 5785886  11.5678 357.4560  4.27418982 62910
0 SL-12 DEB
1 45494U 10041AQ  21348.96395279  .00004934  00000-0  35519-2 0  9995
2 45494  64.8189 329.8736 5785886  11.5678 357.4560  4.27418982 62910
0 SL-12 DEB
1 45494U 10041AQ  21352.00533041  .00008508  00000-0  61324-2 0  9990
2 45494  64.8271 328.7340 5786136  11.4185 357.4682  4.27464432 63043
0 SL-12 DEB
1 45494U 10041AQ  21352.00533041  .00008508  00000-0  61324-2 0  9990
2 45494  64.8271 328.7340 5786136  11.4185 357.4682  4.27464432 63043
0 SL-12 DEB
1 45494U 10041AQ  21359.02208572  .00013543  00000-0  96859-2 0  9993
2 45494  64.8069 326.0522 5785183  11.2139 357.5025  4.27645373 63349
0 SL-12 DEB
1 45494U 10041AQ  21362.99681537  .00015461  00000-0  10906-1 0  9998
2 45494  64.8034 324.5405 5784838  11.0687 357.5330  4.27760913 63512
0 SL-12 DEB
1 45494U 10041AQ  21362.99681537  .00015461  00000-0  10906-1 0  9998
2 45494  64.8034 324.5405 5784838  11.0687 357.5330  4.27760913 63512
0 SL-12 DEB
1 45494U 10041AQ  22001.03529694  .00015975  00000-0  11386-1 0  9992
2 45494  64.8772 323.5515 5783833  10.8862 357.5503  4.27893401 63643
0 SL-12 DEB
1 45494U 10041AQ  22001.03529694  .00015975  00000-0  11386-1 0  9992
2 45494  64.8772 323.5515 5783833  10.8862 357.5503  4.27893401 63643
0 SL-12 DEB
1 45494U 10041AQ  22001.03548890  .00012827  00000-0  97571-2 0  9995
2 45494  64.8766 323.5638 5780626  11.0221 357.5175  4.27855725 63643
0 SL-12 DEB
1 45494U 10041AQ  22001.03548890  .00012827  00000-0  97571-2 0  9995
2 45494  64.8766 323.5638 5780626  11.0221 357.5175  4.27855725 63643
0 SL-12 DEB
1 45494U 10041AQ  22001.03548895  .00012758  00000-0  97108-2 0  9999
2 45494  64.8764 323.5636 5780587  11.0218 357.5176  4.27856405 63648
0 SL-12 DEB
1 45494U 10041AQ  22001.03548895  .00012758  00000-0  97108-2 0  9999
2 45494  64.8764 323.5636 5780587  11.0218 357.5176  4.27856405 63648
0 SL-12 DEB
1 45494U 10041AQ  22020.89205902  .00015093  00000-0  97569-2 0  9999
2 45494  64.7858 315.8041 5785637  10.1548 357.7433  4.28395942 64499
0 SL-12 DEB
1 45494U 10041AQ  22020.89205902  .00015093  00000-0  97569-2 0  9999
2 45494  64.7858 315.8041 5785637  10.1548 357.7433  4.28395942 64499
0 SL-12 DEB
1 45494U 10041AQ  22029.75936221  .00020414  00000-0  12895-1 0  9999
2 45494  64.7382 312.3484 5784974   9.8414 357.8185  4.28703023 64874
0 SL-12 DEB
1 45494U 10041AQ  22029.75936221  .00020414  00000-0  12895-1 0  9999
2 45494  64.7382 312.3484 5784974   9.8414 357.8185  4.28703023 64874
0 SL-12 DEB
1 45494U 10041AQ  22031.85853682  .00034205  00000-0  20180-1 0  9991
2 45494  64.7674 311.5805 5787619   9.6481 357.8761  4.28796844 64960
0 SL-12 DEB
1 45494U 10041AQ  22033.02453120  .00019487  00000-0  11343-1 0  9991
2 45494  64.7605 311.1306 5788035   9.5713 357.9031  4.28847921 65017
0 SL-12 DEB
1 45494U 10041AQ  22033.02453120  .00019487  00000-0  11343-1 0  9991
2 45494  64.7605 311.1306 5788035   9.5713 357.9031  4.28847921 65017
0 SL-12 DEB
1 45494U 10041AQ  22035.82234545  .00025694  00000-0  14744-1 0  9994
2 45494  64.7588 310.0545 5787612   9.4622 357.9440  4.28984230 65130
0 SL-12 DEB
1 45494U 10041AQ  22035.82234545  .00025694  00000-0  14744-1 0  9994
2 45494  64.7588 310.0545 5787612   9.4622 357.9440  4.28984230 65130
0 SL-12 DEB
1 45494U 10041AQ  22037.22085895  .00025127  00000-0  14380-1 0  9999
2 45494  64.7503 309.5134 5787224   9.4257 357.9544  4.29064132 65199
0 SL-12 DEB
1 45494U 10041AQ  22037.22085895  .00025127  00000-0  14380-1 0  9999
2 45494  64.7503 309.5134 5787224   9.4257 357.9544  4.29064132 65199
0 SL-12 DEB
1 45494U 10041AQ  22040.01728319  .00022062  00000-0  12516-1 0  9999
2 45494  64.7489 308.4371 5787087   9.3062 357.9796  4.29181634 65313
0 SL-12 DEB
1 45494U 10041AQ  22040.01728319  .00022062  00000-0  12516-1 0  9999
2 45494  64.7489 308.4371 5787087   9.3062 357.9796  4.29181634 65313
0 SL-12 DEB
1 45494U 10041AQ  22040.71626113  .00019930  00000-0  11301-1 0  9996
2 45494  64.7475 308.1670 5786990   9.2851 357.9843  4.29214698 65347
0 SL-12 DEB
1 45494U 10041AQ  22042.81287838  .00027695  00000-0  15577-1 0  9992
2 45494  64.7467 307.3578 5786618   9.2080 358.0059  4.29327120 65433
0 SL-12 DEB
1 45494U 10041AQ  22042.81287838  .00027695  00000-0  15577-1 0  9992
2 45494  64.7467 307.3578 5786618   9.2080 358.0059  4.29327120 65433
0 SL-12 DEB
1 45494U 10041AQ  22043.04580164  .00026323  00000-0  14801-1 0  9992
2 45494  64.7421 307.2670 5786603   9.2088 358.0068  4.29335043 65441
0 SL-12 DEB
1 45494U 10041AQ  22043.04580323  .00025421  00000-0  14301-1 0  9992
2 45494  64.7416 307.2669 5786607   9.2108 358.0063  4.29332747 65443
0 SL-12 DEB
1 45494U 10041AQ  22043.04580323  .00025421  00000-0  14301-1 0  9992
2 45494  64.7416 307.2669 5786607   9.2108 358.0063  4.29332747 65443
0 SL-12 DEB
1 45494U 10041AQ  22049.79790191  .00019185  00000-0  10403-1 0  9995
2 45494  64.7347 304.6591 5785827   8.9324 358.1124  4.29647749 65732
0 SL-12 DEB
1 45494U 10041AQ  22049.79790191  .00019185  00000-0  10403-1 0  9995
2 45494  64.7347 304.6591 5785827   8.9324 358.1124  4.29647749 65732
0 SL-12 DEB
1 45494U 10041AQ  22050.96160569  .00017826  00000-0  95590-2 0  9997
2 45494  64.7341 304.2111 5786083   8.8745 358.1267  4.29688719 65786
0 SL-12 DEB
1 45494U 10041AQ  22050.96160569  .00017826  00000-0  95590-2 0  9997
2 45494  64.7341 304.2111 5786083   8.8745 358.1267  4.29688719 65786
0 SL-12 DEB
1 45494U 10041AQ  22053.75399057  .00021776  00000-0  11603-1 0  9994
2 45494  64.7304 303.1287 5785911   8.7730 358.1412  4.29799072 65900
0 SL-12 DEB
1 45494U 10041AQ  22053.75399057  .00021776  00000-0  11603-1 0  9994
2 45494  64.7304 303.1287 5785911   8.7730 358.1412  4.29799072 65900
0 SL-12 DEB
1 45494U 10041AQ  22054.21931770  .00015735  00000-0  83890-2 0  9996
2 45494  64.7271 302.9479 5785911   8.7610 358.1423  4.29814608 65927
0 SL-12 DEB
1 45494U 10041AQ  22054.21931770  .00015735  00000-0  83890-2 0  9996
2 45494  64.7271 302.9479 5785911   8.7610 358.1423  4.29814608 65927
0 SL-12 DEB
1 45494U 10041AQ  22056.77830559  .00020737  00000-0  10923-1 0  9996
2 45494  64.7250 301.9577 5785926   8.6631 358.1637  4.29910219 66035
0 SL-12 DEB
1 45494U 10041AQ  22056.77830559  .00020737  00000-0  10923-1 0  9996
2 45494  64.7250 301.9577 5785926   8.6631 358.1637  4.29910219 66035
0 SL-12 DEB
1 45494U 10041AQ  22057.94129302  .00014535  00000-0  76347-2 0  9995
2 45494  64.7243 301.5069 5785858   8.6186 358.1788  4.29949744 66085
0 SL-12 DEB
1 45494U 10041AQ  22057.94129302  .00014535  00000-0  76347-2 0  9995
2 45494  64.7243 301.5069 5785858   8.6186 358.1788  4.29949744 66085
0 SL-12 DEB
1 45494U 10041AQ  22063.75451314  .00017491  00000-0  88267-2 0  9990
2 45494  64.7193 299.2534 5785901   8.3903 358.2469  4.30162992 66331
0 SL-12 DEB
1 45494U 10041AQ  22063.75451314  .00017491  00000-0  88267-2 0  9990
2 45494  64.7193 299.2534 5785901   8.3903 358.2469  4.30162992 66331
0 SL-12 DEB
1 45494U 10041AQ  22064.91678069  .00024196  00000-0  12216-1 0  9997
2 45494  64.7197 298.8005 5785567   8.3562 358.2504  4.30222351 66383
0 SL-12 DEB
1 45494U 10041AQ  22064.91678069  .00024196  00000-0  12216-1 0  9997
2 45494  64.7197 298.8005 5785567   8.3562 358.2504  4.30222351 66383
0 SL-12 DEB
1 45494U 10041AQ  22067.70560449  .00020553  00000-0  10295-1 0  9997
2 45494  64.7200 297.7191 5785325   8.2481 358.2650  4.30354157 66509
0 SL-12 DEB
1 45494U 10041AQ  22067.70560449  .00020553  00000-0  10295-1 0  9997
2 45494  64.7200 297.7191 5785325   8.2481 358.2650  4.30354157 66509
0 SL-12 DEB
1 45494U 10041AQ  22070.72596353  .00026334  00000-0  12985-1 0  9997
2 45494  64.7171 296.5460 5785177   8.1299 358.2932  4.30488210 66638
0 SL-12 DEB
1 45494U 10041AQ  22070.72596353  .00026334  00000-0  12985-1 0  9997
2 45494  64.7171 296.5460 5785177   8.1299 358.2932  4.30488210 66638
0 SL-12 DEB
1 45494U 10041AQ  22071.88735923  .00019984  00000-0  97995-2 0  9991
2 45494  64.7242 296.1032 5785013   8.0816 358.3082  4.30550841 66683
0 SL-12 DEB
1 45494U 10041AQ  22071.88735923  .00019984  00000-0  97995-2 0  9991
2 45494  64.7242 296.1032 5785013   8.0816 358.3082  4.30550841 66683
0 SL-12 DEB
1 45494U 10041AQ  22077.69206957  .00017842  00000-0  83738-2 0  9997
2 45494  64.7205 293.8465 5784845   7.8605 358.3636  4.30802882 66939
0 SL-12 DEB
1 45494U 10041AQ  22077.69206957  .00017842  00000-0  83738-2 0  9997
2 45494  64.7205 293.8465 5784845   7.8605 358.3636  4.30802882 66939
0 SL-12 DEB
1 45494U 10041AQ  22081.86966024  .00014899  00000-0  69758-2 0  9994
2 45494  64.6999 292.2036 5784538   7.7330 358.3634  4.30940691 67118
0 SL-12 DEB
1 45494U 10041AQ  22082.56579131  .00014793  00000-0  69010-2 0  9995
2 45494  64.6990 291.9324 5784584   7.7061 358.3666  4.30966935 67144
0 SL-12 DEB
1 45494U 10041AQ  22082.56579131  .00014793  00000-0  69010-2 0  9995
2 45494  64.6990 291.9324 5784584   7.7061 358.3666  4.30966935 67144
0 SL-12 DEB
1 45494U 10041AQ  22083.95768614  .00024775  00000-0  11435-1 0  9993
2 45494  64.6996 291.3911 5784189   7.6587 358.3751  4.31086399 67209
0 SL-12 DEB
1 45494U 10041AQ  22083.95768614  .00024775  00000-0  11435-1 0  9993
2 45494  64.6996 291.3911 5784189   7.6587 358.3751  4.31086399 67209
0 SL-12 DEB
1 45494U 10041AQ  22092.53872659  .00025146  00000-0  11311-1 0  9998
2 45494  64.6948 288.0601 5783010   7.3389 358.4205  4.31425187 67571
0 SL-12 DEB
1 45494U 10041AQ  22092.53872659  .00025146  00000-0  11311-1 0  9998
2 45494  64.6948 288.0601 5783010   7.3389 358.4205  4.31425187 67571
0 SL-12 DEB
1 45494U 10041AQ  22094.62455431  .00029340  00000-0  13162-1 0  9991
2 45494  64.6854 287.2460 5782518   7.2611 358.4248  4.31541266 67664
0 SL-12 DEB
1 45494U 10041AQ  22094.62455431  .00029340  00000-0  13162-1 0  9991
2 45494  64.6854 287.2460 5782518   7.2611 358.4248  4.31541266 67664
0 SL-12 DEB
1 45494U 10041AQ  22098.79466985  .00021895  00000-0  97563-2 0  9994
2 45494  64.6717 285.5997 5781415   7.1307 358.4504  4.31747093 67845
0 SL-12 DEB
1 45494U 10041AQ  22101.57364887  .00023938  00000-0  10410-1 0  9998
2 45494  64.6723 284.5119 5781318   7.0120 358.4789  4.31887402 67968
0 SL-12 DEB
1 45494U 10041AQ  22101.57364887  .00023938  00000-0  10410-1 0  9998
2 45494  64.6723 284.5119 5781318   7.0120 358.4789  4.31887402 67968
0 SL-12 DEB
1 45494U 10041AQ  22104.58331474  .00022673  00000-0  96570-2 0  9995
2 45494  64.6698 283.3329 5781436   6.8849 358.4941  4.32003030 68098
0 SL-12 DEB
1 45494U 10041AQ  22104.58331474  .00022673  00000-0  96570-2 0  9995
2 45494  64.6698 283.3329 5781436   6.8849 358.4941  4.32003030 68098
0 SL-12 DEB
1 45494U 10041AQ  22112.45061968  .00021431  00000-0  91249-2 0  9997
2 45494  64.6521 280.2619 5779463   6.6158 358.5194  4.32334210 68435
0 SL-12 DEB
1 45494U 10041AQ  22112.45061968  .00021431  00000-0  91249-2 0  9997
2 45494  64.6521 280.2619 5779463   6.6158 358.5194  4.32334210 68435
0 SL-12 DEB
1 45494U 10041AQ  22121.69812925  .00024110  00000-0  10089-1 0  9999
2 45494  64.6310 276.6224 5777553   6.3381 358.5442  4.32797458 68832
0 SL-12 DEB
1 45494U 10041AQ  22121.69812925  .00024110  00000-0  10089-1 0  9999
2 45494  64.6310 276.6224 5777553   6.3381 358.5442  4.32797458 68832
0 SL-12 DEB
1 45494U 10041AQ  22127.47313653  .00018481  00000-0  73639-2 0  9990
2 45494  64.6046 274.3439 5778026   6.0366 358.6272  4.33016293 69089
0 SL-12 DEB
1 45494U 10041AQ  22127.47313653  .00018481  00000-0  73639-2 0  9990
2 45494  64.6046 274.3439 5778026   6.0366 358.6272  4.33016293 69089
0 SL-12 DEB
1 45494U 10041AQ  22133.47599341  .00022554  00000-0  88649-2 0  9990
2 45494  64.6035 271.9846 5777268   5.7953 358.6662  4.33250387 69343
0 SL-12 DEB
1 45494U 10041AQ  22133.47599341  .00022554  00000-0  88649-2 0  9990
2 45494  64.6035 271.9846 5777268   5.7953 358.6662  4.33250387 69343
0 SL-12 DEB
1 45494U 10041AQ  22137.62965502  .00029919  00000-0  11958-1 0  9997
2 45494  64.5951 270.3480 5775109   5.6936 358.6892  4.33469455 69521
0 SL-12 DEB
1 45494U 10041AQ  22137.62965502  .00029919  00000-0  11958-1 0  9997
2 45494  64.5951 270.3480 5775109   5.6936 358.6892  4.33469455 69521
0 SL-12 DEB
1 45494U 10041AQ  22140.62812586  .00033319  00000-0  13133-1 0  9990
2 45494  64.5941 269.1650 5774272   5.6063 358.7239  4.33652251 69654
0 SL-12 DEB
1 45494U 10041AQ  22140.62812586  .00033319  00000-0  13133-1 0  9990
2 45494  64.5941 269.1650 5774272   5.6063 358.7239  4.33652251 69654
0 SL-12 DEB
1 45494U 10041AQ  22146.62095847  .00023124  00000-0  89551-2 0  9990
2 45494  64.5755 266.7913 5773039   5.3582 358.7691  4.34020829 69917
0 SL-12 DEB
1 45494U 10041AQ  22146.62095847  .00023124  00000-0  89551-2 0  9990
2 45494  64.5755 266.7913 5773039   5.3582 358.7691  4.34020829 69917
0 SL-12 DEB
1 45494U 10041AQ  22147.31214440  .00020862  00000-0  80556-2 0  9991
2 45494  64.5627 266.5201 5773068   5.2916 358.7840  4.34054541 69942
0 SL-12 DEB
1 45494U 10041AQ  22147.31214440  .00020862  00000-0  80556-2 0  9991
2 45494  64.5627 266.5201 5773068   5.2916 358.7840  4.34054541 69942
0 SL-12 DEB
1 45494U 10041AQ  22150.30661654  .00022970  00000-0  87294-2 0  9995
2 45494  64.5764 265.3363 5772732   5.0963 358.8413  4.34217462 70073
0 SL-12 DEB
1 45494U 10041AQ  22150.30661654  .00022970  00000-0  87294-2 0  9995
2 45494  64.5764 265.3363 5772732   5.0963 358.8413  4.34217462 70073
0 SL-12 DEB
1 45494U 10041AQ  22158.36425380  .00020003  00000-0  73662-2 0  9992
2 45494  64.5738 262.1523 5771694   4.8646 358.9300  4.34520893 70428
0 SL-12 DEB
1 45494U 10041AQ  22158.36425380  .00020003  00000-0  73662-2 0  9992
2 45494  64.5738 262.1523 5771694   4.8646 358.9300  4.34520893 70428
0 SL-12 DEB
1 45494U 10041AQ  22159.28475836  .00017732  00000-0  66375-2 0  9993
2 45494  64.5969 261.8007 5770805   4.8486 358.9318  4.34565376 70460
0 SL-12 DEB
1 45494U 10041AQ  22159.28475836  .00017732  00000-0  66375-2 0  9993
2 45494  64.5969 261.8007 5770805   4.8486 358.9318  4.34565376 70460
0 SL-12 DEB
1 45494U 10041AQ  22170.32343375  .00039812  00000-0  13934-1 0  9998
2 45494  64.5793 257.4116 5769497   4.4279 359.0640  4.35185145 70944
0 SL-12 DEB
1 45494U 10041AQ  22170.32343375  .00039812  00000-0  13934-1 0  9998
2 45494  64.5793 257.4116 5769497   4.4279 359.0640  4.35185145 70944
0 SL-12 DEB
1 45494U 10041AQ  22171.24253882  .00026743  00000-0  95129-2 0  9999
2 45494  64.5992 257.0602 5768526   4.4044 359.0664  4.35236120 70983
0 SL-12 DEB
1 45494U 10041AQ  22179.27987464  .00023167  00000-0  79315-2 0  9996
2 45494  64.5788 253.8539 5767205   4.1081 359.1663  4.35710757 71333
0 SL-12 DEB
1 45494U 10041AQ  22179.27987464  .00023167  00000-0  79315-2 0  9996
2 45494  64.5788 253.8539 5767205   4.1081 359.1663  4.35710757 71333
0 SL-12 DEB
1 45494U 10041AQ  22182.26324206  .00019800  00000-0  65740-2 0  9994
2 45494  64.5722 252.6601 5767528   3.9712 359.2108  4.35813569 71468
0 SL-12 DEB
1 45494U 10041AQ  22182.26324206  .00019800  00000-0  65740-2 0  9994
2 45494  64.5722 252.6601 5767528   3.9712 359.2108  4.35813569 71468
0 SL-12 DEB
1 45494U 10041AQ  22183.18104691  .00022300  00000-0  73814-2 0  9990
2 45494  64.5742 252.2945 5767456   3.9400 359.2182  4.35843554 71505
0 SL-12 DEB
1 45494U 10041AQ  22185.47510306  .00029534  00000-0  98215-2 0  9996
2 45494  64.5562 251.3622 5766569   3.9057 359.2206  4.35970852 71609
0 SL-12 DEB
1 45494U 10041AQ  22185.47510306  .00029534  00000-0  98215-2 0  9996
2 45494  64.5562 251.3622 5766569   3.9057 359.2206  4.35970852 71609
0 SL-12 DEB
1 45494U 10041AQ  22191.43665423  .00030144  00000-0  97030-2 0  9993
2 45494  64.5631 248.9833 5765815   3.6603 359.2829  4.36316405 71867
0 SL-12 DEB
1 45494U 10041AQ  22191.43665423  .00030144  00000-0  97030-2 0  9993
2 45494  64.5631 248.9833 5765815   3.6603 359.2829  4.36316405 71867
0 SL-12 DEB
1 45494U 10041AQ  22198.30914174  .00036006  00000-0  10953-1 0  9997
2 45494  64.5404 246.2218 5765077   3.3232 359.3511  4.36776193 72165
0 SL-12 DEB
1 45494U 10041AQ  22198.30914174  .00036006  00000-0  10953-1 0  9997
2 45494  64.5404 246.2218 5765077   3.3232 359.3511  4.36776193 72165
0 SL-12 DEB
1 45494U 10041AQ  22232.97415107  .00058878  00000-0  15059-1 0  9994
2 45494  64.5615 232.2310 5758721   2.3781 359.4856  4.38839108 73671
0 SL-12 DEB
1 45494U 10041AQ  22232.97415142  .00062710  00000-0  15193-1 0  9992
2 45494  64.5721 232.2403 5750110   2.1575 359.5326  4.40483611 73675
0 SL-12 DEB
1 45494U 10041AQ  22232.97415142  .00062710  00000-0  15193-1 0  9992
2 45494  64.5721 232.2403 5750110   2.1575 359.5326  4.40483611 73675
0 SL-12 DEB
1 45494U 10041AQ  22232.97422155  .00065974  00000-0  16343-1 0  9997
2 45494  64.6334 232.2706 5749483   2.1449 359.5354  4.40441073 73670
0 SL-12 DEB
1 45494U 10041AQ  22278.83796402  .00188303  00000-0  34175-1 0  9996
2 45494  64.5861 213.3575 5692736   0.5418 359.8322  4.51013501 75701
0 SL-12 DEB
1 45494U 10041AQ  22278.83796402  .00188303  00000-0  34175-1 0  9996
2 45494  64.5861 213.3575 5692736   0.5418 359.8322  4.51013501 75688
0 SL-12 DEB
1 45494U 10041AQ  22284.80809746  .00191349  00000-0  32940-1 0  9998
2 45494  64.5516 210.7945 5678679   0.3413 359.9112  4.53487825 75976
0 SL-12 DEB
1 45494U 10041AQ  22284.80809746  .00191349  00000-0  32940-1 0  9998
2 45494  64.5516 210.7945 5678679   0.3413 359.9112  4.53487825 75954
0 SL-12 DEB
1 45494U 10041AQ  22292.06266107  .00163403  00000-0  26208-1 0  9993
2 45494  64.6279 207.7780 5663667 359.9195   0.0256  4.56219289 76308
0 SL-12 DEB
1 45494U 10041AQ  22292.06266107  .00163403  00000-0  26208-1 0  9993
2 45494  64.6279 207.7780 5663667 359.9195   0.0256  4.56219289 76285
0 SL-12 DEB
1 45494U 10041AQ  22295.78419565  .00182879  00000-0  28714-1 0  9995
2 45494  64.5872 206.1645 5656707 359.7751   0.0711  4.57422351 76473
0 SL-12 DEB
1 45494U 10041AQ  22295.78419565  .00182879  00000-0  28714-1 0  9995
2 45494  64.5872 206.1645 5656707 359.7751   0.0711  4.57422351 76451
0 SL-12 DEB
1 45494U 10041AQ  22297.75029500  .00158681  00000-0  26987-1 0  9994
2 45494  64.5870 205.3258 5649312 359.9302   0.0539  4.58092922 76566
0 SL-12 DEB
1 45494U 10041AQ  22297.75029500  .00158681  00000-0  26987-1 0  9994
2 45494  64.5870 205.3258 5649312 359.9302   0.0539  4.58092922 76544
0 SL-12 DEB
1 45494U 10041AQ  22297.75029508  .00159102  00000-0  27032-1 0  9993
2 45494  64.5919 205.3259 5649342 359.9302   0.0539  4.58094121 76567
0 SL-12 DEB
1 45494U 10041AQ  22297.75029508  .00159102  00000-0  27032-1 0  9993
2 45494  64.5919 205.3259 5649342 359.9302   0.0539  4.58094121 76545
0 SL-12 DEB
1 45494U 10041AQ  22297.75029508  .00159102  00000-0  27032-1 0  9993
2 45494  64.5919 205.3259 5649342 359.9302   0.0539  4.58094121 76545
