1 14789U 84022  E 84063.98501911  .00000075 +00000-0 +00000-0 0  9992
2 14789 047.5290 227.4784 7262630 000.2975 359.7718 02.26059235000050
1 14789U 84022  E 84067.52383627  .00000076 +00000-0 +00000-0 0  9999
2 14789 047.5166 226.5086 7263995 001.2183 359.7015 02.26060102000138
1 14789U 84022  E 84069.29323434  .00000076 +00000-0 +00000-0 0  9995
2 14789 047.5143 226.0278 7264578 001.6783 359.6577 02.26060128000173
1 14789U 84022  E 84071.06261827  .00000076 +00000-0 +00000-0 0  9990
2 14789 047.5102 225.5331 7265967 002.1118 359.6170 02.26060693000214
1 14789U 84022  E 84071.50496219  .00000076 +00000-0 +00000-0 0  9994
2 14789 047.5096 225.4136 7266101 002.2272 359.6026 02.26060706000227
1 14789U 84022  E 84075.48586390  .00000621 +00000-0 +55966-3 0  9995
2 14789 047.5128 224.3392 7266247 003.3063 359.4267 02.26069180000316
1 14789U 84022  E 84078.13980444  .00000625 +00000-0 +55966-3 0  9992
2 14789 047.4930 223.7372 7266426 003.9500 359.3472 02.26072865000375
1 14789U 84022  E 84082.56303516  .00000675 +00000-0 +55966-3 0  9998
2 14789 047.4987 222.4710 7268833 005.0977 359.2304 02.26077387000472
1 14789U 84022  E 84084.77464116  .00000686 +00000-0 +55966-3 0  9999
2 14789 047.4837 221.8377 7269309 005.7085 359.2095 02.26080028000523
1 14789U 84022  E 84086.54384743  .00000704 +00000-0 +55966-3 0  9994
2 14789 047.4999 221.3992 7270111 006.1249 359.1662 02.26082969000569
1 14789U 84022  E 84087.42842040  .00000716 +00000-0 +55966-3 0  9994
2 14789 047.5019 221.1895 7270610 006.3315 359.1185 02.26084146000584
1 14789U 84022  E 84090.96677205  .00000892 +00000-0 +69902-3 0  9996
2 14789 047.4749 220.1607 7271117 007.3232 359.0802 02.26093738000666
1 14789U 84022  E 84092.73584564  .00001148 +00000-0 +92143-3 0  9996
2 14789 047.4882 219.7051 7270988 007.8175 359.0113 02.26098975000705
1 14789U 84022  E 84093.62034226  .00001152 +00000-0 +91694-3 0  9995
2 14789 047.4908 219.4569 7271203 008.0442 358.9521 02.26100754000728
1 14789U 84022  E 84096.71623245  .00001231 +00000-0 +93705-3 0  9996
2 14789 047.4597 218.5973 7272473 008.8693 358.9283 02.26108228000793
1 14789U 84022  E 84098.92747355  .00001219 +00000-0 +86728-3 0  9993
2 14789 047.4505 217.9732 7274210 009.4137 358.8907 02.26113908000848
1 14789U 84022  E 84101.58084007  .00001288 +00000-0 +90398-3 0  9992
2 14789 047.4571 217.2310 7274589 010.1278 358.8036 02.26121422000900
1 14789U 84022  E 84103.34966023  .00001316 +00000-0 +90769-3 0  9999
2 14789 047.4517 216.7811 7275050 010.5708 358.7119 02.26126279000946
1 14789U 84022  E 84104.67630678  .00001345 +00000-0 +90798-3 0  9994
2 14789 047.4514 216.4098 7275613 010.9150 358.6791 02.26129667000979
1 14789U 84022  E 84115.73094086  .00001581 +00000-0 +92407-3 0  9991
2 14789 047.4171 213.3944 7279251 013.7753 358.4606 02.26160995001227
1 14789U 84022  E 84121.03658090  .00001718 +00000-0 +88097-3 0  9994
2 14789 047.4225 211.9154 7282394 015.1353 358.4038 02.26180091001349
1 14789U 84022  E 84125.01550168  .00001937 +00000-0 +93457-3 0  9992
2 14789 047.4068 210.8108 7283831 016.2335 358.4116 02.26198032001431
1 14789U 84022  E 84134.74016630  .00002287 +00000-0 +97455-3 0  9994
2 14789 047.3959 208.1056 7286510 018.8068 358.0256 02.26237733001656
1 14789U 84022  E 84144.90515080  .00003629 +00000-0 +12077-2 0  9993
2 14789 047.3848 205.2508 7291546 021.5084 358.3802 02.26313196001880
1 14789U 84022  E 84151.97330421  .00004030 +00000-0 +11494-2 0  9991
2 14789 047.3914 203.3204 7294276 023.3768 357.7745 02.26372008002043
1 14789U 84022  E 84152.85657024  .00004567 +00000-0 +12950-2 0  9993
2 14789 047.3778 203.0346 7294355 023.6496 357.6049 02.26383688002068
1 14789U 84022  E 84156.83159436  .00004993 +00000-0 +12919-2 0  9997
2 14789 047.3746 201.9302 7295911 024.7103 357.4200 02.26419058002156
1 14789U 84022  E 84163.45533242  .00004937 +00000-0 +11157-2 0  9995
2 14789 047.3543 200.0144 7297957 026.5486 357.2705 02.26484543002307
1 14789U 84022  E 84167.86980453  .00000083 +00000-0 +00000-0 0  9995
2 14789 047.3574 198.8638 7300815 027.6468 357.0992 02.26519329002401
1 14789U 84022  E 84167.86982704  .00000820 +00000-0 +13736-3 0  9998
2 14789 047.3574 198.8639 7300815 027.6469 357.0992 02.26519329002403
1 14789U 84022  E 84167.86999235  .00003646 +00000-0 +68467-3 0  9995
2 14789 047.3565 198.8690 7300809 027.6387 357.2149 02.26530593002404
1 14789U 84022  E 84167.87008232  .00000083 +00000-0 +00000-0 0  9992
2 14789 047.3574 198.8638 7300815 027.6468 357.0992 02.26519329002401
