1 14945U 84041  F 84114.12752025  .00004842 +00000-0 +19999-2 0  9999
2 14945 047.4143 284.5722 7306178 000.1152 359.7643 02.23970992000032
1 14945U 84041  F 84114.12767395  .00004985 +00000-0 +19999-2 0  9993
2 14945 047.4052 284.5909 7306783 000.1049 359.8938 02.23976379000038
1 14945U 84041  F 84115.46701964  .00002556 +00000-0 +10711-2 0  9996
2 14945 047.3866 284.2911 7305487 000.4259 359.8026 02.23976124000065
1 14945U 84041  F 84115.46708878  .00002549 +00000-0 +10711-2 0  9999
2 14945 047.3822 284.3193 7305430 000.4094 359.8578 02.23975906000064
1 14945U 84041  F 84120.82441011  .00002490 +00000-0 +10711-2 0  9993
2 14945 047.3559 282.8034 7304726 001.9117 359.6487 02.23995675000182
1 14945U 84041  F 84131.09188347  .00001468 +00000-0 +46316-3 0  9999
2 14945 047.3197 280.0481 7310609 004.4771 359.3778 02.24016842000414
1 14945U 84041  F 84132.43098134  .00002960 +00000-0 +94354-3 0  9995
2 14945 047.3278 279.6977 7310971 004.8336 359.3258 02.24025478000442
1 14945U 84041  F 84136.89448069  .00001876 +00000-0 +49904-3 0  9991
2 14945 047.2988 278.4725 7314092 005.9419 359.1739 02.24038311000542
1 14945U 84041  F 84140.46511555  .00002056 +00000-0 +49904-3 0  9991
2 14945 047.2880 277.5240 7315790 006.9430 359.1520 02.24054560000626
1 14945U 84041  F 84147.60493648  .00007006 +00000-0 +17687-2 0  9998
2 14945 047.2606 275.4864 7315055 008.8868 358.9000 02.24134291000788
1 14945U 84041  F 84152.51269267  .00003533 +00000-0 +79793-3 0  9990
2 14945 047.2442 274.1600 7316793 010.1410 358.7568 02.24143647000893
1 14945U 84041  F 84152.51271243  .00004145 +00000-0 +94501-3 0  9991
2 14945 047.2437 274.1589 7316680 010.1475 358.7722 02.24146657000895
1 14945U 84041  F 84162.32610480  .00004809 +00000-0 +90929-3 0  9998
2 14945 047.1933 271.4026 7319349 012.8043 359.2187 02.24242016001119
1 14945U 84041  F 84164.10889073  .00005408 +00000-0 +90929-3 0  9998
2 14945 047.1854 270.9165 7321189 013.2009 358.5457 02.24271477001150
1 14945U 84041  F 84165.00054094  .00006625 +00000-0 +10946-2 0  9997
2 14945 047.1900 270.6848 7321443 013.4298 358.4695 02.24285212001179
1 14945U 84041  F 84169.01260202  .00008151 +00000-0 +12501-2 0  9997
2 14945 047.1824 269.5755 7322215 014.5197 358.4061 02.24351233001260
1 14945U 84041  F 84169.90400196  .00007765 +00000-0 +12291-2 0  9999
2 14945 047.1578 269.3053 7321578 014.8631 358.3667 02.24363219001282
1 14945U 84041  F 84183.26608174  .00009544 +00000-0 +12162-2 0  9994
2 14945 047.0699 265.4905 7322440 018.7125 358.7418 02.24698962001585
1 14945U 84041  F 84187.71458772  .00016879 +00000-0 +17203-2 0  9995
2 14945 047.0978 264.2789 7324723 019.6079 358.5083 02.24852360001687
1 14945U 84041  F 84193.04840204  .00025418 -46324-4 +14760-2 0  9991
2 14945 047.0455 262.6307 7326844 021.0532 358.2204 02.25061912001804
1 14945U 84041  F 84194.38065806  .00031634 -46372-4 +20138-2 0  9992
2 14945 047.0710 262.3744 7325703 021.4100 357.9496 02.25162383001834
1 14945U 84041  F 84197.04409106  .00037718 -46473-4 +23426-2 0  9997
2 14945 047.0661 261.6313 7325279 022.1191 357.7097 02.25329919001890
1 14945U 84041  F 84197.04415712  .00033313 -46471-4 +22612-2 0  9998
2 14945 047.0971 261.6642 7323754 022.1089 357.7571 02.25315661001897
1 14945U 84041  F 84197.93150786  .00039676 -46512-4 +25342-2 0  9990
2 14945 047.0580 261.3591 7324528 022.3868 357.6868 02.25393690001919
1 14945U 84041  F 84197.93153836  .00037934 -46626-4 +25458-2 0  9998
2 14945 047.0632 261.3825 7323757 022.4158 357.7067 02.25387591001918
1 14945U 84041  F 84201.03563869  .00041628 -46790-4 +26066-2 0  9999
2 14945 047.0460 260.4798 7323327 023.2576 357.5407 02.25592236001989
1 14945U 84041  F 84201.92207924  .00038832 -46740-4 +20883-2 0  9993
2 14945 047.0665 260.2802 7324732 023.4176 357.5245 02.25647365002007
1 14945U 84041  F 84221.35092055  .00067303 -47614-4 +26212-2 0  9997
2 14945 046.9865 254.5476 7314470 028.9448 356.9428 02.27567521002441
1 14945U 84041  F 84231.43033658  .00115368 -47972-4 +26212-2 0  9993
2 14945 046.9270 251.6223 7310612 031.7909 001.0638 02.28857460002678
1 14945U 84041  F 84234.91467216  .00085524 -48163-4 +16905-2 0  9991
2 14945 046.9302 250.6054 7306050 032.7786 357.4180 02.29580628002759
1 14945U 84041  F 84235.78427064  .00089950 -47941-4 +14257-2 0  9992
2 14945 046.9091 250.3373 7306882 032.9810 356.4246 02.29741791002772
1 14945U 84041  F 84235.78428347  .00089956 -48161-4 +14246-2 0  9996
2 14945 046.9089 250.3375 7306885 032.9815 356.4352 02.29741731002771
1 14945U 84041  F 84237.08932974  .00096902 -47961-4 +14744-2 0  9996
2 14945 046.9196 249.9866 7305187 033.3246 356.3922 02.29983870002804
1 14945U 84041  F 84237.08941978  .00092625 -48120-4 +13751-2 0  9993
2 14945 046.9285 249.9836 7305328 033.1935 356.4800 02.29977591002809
1 14945U 84041  F 84238.82705900  .00107444 -48062-4 +17217-2 0  9991
2 14945 046.9034 249.4619 7302147 033.9396 356.3048 02.30346876002845
1 14945U 84041  F 84238.82730469  .00105956 -48242-4 +17767-2 0  9995
2 14945 046.8924 249.4524 7301772 034.2036 356.4737 02.30342102002849
1 14945U 84041  F 84241.42870284  .00114615 -48082-4 +15988-2 0  9992
2 14945 046.8762 248.6674 7298293 034.6548 356.4689 02.30919443002902
1 14945U 84041  F 84242.29405946  .00114480 -48114-4 +15525-2 0  9990
2 14945 046.8621 248.3959 7296971 034.8989 356.1351 02.31104598002924
1 14945U 84041  F 84244.45523788  .00115098 -48157-4 +11836-2 0  9999
2 14945 046.8817 247.7125 7294594 035.5430 356.0330 02.31574363002979
1 14945U 84041  F 84244.45527339  .00114821 -48209-4 +15345-2 0  9995
2 14945 046.8679 247.7712 7293367 035.5439 356.0736 02.31573539002977
1 14945U 84041  F 84261.94276305  .00021775 -47738-4 +99999-4 0  9992
2 14945 046.7840 242.3853 7250180 040.6893 355.2180 02.37601501003376
1 14945U 84041  F 84261.94301896  .00006910 -47700-4 +00000-0 0  9990
2 14945 046.7840 242.3852 7250180 040.6892 355.2180 02.37601502003375
