1 06805U 73061  A 73255.22001421  .00000151 +00000-0 +00000-0 0  9997
2 06805 065.4044 316.6596 7432284 284.8470 009.7994 02.00637102000293
1 06805U 73061  A 73260.70244201  .00000434 +02221-9 +00000-0 0  9991
2 06805 065.4113 315.8955 7426234 284.8194 009.8400 02.00644279000400
1 06805U 73061  A 73261.20090468 -.00000747 +06741-8 +00000-0 0  9999
2 06805 065.4398 315.8411 7423845 284.7649 009.8653 02.00635028000414
1 06805U 73061  A 73262.19772736 -.00000468 +06741-8 +00000-0 0  9993
2 06805 065.4151 315.6833 7424386 284.7822 009.8585 02.00635958000439
1 06805U 73061  A 73267.18186231 -.00000086 +06741-8 +00000-0 0  9992
2 06805 065.4344 314.9724 7422647 284.6822 009.8899 02.00637197000537
1 06805U 73061  A 73273.66110078  .00000194 +06741-8 +00000-0 0  9997
2 06805 065.4443 314.0550 7422424 284.5214 009.9256 02.00642514000663
1 06805U 73061  A 73288.11488889  .00000313 +06741-8 +00000-0 0  9994
2 06805 065.4434 311.9555 7420661 284.1596 010.0139 02.00645018000951
1 06805U 73061  A 73298.08310775  .00000098 +06741-8 +00000-0 0  9999
2 06805 065.4664 310.5123 7420479 283.9161 010.0678 02.00640702001150
1 06805U 73061  A 73299.07992101  .00000106 +06741-8 +00000-0 0  9998
2 06805 065.4663 310.3735 7420477 283.8930 010.0729 02.00640917001174
1 06805U 73061  A 73306.55610318 -.00000325 +06741-8 +00000-0 0  9991
2 06805 065.4500 309.2008 7418415 283.7944 010.1065 02.00634980001321
1 06805U 73061  A 73309.04815594 -.00000120 +06741-8 +00000-0 0  9994
2 06805 065.4649 308.8336 7418255 283.7315 010.1212 02.00636625001375
1 06805U 73061  A 73311.54014714  .00000280 +06741-8 +00000-0 0  9993
2 06805 065.4721 308.4743 7418029 283.6833 010.1330 02.00641942001422
1 06805U 73061  A 73314.03215350  .00000340 +06741-8 +00000-0 0  9996
2 06805 065.4569 308.1050 7418635 283.6085 010.1459 02.00643706001479
1 06805U 73061  A 73317.02266598 -.00000017 +06741-8 +00000-0 0  9990
2 06805 065.4463 307.6451 7418459 283.5439 010.1611 02.00638962001532
1 06805U 73061  A 73322.00684730 -.00000151 +06741-8 +00000-0 0  9995
2 06805 065.4649 306.8860 7416969 283.4513 010.1903 02.00635695001634
1 06805U 73061  A 73327.98780438  .00000261 +06741-8 +00000-0 0  9990
2 06805 065.4839 306.0197 7416967 283.4511 010.1902 02.00641227001756
1 06805U 73061  A 73330.47986714 -.00000022 +06741-8 +00000-0 0  9999
2 06805 065.4804 305.6331 7413927 283.3126 010.2389 02.00637126001806
1 06805U 73061  A 73332.97198368 -.00000189 +06741-8 +00000-0 0  9990
2 06805 065.4813 305.2713 7412976 283.2591 010.2564 02.00634336001854
1 06805U 73061  A 73335.96251477 -.00000152 +06741-8 +00000-0 0  9993
2 06805 065.4831 304.8493 7412459 283.1863 010.2756 02.00633717001913
1 06805U 73061  A 73338.95295404  .00000239 +06741-8 +00000-0 0  9998
2 06805 065.5029 304.3951 7409461 283.1661 010.2979 02.00638962001972
1 06805U 73061  A 73342.94022453  .00000271 +06741-8 +00000-0 0  9990
2 06805 065.5028 303.8450 7409443 283.0730 010.3188 02.00641012002058
1 06805U 73061  A 73345.93083095  .00000058 +06741-8 +00000-0 0  9994
2 06805 065.5323 303.4226 7407457 282.9767 010.3521 02.00637007002111
1 06805U 73061  A 73349.41976666  .00000044 +06741-8 +00000-0 0  9991
2 06805 065.5480 302.9202 7406251 282.9126 010.3737 02.00636697002183
1 06805U 73061  A 73351.91188659  .00000037 +06741-8 +00000-0 0  9998
2 06805 065.5451 302.5228 7403826 282.8312 010.4065 02.00636387002233
1 06805U 73061  A 73354.90242934 -.00000097 +06741-8 +00000-0 0  9994
2 06805 065.5278 302.0834 7401839 282.7984 010.4258 02.00634551002295
1 06805U 73061  A 73358.88986987 -.00000171 +06741-8 +00000-0 0  9991
2 06805 065.5468 301.4968 7399965 282.6924 010.4609 02.00631166002374
1 06805U 73061  A 73362.87731905 -.00000158 +06741-8 +00000-0 0  9998
2 06805 065.5530 300.9385 7397832 282.6243 010.4891 02.00630260002452
1 06805U 73061  A 73365.36937152  .00000314 +06741-8 +00000-0 0  9990
2 06805 065.5523 300.5568 7394932 282.5702 010.5189 02.00636411002501
1 06805U 73061  A 74033.76432514 -.00000268 +06741-8 +00000-0 0  9998
2 06805 065.5685 295.8945 7369731 281.7966 010.8509 02.00627565003170
1 06805U 73061  A 74043.23463105  .00000266 +00000-0 +00000-0 0  9992
2 06805 065.5323 294.5843 7366574 281.5898 010.9189 02.00631833003365
1 06805U 73061  A 74046.22530889  .00000050 +00000-0 +00000-0 0  9999
2 06805 065.5508 294.1691 7364725 281.4605 010.9609 02.00628972003422
1 06805U 73061  A 74048.71756744 -.00000319 +00000-0 +00000-0 0  9994
2 06805 065.5444 293.8201 7363126 281.4067 010.9835 02.00623369003471
1 06805U 73061  A 74051.70828818 -.00000392 +00000-0 +00000-0 0  9990
2 06805 065.5678 293.4371 7361967 281.3574 011.0024 02.00620937003534
1 06805U 73061  A 74054.69887637  .00000092 +00000-0 +00000-0 0  9991
2 06805 065.5678 293.0381 7361987 281.2876 011.0188 02.00626755003598
1 06805U 73061  A 74059.18482685  .00000041 +00000-0 +00000-0 0  9998
2 06805 065.5858 292.4284 7360213 281.1523 011.0621 02.00627279003686
1 06805U 73061  A 74062.17552995 -.00000231 +00000-0 +00000-0 0  9995
2 06805 065.5792 292.0285 7358737 281.0583 011.0938 02.00623131003744
1 06805U 73061  A 74067.65844726  .00000284 +00000-0 +00000-0 0  9996
2 06805 065.5800 291.2908 7357544 280.8902 011.1417 02.00627303003854
1 06805U 73061  A 74104.54418847  .00000304 +00000-0 +00000-0 0  9990
2 06805 065.6010 286.1407 7347542 280.0746 011.4033 02.00615167004594
1 06805U 73061  A 74111.52259254  .00000132 +00000-0 +00000-0 0  9990
2 06805 065.5997 285.1789 7345068 279.9185 011.4577 02.00620496004734
1 06805U 73061  A 74114.51343679  .00000161 +00000-0 +00000-0 0  9999
2 06805 065.6036 284.7771 7346406 279.8226 011.4728 02.00615679004798
1 06805U 73061  A 74117.00578068  .00000353 +00000-0 +00000-0 0  9991
2 06805 065.6184 284.4370 7345413 279.7604 011.4946 02.00613609004849
1 06805U 73061  A 74118.50118922  .00000276 +00000-0 +00000-0 0  9990
2 06805 065.6189 284.2360 7344264 279.7571 011.5028 02.00613772004873
1 06805U 73061  A 74119.49809308  .00000146 +00000-0 +00000-0 0  9990
2 06805 065.6047 284.0926 7344755 279.7103 011.5113 02.00615398004891
1 06805U 73061  A 74122.48889822  .00000078 +00000-0 +00000-0 0  9996
2 06805 065.5926 283.6781 7344067 279.6594 011.5283 02.00615699004958
1 06805U 73061  A 74126.47663545  .00000149 +00000-0 +00000-0 0  9990
2 06805 065.5900 283.0748 7340708 279.6031 011.5641 02.00615255005037
1 06805U 73061  A 74129.46744106  .00000174 +00000-0 +00000-0 0  9993
2 06805 065.5847 282.6324 7336136 279.5814 011.5990 02.00614506005091
1 06805U 73061  A 74134.45249554  .00000894 +00000-0 +00000-0 0  9994
2 06805 065.5801 281.9478 7334282 279.5247 011.6252 02.00598274005199
1 06805U 73061  A 74144.42160748  .00000105 +00000-0 +00000-0 0  9994
2 06805 065.6322 280.5327 7333815 279.4296 011.6521 02.00613550005396
1 06805U 73061  A 74149.90464923  .00000293 +00000-0 +00000-0 0  9992
2 06805 065.6236 279.8322 7326864 279.1438 011.7695 02.00618723005500
1 06805U 73061  A 74152.89536095  .00000477 +00000-0 +00000-0 0  9998
2 06805 065.6422 279.4297 7326317 279.0875 011.7874 02.00623346005563
1 06805U 73061  A 74155.88618133  .00000171 +00000-0 +00000-0 0  9995
2 06805 065.6232 279.0307 7325197 279.0099 011.8145 02.00620013005620
1 06805U 73061  A 74162.36639401  .00000403 +00000-0 +00000-0 0  9995
2 06805 065.6371 278.1591 7323157 278.9233 011.8500 02.00620566005753
1 06805U 73061  A 74166.85261059  .00000909 +00000-0 +00000-0 0  9994
2 06805 065.6309 277.5258 7318380 278.8325 011.9046 02.00610950005842
1 06805U 73061  A 74170.84025713  .00000555 +00000-0 +00000-0 0  9990
2 06805 065.6325 277.0332 7312060 278.6728 011.9874 02.00614895005922
1 06805U 73061  A 74173.33305452  .00001914 +00000-0 +00000-0 0  9998
2 06805 065.5763 276.7035 7306303 278.5315 012.0622 02.00589336005976
1 06805U 73061  A 74186.29253812  .00000172 +00000-0 +00000-0 0  9994
2 06805 065.5944 275.0011 7303704 278.2036 012.1651 02.00623266006236
1 06805U 73061  A 74189.28334186  .00000087 +00000-0 +00000-0 0  9995
2 06805 065.6040 274.6098 7303628 278.1361 012.1833 02.00621347006295
1 06805U 73061  A 74192.27424095  .00000011 +00000-0 +00000-0 0  9994
2 06805 065.6541 274.2357 7303669 278.1163 012.1883 02.00617451006353
1 06805U 73061  A 74199.25256108  .00000005 +00000-0 +00000-0 0  9990
2 06805 065.6594 273.3135 7301328 277.9113 012.2580 02.00619496006498
1 06805U 73061  A 74202.24332332  .00000005 +00000-0 +00000-0 0  9998
2 06805 065.6593 272.9309 7301328 277.8414 012.2765 02.00619460006551
1 06805U 73061  A 74205.23394056  .00000147 +00000-0 +00000-0 0  9998
2 06805 065.6479 272.5480 7299784 277.7433 012.3129 02.00624143006618
1 06805U 73061  A 74208.22462701  .00000147 +00000-0 +00000-0 0  9993
2 06805 065.6478 272.1656 7299776 277.6738 012.3314 02.00625025006678
1 06805U 73061  A 74211.21534443  .00000046 +00000-0 +00000-0 0  9997
2 06805 065.5820 271.7097 7299912 277.5945 012.3516 02.00622662006738
1 06805U 73061  A 74218.19370123  .00000052 +00000-0 +00000-0 0  9991
2 06805 065.5796 270.8508 7287706 277.4393 012.4759 02.00622914006876
1 06805U 73061  A 74222.18124289  .00000073 +00000-0 +00000-0 0  9998
2 06805 065.6374 270.3580 7286323 277.3397 012.5122 02.00624766006952
1 06805U 73061  A 74225.17192264  .00000068 +00000-0 +00000-0 0  9992
2 06805 065.5715 269.9239 7286984 277.2458 012.5330 02.00624697007017
1 06805U 73061  A 74228.16262289  .00000042 +00000-0 +00000-0 0  9991
2 06805 065.6152 269.5690 7287675 277.1078 012.5657 02.00624388007070
1 06805U 73061  A 74230.65481422  .00000095 +00000-0 +00000-0 0  9998
2 06805 065.6351 269.2800 7278163 277.1288 012.6251 02.00626304007123
1 06805U 73061  A 74234.14391133  .00000096 +00000-0 +00000-0 0  9996
2 06805 065.6312 268.8216 7277057 277.0137 012.6641 02.00626776007192
1 06805U 73061  A 74244.11283968  .00000040 +00000-0 +00000-0 0  9999
2 06805 065.6446 267.5597 7276034 276.7333 012.7479 02.00626163007398
1 06805U 73061  A 74247.10364051  .00000011 +00000-0 +00000-0 0  9992
2 06805 065.6445 267.1828 7276031 276.6649 012.7668 02.00624249007456
1 06805U 73061  A 74249.59570833  .00000041 +00000-0 +00000-0 0  9997
2 06805 065.6372 266.8490 7276000 276.5991 012.7851 02.00626651007500
1 06805U 73061  A 74252.08801409  .00000044 +00000-0 +00000-0 0  9994
2 06805 065.6371 266.5350 7275997 276.5423 012.8008 02.00626034007550
1 06805U 73061  A 74255.57697913  .00000126 +00000-0 +00000-0 0  9995
2 06805 065.6370 266.0952 7275994 276.4628 012.8228 02.00629562007626
1 06805U 73061  A 74260.06312272  .00000003 +00000-0 +00000-0 0  9991
2 06805 065.6439 265.5148 7275567 276.3390 012.8601 02.00625351007711
1 06805U 73061  A 74262.55527161  .00000030 +00000-0 +00000-0 0  9992
2 06805 065.6096 265.1474 7273725 276.3038 012.8827 02.00626697007760
1 06805U 73061  A 74265.54594183  .00000055 +00000-0 +00000-0 0  9999
2 06805 065.5875 264.7292 7270377 276.2770 012.9135 02.00627335007829
1 06805U 73061  A 74266.54280995  .00000129 +00000-0 +00000-0 0  9995
2 06805 065.6056 264.5973 7270417 276.2805 012.9123 02.00629621007848
1 06805U 73061  A 74269.03509616  .00000004 +00000-0 +00000-0 0  9998
2 06805 065.5751 264.2422 7267924 276.1763 012.9587 02.00625770007896
1 06805U 73061  A 74271.52729273  .00000047 +00000-0 +00000-0 0  9995
2 06805 065.6102 263.9121 7266748 276.1230 012.9819 02.00627540007942
1 06805U 73061  A 74279.50237272  .00000033 +00000-0 +00000-0 0  9999
2 06805 065.6100 262.9117 7266739 275.9444 013.0321 02.00627409008101
1 06805U 73061  A 74282.49307727  .00000032 +00000-0 +00000-0 0  9993
2 06805 065.5999 262.4732 7262747 275.8516 013.0863 02.00626818008168
1 06805U 73061  A 74285.48371692  .00000050 +00000-0 +00000-0 0  9997
2 06805 065.6025 262.0882 7262548 275.7900 013.1051 02.00627477008225
1 06805U 73061  A 74287.97592496  .00000045 +00000-0 +00000-0 0  9994
2 06805 065.5937 261.7605 7261736 275.7403 013.1249 02.00627613008277
1 06805U 73061  A 74290.46815680  .00000009 +00000-0 +00000-0 0  9995
2 06805 065.5804 261.4438 7261069 275.6817 013.1462 02.00626858008321
1 06805U 73061  A 74293.45881124  .00000006 +00000-0 +00000-0 0  9990
2 06805 065.5610 261.0630 7260618 275.6294 013.1643 02.00626843008385
1 06805U 73061  A 74295.95109319  .00000035 +00000-0 +00000-0 0  9998
2 06805 065.5696 260.7426 7259236 275.5565 013.1948 02.00625401008435
1 06805U 73061  A 74299.44021604  .00000027 +00000-0 +00000-0 0  9997
2 06805 065.5516 260.2870 7257784 275.4881 013.2246 02.00625417008507
1 06805U 73061  A 74300.93555402  .00000122 +00000-0 +00000-0 0  9998
2 06805 065.6127 260.0368 7251808 275.4316 013.2832 02.00628008008533
1 06805U 73061  A 74301.93243070  .00000172 +00000-0 +00000-0 0  9999
2 06805 065.6142 259.9054 7251004 275.4160 013.2934 02.00628869008554
1 06805U 73061  A 74304.92308951  .00000016 +00000-0 +00000-0 0  9998
2 06805 065.6142 259.5339 7250994 275.3495 013.3126 02.00627294008615
1 06805U 73061  A 74307.91382311  .00000043 +00000-0 +00000-0 0  9992
2 06805 065.6324 259.1451 7249722 275.2774 013.3424 02.00625283008677
1 06805U 73061  A 74316.88579986  .00000043 +00000-0 +00000-0 3  9997
2 06805 065.5887 258.0144 7246784 275.1025 013.4139 02.00625261008850
1 06805U 73061  A 74321.37194630  .00000005 +00000-0 +00000-0 3  9994
2 06805 065.6300 257.3332 7232321 274.9630 013.5581 02.00626277008943
1 06805U 73061  A 74349.78344151  .00000011 +00000-0 +00000-0 3  9991
2 06805 065.6469 253.7483 7210977 274.2317 013.9302 02.00624118009515
1 06805U 73061  A 74359.75253296  .00000016 +00000-0 +00000-0 3  9993
2 06805 065.6498 252.5155 7205108 274.0098 014.0403 02.00622593009715
1 06805U 73061  A 75021.66894531  .00000033 +00000-0 +00000-0 3  9992
2 06805 065.6549 249.2459 7191134 273.2841 014.3667 02.00620718010255
1 06805U 73061  A 75031.13956308  .00000036 +00000-0 +00000-0 3  9999
2 06805 065.6432 248.0638 7186890 273.0673 014.4662 02.00619757010444
1 06805U 73061  A 75045.09655666  .00000038 +00000-0 +00000-0 3  9994
2 06805 065.6350 246.3605 7182738 272.6673 014.6232 02.00616432010723
1 06805U 73061  A 75050.08115529 -.00000038 +00000-0 +00000-0 3  9999
2 06805 065.6559 245.7390 7180107 272.5837 014.6696 02.00616832010826
1 06805U 73061  A 75052.07496976 -.00000039 +00000-0 +00000-0 3  9999
2 06805 065.6690 245.4949 7179828 272.5655 014.6775 02.00617190010865
1 06805U 73061  A 75062.54261493  .00000042 +00000-0 +00000-0 3  9999
2 06805 065.6745 244.2122 7178718 272.2382 014.7901 02.00616593011079
1 06805U 73061  A 75075.50276851 -.00000038 +00000-0 +00000-0 3  9999
2 06805 065.6461 242.5832 7176210 271.9311 014.9083 02.00614312011335
1 06805U 73061  A 75088.96143007  .00000037 +00000-0 +00000-0 3  9997
2 06805 065.6434 240.9217 7167427 271.6440 015.0694 02.00614147011600
1 06805U 73061  A 75100.42629385  .00000034 +00000-0 +00000-0 3  9998
2 06805 065.6780 239.5048 7162742 271.3459 015.2037 02.00613141011833
1 06805U 73061  A 75102.91868395  .00000033 +00000-0 +00000-0 3  9999
2 06805 065.6784 239.1962 7160845 271.2951 015.2350 02.00613025011880
1 06805U 73061  A 75116.87600990  .00000030 +00000-0 +00000-0 3  9991
2 06805 065.6833 237.5133 7151473 270.9308 015.4294 02.00612117012168
1 06805U 73061  A 75120.86379906  .00000030 +00000-0 +00000-0 3  9995
2 06805 065.6779 237.0447 7149188 270.8205 015.4844 02.00612163012246
1 06805U 73061  A 75127.84249114  .00000029 +00000-0 +00000-0 3  9995
2 06805 065.6538 236.2198 7146824 270.6389 015.5641 02.00611414012387
1 06805U 73061  A 75138.80896469  .00000028 +00000-0 +00000-0 3  9993
2 06805 065.6569 234.9334 7140867 270.3451 015.7114 02.00611472012602
1 06805U 73061  A 75141.79982803  .00000027 +00000-0 +00000-0 3  9992
2 06805 065.6531 234.5646 7138811 270.2693 015.7536 02.00611455012661
1 06805U 73061  A 75146.78461500  .00000027 +00000-0 +00000-0 3  9992
2 06805 065.6524 233.9844 7135084 270.1307 015.8309 02.00611418012765
1 06805U 73061  A 75166.22518253  .00000026 +00000-0 +00000-0 3  9990
2 06805 065.6519 231.7192 7129001 269.5848 016.0692 02.00610815013157
1 06805U 73061  A 75169.71449612  .00000026 +00000-0 +00000-0 3  9999
2 06805 065.6589 231.3022 7127343 269.4877 016.1165 02.00611067013224
1 06805U 73061  A 75175.69622275  .00000026 +00000-0 +00000-0 3  9991
2 06805 065.6637 230.6150 7125027 269.3260 016.1921 02.00610923013347
1 06805U 73061  A 75180.68098445  .00000025 +00000-0 +00000-0 3  9991
2 06805 065.6521 230.0221 7124214 269.1995 016.2434 02.00610611013447
1 06805U 73061  A 75183.17338131  .00000024 +00000-0 +00000-0 3  9996
2 06805 065.6419 229.7283 7123128 269.1384 016.2739 02.00610413013494
1 06805U 73061  A 75197.13075924  .00000023 +00000-0 +00000-0 3  9994
2 06805 065.6268 228.0945 7118564 268.7790 016.4394 02.00609823013770
1 06805U 73061  A 75204.60779900  .00000025 +00000-0 +00000-0 0  9999
2 06805 065.6788 227.2489 7118480 268.5211 016.5326 02.00612310013922
1 06805U 73061  A 75215.07597825  .00000025 +00000-0 +00000-0 0  9996
2 06805 065.7035 226.0943 7119010 268.2568 016.6238 02.00612423014134
1 06805U 73061  A 75218.56533188  .00000025 +00000-0 +00000-0 0  9995
2 06805 065.7034 225.6950 7119011 268.1823 016.6508 02.00612246014201
1 06805U 73061  A 75220.06079909 -.00000025 +00000-0 +00000-0 0  9990
2 06805 065.6654 225.4961 7118282 268.1568 016.6662 02.00611823014237
1 06805U 73061  A 75224.04864453  .00000025 +00000-0 +00000-0 0  9997
2 06805 065.6653 225.0393 7118283 268.0730 016.6966 02.00611620014313
1 06805U 73061  A 75228.53497503  .00000025 +00000-0 +00000-0 0  9993
2 06805 065.6652 224.5254 7118285 267.9788 016.7310 02.00611392014405
1 06805U 73061  A 75250.46810100  .00000025 +00000-0 +00000-0 0  9992
2 06805 065.6130 221.8815 7110308 267.5373 016.9605 02.00611621014845
1 06805U 73061  A 75274.89395521  .00000074 +00000-0 +00000-0 0  9994
2 06805 065.5943 219.0467 7100058 266.9303 017.2748 02.00609116015338
1 06805U 73061  A 75280.87575052  .00000074 +00000-0 +00000-0 0  9998
2 06805 065.5934 218.3394 7098650 266.7818 017.3431 02.00609071015455
1 06805U 73061  A 75299.31966448  .00000074 +00000-0 +00000-0 0  9990
2 06805 065.5940 216.2201 7093339 266.2882 017.5777 02.00608807015823
1 06805U 73061  A 75302.80908819  .00000074 +00000-0 +00000-0 0  9997
2 06805 065.5856 215.8259 7091927 266.1972 017.6251 02.00608483015892
1 06805U 73061  A 75313.27738042  .00000008 +00000-0 +00000-0 3  9999
2 06805 065.5668 214.5921 7081664 265.7869 017.8745 02.00607036016100
1 06805U 73061  A 75316.76677847  .00000009 +00000-0 +00000-0 3  9992
2 06805 065.5664 214.1870 7080812 265.7084 017.9126 02.00607119016171
1 06805U 73061  A 75329.22896143  .00000013 +00000-0 +00000-0 3  9994
2 06805 065.5781 212.7672 7078446 265.3609 018.0707 02.00606929016427
1 06805U 73061  A 75342.18958474  .00000015 +00000-0 +00000-0 3  9992
2 06805 065.5761 211.3157 7076102 265.0294 018.2240 02.00606998016680
1 06805U 73061  A 75343.18655490  .00000015 +00000-0 +00000-0 3  9995
2 06805 065.5762 211.1991 7075934 265.0059 018.2351 02.00607022016701
1 06805U 73061  A 75347.17446519  .00000016 +00000-0 +00000-0 3  9999
2 06805 065.5756 210.7517 7073879 264.8754 018.3056 02.00607220016789
1 06805U 73061  A 75352.15929365  .00000016 +00000-0 +00000-0 3  9998
2 06805 065.5691 210.1996 7073788 264.7573 018.3544 02.00607548016885
1 06805U 73061  A 75363.12589742  .00000018 +00000-0 +00000-0 3  9990
2 06805 065.5570 208.9475 7072288 264.4772 018.4814 02.00607842017104
1 06805U 73061  A 76006.10156965  .00000018 +00000-0 +00000-0 3  9990
2 06805 065.5572 208.0413 7071693 264.2659 018.5731 02.00608238017266
1 06805U 73061  A 76013.57880210  .00000018 +00000-0 +00000-0 3  9996
2 06805 065.5533 207.2078 7069796 264.0537 018.6776 02.00608793017418
1 06805U 73061  A 76020.05899572  .00000018 +00000-0 +00000-0 3  9998
2 06805 065.5371 206.4637 7069774 263.9069 018.7387 02.00609079017545
1 06805U 73061  A 76022.05291986  .00000018 +00000-0 +00000-0 3  9995
2 06805 065.5448 206.2364 7068962 263.8470 018.7709 02.00609160017581
1 06805U 73061  A 76039.99812221  .00000016 +00000-0 +00000-0 3  9995
2 06805 065.5724 204.1957 7066239 263.3617 018.9985 02.00610120017942
1 06805U 73061  A 76047.97370386  .00000015 +00000-0 +00000-0 3  9992
2 06805 065.5682 203.2898 7066256 263.1751 019.0772 02.00610444018109
1 06805U 73061  A 76049.96760988  .00000014 +00000-0 +00000-0 3  9993
2 06805 065.5782 203.0712 7065679 263.1189 019.1062 02.00610531018140
1 06805U 73061  A 76053.45693254  .00000013 +00000-0 +00000-0 3  9992
2 06805 065.5658 202.6907 7065290 263.0154 019.1536 02.00610780018213
1 06805U 73061  A 76055.94930028  .00000012 +00000-0 +00000-0 3  9990
2 06805 065.5652 202.4079 7065248 262.9489 019.1823 02.00610856018265
1 06805U 73061  A 76062.92795371  .00000012 +00000-0 +00000-0 3  9996
2 06805 065.5603 201.6044 7064249 262.7720 019.2673 02.00611067018405
1 06805U 73061  A 76070.90352869  .00000010 +00000-0 +00000-0 3  9992
2 06805 065.5729 200.7035 7063935 262.5556 019.3632 02.00611503018568
1 06805U 73061  A 76074.89131164  .00000009 +00000-0 +00000-0 3  9995
2 06805 065.5819 200.2458 7063160 262.4383 019.4211 02.00611695018644
1 06805U 73061  A 76077.88217496  .00000009 +00000-0 +00000-0 3  9990
2 06805 065.5804 199.9082 7062117 262.3449 019.4711 02.00611665018707
1 06805U 73061  A 76083.36534929  .00000006 +00000-0 +00000-0 3  9990
2 06805 065.5826 199.2942 7062347 262.1914 019.5358 02.00611901018812
1 06805U 73061  A 76092.83629178  .00000002 +00000-0 +00000-0 3  9999
2 06805 065.5784 198.2437 7061925 261.9347 019.6516 02.00612523019001
1 06805U 73061  A 76095.82709979  .00000001 +00000-0 +00000-0 3  9998
2 06805 065.5872 197.9061 7062156 261.8581 019.6830 02.00612694019068
1 06805U 73061  A 76116.76265049 -.00000010 +00000-0 +00000-0 3  9991
2 06805 065.5877 195.5544 7063181 261.2664 019.9353 02.00614071019488
1 06805U 73061  A 76120.25187921 -.00000012 +00000-0 +00000-0 3  9994
2 06805 065.5955 195.1683 7062798 261.1781 019.9784 02.00614905019559
1 06805U 73061  A 76126.23343081 -.00000016 +00000-0 +00000-0 3  9993
2 06805 065.5844 194.4904 7064107 261.0103 020.0412 02.00614759019678
1 06805U 73061  A 76129.72267292 -.00000018 +00000-0 +00000-0 3  9991
2 06805 065.5820 194.0910 7064179 260.9195 020.0811 02.00614778019745
1 06805U 73061  A 76141.68578811 -.00000025 +00000-0 +00000-0 3  9990
2 06805 065.5865 192.7452 7064706 260.5986 020.2211 02.00614870019985
1 06805U 73061  A 76145.17504832 -.00000027 +00000-0 +00000-0 3  9992
2 06805 065.5845 192.3518 7065105 260.5061 020.2596 02.00614685020050
1 06805U 73061  A 76148.16584682 -.00000028 +00000-0 +00000-0 3  9996
2 06805 065.5879 192.0145 7065416 260.4254 020.2933 02.00614559020110
1 06805U 73061  A 76152.65203185 -.00000030 +00000-0 +00000-0 3  9994
2 06805 065.5789 191.5010 7065955 260.3149 020.3384 02.00614315020206
1 06805U 73061  A 76156.14128729 -.00000032 +00000-0 +00000-0 3  9994
2 06805 065.5737 191.1032 7065935 260.2282 020.3785 02.00614137020278
1 06805U 73061  A 76159.13208818 -.00000034 +00000-0 +00000-0 3  9996
2 06805 065.5681 190.7721 7065856 260.1433 020.4181 02.00613991020330
1 06805U 73061  A 76162.62134595 -.00000035 +00000-0 +00000-0 3  9995
2 06805 065.5691 190.3731 7066431 260.0438 020.4583 02.00613783020405
1 06805U 73061  A 76165.61213490 -.00000037 +00000-0 +00000-0 3  9991
2 06805 065.5690 190.0295 7066694 259.9741 020.4880 02.00613632020460
1 06805U 73061  A 76171.09530494 -.00000039 +00000-0 +00000-0 3  9998
2 06805 065.5597 189.4115 7066669 259.8336 020.5530 02.00613062020572
1 06805U 73061  A 76179.07080694 -.00000042 +00000-0 +00000-0 3  9990
2 06805 065.5449 188.5159 7067860 259.6399 020.6317 02.00612546020735
1 06805U 73061  A 76189.53867431 -.00000046 +00000-0 +00000-0 3  9998
2 06805 065.5379 187.3285 7068464 259.3519 020.7600 02.00611820020949
1 06805U 73061  A 76196.51726720 -.00000048 +00000-0 +00000-0 3  9991
2 06805 065.5427 186.5472 7068818 259.2006 020.8278 02.00611298021082
1 06805U 73061  A 76211.47155732 -.00000050 +00000-0 +00000-0 3  9996
2 06805 065.5172 184.8613 7070340 258.7940 021.0057 02.00609752021384
1 06805U 73061  A 76217.45326957 -.00000050 +00000-0 +00000-0 3  9999
2 06805 065.5258 184.1741 7072275 258.6396 021.0597 02.00609164021507
1 06805U 73061  A 76222.43808626 -.00000050 +00000-0 +00000-0 3  9991
2 06805 065.5256 183.6127 7071305 258.4885 021.1421 02.00608664021603
1 06805U 73061  A 76224.43201257 -.00000050 +00000-0 +00000-0 3  9990
2 06805 065.5255 183.3927 7071438 258.4304 021.1684 02.00608482021643
1 06805U 73061  A 76228.91833423 -.00000051 +00000-0 +00000-0 3  9994
2 06805 065.5191 182.9002 7073323 258.3153 021.2053 02.00608110021736
1 06805U 73061  A 76230.41378488 -.00000051 +00000-0 +00000-0 3  9997
2 06805 065.5209 182.7357 7073661 258.2736 021.2219 02.00607958021764
1 06805U 73061  A 76235.39861030 -.00000050 +00000-0 +00000-0 3  9998
2 06805 065.5316 182.1740 7074499 258.1508 021.2727 02.00607453021864
1 06805U 73061  A 76238.88803283 -.00000050 +00000-0 +00000-0 3  9991
2 06805 065.5317 181.7929 7073980 258.0238 021.3398 02.00607014021938
1 06805U 73061  A 76243.37436952 -.00000050 +00000-0 +00000-0 3  9996
2 06805 065.5288 181.2933 7076373 257.9057 021.3730 02.00606624022028
1 06805U 73061  A 76253.34407208 -.00000048 +00000-0 +00000-0 3  9993
2 06805 065.5363 180.1628 7079552 257.6545 021.4639 02.00605647022227
1 06805U 73061  A 76260.32294095 -.00000044 +00000-0 +00000-0 3  9993
2 06805 065.5404 179.3648 7081850 257.4656 021.5331 02.00604874022366
1 06805U 73061  A 76264.31086740 -.00000042 +00000-0 +00000-0 3  9990
2 06805 065.5465 178.9081 7082760 257.3613 021.5751 02.00604430022445
1 06805U 73061  A 76272.28673766 -.00000038 +00000-0 +00000-0 3  9990
2 06805 065.5423 177.9976 7086292 257.1376 021.6501 02.00603587022603
1 06805U 73061  A 76274.28070426 -.00000037 +00000-0 +00000-0 3  9995
2 06805 065.5386 177.7671 7086785 257.0907 021.6682 02.00603381022643
1 06805U 73061  A 76278.26866162 -.00000035 +00000-0 +00000-0 3  9995
2 06805 065.5338 177.3185 7087725 256.9847 021.7113 02.00602992022728
1 06805U 73061  A 76281.25964187 -.00000033 +00000-0 +00000-0 3  9992
2 06805 065.5356 176.9795 7089013 256.9003 021.7400 02.00602747022789
1 06805U 73061  A 76287.24160806 -.00000028 +00000-0 +00000-0 3  9997
2 06805 065.5278 176.2911 7091356 256.7502 021.7912 02.00602161022902
1 06805U 73061  A 76298.20855561 -.00000020 +00000-0 +00000-0 3  9996
2 06805 065.5301 175.0310 7095678 256.4543 021.8952 02.00601312023129
1 06805U 73061  A 76302.19652735 -.00000017 +00000-0 +00000-0 3  9994
2 06805 065.5268 174.5686 7096539 256.3538 021.9370 02.00601161023207
1 06805U 73061  A 76305.18751680 -.00000015 +00000-0 +00000-0 3  9993
2 06805 065.5251 174.2263 7097256 256.2721 021.9709 02.00601109023261
1 06805U 73061  A 76316.15451092 -.00000005 +00000-0 +00000-0 3  9995
2 06805 065.5272 172.9441 7100609 255.9932 022.0781 02.00600921023481
1 06805U 73061  A 76317.15151295 -.00000004 +00000-0 +00000-0 3  9997
2 06805 065.5288 172.8298 7100711 255.9677 022.0898 02.00600884023507
1 06805U 73061  A 76322.13650162 -.00000000 +00000-0 +00000-0 3  9994
2 06805 065.5224 172.2581 7102272 255.8387 022.1394 02.00600855023608
1 06805U 73061  A 76333.60193516  .00000008 +00000-0 +00000-0 3  9990
2 06805 065.5083 170.9296 7105260 255.5425 022.2608 02.00601146023837
1 06805U 73061  A 76340.08241120  .00000013 +00000-0 +00000-0 3  9991
2 06805 065.4907 170.1809 7107356 255.3815 022.3218 02.00601481023966
1 06805U 73061  A 76344.56889608  .00000017 +00000-0 +00000-0 3  9991
2 06805 065.4907 169.6615 7107360 255.2622 022.3835 02.00601716024051
1 06805U 73061  A 76348.05837742  .00000019 +00000-0 +00000-0 3  9993
2 06805 065.4875 169.2712 7108200 255.1670 022.4241 02.00601856024120
1 06805U 73061  A 76351.54784211  .00000021 +00000-0 +00000-0 3  9996
2 06805 065.4922 168.8650 7110050 255.0716 022.4545 02.00602044024199
1 06805U 73061  A 77008.97692456  .00000263 +00000-0 -48866-2 0  9992
2 06805 065.5315 166.2254 7121188 254.4534 022.6696 02.00604522024667
1 06805U 73061  A 77019.94369357  .00000211 +00000-0 -17794-2 0  9991
2 06805 065.5286 164.9532 7126366 254.1743 022.8207 02.00606039024889
1 06805U 73061  A 77030.91035352  .00000216 +00000-0 -82513-2 0  9992
2 06805 065.5205 163.6783 7131359 253.8883 022.8687 02.00606589025101
1 06805U 73061  A 77041.37857140  .00000264 +00000-0 +76543-2 0  9999
2 06805 065.5141 162.4502 7136095 253.6253 023.0586 02.00609869025315
1 06805U 73061  A 77051.84644024  .00000178 +00000-0 -35970-2 0  9991
2 06805 065.5240 161.2198 7141160 253.3553 023.0047 02.00610117025525
1 06805U 73061  A 77062.81302210  .00000196 +00000-0 -66689-4 0  9991
2 06805 065.5157 159.9288 7146649 253.0755 023.1914 02.00612075025747
1 06805U 73061  A 77073.77931823  .00000160 +00000-0 +39094-2 0  9994
2 06805 065.5143 158.6330 7152349 252.7998 023.2751 02.00614687025960
1 06805U 73061  A 77084.74546239  .00000170 +00000-0 -19455-2 0  9997
2 06805 065.5192 157.3330 7157175 252.5039 023.2683 02.00616038026187
1 06805U 73061  A 77092.72090289  .00000261 +00000-0 +13846-1 0  9990
2 06805 065.5051 156.3697 7160337 252.2965 023.3894 02.00618966026340
1 06805U 73061  A 77099.69919904  .00000161 +00000-0 +70939-3 0  9994
2 06805 065.5145 155.5510 7164835 252.1237 023.3664 02.00618824026480
1 06805U 73061  A 77110.66523469  .00000171 +00000-0 -43603-2 0  9991
2 06805 065.5144 154.2387 7170152 251.8329 023.4260 02.00619461026700
1 06805U 73061  A 77121.63127913  .00000241 +00000-0 +22127-2 0  9999
2 06805 065.5045 152.9234 7176120 251.5601 023.5927 02.00621655026920
1 06805U 73061  A 77132.59704474  .00000193 +00000-0 -61515-3 0  9991
2 06805 065.5002 151.6013 7182551 251.2927 023.6240 02.00622473027140
1 06805U 73061  A 77143.56289673  .00000194 +00000-0 -35136-2 0  9999
2 06805 065.4867 150.2762 7188354 251.0066 023.7305 02.00622808027362
1 06805U 73061  A 77154.52872977  .00000182 +00000-0 +00000-0 0  9998
2 06805 065.4693 148.9412 7194192 250.7213 023.8988 02.00624414027589
1 06805U 73061  A 77165.49443008  .00000190 +00000-0 +00000-0 0  9994
2 06805 065.4718 147.6003 7200537 250.4434 023.9340 02.00624427027804
1 06805U 73061  A 77176.46024454  .00000203 +00000-0 +00000-0 0  9998
2 06805 065.4891 146.2530 7207435 250.1868 024.0839 02.00624918028023
1 06805U 73061  A 77187.42594607  .00000135 +00000-0 +00000-0 0  9992
2 06805 065.4731 144.9015 7214371 249.9298 024.1622 02.00624724028249
1 06805U 73061  A 77201.38239313  .00000122 +00000-0 +00000-0 0  9990
2 06805 065.4458 143.1754 7222805 249.5850 024.2573 02.00624166028524
1 06805U 73061  A 77212.34823916  .00000042 +00000-0 +00000-0 0  9997
2 06805 065.4379 141.8160 7229195 249.3254 024.3636 02.00623488028748
1 06805U 73061  A 77222.31724478  .00000028 +00000-0 +00000-0 0  9992
2 06805 065.4277 140.5724 7235097 249.0732 024.4016 02.00622098028944
1 06805U 73061  A 77233.28326229  .00000038 +00000-0 +00000-0 0  9993
2 06805 065.4259 139.1934 7241636 248.8143 024.4867 02.00621332029169
1 06805U 73061  A 77243.25235239  .00000011 +00000-0 +00000-0 0  9992
2 06805 065.4249 137.9348 7247278 248.5708 024.5028 02.00619999029363
1 06805U 73061  A 77254.21849848  .00000020 +00000-0 +00000-0 0  9997
2 06805 065.4167 136.5487 7254248 248.3061 024.5714 02.00618549029582
1 06805U 73061  A 77266.18160235  .00000002 +00000-0 +00000-0 0  9992
2 06805 065.4038 135.0238 7262030 248.0414 024.6451 02.00617575029828
1 06805U 73061  A 77275.15396624  .00000032 +00000-0 +00000-0 0  9995
2 06805 065.4001 133.8799 7267995 247.8263 024.6327 02.00615965030005
1 06805U 73061  A 77286.12032263  .00000116 +00000-0 +00000-0 0  9993
2 06805 065.3929 132.4752 7274579 247.5584 024.7406 02.00615755030226
1 06805U 73061  A 77297.08658643  .00000116 +00000-0 +00000-0 0  9996
2 06805 065.3997 131.0588 7281520 247.2909 024.7768 02.00614774030440
1 06805U 73061  A 77308.05299711  .00000143 +00000-0 +00000-0 0  9993
2 06805 065.4046 129.6361 7289393 247.0434 024.9019 02.00614181030662
1 06805U 73061  A 77319.01936662  .00000136 +00000-0 +00000-0 0  9996
2 06805 065.3960 128.2080 7296685 246.7912 025.0356 02.00614634030881
1 06805U 73061  A 77328.98874194  .00000148 +00000-0 +00000-0 0  9996
2 06805 065.3872 126.9032 7303761 246.5593 025.0343 02.00613701031085
1 06805U 73061  A 77339.95522660  .00000203 +00000-0 +00000-0 0  9995
2 06805 065.3884 125.4568 7310530 246.2911 025.2062 02.00614466031303
1 06805U 73061  A 77350.92155495  .00000148 +00000-0 +00000-0 0  9991
2 06805 065.3959 124.0043 7316881 246.0093 025.2240 02.00614638031526
1 06805U 73061  A 77361.88798468  .00000107 +00000-0 +00000-0 0  9996
2 06805 065.3833 122.5498 7324397 245.7575 025.4288 02.00614839031747
1 06805U 73061  A 78007.85435745  .00000061 +00000-0 +00000-0 0  9996
2 06805 065.3606 121.0844 7332573 245.5473 025.5636 02.00616102031961
1 06805U 73061  A 78017.82362255  .00000031 +00000-0 +00000-0 0  9996
2 06805 065.3544 119.7480 7338046 245.2866 025.4025 02.00616131032162
1 06805U 73061  A 78028.79003223  .00000072 +00000-0 +00000-0 0  9996
2 06805 065.3413 118.2681 7344675 245.0292 025.6189 02.00618041032389
1 06805U 73061  A 78039.75614688  .00000027 +00000-0 +00000-0 0  9997
2 06805 065.3238 116.7857 7351104 244.7731 025.6813 02.00619730032606
1 06805U 73061  A 78050.72221775  .00000010 +00000-0 +00000-0 0  9990
2 06805 065.3225 115.2768 7360671 244.5835 025.7717 02.00621629032827
1 06805U 73061  A 78072.65385808  .00000039 +00000-0 +00000-0 0  9995
2 06805 065.3172 112.2549 7374391 244.0881 025.8664 02.00625801033269
1 06805U 73061  A 78082.62275153  .00000139 +00000-0 +00000-0 0  9995
2 06805 065.3065 110.8685 7380415 243.8481 026.0469 02.00628901033464
1 06805U 73061  A 78093.58819581  .00000135 +00000-0 +00000-0 0  9997
2 06805 065.3058 109.3382 7386905 243.5816 026.0743 02.00631452033686
1 06805U 73061  A 78105.55044294  .00000137 +00000-0 +00000-0 0  9991
2 06805 065.2876 107.6596 7395728 243.3569 026.1553 02.00634027033925
1 06805U 73061  A 78128.47744889  .00000090 +00000-0 +00000-0 0  9992
2 06805 065.2594 104.4211 7410672 242.8618 026.2170 02.00638890034385
1 06805U 73061  A 78139.94090017  .00000140 +00000-0 +00000-0 0  9999
2 06805 065.2475 102.7866 7417052 242.6042 026.3637 02.00641727034616
1 06805U 73061  A 78150.40729955  .00000073 +00000-0 +00000-0 0  9998
2 06805 065.2421 101.2866 7423397 242.3764 026.3153 02.00641894034829
1 06805U 73061  A 78161.37226626  .00000015 +00000-0 +00000-0 0  9999
2 06805 065.2287 099.7087 7429896 242.1529 026.4020 02.00642228035043
1 06805U 73061  A 78173.33399495 -.00000056 +00000-0 +00000-0 0  9999
2 06805 065.2256 097.9773 7436365 241.9047 026.4890 02.00642657035289
1 06805U 73061  A 78179.81329980 -.00000100 +00000-0 +00000-0 0  9990
2 06805 065.2008 097.0410 7440382 241.7712 026.5051 02.00641441035419
1 06805U 73061  A 78192.27360725 -.00000086 +00000-0 +00000-0 0  9990
2 06805 065.1944 095.2178 7446945 241.5117 026.6960 02.00641799035669
1 06805U 73061  A 78203.23855730 -.00000138 +00000-0 +00000-0 0  9992
2 06805 065.1661 093.6128 7452248 241.2588 026.7654 02.00641325035884
1 06805U 73061  A 78213.20679291 -.00000201 +00000-0 +00000-0 0  9997
2 06805 065.1551 092.1409 7457265 241.0566 026.9480 02.00642140036084
1 06805U 73061  A 78217.19403244 -.00000146 +00000-0 +00000-0 0  9990
2 06805 065.1639 091.5465 7459381 240.9638 027.0314 02.00643229036161
1 06805U 73061  A 78222.17800950 -.00000144 +00000-0 +00000-0 0  9997
2 06805 065.1648 090.8111 7462223 240.8475 027.0790 02.00644177036260
1 06805U 73061  A 78226.16514938 -.00000180 +00000-0 +00000-0 0  9998
2 06805 065.1601 090.2224 7464292 240.7601 027.1081 02.00645160036342
1 06805U 73061  A 78230.15230961 -.00000146 +00000-0 +00000-0 0  9995
2 06805 065.1568 089.6326 7466379 240.6895 027.1478 02.00645621036422
1 06805U 73061  A 78232.14585988 -.00000152 +00000-0 +00000-0 0  9995
2 06805 065.1478 089.3352 7467478 240.6471 027.1740 02.00646224036465
1 06805U 73061  A 78237.12971646 -.00000217 +00000-0 +00000-0 0  9990
2 06805 065.1169 088.6112 7469972 240.5405 027.1798 02.00646860036565
1 06805U 73061  A 78243.11047302 -.00000136 +00000-0 +00000-0 0  9999
2 06805 065.1262 087.7047 7472986 240.4220 027.3245 02.00647984036689
1 06805U 73061  A 78247.09752288 -.00000105 +00000-0 +00000-0 0  9992
2 06805 065.1143 087.0924 7481763 240.4993 027.5397 02.00654723036762
1 06805U 73061  A 78254.07454190 -.00000141 +00000-0 +00000-0 0  9999
2 06805 065.1368 086.0540 7483747 240.3033 027.4525 02.00653886036909
1 06805U 73061  A 78261.05121440 -.00000145 +00000-0 +00000-0 0  9998
2 06805 065.1374 084.9953 7484630 240.0867 027.2086 02.00656829037041
1 06805U 73061  A 78264.04160125 -.00000184 +00000-0 +00000-0 0  9996
2 06805 065.0979 084.5528 7485718 240.0193 027.3709 02.00656833037100
1 06805U 73061  A 78266.03506564 -.00000179 +00000-0 +00000-0 0  9992
2 06805 065.1153 084.2471 7487034 239.9399 027.4982 02.00660906037141
1 06805U 73061  A 78269.02510872 -.00000130 +00000-0 +00000-0 0  9998
2 06805 065.0889 083.7955 7487912 239.9053 027.3496 02.00657655037202
1 06805U 73061  A 78271.01870386  .00000287 +00000-0 +27903-3 0  9995
2 06805 065.1413 083.4936 7489285 239.8490 027.7028 02.00668213037242
1 06805U 73061  A 78283.47667535  .00000590 +00000-0 +39153-3 0  9995
2 06805 065.1239 081.5886 7495323 239.6441 027.9784 02.00687983037498
1 06805U 73061  A 78284.97089821  .00000698 +00000-0 +42279-3 0  9999
2 06805 065.1245 081.3576 7496597 239.6114 027.6436 02.00693567037520
1 06805U 73061  A 78290.94990287  .00000811 +00000-0 +42762-3 0  9994
2 06805 065.1040 080.4531 7501135 239.4692 027.6186 02.00707256037644
1 06805U 73061  A 78295.93210970  .00001228 +00000-0 +51908-3 0  9997
2 06805 065.0891 079.6905 7503377 239.3806 027.6449 02.00722613037745
1 06805U 73061  A 78305.89549440  .00001242 +00000-0 +41434-3 0  9990
2 06805 065.0874 078.1590 7508552 239.2021 027.6810 02.00750131037948
1 06805U 73061  A 78309.88037217  .00001339 +00000-0 +40350-3 0  9990
2 06805 065.0822 077.5440 7510341 239.1331 027.6906 02.00764083038027
1 06805U 73061  A 78314.86113357  .00002015 +00000-0 +47744-3 0  9990
2 06805 065.0765 076.7810 7513223 239.0217 028.0450 02.00797449038121
1 06805U 73061  A 78316.85261053  .00002246 +00000-0 +50454-3 0  9996
2 06805 065.0746 076.4745 7514019 238.9881 027.7762 02.00813048038163
1 06805U 73061  A 78318.34633762  .00002447 +00000-0 +53690-3 0  9990
2 06805 065.0760 076.2366 7514234 238.9746 027.7313 02.00825795038192
1 06805U 73061  A 78330.79194238  .00002878 +00000-0 +42583-3 0  9990
2 06805 065.0217 074.3104 7519581 238.7612 027.7756 02.00914175038448
1 06805U 73061  A 78334.77347382  .00006276 +00000-0 +66291-3 0  9990
2 06805 065.0023 073.6930 7521763 238.6656 028.2641 02.00982512038522
1 06805U 73061  A 78338.75278629  .00005661 +00000-0 +49423-3 0  9994
2 06805 065.0055 073.0533 7524073 238.6263 027.8901 02.01032281038604
1 06805U 73061  A 78343.72628366  .00010992 +00000-0 +81372-3 0  9996
2 06805 064.9767 072.2868 7523905 238.5158 029.1713 02.01185145038704
1 06805U 73061  A 79028.15794904 -.00002203 +28299-4 +00000-0 0  9993
2 06805 064.8609 064.3471 7460558 237.4961 029.6732 02.11670170039710
