1 18528U 79035F   87235.77201848  .00000517 +00000-0 +99999-4 0  9992
2 18528 058.3731 173.9766 7273068 069.3768 350.5828 02.04344863000289
1 18528U 79035F   87255.83559203  .00001168 +00000-0 +21605-1 0  9991
2 18528 058.3621 170.6183 7296120 070.6964 350.4084 02.04371676000691
1 18528U 79035F   87263.17475101  .00001181 +00000-0 +21027-1 0  9994
2 18528 058.3604 169.3660 7299643 071.1259 350.3478 02.04378404000842
1 18528U 79035F   87264.15332015  .00001178 +00000-0 +20789-1 0  9999
2 18528 058.3605 169.1994 7300122 071.1901 350.3471 02.04377374000860
1 18528U 79035F   87266.11046542  .00001181 +00000-0 +20629-1 0  9991
2 18528 058.3603 168.8654 7301067 071.3058 350.3460 02.04375262000908
1 18528U 79035F   87267.08904909  .00001177 +00000-0 +20174-1 0  9998
2 18528 058.3633 168.7055 7302123 071.4177 350.3366 02.04374032000923
1 18528U 79035F   87268.06764966  .00001173 +00000-0 +19818-1 0  9993
2 18528 058.3621 168.5407 7302986 071.4428 350.3463 02.04372978000942
1 18528U 79035F   87269.04623448  .00001170 +00000-0 +19474-1 0  9996
2 18528 058.3635 168.3856 7303845 071.4678 350.3421 02.04372149000961
1 18528U 79035F   87270.02482990  .00001168 +00000-0 +19169-1 0  9999
2 18528 058.3617 168.2241 7304776 071.5014 350.3439 02.04371662000987
1 18528U 79035F   87271.00342818  .00001168 +00000-0 +18882-1 0  9993
2 18528 058.3537 168.0536 7305856 071.5323 350.3479 02.04371597001001
1 18528U 79035F   87271.98200622  .00001169 +00000-0 +18670-1 0  9992
2 18528 058.3514 167.8924 7306791 071.5590 350.3383 02.04372025001022
1 18528U 79035F   87272.96058694  .00001172 +00000-0 +18484-1 0  9998
2 18528 058.3489 167.7310 7307775 071.5815 350.3338 02.04373023001045
1 18528U 79035F   87273.93916264  .00001176 +00000-0 +18337-1 0  9993
2 18528 058.3477 167.5672 7308705 071.6066 350.3305 02.04374635001060
1 18528U 79035F   87275.89627998  .00001185 +00000-0 +18304-1 0  9997
2 18528 058.3494 167.2223 7309881 071.7104 350.3187 02.04379749001102
1 18528U 79035F   87276.87482163  .00001191 +00000-0 +18250-1 0  9996
2 18528 058.3505 167.0435 7310706 071.7453 350.3184 02.04383178001123
1 18528U 79035F   87277.85335094  .00001196 +00000-0 +18222-1 0  9999
2 18528 058.3515 166.8700 7311331 071.7946 350.3197 02.04386995001144
1 18528U 79035F   87279.81036359  .00001196 +00000-0 +17883-1 0  9991
2 18528 058.3543 166.5288 7312682 071.8650 350.3275 02.04394960001188
1 18528U 79035F   87280.78884616  .00001194 +00000-0 +17607-1 0  9998
2 18528 058.3555 166.3423 7313541 071.8758 350.3371 02.04398826001209
1 18528U 79035F   87282.74571789  .00001201 +00000-0 +17531-1 0  9995
2 18528 058.3545 165.9969 7314650 071.9696 350.3247 02.04405939001242
1 18528U 79035F   87283.23492953  .00001034 +00000-0 +13390-1 0  9998
2 18528 058.3545 165.9044 7314655 072.2336 350.2755 02.04405195001254
1 18528U 79035F   87283.72413317  .00001029 +00000-0 +13209-1 0  9992
2 18528 058.3539 165.8125 7314993 072.2543 350.2665 02.04406251001266
1 18528U 79035F   87284.70254483  .00000938 +00000-0 +10881-1 0  9999
2 18528 058.3497 165.5837 7315710 072.3486 350.2255 02.04406101001282
1 18528U 79035F   87284.70258083  .00000937 +00000-0 +10839-1 0  9991
2 18528 058.3497 165.5832 7315739 072.3454 350.2518 02.04406075001285
1 18528U 79035F   87292.04100056  .00000514 +00000-0 +59828-3 0  9997
2 18528 058.3373 164.3279 7319898 072.9823 350.1672 02.04392336001437
1 18528U 79035F   87293.01948843  .00000513 +00000-0 +57469-3 0  9997
2 18528 058.3330 164.1481 7320417 073.0516 350.1576 02.04390029001455
1 18528U 79035F   87293.99799473  .00000518 +00000-0 +68812-3 0  9996
2 18528 058.3284 163.9653 7321149 073.1496 350.1536 02.04387929001475
1 18528U 79035F   87295.95502318  .00000547 +00000-0 +13415-2 0  9994
2 18528 058.3036 163.5933 7322162 073.3109 350.1425 02.04384619001511
1 18528U 79035F   87296.93352590  .00000569 +00000-0 +18369-2 0  9995
2 18528 058.2901 163.4077 7322685 073.3814 350.1243 02.04383641001536
1 18528U 79035F   87297.91203684  .00000591 +00000-0 +23162-2 0  9995
2 18528 058.2790 163.2278 7323261 073.4345 350.1108 02.04383124001552
1 18528U 79035F   87298.89054916  .00000608 +00000-0 +26761-2 0  9992
2 18528 058.2735 163.0509 7323905 073.4806 350.0969 02.04383049001575
1 18528U 79035F   87299.86906185  .00000627 +00000-0 +30729-2 0  9994
2 18528 058.2742 162.8726 7324567 073.5208 350.0860 02.04383645001597
1 18528U 79035F   87300.84756948  .00000645 +00000-0 +34347-2 0  9995
2 18528 058.2761 162.6914 7325314 073.5587 350.0750 02.04384873001611
1 18528U 79035F   87301.82607250  .00000662 +00000-0 +37733-2 0  9996
2 18528 058.2769 162.5095 7326152 073.5917 350.0669 02.04386748001630
1 18528U 79035F   87302.80456987  .00000679 +00000-0 +40885-2 0  9994
2 18528 058.2777 162.3237 7327057 073.6239 350.0629 02.04389239001654
1 18528U 79035F   87303.78305817  .00000694 +00000-0 +43568-2 0  9995
2 18528 058.2787 162.1290 7327933 073.6648 350.0614 02.04392224001673
1 18528U 79035F   87304.76153275  .00000708 +00000-0 +46229-2 0  9996
2 18528 058.2805 161.9210 7328509 073.7278 350.0602 02.04395616001690
1 18528U 79035F   87305.73998457  .00000721 +00000-0 +48330-2 0  9993
2 18528 058.2780 161.7395 7329350 073.7656 350.0545 02.04399201001712
1 18528U 79035F   87306.71842873  .00000729 +00000-0 +49683-2 0  9992
2 18528 058.2756 161.5646 7329965 073.8164 350.0522 02.04402723001730
1 18528U 79035F   87306.71869366  .00000729 +00000-0 +49688-2 0  9993
2 18528 058.2756 161.5650 7329960 073.8165 350.0522 02.04402723001731
1 18528U 79035F   87308.67526405  .00000731 +00000-0 +49755-2 0  9992
2 18528 058.2748 161.2226 7330900 073.9353 350.0345 02.04408761001779
1 18528U 79035F   87308.67553154  .00000731 +00000-0 +49755-2 0  9993
2 18528 058.2748 161.2225 7330900 073.9352 350.0345 02.04408761001777
1 18528U 79035F   87315.03469583  .00000752 +00000-0 +50547-2 0  9997
2 18528 058.3344 160.2931 7335572 074.1890 349.9833 02.04414577001909
1 18528U 79035F   87315.03469609  .00000757 +00000-0 +51477-2 0  9994
2 18528 058.3353 160.2953 7335473 074.1661 349.9863 02.04414620001901
1 18528U 79035F   87316.99146078  .00000750 +00000-0 +49724-2 0  9997
2 18528 058.3334 159.9478 7336515 074.2985 349.9664 02.04411816001942
1 18528U 79035F   87316.99146174  .00000747 +00000-0 +49173-2 0  9998
2 18528 058.3336 159.9481 7336510 074.2974 349.9665 02.04411762001942
1 18528U 79035F   87319.92668265  .00000744 +00000-0 +47984-2 0  9999
2 18528 058.3315 159.4310 7337919 074.4593 349.9481 02.04406243002000
1 18528U 79035F   87319.92668666  .00000756 +00000-0 +47984-2 0  9997
2 18528 058.3156 159.3818 7340190 074.5669 349.8898 02.04404237002007
1 18528U 79035F   87319.92695413  .00000755 +00000-0 +47984-2 0  9996
2 18528 058.3156 159.3817 7340190 074.5668 349.8898 02.04404238002006
1 18528U 79035F   87320.90543317  .00000625 +00000-0 +27797-2 0  9997
2 18528 058.3215 159.2292 7338781 074.5750 349.9335 02.04401992002026
1 18528U 79035F   87337.53823216  .00000776 +00000-0 +47318-2 0  9991
2 18528 058.3091 156.2650 7348542 075.6535 349.9788 02.04429960002366
1 18528U 79035F   87339.00528255  .00000744 +00000-0 +41768-2 0  9998
2 18528 058.3076 155.9727 7350689 075.7163 349.6745 02.04430752002397
1 18528U 79035F   87341.94016939  .00000733 +00000-0 +39623-2 0  9990
2 18528 058.3196 155.4462 7352223 075.8833 349.6362 02.04429040002452
1 18528U 79035F   87342.91847637  .00000650 +00000-0 +28723-2 0  9992
2 18528 058.3135 155.2554 7352781 076.0579 349.5970 02.04426292002476
1 18528U 79035F   87342.91874384  .00000649 +00000-0 +28723-2 0  9999
2 18528 058.3135 155.2554 7352781 076.0579 349.5970 02.04426292002476
1 18528U 79035F   87343.89680017  .00000623 +00000-0 +25228-2 0  9994
2 18528 058.3149 155.0924 7353289 076.1397 349.5802 02.04424100002495
1 18528U 79035F   87345.85349649  .00000568 +00000-0 +18166-2 0  9996
2 18528 058.3141 154.7460 7354293 076.2495 349.5686 02.04419425002533
1 18528U 79035F   87346.83185825  .00000504 +00000-0 +10274-2 0  9991
2 18528 058.3042 154.5324 7354901 076.2313 349.5692 02.04416780002555
1 18528U 79035F   87347.81024686  .00000557 +00000-0 +16825-2 0  9993
2 18528 058.3018 154.3513 7355434 076.2819 349.5815 02.04415397002571
1 18528U 79035F   87347.81051434  .00000557 +00000-0 +16827-2 0  9996
2 18528 058.3019 154.3521 7355431 076.2824 349.5814 02.04415398002574
1 18528U 79035F   88001.88716807  .00000587 +00000-0 +21319-2 0  9998
2 18528 058.2885 150.9331 7363068 077.6025 349.2394 02.04443024002968
1 18528U 79035F   88001.88720931  .00000736 +00000-0 +35510-2 0  9995
2 18528 058.2923 150.9248 7364934 077.4549 349.2836 02.04445892002966
1 18528U 79035F   88005.80012466  .00000651 +00000-0 +27395-2 0  9996
2 18528 058.2867 150.2126 7365417 077.8142 349.1908 02.04439023003049
1 18528U 79035F   88005.80015047  .00000651 +00000-0 +27366-2 0  9992
2 18528 058.2867 150.2127 7365417 077.8143 349.2097 02.04439015003042
1 18528U 79035F   88005.80042828  .00000651 +00000-0 +27366-2 0  9999
2 18528 058.2867 150.2126 7365417 077.8142 349.2097 02.04439016003041
1 18528U 79035F   88006.77840288  .00000627 +00000-0 +24871-2 0  9993
2 18528 058.2868 150.0316 7366011 077.8735 349.1830 02.04436472003069
1 18528U 79035F   88006.77840292  .00000613 +00000-0 +23448-2 0  9992
2 18528 058.2874 150.0271 7366076 077.8721 349.1773 02.04436064003065
1 18528U 79035F   88006.77841171  .00000593 +00000-0 +21396-2 0  9996
2 18528 058.2879 150.0230 7366151 077.8712 349.1751 02.04435469003063
1 18528U 79035F   88006.77842431  .00000581 +00000-0 +20206-2 0  9992
2 18528 058.2885 150.0187 7366218 077.8682 349.1798 02.04435128003064
1 18528U 79035F   88006.77843207  .00000573 +00000-0 +19384-2 0  9990
2 18528 058.2891 150.0146 7366276 077.8650 349.1825 02.04434896003067
1 18528U 79035F   88006.77843762  .00000570 +00000-0 +19073-2 0  9998
2 18528 058.2895 150.0123 7366303 077.8637 349.1855 02.04434813003064
1 18528U 79035F   88006.77843969  .00000641 +00000-0 +26175-2 0  9997
2 18528 058.2872 150.0423 7366008 077.8604 349.2164 02.04436857003062
1 18528U 79035F   88006.77868070  .00000613 +00000-0 +23448-2 0  9996
2 18528 058.2874 150.0270 7366076 077.8720 349.1773 02.04436065003064
1 18528U 79035F   88006.77868949  .00000592 +00000-0 +21396-2 0  9997
2 18528 058.2879 150.0229 7366151 077.8711 349.1751 02.04435469003060
1 18528U 79035F   88006.77870986  .00000572 +00000-0 +19384-2 0  9993
2 18528 058.2891 150.0145 7366276 077.8649 349.1825 02.04434897003065
1 18528U 79035F   88006.77871539  .00000569 +00000-0 +19073-2 0  9999
2 18528 058.2895 150.0122 7366303 077.8636 349.1855 02.04434813003062
1 18528U 79035F   88032.70242053  .00000002 +00000-0 -26061-2 0  9992
2 18528 058.2642 145.2629 7375093 079.3881 348.8390 02.04437337003597
1 18528U 79035F   88033.68073688  .00000034 +00000-0 -23071-2 0  9999
2 18528 058.2636 145.0773 7375598 079.4462 348.8632 02.04434551003611
1 18528U 79035F   88051.77881702  .00000382 +00000-0 +78720-3 0  9990
2 18528 058.2636 141.7882 7378523 080.7822 348.6531 02.04451752003989
1 18528U 79035F   88051.77915158  .00000294 +00000-0 +00000-4 0  9992
2 18528 058.2569 141.8132 7379463 080.5938 348.9160 02.04449984003988
1 18528U 79035F   88054.22424886  .00000379 +00000-0 +78720-3 0  9995
2 18528 058.2622 141.3417 7379681 080.9412 348.5887 02.04452261004033
1 18528U 79035F   88058.62628453  .00000324 +00000-0 +41501-3 0  9996
2 18528 058.2544 140.5647 7383172 080.9403 348.6030 02.04443251004122
1 18528U 79035F   88061.56109664  .00000319 +00000-0 +41501-3 0  9995
2 18528 058.2520 140.0295 7384250 081.0370 348.6083 02.04435962004187
1 18528U 79035F   88066.45248654  .00000307 +00000-0 +41501-3 0  9998
2 18528 058.2482 139.1538 7383264 081.5983 348.5169 02.04431953004283
1 18528U 79035F   88068.40903397  .00000302 +00000-0 +41501-3 0  9992
2 18528 058.2452 138.7369 7384088 081.7894 348.4787 02.04433961004326
1 18528U 79035F   88072.32196475  .00000862 +00000-0 +40475-2 0  9998
2 18528 058.2615 138.1493 7385711 081.9546 348.4220 02.04449797004404
1 18528U 79035F   88084.54829191  .00000790 +00000-0 +33712-2 0  9999
2 18528 058.2522 135.8538 7390539 082.5479 348.3291 02.04469785004654
1 18528U 79035F   88084.54857001  .00000789 +00000-0 +33712-2 0  9998
2 18528 058.2522 135.8537 7390539 082.5479 348.3291 02.04469785004653
1 18528U 79035F   88086.50452575  .00000792 +00000-0 +33318-2 0  9999
2 18528 058.2537 135.5121 7391526 082.7477 348.3157 02.04467463004698
1 18528U 79035F   88087.48261436  .00000795 +00000-0 +33318-2 0  9994
2 18528 058.2530 135.3296 7391955 082.7945 348.2792 02.04466140004716
1 18528U 79035F   88087.48289182  .00000795 +00000-0 +33318-2 0  9992
2 18528 058.2530 135.3296 7391955 082.7945 348.2792 02.04466140004716
1 18528U 79035F   88089.43888005  .00000805 +00000-0 +33318-2 0  9990
2 18528 058.2565 134.9620 7392964 082.8532 348.2865 02.04464843004757
1 18528U 79035F   88089.43888242  .00000806 +00000-0 +33318-2 0  9994
2 18528 058.2542 134.9551 7393056 082.8249 348.2884 02.04464806004753
1 18528U 79035F   88089.43889295  .00000807 +00000-0 +33318-2 0  9994
2 18528 058.2535 134.9533 7393120 082.8506 348.2965 02.04464892004758
1 18528U 79035F   88089.43889446  .00000804 +00000-0 +33318-2 0  9999
2 18528 058.2513 134.9706 7392878 082.9296 348.2785 02.04464374004757
1 18528U 79035F   88089.43915815  .00000805 +00000-0 +33318-2 0  9990
2 18528 058.2565 134.9620 7392964 082.8531 348.2865 02.04464844004757
1 18528U 79035F   88089.43917105  .00000807 +00000-0 +33318-2 0  9996
2 18528 058.2535 134.9533 7393120 082.8506 348.2965 02.04464892004758
1 18528U 79035F   88092.37331453  .00002260 +00000-0 +11717-1 0  9992
2 18528 058.2546 134.4620 7390932 083.1120 348.5064 02.04487413004810
1 18528U 79035F   88092.37359200  .00002259 +00000-0 +11717-1 0  9990
2 18528 058.2546 134.4620 7390932 083.1119 348.5064 02.04487413004818
1 18528U 79035F   88095.30692208  .00002434 +00000-0 +12399-1 0  9996
2 18528 058.2566 133.9228 7391968 083.3254 348.2000 02.04502960004878
1 18528U 79035F   88095.30720018  .00002433 +00000-0 +12399-1 0  9996
2 18528 058.2566 133.9227 7391968 083.3253 348.2000 02.04502960004876
1 18528U 79035F   88098.24058830  .00003422 +00000-0 +17235-1 0  9991
2 18528 058.2575 133.3956 7393184 083.5312 348.2013 02.04532369004936
1 18528U 79035F   88098.24086577  .00003422 +00000-0 +17235-1 0  9990
2 18528 058.2575 133.3955 7393184 083.5312 348.2013 02.04532370004937
1 18528U 79035F   88099.21826497  .00002826 +00000-0 +13952-1 0  9990
2 18528 058.2589 133.2234 7393565 083.5143 348.1044 02.04538777004958
1 18528U 79035F   88099.21854243  .00002826 +00000-0 +13952-1 0  9990
2 18528 058.2589 133.2233 7393565 083.5143 348.1044 02.04538778004958
1 18528U 79035F   88114.85923897  .00000137 +00000-0 +99999-4 0  9991
2 18528 058.2710 130.3427 7397852 084.5260 347.8221 02.04624102005277
1 18528U 79035F   88114.85951644  .00000136 +00000-0 +00000-4 0  9996
2 18528 058.2710 130.3426 7397852 084.5259 347.8221 02.04624103005275
1 18528U 79035F   88118.28017069  .00002904 +00000-0 +11945-1 0  9993
2 18528 058.2639 129.7100 7400755 084.6529 348.0234 02.04640285005348
1 18528U 79035F   88119.25754001  .00002914 +00000-0 +11876-1 0  9999
2 18528 058.2643 129.5371 7401118 084.7144 347.8712 02.04645969005363
1 18528U 79035F   88120.23451559  .00002943 +00000-0 +11842-1 0  9996
2 18528 058.2624 129.3661 7401592 084.7656 347.8607 02.04652476005382
1 18528U 79035F   88120.23479305  .00002942 +00000-0 +11842-1 0  9994
2 18528 058.2624 129.3661 7401592 084.7656 347.8607 02.04652476005382
1 18528U 79035F   88123.16614344  .00002761 +00000-0 +10681-1 0  9992
2 18528 058.2629 128.8428 7402926 084.9697 347.8828 02.04675374005445
1 18528U 79035F   88124.14313385  .00002936 +00000-0 +11247-1 0  9995
2 18528 058.2627 128.6588 7403330 085.0402 347.7884 02.04684424005463
1 18528U 79035F   88124.14341164  .00002935 +00000-0 +11247-1 0  9990
2 18528 058.2627 128.6587 7403330 085.0401 347.7884 02.04684424005461
1 18528U 79035F   88136.35317362  .00004298 +00000-0 +14295-1 0  9999
2 18528 058.2481 126.3933 7408308 085.7917 347.5669 02.04791159005719
1 18528U 79035F   88138.30626526  .00004191 +00000-0 +13113-1 0  9991
2 18528 058.2729 126.0051 7410449 085.8671 347.5404 02.04801585005755
1 18528U 79035F   88140.25921211  .00004362 +00000-0 +13514-1 0  9992
2 18528 058.2600 125.6698 7410731 086.0254 347.4938 02.04815836005798
1 18528U 79035F   88144.16472204  .00004605 +00000-0 +13515-1 0  9990
2 18528 058.2538 124.9170 7412441 086.3042 347.4395 02.04849682005875
1 18528U 79035F   88146.11721221  .00004736 +00000-0 +13462-1 0  9999
2 18528 058.2482 124.5386 7413415 086.4267 347.4198 02.04871431005913
1 18528U 79035F   88148.06947249  .00004877 +00000-0 +13426-1 0  9991
2 18528 058.2444 124.1509 7414347 086.5621 347.3941 02.04895593005958
1 18528U 79035F   88149.04550312  .00004949 +00000-0 +13400-1 0  9993
2 18528 058.2429 123.9684 7414827 086.6388 347.3708 02.04908088005973
1 18528U 79035F   88151.97323538  .00005161 +00000-0 +13394-1 0  9995
2 18528 058.2454 123.4410 7416007 086.7884 347.2967 02.04944291006037
1 18528U 79035F   88151.97330037  .00004579 +00000-0 +11663-1 0  9996
2 18528 058.2536 123.4751 7416648 086.7101 347.3341 02.04940916006036
1 18528U 79035F   88161.24126166  .00009619 +00000-0 +19599-1 0  9999
2 18528 058.2773 121.7466 7422808 087.3119 347.6115 02.05080949006230
1 18528U 79035F   88164.16583311  .00010594 +00000-0 +20194-1 0  9999
2 18528 058.2671 121.2153 7424404 087.4010 347.1524 02.05139540006297
1 18528U 79035F   88165.14068469  .00010702 +00000-0 +20152-1 0  9995
2 18528 058.2680 121.0323 7424617 087.4716 347.1255 02.05159195006315
1 18528U 79035F   88170.01347526  .00011486 +00000-0 +20152-1 0  9991
2 18528 058.2523 120.1065 7425927 087.7922 346.8959 02.05260425006418
1 18528U 79035F   88184.13256026  .00014699 +00000-0 +19130-1 0  9996
2 18528 058.2548 117.4470 7431411 088.8707 349.0808 02.05628880006716
1 18528U 79035F   88186.07409622  .00019415 +00000-0 +21865-1 0  9992
2 18528 058.2667 117.0655 7434494 088.7634 347.0079 02.05727574006753
1 18528U 79035F   88186.07437336  .00019415 +00000-0 +21865-1 0  9995
2 18528 058.2667 117.0654 7434494 088.7634 347.0079 02.05727574006752
1 18528U 79035F   88188.01769919  .00020628 +00000-0 +22617-1 0  9990
2 18528 058.2642 116.7077 7434490 088.9153 346.7938 02.05811179006793
1 18528U 79035F   88188.01797697  .00020627 +00000-0 +22617-1 0  9993
2 18528 058.2642 116.7077 7434490 088.9153 346.7938 02.05811180006795
1 18528U 79035F   88194.81404341  .00023178 +00000-0 +21295-1 0  9994
2 18528 058.2641 115.4180 7436145 089.5447 346.6218 02.06151636006948
1 18528U 79035F   88199.17732573  .00000067 +00000-0 +99999-4 0  9990
2 18528 058.2663 114.5590 7437042 089.8818 346.7492 02.06362545007038
1 18528U 79035F   88204.98694500  .00048897 +00000-0 +33095-1 0  9998
2 18528 058.2703 113.4360 7437702 090.1264 347.6540 02.06834820007167
1 18528U 79035F   88205.95223307  .00048974 +00000-0 +32714-1 0  9992
2 18528 058.2695 113.2525 7437199 090.1822 346.3828 02.06930604007182
1 18528U 79035F   88209.33197030  .00057638 +00000-0 +34744-1 0  9993
2 18528 058.2672 112.5949 7436511 090.5389 346.3844 02.07288988007256
1 18528U 79035F   88212.22394756  .00059740 +00000-0 +32697-1 0  9990
2 18528 058.2738 112.0120 7435624 090.5590 346.4697 02.07648695007312
1 18528U 79035F   88212.22422598  .00059739 +00000-0 +32697-1 0  9994
2 18528 058.2738 112.0119 7435624 090.5590 346.4697 02.07648695007310
1 18528U 79035F   88219.90577784  .00090282 +00000-0 +43656-1 0  9999
2 18528 058.2726 110.4289 7427263 090.5075 346.3474 02.08963708007470
1 18528U 79035F   88219.90605561  .00090282 +00000-0 +43656-1 0  9994
2 18528 058.2726 110.4289 7427263 090.5074 346.3474 02.08963709007470
1 18528U 79035F   88224.20438016  .00110037 +00000-0 +42564-1 0  9990
2 18528 058.2746 109.6101 7424258 091.6200 346.8311 02.09875433007561
1 18528U 79035F   88224.20465730  .00110037 +00000-0 +42564-1 0  9993
2 18528 058.2746 109.6100 7424258 091.6199 346.8311 02.09875434007568
1 18528U 79035F   88225.15565909  .00120175 +00000-0 +43657-1 0  9995
2 18528 058.2761 109.4318 7423338 091.4837 346.1764 02.10135910007586
1 18528U 79035F   88228.00504586  .00134783 +00000-0 +48133-1 0  9990
2 18528 058.2794 108.8461 7417107 092.0290 345.8928 02.10924850007645
1 18528U 79035F   88228.00598990  .00124943 +00000-0 +43657-1 0  9995
2 18528 058.2725 108.8407 7417764 091.7001 346.6448 02.10897456007641
1 18528U 79035F   88244.81400889  .00001175 +00000-0 +99999-4 0  9995
2 18528 058.2828 105.5181 7385016 093.0425 358.3359 02.17562816008005
1 18528U 79035F   88244.81428603  .00001174 +00000-0 +00000-4 0  9993
2 18528 058.2828 105.5181 7385016 093.0424 358.3359 02.17562817008005
