1 19082U 88034  E 88118.79264719  .00000157 +00000-0 +99999-4 0  9996
2 19082 047.4892 271.1682 7303642 353.5903 000.3125 02.20923919000004
1 19082U 88034  E 88118.79292530  .00000156 +00000-0 +00000-4 0  9992
2 19082 047.4892 271.1681 7303642 353.5902 000.3125 02.20923920000004
1 19082U 88034  E 88122.41380579  .00001058 +00000-0 +11822-2 0  9991
2 19082 047.5024 270.2203 7304292 354.5040 000.3678 02.20931931000080
1 19082U 88034  E 88130.10827720  .00001079 +00000-0 +11822-2 0  9993
2 19082 047.5105 268.2574 7304849 356.4521 359.9817 02.20941435000258
1 19082U 88034  E 88131.46633319  .00001098 +00000-0 +11822-2 0  9993
2 19082 047.5018 267.8958 7305356 356.7944 000.1663 02.20944163000286
1 19082U 88034  E 88135.53971024  .00001110 +00000-0 +11822-2 0  9998
2 19082 047.4745 266.7735 7305679 357.8780 000.0208 02.20945212000371
1 19082U 88034  E 88137.35005878  .00001134 +00000-0 +11822-2 0  9991
2 19082 047.4685 266.2947 7306299 358.3347 359.9827 02.20948969000418
1 19082U 88034  E 88141.42338844  .00000723 +00000-0 +65221-3 0  9992
2 19082 047.4239 265.1968 7309199 359.3469 359.9376 02.20950728000507
1 19082U 88034  E 88170.38466460  .00000292 +00000-0 +00000-4 0  9991
2 19082 047.3949 257.3980 7327858 006.5678 359.3281 02.21011387001157
1 19082U 88034  E 88181.24202530  .00000362 +00000-0 +00000-4 0  9992
2 19082 047.3372 254.4703 7333496 009.3408 359.0382 02.21063374001393
1 19082U 88034  E 88200.23409221  .00000385 +00000-0 +00000-4 0  9994
2 19082 047.2457 249.3126 7333877 014.5027 358.4890 02.21193579001811
1 19082U 88034  E 88204.30290152  .00000408 +00000-0 +00000-4 0  9993
2 19082 047.2321 248.1187 7335226 015.5220 358.9142 02.21209353001904
1 19082U 88034  E 88211.08144721  .00000516 +00000-0 +00000-4 0  9996
2 19082 047.1825 246.3660 7340033 017.1476 358.2102 02.21292133002055
1 19082U 88034  E 88217.40772331  .00000492 +00000-0 +00000-4 0  9995
2 19082 047.1586 244.5814 7338843 018.9899 359.2305 02.21304400002196
1 19082U 88034  E 88236.36601536  .00000657 +00000-0 +00000-4 0  9992
2 19082 047.0325 239.3458 7342003 024.1128 357.4469 02.21658570002617
1 19082U 88034  E 88264.29158918  .00028956 -50100-4 +10476-2 0  9995
2 19082 046.9664 231.5853 7354081 031.4945 356.5433 02.22448587003237
1 19082U 88034  E 88276.86011688  .00060150 -50700-4 +14899-2 0  9994
2 19082 046.9049 228.0498 7353758 034.9840 356.1061 02.23227965003523
1 19082U 88034  E 88276.86308501 -.00399114 -50800-4 -11056-1 0  9996
2 19082 046.8929 228.0233 7356192 034.9073 358.5019 02.22969392003524
1 19082U 88034  E 88297.80898104  .00286370 -51200-4 +14899-2 0  9997
2 19082 046.9104 222.2069 7341819 040.4275 002.3200 02.26045020003993
