1 68538U 26069A   26092.00394697 -.00001273  66290-6  00000+0 0  9992
2 68538  28.3203 359.4074 8434871  77.9702 354.5406  1.02516940    15
1 68538U 26069A   26092.00394698 -.00001273  66290-6  00000-0 0  9994
2 68538  28.3203 359.4074 8434871  77.9702 354.5406  1.02516940    15
1 68538U 26069A   26092.49672722  .00017270 -60233-5  25269-5 0  9997
2 68538  28.4044   0.2270 8448919  77.1621 179.4284  1.02755934    14
1 68538U 26069A   26092.97935903  .00198659  15765-5  13951-2 0  9995
2 68538  28.3222 359.2721 8432928  78.2202 354.4906  1.02719738    17
1 68538U 26069A   26092.97935904  .00198659  15765-5  13951-2 0  9996
2 68538  28.3222 359.2721 8432928  78.2202 354.4906  1.02719738    17
1 68538U 26069A   26092.98100440 -.00030777  16879-4  00000+0 0  9997
2 68538  28.1492 354.5431 9814905  83.2597 352.5489  0.07782040    18
1 68538U 26069A   26095.31257403 -.00058714  21969-3  00000+0 0  9995
2 68538  56.3581  51.2608 9964302  34.1676  95.2444  0.11783130    15
1 68538U 26069A   26098.88941890 -.00375552  24852-2  00000+0 0  9995
2 68538  39.7249  30.2064 9845576  43.6430 290.8003  0.08400045    19
1 68538U 26069A   26099.53965039 -.00231759  15750-2  00000+0 0  9996
2 68538  37.5420  25.3392 9761955  47.2194 298.9887  0.10669207    19
1 68538U 26069A   26099.99734715 -.00200040  13937-2  00000+0 0  9995
2 68538  37.6960  25.9804 9730960  46.0178 319.8116  0.09749322    17
1 68538U 26069A   26100.91229168 -.00121901  91950-3  00000+0 0  9991
2 68538  38.9819  28.9734 9814404  45.5031 351.8998  0.09425893    15
