1 29641U 06053B   06343.15555173  .00021509  00000-0  37174-2 0  9995
2 29641 024.7949 079.6837 7310741 180.8007 176.1804 02.25578546    29
1 29641U 06053B   06343.26330381 -.00000052  00000-0  10000-3 0  9990
2 29641 002.6322 271.9973 0070158 027.4542 333.1601 00.98850721    32
1 29641U 06053B   06344.44524983 -.00000031  00000-0  10000-3 0  9991
2 29641 002.6316 272.0431 0081320 033.1646 028.3736 00.99049745    48
1 29641U 06053B   06344.82004561 -.00000019  00000-0  10000-3 0  9994
2 29641 002.6295 271.9489 0081427 033.2850 161.9976 00.99050172    47
1 29641U 06053B   06345.61874313  .00000005  00000-0  10000-3 0  9996
2 29641 002.6271 271.9044 0081981 033.6978 086.4804 00.99058319    51
1 29641U 06053B   06345.70000000 -.00000040  00000-0  00000+0 0  9995
2 29641 002.6130 272.4470 0054153 032.3680 116.6570 00.99455832    58
1 29641U 06053B   06345.87712800 -.00000035  00000-0  00000+0 0  9995
2 29641 002.6152 272.0327 0054672 031.7694 181.0955 00.99455048    55
