1 03145U 68014  B 68250.22994606  .00000117 +10070-7 +99999-4 0  9994
2 03145 036.3068 135.3627 8932281 340.0802 000.5178 00.38780721000162
1 03145U 68014  B 69126.63975488  .00000044 +21802-8 +99999-4 0  9994
2 03145 042.1785 137.1763 8188406 331.6346 001.6872 00.38782218001106
1 03145U 68014  B 69276.20126834 -.00000056 -14213-8 +99999-4 0  9999
2 03145 043.1454 130.5568 7795405 337.9256 001.7547 00.38774280000122
1 03145U 68014  B 69345.82566406 -.00000015 -22232-9 +99999-4 0  9993
2 03145 043.2860 128.6547 7646424 338.6445 001.8771 00.38777250000392
1 03145U 68014  B 70024.66067114  .00000004 +23683-9 +99999-4 0  9990
2 03145 043.2505 125.6281 7529937 342.7270 001.6267 00.38779195000298
1 03145U 68014  B 70024.66090839  .00000004 +23683-9 +99999-4 0  9990
2 03145 043.2505 125.6279 7529415 342.7273 001.6272 00.38779302000295
1 03145U 68014  B 70132.96339358  .00000012 +23683-9 +99999-4 0  9994
2 03145 043.2505 125.0133 7529355 343.4245 001.5602 00.38781144000718
1 03145U 68014  B 70212.89634836  .00000018 +23683-9 +99999-4 0  9990
2 03145 043.2505 124.5596 7529310 343.9391 001.5108 00.38783604001022
1 03145U 68014  B 70225.78829362  .00000019 +23683-9 +99999-4 0  9993
2 03145 043.2505 124.4864 7529284 344.0221 001.5028 00.38783990001077
1 03145U 68014  B 70243.83673452  .00000020 +23683-9 +99999-4 0  9998
2 03145 043.2505 124.3839 7529245 344.1383 001.4917 00.38784672001147
1 03145U 68014  B 70282.51055554  .00000023 +23683-9 +99999-4 0  9996
2 03145 043.2505 124.1645 7529272 344.3873 001.4679 00.38786477001292
1  3145U 68014B   70282.51055554 +.00000465 +00000-0 +00000-0 0  9996
2  3145 043.2505 124.1645 7529272 344.3873 001.4679 00.38786477001292
1  3145U 68014B   70282.51055554 +.00000465 +00000-0 +00000-0 0  9996
2  3145 043.2505 124.1645 7529272 344.3873 001.4679 00.38786477001292
1 03145U 68014B   70282.51055554 +.00000465 +00000-0 +00000-0 0  9996
2 03145 043.2505 124.1645 7529272 344.3873 001.4679 00.38786477001292
1 03145U 68014B   06072.69419618 -.00000232  00000-0  10000-3 0  9993
2 03145 051.9420 131.2749 4925153 043.4710 346.9030 00.38777497 51475
1 03145U 68014B   06080.45833333  .00000000  00000-0  00000+0 0  9997
2 03145 051.9566 131.2847 4936810 043.1031 350.2455 00.38779702 51504
1 03145U 68014B   06083.04166667  .00000000  00000-0  00000+0 0  9994
2 03145 051.9855 131.2831 4942185 043.0939 350.9677 00.38785236 51508
1 03145U 68014B   06085.66666667  .00000000  00000-0  00000+0 0  9999
2 03145 052.0150 131.2949 4954933 043.2064 357.1434 00.38798129 51508
1 03145U 68014B   06088.25000000  .00000000  00000-0  00000+0 0  9990
2 03145 051.9192 131.1857 4961756 043.4791 357.4304 00.38790518 51502
1 03145U 68014B   06090.83333333  .00000000  00000-0  00000+0 0  9995
2 03145 051.8492 131.0934 4960342 043.5316 358.1751 00.38780551 51503
1 03145U 68014B   06090.83333333  .00000000  00000-0  00000+0 0  9995
2 03145 051.8492 131.0934 4960342 043.5316 358.1751 00.38780551 51503
1 03145U 68014B   06093.41666667  .00000000  00000-0  00000+0 0  9991
2 03145 051.8528 131.0703 4964096 043.5454 358.9397 00.38781603 51503
1 03145U 68014B   06095.95833333  .00000000  00000-0  00000+0 0  9998
2 03145 051.8697 131.0685 4969177 043.5792 353.7370 00.38785132 51504
1 03145U 68014B   06098.54166667  .00000000  00000-0  00000+0 0  9995
2 03145 051.8646 131.0521 4974383 043.6745 354.2436 00.38787223 51503
1 03145U 68014B   06101.12500000 +.00000000 +00000-0 +00000-0 0  9998
2 03145 051.8302 131.0057 4977443 043.7997 354.7332 00.38787501051505
1 03145U 68014B   06103.75000000  .00000000  00000-0  00000+0 0  9993
2 03145 051.7608 130.9403 4977263 043.8899 001.1169 00.38784657 51508
1 03145U 68014B   06106.29166667  .00000000  00000-0  00000+0 0  9997
2 03145 051.7158 130.8666 4974642 043.9246 356.0153 00.38779354 51506
1 03145U 68014B   06108.87500000  .00000000  00000-0  00000+0 0  9996
2 03145 051.7173 130.8299 4974290 043.8817 356.8433 00.38777337 51505
1 03145U 68014B   06111.45833333  .00000000  00000-0  00000+0 0  9992
2 03145 051.7760 130.8462 4982746 043.8871 357.5238 00.38787997 51508
1 03145U 68014B   06114.00000000  .00000000  00000-0  00000+0 0  9993
2 03145 051.7647 130.8154 4995452 044.0901 352.0063 00.38796576 51504
1 03145U 68014B   06116.58333333  .00000000  00000-0  00000+0 0  9996
2 03145 051.6695 130.6963 4996353 044.2449 352.5658 00.38783079 51501
1 03145U 68014B   06119.16666667  .00000000  00000-0  00000+0 0  9992
2 03145 051.6511 130.6381 4994621 044.2037 353.4324 00.38777977 51501
1 03145U 68014B   06121.75000000  .00000000  00000-0  00000+0 0  9993
2 03145 051.6801 130.6366 4997571 044.1584 354.2111 00.38780868 51505
1 03145U 68014B   06124.37500000  .00000000  00000-0  00000+0 0  9999
2 03145 051.7026 130.6534 5002765 044.1672 000.6538 00.38784100 51501
1 03145U 68014B   06126.91666667  .00000000  00000-0  00000+0 0  9993
2 03145 051.7010 130.6343 5007089 044.2426 355.3817 00.38785946 51503
1 03145U 68014B   06129.50000000  .00000000  00000-0  00000+0 0  9994
2 03145 051.6725 130.5858 5008735 044.3305 355.9467 00.38785089 51506
1 03145U 68014B   06132.08333333  .00000000  00000-0  00000+0 0  9999
2 03145 051.6354 130.5192 5007208 044.3785 356.6199 00.38781046 51500
1 03145U 68014B   06134.66666667  .00000000  00000-0  00000+0 0  9994
2 03145 051.6808 130.5558 5006483 044.3087 357.3530 00.38779931 51506
1 03145U 68014B   06137.25000000 +.00000000 +00000-0 +00000-0 0  9996
2 03145 051.6808 130.4592 5008543 044.2732 358.2989 00.38777770051505
1 03145U 68014B   06139.79166667  .00000000  00000-0  00000+0 0  9998
2 03145 051.7425 130.4932 5021615 044.3245 353.0111 00.38792248 51501
1 03145U 68014B   06142.37500000 +.00000000 +00000-0 +00000-0 0  9990
2 03145 051.6966 130.4243 5030465 044.5229 353.3738 00.38789725051506
1 03145U 68014B   06144.95833333  .00000000  00000-0  00000+0 0  9993
2 03145 051.6412 130.3382 5029550 044.5575 354.1339 00.38778345 51504
1 03145U 68014B   06147.54166667  .00000000  00000-0  00000+0 0  9990
2 03145 051.6569 130.3348 5030827 044.4734 355.0019 00.38777027 51505
1 03145U 68014B   06150.12500000  .00000000  00000-0  00000+0 0  9991
2 03145 051.7087 130.3595 5036402 044.4306 355.7259 00.38781248 51508
1 03145U 68014B   06152.70833333  .00000000  00000-0  00000+0 0  9995
2 03145 051.7441 130.3743 5043124 044.4601 356.3078 00.38784709 51505
1 03145U 68014B   06155.33333333  .00000000  00000-0  00000+0 0  9992
2 03145 051.7528 130.3481 5048368 044.5399 002.6654 00.38785035 51504
1 03145U 68014B   06157.87500000  .00000000  00000-0  00000+0 0  9990
2 03145 051.7352 130.3073 5050408 044.6058 357.4408 00.38783291 51507
1 03145U 68014B   06160.45833333  .00000000  00000-0  00000+0 0  9996
2 03145 051.7202 130.2585 5049898 044.6147 358.1628 00.38778240 51508
1 03145U 68014B   06163.00000000  .00000000  00000-0  00000+0 0  9997
2 03145 051.7452 130.2441 5050861 044.5401 353.1965 00.38774870 51504
1 03145U 68014B   06165.58333333  .00000000  00000-0  00000+0 0  9990
2 03145 051.8296 130.2927 5060968 044.4813 353.9345 00.38784774 51509
1 03145U 68014B   06168.16666667  .00000000  00000-0  00000+0 0  9996
2 03145 051.8664 130.3110 5077624 044.6268 354.2695 00.38795121 51506
1 03145U 68014B   06168.83333333  .00000000  00000-0  00000+0 0  9991
2 03145 051.8427 130.2931 5080403 044.6539 087.3023 00.38767105 51503
1 03145U 68014B   06170.75000000  .00000000  00000-0  00000+0 0  9997
2 03145 051.8066 130.2283 5083122 044.7762 354.7674 00.38784118 51508
1 03145U 68014B   06173.33333333  .00000000  00000-0  00000+0 0  9992
2 03145 051.7979 130.1881 5084244 044.7466 355.5868 00.38777420 51502
1 03145U 68014B   06175.91666667  .00000000  00000-0  00000+0 0  9997
2 03145 051.8507 130.2092 5089645 044.6806 356.3664 00.38779272 51502
1 03145U 68014B   06178.50000000 +.00000000 +00000-0 +00000-0 0  9999
2 03145 051.9089 130.2476 5098336 044.6795 356.9775 00.38783304051508
1 03145U 68014B   06181.08333333  .00000000  00000-0  00000+0 0  9993
2 03145 051.9397 130.2643 5106950 044.7455 357.4780 00.38785871 51505
1 03145U 68014B   06183.66666667  .00000000  00000-0  00000+0 0  9998
2 03145 051.9392 130.2492 5113125 044.8375 357.9746 00.38785918 51505
1 03145U 68014B   06186.25000000  .00000000  00000-0  00000+0 0  9999
2 03145 051.9232 130.2117 5116156 044.9054 358.5567 00.38782825 51506
1 03145U 68014B   06188.79166667  .00000000  00000-0  00000+0 0  9992
2 03145 051.9223 130.1832 5117667 044.9073 353.4464 00.38777464 51501
1 03145U 68014B   06191.37500000  .00000000  00000-0  00000+0 0  9993
2 03145 051.9745 130.2003 5123271 044.8414 354.2402 00.38777799 51509
1 03145U 68014B   06193.95833333  .00000000  00000-0  00000+0 0  9997
2 03145 051.9745 130.1960 5123271 044.8445 354.8737 00.38777799 51501
1 03145U 68014B   06196.58333333  .00000000  00000-0  00000+0 0  9994
2 03145 052.0515 130.2233 5156264 045.1123 000.8009 00.38793412 51507
1 03145U 68014B   06199.12500000  .00000000  00000-0  00000+0 0  9994
2 03145 051.9970 130.1473 5159922 045.2050 355.6008 00.38781372 51501
1 03145U 68014B   06201.70833333  .00000000  00000-0  00000+0 0  9990
2 03145 052.0160 130.1417 5164074 045.1719 356.3704 00.38779879 51507
1 03145U 68014B   06204.29166667  .00000000  00000-0  00000+0 0  9996
2 03145 052.0574 130.1928 5172675 045.1528 357.0103 00.38781643 51500
1 03145U 68014B   06206.87500000  .00000000  00000-0  00000+0 0  9995
2 03145 052.0982 130.2238 5183032 045.2141 357.4995 00.38785654 51508
1 03145U 68014B   06209.45833333  .00000000  00000-0  00000+0 0  9990
2 03145 052.1107 130.2168 5192189 045.3277 357.9207 00.38788037 51503
1 03145U 68014B   06212.00000000  .00000000  00000-0  00000+0 0  9992
2 03145 052.0902 130.1848 5198219 045.4483 352.5625 00.38786815 51506
1 03145U 68014B   06214.58333333  .00000000  00000-0  00000+0 0  9995
2 03145 052.0638 130.1387 5201230 045.5259 353.1372 00.38782648 51506
1 03145U 68014B   06217.20833333  .00000000  00000-0  00000+0 0  9992
2 03145 052.0655 130.1085 5204207 045.5320 359.6633 00.38777508 51506
1 03145U 68014B   06219.75000000  .00000000  00000-0  00000+0 0  9991
2 03145 052.1265 130.1434 5214299 045.5060 354.5401 00.38782340 51502
1 03145U 68014B   06222.33333333  .00000000  00000-0  00000+0 0  9997
2 03145 052.1751 130.1807 5235045 045.6650 354.8209 00.38798966 51504
1 03145U 68014B   06224.91666667  .00000000  00000-0  00000+0 0  9992
2 03145 052.0929 130.0836 5245723 045.9137 355.1131 00.38789570 51507
1 03145U 68014B   06227.50000000  .00000000  00000-0  00000+0 0  9993
2 03145 052.0505 130.0194 5248430 045.9637 355.8103 00.38780661 51505
1 03145U 68014B   06230.12500000  .00000000  00000-0  00000+0 0  9990
2 03145 052.0702 130.0345 5254598 045.9512 002.3170 00.38782129 51505
1 03145U 68014B   06232.66666667  .00000000  00000-0  00000+0 0  9993
2 03145 052.1045 130.0585 5264151 045.9979 357.0361 00.38785387 51506
1 03145U 68014B   06235.25000000  .00000000  00000-0  00000+0 0  9994
2 03145 052.1127 130.0614 5273918 046.1123 357.4567 00.38788100 51503
1 03145U 68014B   06237.83333333  .00000000  00000-0  00000+0 0  9998
2 03145 052.0872 130.0282 5281239 046.2596 357.8604 00.38789017 51504
1 03145U 68014B   06240.37500000  .00000000  00000-0  00000+0 0  9998
2 03145 052.0626 129.9675 5285367 046.4072 352.5182 00.38786174 51505
1 03145U 68014B   06242.95833333  .00000000  00000-0  00000+0 0  9992
2 03145 052.0247 129.9046 5286754 046.4781 353.1356 00.38781330 51503
1 03145U 68014B   06245.54166667  .00000000  00000-0  00000+0 0  9999
2 03145 052.0281 129.8799 5290068 046.4779 353.8566 00.38779448 51502
1 03145U 68014B   06248.12500000  .00000000  00000-0  00000+0 0  9999
2 03145 052.0823 129.9148 5303336 046.5051 354.4422 00.38790238 51508
1 03145U 68014B   06250.70833333  .00000000  00000-0  00000+0 0  9994
2 03145 052.0613 129.8809 5322415 046.7557 354.6124 00.38800540 51509
1 03145U 68014B   06253.29166667  .00000000  00000-0  00000+0 0  9990
2 03145 051.9522 129.7494 5326822 046.9483 355.1014 00.38785223 51505
1 03145U 68014B   06255.87500000  .00000000  00000-0  00000+0 0  9999
2 03145 051.9254 129.6967 5328532 046.9627 355.8593 00.38780854 51505
1 03145U 68014B   06255.87500000 -.00000441  00000-0  00000+0 0  9999
2 03145 051.9254 129.6967 5328532 046.9627 355.8593 00.38780902 51509
1 03145U 68014B   06255.87500000 -.00000441 +00000-0 +00000-0 0  9990
2 03145 051.9254 129.6967 5328532 046.9627 355.8593 00.38780902051509
1 03145U 68014B   06258.45833333 +.00000000 +00000-0 +00000-0 0  9995
2 03145 051.9448 129.6991 5334664 046.9767 356.5095 00.38784154051518
1 03145U 68014B   06261.04166667 +.00000000 +00000-0 +00000-0 0  9993
2 03145 051.9545 129.6987 5342888 047.0560 357.0124 00.38787454051516
1 03145U 68014B   06263.62500000 -.00000243 +00000-0 +00000-0 0  9992
2 03145 051.8044 129.4734 5318319 046.9599 358.2677 00.38774243051517
1 03145U 68014B   06266.20833333 -.00000130 +00000-0 +00000-0 0  9992
2 03145 051.8032 129.4442 5321879 047.0079 358.8941 00.38777136051525
1 03145U 68014B   06268.75000000 -.00000080 +00000-0 +00000-0 0  9995
2 03145 051.8051 129.4207 5325085 047.0691 353.6582 00.38779487051534
1 03145U 68014B   06271.28719550  .00000000  00000-0  10000-3 0  9999
2 03145 051.7829 129.3801 5337928 047.1521 347.7386 00.38773568 51548
1 03145U 68014B   06271.33333333 -.00000094 +00000-0 +00000-0 0  9996
2 03145 051.7941 129.3734 5328560 047.1309 354.2647 00.38777315051541
1 03145U 68014B   06273.95833333 -.00000112 +00000-0 +00000-0 0  9992
2 03145 051.7836 129.3396 5334302 047.1432 000.7876 00.38772986051553
1 03145U 68014B   06276.50000000 -.00000044 +00000-0 +00000-0 0  9997
2 03145 051.8079 129.3472 5346829 047.1719 355.5827 00.38780817051563
1 03145U 68014B   06279.08333333 +.00000032 +00000-0 +00000-0 0  9997
2 03145 051.7735 129.2921 5357477 047.3313 355.9867 00.38782892051576
1 03145U 68014B   06281.70833333 -.00000043 +00000-0 +00000-0 0  9997
2 03145 051.7502 129.2418 5360408 047.3933 002.4570 00.38778235051587
1 03145U 68014B   06284.25000000 -.00000176 +00000-0 +00000-0 0  9994
2 03145 051.7718 129.2330 5367580 047.4243 357.2638 00.38780414051591
1 03145U 68014B   06286.83333333 -.00000164 +00000-0 +00000-0 0  9995
2 03145 051.7693 129.2100 5375695 047.4816 357.8378 00.38778328051600
1 03145U 68014B   06289.41666667 -.00000012 +00000-0 +00000-0 0  9993
2 03145 051.7565 129.1828 5380740 047.5215 358.4683 00.38775370051616
1 03145U 68014B   06292.00000000 +.00000137 +00000-0 +00000-0 0  9992
2 03145 051.7570 129.1683 5383998 047.5488 359.1167 00.38776782051625
1 03145U 68014B   06294.54166667 +.00000222 +00000-0 +00000-0 0  9990
2 03145 051.7662 129.1528 5387262 047.5947 353.9044 00.38779379051635
1 03145U 68014B   06297.12500000 +.00000244 +00000-0 +00000-0 0  9994
2 03145 051.7641 129.1190 5390697 047.6598 354.4861 00.38779922051644
1 03145U 68014B   06299.75000000 +.00000213 +00000-0 +00000-0 0  9996
2 03145 051.7542 129.0692 5394986 047.7086 000.9455 00.38776037051655
1 03145U 68014B   06302.29166667 +.00000221 +00000-0 +00000-0 0  9991
2 03145 051.7660 129.0515 5403327 047.7103 355.8286 00.38775350051662
1 03145U 68014B   06304.87500000 +.00000306 +00000-0 +00000-0 0  9994
2 03145 051.7762 129.0482 5416999 047.7913 356.3270 00.38784456051673
1 03145U 68014B   06307.50000000 +.00000321 +00000-0 +00000-0 0  9999
2 03145 051.7332 128.9786 5423523 047.9273 002.6395 00.38781441051684
1 03145U 68014B   06310.04166667 +.00000182 +00000-0 +00000-0 0  9999
2 03145 051.7373 128.9480 5427790 047.9630 357.4899 00.38779571051699
1 03145U 68014B   06312.62500000 +.00000069 +00000-0 +00000-0 0  9992
2 03145 051.7529 128.9362 5436497 048.0051 358.0826 00.38780685051701
1 03145U 68014B   06315.16666667 +.00000129 +00000-0 +00000-0 0  9993
2 03145 051.7436 128.9093 5443880 048.0583 352.8553 00.38777663051715
1 03145U 68014B   06317.75000000 +.00000274 +00000-0 +00000-0 0  9994
2 03145 051.7357 128.8877 5448254 048.0911 353.4957 00.38776382051724
1 03145U 68014B   06320.33333333 +.00000375 +00000-0 +00000-0 0  9992
2 03145 051.7415 128.8770 5451696 048.1232 354.1264 00.38778485051738
1 03145U 68014B   06322.95833333 +.00000409 +00000-0 +00000-0 0  9995
2 03145 051.7452 128.8557 5455341 048.1823 000.5292 00.38781186051745
1 03145U 68014B   06325.54166667 +.00000377 +00000-0 +00000-0 0  9996
2 03145 051.7385 128.8122 5459270 048.2423 001.1299 00.38779291051759
1 03145U 68014B   06328.12500000 +.00000324 +00000-0 +00000-0 0  9998
2 03145 051.7364 128.7716 5465339 048.2632 001.8132 00.38774626051760
1 03145U 68014B   06330.70833333 +.00000344 +00000-0 +00000-0 0  9995
2 03145 051.7560 128.7715 5477316 048.2840 002.4430 00.38778645051770
1 03145U 68014B   06335.79166667 +.00000317 +00000-0 +00000-0 0  9998
2 03145 051.7111 128.6757 5492876 048.4964 351.8468 00.38779930051796
1 03145U 68014B   06338.37500000 +.00000124 +00000-0 +00000-0 0  9994
2 03145 051.7271 128.6580 5499548 048.5284 352.4848 00.38780754051803
1 03145U 68014B   06340.95833333 +.00000041 +00000-0 +00000-0 0  9997
2 03145 051.7313 128.6383 5508798 048.5784 353.0638 00.38779572051815
1 03145U 68014B   06343.54166667 +.00000124 +00000-0 +00000-0 0  9996
2 03145 051.7219 128.6089 5515395 048.6268 353.6718 00.38776665051828
1 03145U 68014B   06346.12500000 +.00000229 +00000-0 +00000-0 0  9992
2 03145 051.7199 128.5933 5519515 048.6582 354.3079 00.38776963051839
1 03145U 68014B   06348.75000000 +.00000270 +00000-0 +00000-0 0  9994
2 03145 051.7225 128.5816 5523370 048.7028 000.7328 00.38779555051849
1 03145U 68014B   06351.29166667 +.00000248 +00000-0 +00000-0 0  9994
2 03145 051.7207 128.5513 5527446 048.7643 355.4953 00.38780770051850
1 03145U 68014B   06353.87500000 +.00000172 +00000-0 +00000-0 0  9999
2 03145 051.7103 128.5009 5532126 048.8133 356.1293 00.38776776051868
1 03145U 68014B   06356.45833333 +.00000115 +00000-0 +00000-0 0  9991
2 03145 051.7186 128.4775 5540621 048.8203 356.8228 00.38775702051879
1 03145U 68014B   06359.00000000 +.00000141 +00000-0 +00000-0 0  9991
2 03145 051.7294 128.4724 5554961 048.8904 351.5183 00.38783668051886
1 03145U 68014B   06361.58333333 +.00000139 +00000-0 +00000-0 0  9992
2 03145 051.6870 128.4095 5562853 049.0188 352.0074 00.38780635051899
1 03145U 68014B   06364.20833333 -.00000030 +00000-0 +00000-0 0  9990
2 03145 051.6825 128.3733 5567241 049.0690 358.4683 00.38779710051901
1 03145U 68014B   07001.75000000 -.00000223 +00000-0 +00000-0 0  9990
2 03145 051.6965 128.3580 5575721 049.1107 353.2486 00.38780461051912
1 03145U 68014B   07004.33333333 -.00000249 +00000-0 +00000-0 0  9993
2 03145 051.6893 128.3302 5584250 049.1654 353.8308 00.38777603051922
1 03145U 68014B   07006.91666667 -.00000151 +00000-0 +00000-0 0  9990
2 03145 051.6791 128.3060 5589720 049.2058 354.4537 00.38775558051935
1 03145U 68014B   07009.50000000 -.00000080 +00000-0 +00000-0 0  9992
2 03145 051.6818 128.2923 5593720 049.2456 355.0780 00.38777419051945
1 03145U 68014B   07012.08333333 -.00000076 +00000-0 +00000-0 0  9992
2 03145 051.6858 128.2741 5597978 049.3010 355.6607 00.38780108051957
1 03145U 68014B   07014.66666667 -.00000128 +00000-0 +00000-0 0  9995
2 03145 051.6765 128.2300 5602339 049.3687 356.2457 00.38779262051963
1 03145U 68014B   07017.25000000 -.00000208 +00000-0 +00000-0 0  9995
2 03145 051.6670 128.1788 5607857 049.4016 356.9203 00.38773641051976
1 03145U 68014B   07019.83333333 -.00000230 +00000-0 +00000-0 0  9994
2 03145 051.6676 128.1861 5618941 049.3833 357.5937 00.38777202051985
1 03145U 68014B   07022.37500000 -.00000187 +00000-0 +00000-0 0  9995
2 03145 051.6492 128.1504 5632974 049.5087 352.2018 00.38783275051990
1 03145U 68014B   07024.95833333 -.00000241 +00000-0 +00000-0 0  9990
2 03145 051.6100 128.0836 5637432 049.6033 352.7941 00.38778137052003
1 03145U 68014B   07027.54166667 -.00000440 +00000-0 +00000-0 0  9998
2 03145 051.6236 128.0658 5643533 049.6372 353.4321 00.38780043052010
1 03145U 68014B   07030.12500000 -.00000573 +00000-0 +00000-0 0  9996
2 03145 051.6274 128.0431 5652669 049.6920 354.0044 00.38779145052021
1 03145U 68014B   07032.70833333 -.00000517 +00000-0 +00000-0 0  9998
2 03145 051.6289 127.9978 5659752 049.7622 354.5979 00.38775475052036
1 03145U 68014B   07035.29166667 -.00000399 +00000-0 +00000-0 0  9992
2 03145 051.6228 127.9777 5664186 049.7965 355.2332 00.38775017052047
1 03145U 68014B   07037.87500000 -.00000339 +00000-0 +00000-0 0  9995
2 03145 051.6270 127.9644 5668228 049.8386 355.8414 00.38777617052052
1 03145U 68014B   07040.45833333 -.00000338 +00000-0 +00000-0 0  9990
2 03145 051.6247 127.9344 5672561 049.9033 356.4160 00.38779389052062
1 03145U 68014B   07043.04166667 -.00000382 +00000-0 +00000-0 0  9996
2 03145 051.5998 127.8890 5676683 049.9540 357.0295 00.38776096052070
1 03145U 68014B   07043.04166667 -.00000382 +00000-0 +00000-0 0  9996
2 03145 051.6004 127.8836 5676637 049.9552 357.0305 00.38776406052078
1 03145U 68014B   07045.58333333 -.00000421 +00000-0 +00000-0 0  9997
2 03145 051.5975 127.8434 5683063 049.9656 351.9281 00.38772613052087
1 03145U 68014B   07048.16666667 -.00000379 +00000-0 +00000-0 0  9995
2 03145 051.6176 127.8460 5697562 049.9999 352.5207 00.38780993052095
1 03145U 68014B   07050.75000000 -.00000321 +00000-0 +00000-0 0  9993
2 03145 051.5698 127.7724 5708605 050.1493 352.9551 00.38780643052109
1 03145U 68014B   07053.33333333 -.00000415 +00000-0 +00000-0 0  9992
2 03145 051.5528 127.7224 5712156 050.2024 353.6203 00.38777599052112
1 03145U 68014B   07058.50000000 -.00000617 +00000-0 +00000-0 0  9992
2 03145 051.5725 127.6743 5728591 050.2967 354.8061 00.38777068052130
1 03145U 68014B   07061.08333333 -.00000484 +00000-0 +00000-0 0  9999
2 03145 051.5575 127.6433 5733908 050.3371 355.4372 00.38774646052149
1 03145U 68014B   07063.66666667 -.00000353 +00000-0 +00000-0 0  9999
2 03145 051.5569 127.6273 5737798 050.3671 356.0774 00.38775692052154
1 03145U 68014B   07066.29166667 -.00000292 +00000-0 +00000-0 0  9998
2 03145 051.5597 127.6093 5741973 050.4200 002.4874 00.38779095052169
1 03145U 68014B   07068.83333333 -.00000282 +00000-0 +00000-0 0  9995
2 03145 051.5515 127.5669 5746089 050.4851 357.2559 00.38779060052176
1 03145U 68014B   07071.41666667 -.00000302 +00000-0 +00000-0 0  9995
2 03145 051.5365 127.5097 5750313 050.5233 357.9176 00.38774479052186
1 03145U 68014B   07074.00000000 -.00000281 +00000-0 +00000-0 0  9992
2 03145 051.5455 127.4888 5759095 050.5176 358.6426 00.38772090052199
1 03145U 68014B   07076.54166667 -.00000184 +00000-0 +00000-0 0  9997
2 03145 051.5513 127.4795 5774530 050.5907 353.3331 00.38784037052207
1 03145U 68014B   07079.12500000 -.00000147 +00000-0 +00000-0 0  9996
2 03145 051.4964 127.3898 5781557 050.7215 353.8581 00.38779580052210
1 03145U 68014B   07081.70833333 -.00000276 +00000-0 +00000-0 0  9994
2 03145 051.5030 127.3620 5786414 050.7489 354.5409 00.38779421052220
1 03145U 68014B   07084.33333333 -.00000395 +00000-0 +00000-0 0  9993
2 03145 051.5160 127.3473 5795862 050.7923 000.9396 00.38779802052231
1 03145U 68014B   07086.87500000 -.00000323 +00000-0 +00000-0 0  9992
2 03145 051.5016 127.3128 5803175 050.8446 355.7175 00.38776119052241
1 03145U 68014B   07089.45833333 -.00000155 +00000-0 +00000-0 0  9990
2 03145 051.4923 127.2875 5807425 050.8749 356.3673 00.38775394052258
1 03145U 68014B   07092.00000000 -.00000041 +00000-0 +00000-0 0  9996
2 03145 051.4977 127.2755 5811009 050.9021 351.1835 00.38777662052265
1 03145U 68014B   07094.58333333 +.00000008 +00000-0 +00000-0 0  9991
2 03145 051.4998 127.2494 5815122 050.9566 351.7737 00.38780109052270
1 03145U 68014B   07097.16666667 +.00000013 +00000-0 +00000-0 0  9993
2 03145 051.4883 127.1975 5819283 051.0147 352.3866 00.38778206052281
1 03145U 68014B   07099.75000000 +.00000010 +00000-0 +00000-0 0  9990
2 03145 051.4806 127.1485 5824757 051.0324 353.0912 00.38773379052298
1 03145U 68014B   07102.41666667 +.00000078 +00000-0 +00000-0 0  9999
2 03145 051.5071 127.1423 5836560 051.0314 005.4057 00.38777526052307
1 03145U 68014B   07104.95833333 +.00000178 +00000-0 +00000-0 0  9997
2 03145 051.4863 127.1036 5850446 051.1426 000.0475 00.38785486052319
1 03145U 68014B   07107.54166667 +.00000145 +00000-0 +00000-0 0  9998
2 03145 051.4501 127.0255 5855024 051.2316 000.6664 00.38779814052321
1 03145U 68014B   07110.12500000 -.00000016 +00000-0 +00000-0 0  9997
2 03145 051.4698 127.0130 5862197 051.2518 001.3259 00.38780426052333
1 03145U 68014B   07115.25000000 +.00000053 +00000-0 +00000-0 0  9991
2 03145 051.4547 126.9678 5877863 051.3388 356.6979 00.38776143052351
1 03145U 68014B   07117.79166667 +.00000199 +00000-0 +00000-0 0  9995
2 03145 051.4532 126.9508 5881586 051.3639 351.5322 00.38776973052361
1 03145U 68014B   07120.37500000 +.00000269 +00000-0 +00000-0 0  9994
2 03145 051.4611 126.9373 5885566 051.4012 352.1467 00.38779911052370
1 03145U 68014B   07122.95833333 +.00000281 +00000-0 +00000-0 0  9992
2 03145 051.4591 126.9017 5889893 051.4583 352.7403 00.38780310052384
1 03145U 68014B   07125.58333333 +.00000260 +00000-0 +00000-0 0  9996
2 03145 051.4468 126.8469 5894598 051.4988 359.2077 00.38776793052394
1 03145U 68014B   07128.12500000 +.00000262 +00000-0 +00000-0 0  9998
2 03145 051.4514 126.8178 5902260 051.4966 354.1114 00.38774277052408
1 03145U 68014B   07130.70833333 +.00000340 +00000-0 +00000-0 0  9990
2 03145 051.4643 126.8177 5916240 051.5288 354.6992 00.38781797052416
1 03145U 68014B   07135.91666667 +.00000263 +00000-0 +00000-0 0  9996
2 03145 051.4088 126.6991 5930855 051.7016 001.6689 00.38780484052436
1 03145U 68014B   07141.04166667 +.00000089 +00000-0 +00000-0 0  9998
2 03145 051.4205 126.6601 5949095 051.7784 357.0553 00.38778814052457
1 03145U 68014B   07146.20833333 +.00000307 +00000-0 +00000-0 0  9995
2 03145 051.4238 126.6316 5958497 051.8396 358.3193 00.38778487052474
1 03145U 68014B   07148.75000000 +.00000318 +00000-0 +00000-0 0  9996
2 03145 051.4289 126.6117 5962799 051.8850 353.1002 00.38780948052482
1 03145U 68014B   07151.33333333 +.00000286 +00000-0 +00000-0 0  9996
2 03145 051.4202 126.5645 5967448 051.9405 353.7099 00.38779154052495
1 03145U 68014B   07153.95833333 +.00000239 +00000-0 +00000-0 0  9999
2 03145 051.4088 126.5099 5973441 051.9641 000.2176 00.38774518052503
1 03145U 68014B   07156.50000000 +.00000247 +00000-0 +00000-0 0  9999
2 03145 051.4221 126.5001 5984474 051.9631 355.0871 00.38775598052515
1 03145U 68014B   07159.08333333 +.00000313 +00000-0 +00000-0 0  9997
2 03145 051.4095 126.4715 5998373 052.0466 355.5866 00.38783302052528
1 03145U 68014B   07161.66666667 +.00000276 +00000-0 +00000-0 0  9991
2 03145 051.3699 126.3978 6004475 052.1436 356.1628 00.38780782052530
1 03145U 68014B   07164.25000000 +.00000075 +00000-0 +00000-0 0  9999
2 03145 051.3787 126.3715 6010796 052.1735 356.8217 00.38780541052547
1 03145U 68014B   07166.83333333 -.00000076 +00000-0 +00000-0 0  9995
2 03145 051.3857 126.3493 6020970 052.2128 357.4113 00.38780115052550
1 03145U 68014B   07169.37500000 -.00000033 +00000-0 +00000-0 0  9997
2 03145 051.3718 126.3161 6028726 052.2608 352.1948 00.38776793052564
1 03145U 68014B   07171.95833333 +.00000074 +00000-0 +00000-0 0  9996
2 03145 051.3651 126.2941 6033404 052.2938 352.8304 00.38776110052577
1 03145U 68014B   07177.12500000 +.00000071 +00000-0 +00000-0 0  9990
2 03145 051.3683 126.2469 6042502 052.3871 354.0341 00.38779866052591
1 03145U 68014B   07179.66666667 +.00000012 +00000-0 +00000-0 0  9998
2 03145 051.3541 126.1897 6047231 052.4349 348.8582 00.38776723052602
1 03145U 68014B   07182.25000000 -.00000036 +00000-0 +00000-0 0  9997
2 03145 051.3539 126.1513 6054833 052.4412 349.5752 00.38773629052611
1 03145U 68014B   07184.83333333 -.00000009 +00000-0 +00000-0 0  9991
2 03145 051.3648 126.1451 6068960 052.4694 350.1770 00.38780265052624
1 03145U 68014B   07187.50000000 +.00000029 +00000-0 +00000-0 0  9991
2 03145 051.3257 126.0727 6080219 052.5871 002.3059 00.38781949052631
1 03145U 68014B   07190.04166667 -.00000092 +00000-0 +00000-0 0  9997
2 03145 051.3074 126.0184 6084684 052.6435 357.1387 00.38779173052644
1 03145U 68014B   07195.20833333 -.00000400 +00000-0 +00000-0 0  9994
2 03145 051.3150 125.9728 6102546 052.7259 358.3411 00.38778128052666
1 03145U 68014B   07200.33333333 -.00000232 +00000-0 +00000-0 0  9993
2 03145 051.2992 125.9233 6112900 052.8007 353.7779 00.38776330052688
1 03145U 68014B   07202.91666667 -.00000237 +00000-0 +00000-0 0  9993
2 03145 051.2995 125.9040 6117656 052.8451 354.3707 00.38778328052691
1 03145U 68014B   07205.45833333 -.00000282 +00000-0 +00000-0 0  9991
2 03145 051.2887 125.8553 6122144 052.9044 349.1534 00.38778435052707
1 03145U 68014B   07208.04166667 -.00000338 +00000-0 +00000-0 0  9990
2 03145 051.2739 125.7945 6127301 052.9388 349.8349 00.38773626052717
1 03145U 68014B   07210.70833333 -.00000350 +00000-0 +00000-0 0  9991
2 03145 051.2902 125.7778 6137751 052.9371 002.1772 00.38772919052729
1 03145U 68014B   07213.25000000 -.00000288 +00000-0 +00000-0 0  9991
2 03145 051.2802 125.7496 6152884 053.0115 356.8732 00.38782528052730
1 03145U 68014B   07215.83333333 -.00000284 +00000-0 +00000-0 0  9991
2 03145 051.2294 125.6605 6159502 053.1175 357.4463 00.38778804052748
1 03145U 68014B   07218.37500000 -.00000454 +00000-0 +00000-0 0  9999
2 03145 051.2345 125.6333 6164865 053.1455 352.2976 00.38779259052750
1 03145U 68014B   07220.95833333 -.00000637 +00000-0 +00000-0 0  9997
2 03145 051.2428 125.6121 6174427 053.1873 352.8834 00.38779219052762
1 03145U 68014B   07226.12500000 -.00000499 +00000-0 +00000-0 0  9990
2 03145 051.2092 125.5431 6187321 053.2770 354.1235 00.38774018052780
1 03145U 68014B   07228.66666667 -.00000435 +00000-0 +00000-0 0  9993
2 03145 051.2120 125.5271 6191446 053.3125 348.9278 00.38777104052789
1 03145U 68014B   07231.25000000 -.00000443 +00000-0 +00000-0 0  9994
2 03145 051.2087 125.4926 6196149 053.3682 349.5182 00.38778885052801
1 03145U 68014B   07233.83333333 -.00000472 +00000-0 +00000-0 0  9990
2 03145 051.1915 125.4303 6200707 053.4246 350.1459 00.38776096052810
1 03145U 68014B   07236.41666667 -.00000490 +00000-0 +00000-0 0  9996
2 03145 051.1830 125.3779 6206690 053.4382 350.8680 00.38771522052823
1 03145U 68014B   07238.98430200 -.00000440 +00000-0 +10000-3 0  9991
2 03145 051.1995 125.3721 6219859 053.4413 349.3455 00.38776748052837
1 03145U 68014B   07239.04166667 -.00000438 +00000-0 +00000-0 0  9995
2 03145 051.1994 125.3713 6220018 053.4423 357.3534 00.38776698052838
1 03145U 68014B   07241.58333333 -.00000345 +00000-0 +00000-0 0  9990
2 03145 051.1588 125.3022 6233555 053.5575 352.0129 00.38781565052841
1 03145U 68014B   07244.20833333 -.00000379 +00000-0 +10000-3 0  9998
2 03145 051.1256 125.2235 6238278 053.6274 358.4875 00.38777386052857
1 03145U 68014B   07246.75000000 -.00000558 +00000-0 +10000-3 0  9996
2 03145 051.1451 125.2130 6245803 053.6477 353.3134 00.38780248052869
1 03145U 68014B   07249.33333333 -.00000647 +00000-0 +10000-3 0  9990
2 03145 051.1416 125.1814 6255441 053.7000 353.8836 00.38778130052872
1 03145U 68014B   07251.91666667 -.00000536 +00000-0 +10000-3 0  9993
2 03145 051.1231 125.1403 6261749 053.7461 354.5033 00.38774021052883
1 03145U 68014B   07254.50000000 -.00000392 +00000-0 +10000-3 0  9994
2 03145 051.1198 125.1197 6265865 053.7744 355.1478 00.38775272052892
1 03145U 68014B   07257.08333333 -.00000338 +00000-0 +10000-3 0  9998
2 03145 051.1234 125.0983 6270357 053.8171 355.7541 00.38778791052900
1 03145U 68014B   07259.70833333 -.00000332 +00000-0 +10000-3 0  9998
2 03145 051.1128 125.0438 6275352 053.8856 002.1650 00.38779041052911
1 03145U 68014B   07262.29166667 -.00000331 +00000-0 +10000-3 0  9994
2 03145 051.0954 124.9761 6279974 053.9292 002.8304 00.38774832052920
1 03145U 68014B   07264.87500000 -.00000293 +00000-0 +10000-3 0  9990
2 03145 051.0992 124.9440 6288079 053.9252 003.5694 00.38769759052931
1 03145U 68014B   07267.41666667 -.00000182 +00000-0 +10000-3 0  9992
2 03145 051.1065 124.9359 6303147 053.9556 358.3493 00.38780441052943
1 03145U 68014B   07270.00000000 -.00000090 +00000-0 +10000-3 0  9992
2 03145 051.0499 124.8336 6313133 054.0832 358.8653 00.38781439052954
1 03145U 68014B   07275.08333333 -.00000327 +00000-0 +10000-3 0  9996
2 03145 051.0631 124.7764 6327204 054.1493 348.5325 00.38781611052969
1 03145U 68014B   07277.66666667 -.00000315 +00000-0 +10000-3 0  9998
2 03145 051.0491 124.7351 6336070 054.2060 349.1088 00.38777394052974
1 03145U 68014B   07278.70833333 -.00000255 +00000-0 +10000-3 0  9993
2 03145 051.0369 124.7146 6338237 054.2278 134.5258 00.38779607052983
1 03145U 68014B   07280.33333333 -.00000144 +00000-0 +10000-3 0  9997
2 03145 051.0252 124.7012 6341497 054.2473 001.3800 00.38774453052994
1 03145U 68014B   07282.87500000 -.00000022 +00000-0 +10000-3 0  9990
2 03145 051.0289 124.6848 6345445 054.2768 356.1973 00.38777533053001
1 03145U 68014B   07285.45833333 +.00000012 +00000-0 +10000-3 0  9993
2 03145 051.0312 124.6554 6350126 054.3267 356.7925 00.38780702053015
1 03145U 68014B   07289.45833333 +.00000029 +00000-0 +10000-3 0  9995
2 03145 051.0185 124.5672 6357797 054.4025 195.2137 00.38786617053020
1 03145U 68014B   07292.00000000 +.00000072 +00000-0 +10000-3 0  9995
2 03145 051.0257 124.5223 6366422 054.3986 190.0975 00.38789336053037
1 03145U 68014B   07295.75000000 +.00000247 +00000-0 +10000-3 0  9994
2 03145 051.0088 124.4838 6385928 054.4713 353.5326 00.38784386053059
1 03145U 68014B   07298.33333333 +.00000283 +00000-0 +10000-3 0  9999
2 03145 050.9589 124.3825 6392577 054.5768 354.1261 00.38780682053068
1 03145U 68014B   07300.91666667 +.00000138 +00000-0 +10000-3 0  9995
2 03145 050.9740 124.3602 6399191 054.5947 354.8108 00.38780778053072
1 03145U 68014B   07303.54166667 +.00000020 +00000-0 +10000-3 0  9992
2 03145 050.9772 124.3392 6410115 054.6391 001.2023 00.38781137053087
1 03145U 68014B   07306.08333333 +.00000105 +00000-0 +10000-3 0  9994
2 03145 050.9584 124.2950 6417617 054.6933 355.9781 00.38777157053091
1 03145U 68014B   07308.66666667 +.00000261 +00000-0 +10000-3 0  9992
2 03145 050.9535 124.2682 6421947 054.7248 356.6253 00.38776622053100
1 03145U 68014B   07311.25000000 +.00000324 +00000-0 +10000-3 0  9994
2 03145 050.9605 124.2514 6426410 054.7601 357.2391 00.38779797053112
1 03145U 68014B   07313.83333333 +.00000318 +00000-0 +10000-3 0  9991
2 03145 050.9631 124.2028 6431445 054.8203 357.8333 00.38781221053122
1 03145U 68014B   07316.41666667 +.00000307 +00000-0 +10000-3 0  9995
2 03145 050.9486 124.1369 6436460 054.8673 358.4845 00.38777771053131
1 03145U 68014B   07319.00000000 +.00000324 +00000-0 +10000-3 0  9995
2 03145 050.9465 124.0935 6443937 054.8718 359.2109 00.38772781053142
1 03145U 68014B   07321.58333333 +.00000409 +00000-0 +10000-3 0  9993
2 03145 050.9428 124.0703 6453418 054.9032 359.8527 00.38780203053158
1 03145U 68014B   07324.12500000 +.00000499 +00000-0 +10000-3 0  9992
2 03145 050.9158 124.0177 6469389 054.9825 354.5538 00.38784486053169
1 03145U 68014B   07326.70833333 +.00000428 +00000-0 +10000-3 0  9998
2 03145 050.8908 123.9428 6474717 055.0501 355.2063 00.38780939053173
1 03145U 68014B   07329.29166667 +.00000226 +00000-0 +10000-3 0  9990
2 03145 050.9101 123.9302 6483741 055.0695 355.8506 00.38782582053186
1 03145U 68014B   07331.83333333 +.00000150 +00000-0 +10000-3 0  9995
2 03145 050.9059 123.8985 6494423 055.1195 350.6028 00.38780687053196
1 03145U 68014B   07337.04166667 +.00000347 +00000-0 +10000-3 0  9996
2 03145 050.8881 123.8370 6505544 055.2008 357.6593 00.38778369053218
1 03145U 68014B   07339.58333333 +.00000332 +00000-0 +10000-3 0  9997
2 03145 050.8931 123.8136 6510532 055.2441 352.4384 00.38780818053222
1 03145U 68014B   07342.08333333 +.00000282 +00000-0 +10000-3 0  9990
2 03145 050.8804 123.7560 6515516 055.3046 341.4125 00.38779210053225
1 03145U 68014B   07344.62500000 +.00000243 +00000-0 +10000-3 0  9996
2 03145 050.8670 123.6927 6521243 055.3363 336.2844 00.38775883053231
1 03145U 68014B   07347.20833333 +.00000248 +00000-0 +10000-3 0  9996
2 03145 050.8745 123.6675 6531415 055.3339 336.9942 00.38777453053241
1 03145U 68014B   07352.50000000 +.00000337 +00000-0 +10000-3 0  9991
2 03145 050.8192 123.5469 6555191 055.4890 355.5696 00.38781885053277
1 03145U 68014B   07355.04166667 +.00000163 +00000-0 +10000-3 0  9992
2 03145 050.8175 123.5041 6561325 055.5277 350.4155 00.38780787053285
1 03145U 68014B   07357.62500000 -.00000053 +00000-0 +10000-3 0  9990
2 03145 050.8256 123.4774 6571772 055.5635 351.0154 00.38781386053295
1 03145U 68014B   07360.20833333 -.00000079 +00000-0 +10000-3 0  9994
2 03145 050.8109 123.4348 6581306 055.6198 351.5937 00.38778460053303
1 03145U 68014B   07362.79166667 +.00000018 +00000-0 +10000-3 0  9991
2 03145 050.7988 123.4008 6587025 055.6640 352.2114 00.38776526053313
1 03145U 68014B   07365.41666667 +.00000038 +00000-0 +10000-3 0  9990
2 03145 050.8008 123.3820 6591897 055.7067 358.6403 00.38779156053328
1 03145U 68014B   08002.95833333 -.00000028 +00000-0 +10000-3 0  9994
2 03145 050.7975 123.3424 6597326 055.7620 353.4102 00.38780384053333
1 03145U 68014B   08005.54166667 -.00000099 +00000-0 +10000-3 0  9999
2 03145 050.7803 123.2727 6602786 055.8177 354.0428 00.38777397053342
1 03145U 68014B   08008.12500000 -.00000139 +00000-0 +10000-3 0  9994
2 03145 050.7711 123.2178 6609986 055.8316 354.7570 00.38773184053350
1 03145U 68014B   08010.66666667 -.00000112 +00000-0 +10000-3 0  9999
2 03145 050.7789 123.2029 6623288 055.8416 349.5950 00.38777265053361
1 03145U 68014B   08013.33333333 -.00000045 +00000-0 +10000-3 0  9992
2 03145 050.6937 123.1694 6636000 055.8929 001.7488 00.38781792053371
1 03145U 68014B   08015.87500000 -.00000109 +00000-0 +10000-3 0  9991
2 03145 050.6615 123.0898 6641624 055.9676 356.5677 00.38779744053383
1 03145U 68014B   08018.45833333 -.00000339 +00000-0 +10000-3 0  9991
2 03145 050.7192 123.0323 6649837 056.0347 357.2054 00.38781000053394
1 03145U 68014B   08020.58333333 -.00000485 +00000-0 +10000-3 0  9995
2 03145 050.7181 123.0018 6658871 056.0785 293.7948 00.38781067053396
1 03145U 68014B   08023.58333333 -.00000446 +00000-0 +10000-3 0  9995
2 03145 050.6976 122.9507 6667735 056.1387 352.5627 00.38775848053417
1 03145U 68014B   08026.16666667 -.00000358 +00000-0 +10000-3 0  9993
2 03145 050.6922 122.9238 6672858 056.1801 353.1796 00.38776371053429
1 03145U 68014B   08028.75000000 -.00000376 +00000-0 +10000-3 0  9993
2 03145 050.6955 122.8889 6678065 056.2337 353.7776 00.38779490053437
1 03145U 68014B   08031.33333333 -.00000443 +00000-0 +10000-3 0  9994
2 03145 050.6819 122.8281 6683476 056.2986 354.3746 00.38779152053444
1 03145U 68014B   08033.91666667 -.00000488 +00000-0 +10000-3 0  9998
2 03145 050.6622 122.7485 6688911 056.3473 355.0427 00.38773892053452
1 03145U 68014B   08036.45833333 -.00000483 +00000-0 +10000-3 0  9991
2 03145 050.6640 122.7128 6697901 056.3479 349.9539 00.38771936053454
1 03145U 68014B   08036.45833333 -.00000483 +00000-0 +10000-3 0  9991
2 03145 050.6640 122.7128 6697901 056.3479 349.9538 00.38771937053454
1 03145U 68014B   08039.04166667 -.00000404 +00000-0 +10000-3 0  9991
2 03145 050.6581 122.6819 6713200 056.3918 350.5353 00.38780071053477
1 03145U 68014B   08041.66666667 -.00000338 +00000-0 +10000-3 0  9993
2 03145 050.5970 122.5778 6722606 056.4989 356.9120 00.38779464053487
1 03145U 68014B   08044.20833333 -.00000448 +00000-0 +10000-3 0  9994
2 03145 050.5883 122.5273 6727865 056.5402 351.7744 00.38779384053490
1 03145U 68014B   08046.79166667 -.00000658 +00000-0 +10000-3 0  9992
2 03145 050.5988 122.5035 6737498 056.5768 352.3735 00.38780672053501
1 03145U 68014B   08049.41666667 -.00000702 +00000-0 +10000-3 0  9999
2 03145 050.5856 122.4446 6746591 056.6419 358.7691 00.38776308053511
1 03145U 68014B   08051.95833333 -.00000578 +00000-0 +10000-3 0  9998
2 03145 050.5707 122.4049 6752212 056.6864 353.5745 00.38774335053528
1 03145U 68014B   08056.66666667 -.00000510 +00000-0 +10000-3 0  9991
2 03145 050.5653 122.3443 6761334 056.7799 290.7945 00.38776119053535
1 03145U 68014B   08059.25000000 -.00000543 +00000-0 +10000-3 0  9998
2 03145 050.5434 122.2692 6766209 056.8449 291.4206 00.38775542053544
1 03145U 68014B   08062.29166667 -.00000534 +00000-0 +10000-3 0  9998
2 03145 050.5271 122.1867 6773109 056.8794 356.1167 00.38770928053566
1 03145U 68014B   08064.83333333 -.00000460 +00000-0 +10000-3 0  9994
2 03145 050.5349 122.1684 6784529 056.8737 351.0122 00.38772670053565
1 03145U 68014B   08067.45833333 -.00000325 +00000-0 +10000-3 0  9990
2 03145 050.5048 122.0997 6799457 056.9529 357.3625 00.38781434053580
1 03145U 68014B   08070.00000000 -.00000278 +00000-0 +10000-3 0  9999
2 03145 050.4545 121.9881 6805304 057.0473 352.1860 00.38778570053592
1 03145U 68014B   08072.58333333 -.00000421 +00000-0 +10000-3 0  9992
2 03145 050.4669 121.9637 6812277 057.0679 352.8620 00.38780527053601
1 03145U 68014B   08080.37500000 -.00000322 +00000-0 +10000-3 0  9995
2 03145 050.4383 121.8449 6834574 057.2102 000.4907 00.38776199053638
1 03145U 68014B   08082.91666667 -.00000265 +00000-0 +10000-3 0  9995
2 03145 050.4410 121.8183 6839469 057.2534 355.2769 00.38779773053640
1 03145U 68014B   08085.50000000 -.00000279 +00000-0 +10000-3 0  9991
2 03145 050.4296 121.7570 6844618 057.3183 355.8734 00.38780490053651
1 03145U 68014B   08088.12500000 -.00000269 +00000-0 +10000-3 0  9996
2 03145 050.4084 121.6747 6849386 057.3677 002.3600 00.38775774053662
1 03145U 68014B   08090.66666667 -.00000210 +00000-0 +10000-3 0  9996
2 03145 050.4041 121.6250 6856433 057.3704 357.2922 00.38770814053676
1 03145U 68014B   08093.25000000 -.00000079 +00000-0 +10000-3 0  9990
2 03145 050.4095 121.6096 6870291 057.3783 357.9548 00.38776932053687
1 03145U 68014B   08095.83333333 +.00000063 +00000-0 +10000-3 0  9996
2 03145 050.3603 121.5060 6882444 057.4848 358.4940 00.38782606053695
1 03145U 68014B   08098.37500000 +.00000048 +00000-0 +10000-3 0  9998
2 03145 050.3359 121.4237 6887169 057.5437 353.3730 00.38779849053700
1 03145U 68014B   08100.95833333 -.00000118 +00000-0 +10000-3 0  9993
2 03145 050.3566 121.4131 6896344 057.5604 354.0161 00.38782875053714
1 03145U 68014B   08103.62500000 -.00000173 +00000-0 +10000-3 0  9993
2 03145 050.3462 121.3686 6906606 057.6159 006.2204 00.38779645053728
1 03145U 68014B   08106.16666667 -.00000030 +00000-0 +10000-3 0  9999
2 03145 050.3270 121.3187 6912276 057.6644 001.0261 00.38776039053731
1 03145U 68014B   08108.75000000 +.00000098 +00000-0 +10000-3 0  9992
2 03145 050.3287 121.2964 6916699 057.6961 001.6573 00.38778485053746
1 03145U 68014B   08111.25000000 +.00000106 +00000-0 +10000-3 0  9991
2 03145 050.3311 121.2646 6921688 057.7423 350.6170 00.38781154053746
1 03145U 68014B   08113.83333333 +.00000085 +00000-0 +10000-3 0  9991
2 03145 050.3154 121.1913 6926654 057.8051 351.2369 00.38780059053754
1 03145U 68014B   08116.45833333 +.00000107 +00000-0 +10000-3 0  9992
2 03145 050.2990 121.1145 6932082 057.8385 357.7658 00.38774490053776
1 03145U 68014B   08119.00000000 +.00000188 +00000-0 +10000-3 0  9992
2 03145 050.3044 121.0880 6941606 057.8280 352.6916 00.38773034053783
1 03145U 68014B   08121.58333333 +.00000330 +00000-0 +10000-3 0  9995
2 03145 050.2941 121.0519 6956274 057.8687 353.2888 00.38782271053794
1 03145U 68014B   08126.79166667 +.00000303 +00000-0 +10000-3 0  9997
2 03145 050.2425 120.8867 6971036 058.0074 000.3996 00.38781064053812
1 03145U 68014B   08129.33333333 +.00000128 +00000-0 +10000-3 0  9991
2 03145 050.2568 120.8718 6981756 058.0338 355.1883 00.38783485053824
1 03145U 68014B   08131.95833333 +.00000140 +00000-0 +10000-3 0  9991
2 03145 050.2405 120.8209 6990962 058.0912 001.5788 00.38779356053835
1 03145U 68014B   08134.50000000 +.00000278 +00000-0 +10000-3 0  9994
2 03145 050.2279 120.7814 6995791 058.1324 356.3936 00.38777542053840
1 03145U 68014B   08137.08333333 +.00000327 +00000-0 +10000-3 0  9993
2 03145 050.2335 120.7613 7000537 058.1661 357.0095 00.38780804053850
1 03145U 68014B   08139.66666667 +.00000275 +00000-0 +10000-3 0  9990
2 03145 050.2284 120.7141 7006002 058.2211 357.6033 00.38781816053867
1 03145U 68014B   08142.20833333 +.00000237 +00000-0 +10000-3 0  9998
2 03145 050.2090 120.6331 7010998 058.2756 352.4399 00.38778320053870
1 03145U 68014B   08144.79166667 +.00000253 +00000-0 +10000-3 0  9991
2 03145 050.2006 120.5752 7017966 058.2869 353.1763 00.38773301053888
1 03145U 68014B   08147.37500000 +.00000336 +00000-0 +10000-3 0  9993
2 03145 050.2058 120.5563 7030336 058.2859 353.8675 00.38777194053894
1 03145U 68014B   08149.95833333 +.00000450 +00000-0 +10000-3 0  9994
2 03145 050.1707 120.4802 7043497 058.3664 354.4297 00.38783373053901
1 03145U 68014B   08152.58333333 +.00000434 +00000-0 +10000-3 0  9994
2 03145 050.1349 120.3825 7049825 058.4471 000.8958 00.38782122053913
1 03145U 68014B   08155.12500000 +.00000233 +00000-0 +10000-3 0  9991
2 03145 050.1477 120.3574 7057812 058.4657 355.7504 00.38782223053929
1 03145U 68014B   08157.70833333 +.00000075 +00000-0 +10000-3 0  9999
2 03145 050.1465 120.3221 7069054 058.5103 356.3307 00.38781846053932
1 03145U 68014B   08160.29166667 +.00000129 +00000-0 +10000-3 0  9996
2 03145 050.1243 120.2639 7076757 058.5704 356.9230 00.38778156053945
1 03145U 68014B   08162.83333333 +.00000219 +00000-0 +10000-3 0  9994
2 03145 050.1183 120.2328 7081331 058.6089 351.7329 00.38778298053954
1 03145U 68014B   08165.41666667 +.00000182 +00000-0 +10000-3 0  9999
2 03145 050.1204 120.2020 7086567 058.6528 352.3329 00.38781346053967
1 03145U 68014B   08168.00000000 +.00000087 +00000-0 +10000-3 0  9994
2 03145 050.1059 120.1333 7092077 058.7150 352.9403 00.38780330053978
1 03145U 68014B   08170.58333333 +.00000040 +00000-0 +10000-3 0  9997
2 03145 050.0856 120.0491 7097617 058.7590 353.6319 00.38775087053987
1 03145U 68014B   08173.16666667 +.00000057 +00000-0 +10000-3 0  9991
2 03145 050.0848 120.0062 7106097 058.7637 354.3647 00.38783497053994
1 03145U 68014B   08175.75000000 +.00000141 +00000-0 +10000-3 0  9995
2 03145 050.0758 119.9690 7121032 058.7947 354.9844 00.38778789054004
1 03145U 68014B   08178.33333333 +.00000205 +00000-0 +10000-3 0  9991
2 03145 050.0253 119.8586 7130525 058.8959 355.5722 00.38781947054011
1 03145U 68014B   08180.91666667 +.00000086 +00000-0 +10000-3 0  9994
2 03145 050.0112 119.7903 7136422 058.9474 356.2524 00.38780986054023
1 03145U 68014B   08183.50000000 -.00000158 +00000-0 +10000-3 0  9996
2 03145 050.0211 119.7624 7146170 058.9761 356.8788 00.38781719054037
1 03145U 68014B   08186.08333333 -.00000253 +00000-0 +10000-3 0  9996
2 03145 050.0056 119.7077 7156182 059.0354 357.4547 00.38779031054045
1 03145U 68014B   08188.66666667 -.00000171 +00000-0 +10000-3 0  9990
2 03145 049.9862 119.6556 7162298 059.0926 358.0607 00.38776433054056
1 03145U 68014B   08190.87500000 -.00000137 +00000-0 +10000-3 0  9996
2 03145 049.9884 119.6359 7165894 059.1301 306.3244 00.38777317054059
1 03145U 68014B   08198.95833333 -.00000360 +00000-0 +10000-3 0  9999
2 03145 049.9419 119.4109 7184051 059.2837 354.8159 00.38771139054098
1 03145U 68014B   08204.16666667 -.00000216 +00000-0 +10000-3 0  9994
2 03145 049.9057 119.2944 7209125 059.3691 001.9043 00.38779629054117
1 03145U 68014B   08206.70833333 -.00000206 +00000-0 +10000-3 0  9991
2 03145 049.8611 119.1836 7215149 059.4569 356.7388 00.38779744054121
1 03145U 68014B   08209.33333333 -.00000399 +00000-0 +10000-3 0  9991
2 03145 049.8652 119.1433 7222496 059.4882 003.2269 00.38779645054133
1 03145U 68014B   08211.87500000 -.00000605 +00000-0 +10000-3 0  9990
2 03145 049.8635 119.1013 7232484 059.5335 358.0022 00.38778824054147
1 03145U 68014B   08214.45833333 -.00000603 +00000-0 +10000-3 0  9993
2 03145 049.8417 119.0382 7240321 059.5968 358.5925 00.38776115054153
1 03145U 68014B   08217.04166667 -.00000503 +00000-0 +10000-3 0  9999
2 03145 049.8301 118.9965 7245481 059.6456 359.2067 00.38776085054167
1 03145U 68014B   08219.58333333 -.00000521 +00000-0 +10000-3 0  9996
2 03145 049.8276 118.9578 7250464 059.6958 353.9883 00.38778951054174
1 03145U 68014B   08224.75000000 -.00000672 +00000-0 +10000-3 0  9990
2 03145 049.7875 118.7847 7260740 059.8228 355.2760 00.38773528054191
1 03145U 68014B   08227.29166667 -.00000645 +00000-0 +10000-3 0  9994
2 03145 049.7824 118.7306 7268457 059.8301 350.2068 00.38769851054190
1 03145U 68014B   08229.95833333 -.00000540 +00000-0 +10000-3 0  9994
2 03145 049.7682 118.6872 7282828 059.8612 002.4809 00.38771962054210
1 03145U 68014B   08232.50000000 -.00000425 +00000-0 +10000-3 0  9998
2 03145 049.7154 118.5553 7292570 059.9720 357.2522 00.38779464054224
1 03145U 68014B   08235.08333333 -.00000461 +00000-0 +10000-3 0  9992
2 03145 049.6940 118.4725 7297598 060.0276 357.9540 00.38778614054234
1 03145U 68014B   08237.66666667 -.00000664 +00000-0 +10000-3 0  9992
2 03145 049.7047 118.4453 7306400 060.0547 358.5899 00.38780662054246
1 03145U 68014B   08240.20833333 -.00000772 +00000-0 +10000-3 0  9992
2 03145 049.6898 118.3847 7315613 060.1151 353.3533 00.38777180054253
1 03145U 68014B   08242.79166667 -.00000670 +00000-0 +10000-3 0  9994
2 03145 049.6692 118.3243 7321617 060.1726 353.9661 00.38774378054269
1 03145U 68014B   08245.41666667 -.00000568 +00000-0 +10000-3 0  9997
2 03145 049.6654 118.2870 7326769 060.2192 000.3951 00.38777251054272
1 03145U 68014B   08247.95833333 -.00000605 +00000-0 +10000-3 0  9996
2 03145 049.6582 118.2302 7332005 060.2814 355.1674 00.38779907054287
1 03145U 68014B   08253.12500000 -.00000646 +00000-0 +10000-3 0  9999
2 03145 049.6152 118.0399 7342359 060.3938 356.5271 00.38770921054303
1 03145U 68014B   08255.66666667 -.00000548 +00000-0 +10000-3 0  9993
2 03145 049.6169 118.0043 7352372 060.3910 351.4497 00.38772122054302
1 03145U 68014B   08260.87500000 -.00000267 +00000-0 +10000-3 0  9998
2 03145 049.5279 117.7764 7373621 060.5752 358.5044 00.38779149054330
1 03145U 68014B   08263.41666667 -.00000345 +00000-0 +10000-3 0  9990
2 03145 049.5319 117.7331 7379615 060.6002 353.3957 00.38780353054338
1 03145U 68014B   08266.04166667 -.00000515 +00000-0 +10000-3 0  9996
2 03145 049.5384 117.6977 7389976 060.6413 359.8081 00.38781163054353
1 03145U 68014B   08268.58333333 -.00000500 +00000-0 +10000-3 0  9997
2 03145 049.5141 117.6238 7397760 060.7105 354.5782 00.38776448054364
1 03145U 68014B   08271.16666667 -.00000335 +00000-0 +10000-3 0  9990
2 03145 049.5006 117.5732 7402649 060.7597 355.2039 00.38775312054373
1 03145U 68014B   08273.79166667 -.00000264 +00000-0 +10000-3 0  9997
2 03145 049.4997 117.5335 7407785 060.8128 001.6188 00.38780276054380
1 03145U 68014B   08276.33333333 -.00000309 +00000-0 +10000-3 0  9996
2 03145 049.4865 117.4563 7412958 060.8857 356.3935 00.38781694054399
1 03145U 68014B   08278.91666667 -.00000319 +00000-0 +10000-3 0  9992
2 03145 049.4609 117.3489 7417606 060.9538 357.0636 00.38776702054405
1 03145U 68014B   08281.54166667 -.00000236 +00000-0 +10000-3 0  9998
2 03145 049.4505 117.2769 7424395 060.9721 003.6344 00.38769840054413
1 03145U 68014B   08284.08333333 -.00000082 +00000-0 +10000-3 0  9995
2 03145 049.4496 117.2454 7436883 060.9783 358.5172 00.38773722054422
1 03145U 68014B   08286.66666667 +.00000103 +00000-0 +10000-3 0  9993
2 03145 049.4000 117.1167 7449340 061.0857 359.0983 00.38781955054433
1 03145U 68014B   08289.20833333 +.00000168 +00000-0 +10000-3 0  9993
2 03145 049.3634 116.9970 7454353 061.1680 353.9785 00.38780302054437
1 03145U 68014B   08291.79166667 +.00000035 +00000-0 +10000-3 0  9992
2 03145 049.3821 116.9775 7462634 061.1813 354.6541 00.38783000054455
1 03145U 68014B   08294.41666667 -.00000079 +00000-0 +10000-3 0  9998
2 03145 049.3751 116.9224 7473220 061.2417 001.0410 00.38782187054464
1 03145U 68014B   08296.95833333 +.00000022 +00000-0 +10000-3 0  9992
2 03145 049.3488 116.8464 7479561 061.3110 355.8252 00.38776908054470
1 03145U 68014B   08299.54166667 +.00000172 +00000-0 +10000-3 0  9995
2 03145 049.3447 116.8079 7484046 061.3536 356.4490 00.38778543054482
1 03145U 68014B   08304.75000000 +.00000111 +00000-0 +10000-3 0  9996
2 03145 049.3247 116.6630 7494596 061.4885 003.4647 00.38782331054506
1 03145U 68014B   08309.87500000 +.00000231 +00000-0 +10000-3 0  9992
2 03145 049.2976 116.5103 7508463 061.5456 359.1101 00.38771555054526
1 03145U 68014B   08312.41666667 +.00000393 +00000-0 +10000-3 0  9997
2 03145 049.2835 116.4568 7522058 061.5820 353.9354 00.38779789054535
1 03145U 68014B   08315.04166667 +.00000537 +00000-0 +10000-3 0  9994
2 03145 049.2285 116.3092 7531506 061.7003 000.3621 00.38783347054544
1 03145U 68014B   08317.58333333 +.00000495 +00000-0 +10000-3 0  9994
2 03145 049.2182 116.2315 7536947 061.7478 355.2587 00.38781711054554
1 03145U 68014B   08330.45833333 +.00000331 +00000-0 +10000-3 0  9999
2 03145 049.1824 115.9678 7572725 062.0192 352.4417 00.38783951054598
1 03145U 68014B   08333.04166667 +.00000245 +00000-0 +10000-3 0  9990
2 03145 049.1571 115.8578 7577911 062.0950 353.0861 00.38779519054617
1 03145U 68014B   08338.20833333 +.00000352 +00000-0 +10000-3 0  9993
2 03145 049.1380 115.7298 7595844 062.1334 354.5381 00.38774593054637
1 03145U 68014B   08340.75000000 +.00000483 +00000-0 +10000-3 0  9998
2 03145 049.1024 115.6323 7608590 062.2119 349.3231 00.38782134054631
1 03145U 68014B   08343.41666667 +.00000530 +00000-0 +10000-3 0  9994
2 03145 049.0553 115.4928 7615625 062.3177 001.6125 00.38782938054641
1 03145U 68014B   08345.95833333 +.00000365 +00000-0 +10000-3 0  9997
2 03145 049.0596 115.4441 7622841 062.3478 356.4855 00.38782713054664
1 03145U 68014B   08351.12500000 +.00000128 +00000-0 +10000-3 0  9992
2 03145 049.0319 115.3126 7642651 062.4757 357.6456 00.38779445054688
1 03145U 68014B   08353.66666667 +.00000212 +00000-0 +10000-3 0  9999
2 03145 049.0175 115.2556 7647606 062.5347 352.4362 00.38777950054683
1 03145U 68014B   08358.87500000 +.00000004 +00000-0 +10000-3 0  9994
2 03145 048.9983 115.1157 7658881 062.6678 359.4438 00.38781726054710
1 03145U 68014B   08364.04166667 -.00000064 +00000-0 +10000-3 0  9994
2 03145 048.9611 114.9285 7672530 062.7541 000.8676 00.38771048054733
1 03145U 68014B   08366.58333333 +.00000025 +00000-0 +10000-3 0  9997
2 03145 048.9468 114.8681 7685508 062.7907 355.7036 00.38777410054749
1 03145U 68014B   09005.75000000 +.00000063 +00000-0 +10000-3 0  9991
2 03145 048.8700 114.6204 7701303 062.9775 356.9990 00.38781532054767
1 03145U 68014B   09008.29166667 -.00000176 +00000-0 +10000-3 0  9991
2 03145 048.8757 114.5754 7710145 063.0125 351.8277 00.38781856054764
1 03145U 68014B   09013.50000000 -.00000319 +00000-0 +10000-3 0  9998
2 03145 048.8396 114.4181 7727395 063.1625 358.7996 00.38776904054792
1 03145U 68014B   09016.04166667 -.00000281 +00000-0 +10000-3 0  9990
2 03145 048.8311 114.3650 7732362 063.2226 353.5778 00.38778441054808
1 03145U 68014B   09018.66666667 -.00000408 +00000-0 +10000-3 0  9996
2 03145 048.8202 114.2934 7738012 063.2956 359.9775 00.38781630054811
1 03145U 68014B   09021.20833333 -.00000558 +00000-0 +10000-3 0  9992
2 03145 048.7931 114.1731 7743176 063.3837 354.7882 00.38778471054821
1 03145U 68014B   09023.79166667 -.00000599 +00000-0 +10000-3 0  9992
2 03145 048.7714 114.0647 7748990 063.4376 355.5102 00.38771368054836
1 03145U 68014B   09028.95833333 -.00000418 +00000-0 +10000-3 0  9996
2 03145 048.7281 113.8947 7772249 063.5416 356.8350 00.38777494054852
1 03145U 68014B   09034.12500000 -.00000467 +00000-0 +10000-3 0  9998
2 03145 048.6681 113.6659 7785319 063.7087 358.1798 00.38781324054871
1 03145U 68014B   09036.66666667 -.00000697 +00000-0 +10000-3 0  9996
2 03145 048.6656 113.6056 7794717 063.7609 352.9699 00.38780288054876
1 03145U 68014B   09039.29166667 -.00000763 +00000-0 +10000-3 0  9997
2 03145 048.6421 113.5097 7802831 063.8461 359.3663 00.38775737054891
1 03145U 68014B   09041.83333333 -.00000661 +00000-0 +10000-3 0  9993
2 03145 048.6249 113.4399 7808293 063.9162 354.1433 00.38775486054901
1 03145U 68014B   09044.41666667 -.00000656 +00000-0 +10000-3 0  9993
2 03145 048.6163 113.3753 7813585 063.9862 354.7245 00.38778987054913
1 03145U 68014B   09047.04166667 -.00000791 +00000-0 +10000-3 0  9990
2 03145 048.5943 113.2638 7818953 064.0808 001.1343 00.38780812054928
1 03145U 68014B   09049.58333333 -.00000869 +00000-0 +10000-3 0  9993
2 03145 048.5639 113.1295 7823506 064.1659 355.9941 00.38774711054939
1 03145U 68014B   09052.16666667 -.00000821 +00000-0 +10000-3 0  9998
2 03145 048.5504 113.0411 7830470 064.1992 356.7454 00.38768252054949
1 03145U 68014B   09054.75000000 -.00000684 +00000-0 +10000-3 0  9995
2 03145 048.5368 112.9746 7842305 064.2239 357.4251 00.38773376054958
1 03145U 68014B   09057.33333333 -.00000517 +00000-0 +10000-3 0  9995
2 03145 048.4780 112.8044 7852601 064.3531 358.0362 00.38778666054969
1 03145U 68014B   09059.91666667 -.00000462 +00000-0 +10000-3 0  9999
2 03145 048.4529 112.6831 7857696 064.4353 358.7437 00.38780612054979
1 03145U 68014B   09062.50000000 -.00000610 +00000-0 +10000-3 0  9996
2 03145 048.4503 112.6217 7865505 064.4810 359.4091 00.38781510054988
1 03145U 68014B   09062.50000000 -.00000610 +00000-0 +10000-3 0  9996
2 03145 048.4503 112.6217 7865505 064.4809 359.4091 00.38781510054986
1 03145U 68014B   09065.04166667 -.00000759 +00000-0 +10000-3 0  9994
2 03145 048.4354 112.5390 7874456 064.5533 354.1790 00.38778832054982
1 03145U 68014B   09070.25000000 -.00000553 +00000-0 +10000-3 0  9993
2 03145 048.4003 112.3822 7885814 064.6981 001.1984 00.38777138055016
1 03145U 68014B   09070.25000000 -.00000553 +00000-0 +10000-3 0  9993
2 03145 048.4003 112.3822 7885814 064.6981 001.1984 00.38777138055016
1 03145U 68014B   09072.79166667 -.00000582 +00000-0 +10000-3 0  9998
2 03145 048.3892 112.2989 7891075 064.7801 355.9562 00.38781473055022
1 03145U 68014B   09075.37500000 -.00000680 +00000-0 +10000-3 0  9997
2 03145 048.3590 112.1604 7895763 064.8844 356.5790 00.38779899055036
1 03145U 68014B   09077.91666667 -.00000669 +00000-0 +10000-3 0  9998
2 03145 048.3338 112.0334 7900338 064.9513 351.4927 00.38772389055037
1 03145U 68014B   09083.12500000 -.00000334 +00000-0 +10000-3 0  9995
2 03145 048.2973 111.8569 7922114 065.0439 358.7092 00.38777892055063
1 03145U 68014B   09085.66666667 -.00000156 +00000-0 +10000-3 0  9990
2 03145 048.2373 111.6655 7929348 065.1823 353.5466 00.38779312055062
1 03145U 68014B   09090.87500000 -.00000306 +00000-0 +10000-3 0  9994
2 03145 048.2339 111.5301 7943836 065.2763 000.7230 00.38784921055098
1 03145U 68014B   09093.41666667 -.00000353 +00000-0 +10000-3 0  9991
2 03145 048.2094 111.4288 7951866 065.3625 355.4903 00.38778897055103
1 03145U 68014B   09096.00000000 -.00000201 +00000-0 +10000-3 0  9994
2 03145 048.1893 111.3476 7956775 065.4310 356.1083 00.38776014055110
1 03145U 68014B   09098.58333333 -.00000105 +00000-0 +10000-3 0  9990
2 03145 048.1874 111.2929 7961807 065.4908 356.7031 00.38780973055125
1 03145U 68014B   09101.16666667 -.00000180 +00000-0 +10000-3 0  9991
2 03145 048.1722 111.1863 7966966 065.5846 357.2844 00.38784419055134
1 03145U 68014B   09103.75000000 -.00000242 +00000-0 +10000-3 0  9990
2 03145 048.1438 111.0446 7971191 065.6819 357.9499 00.38778495055142
1 03145U 68014B   09106.29166667 -.00000168 +00000-0 +10000-3 0  9991
2 03145 048.1282 110.9422 7976832 065.7227 352.8990 00.38772512055146
1 03145U 68014B   09108.87500000 +.00000006 +00000-0 +10000-3 0  9990
2 03145 048.1206 110.8806 7987995 065.7438 353.6271 00.38774064055159
1 03145U 68014B   09111.50000000 +.00000219 +00000-0 +10000-3 0  9995
2 03145 048.0731 110.7260 7999589 065.8577 000.0700 00.38781572055175
1 03145U 68014B   09114.04166667 +.00000342 +00000-0 +10000-3 0  9996
2 03145 048.0309 110.5588 8004795 065.9717 354.9557 00.38781734055172
1 03145U 68014B   09119.25000000 +.00000097 +00000-0 +10000-3 0  9999
2 03145 048.0337 110.4399 8021913 066.0574 002.0774 00.38784070055208
1 03145U 68014B   09121.79166667 +.00000126 +00000-0 +10000-3 0  9996
2 03145 048.0038 110.3295 8028612 066.1519 356.8496 00.38779450055211
1 03145U 68014B   09124.41666667 +.00000272 +00000-0 +10000-3 0  9995
2 03145 047.9926 110.2617 8033174 066.2153 003.2861 00.38779333055226
1 03145U 68014B   09126.95833333 +.00000263 +00000-0 +10000-3 0  9992
2 03145 047.9915 110.2013 8038335 066.2791 358.0535 00.38784346055236
1 03145U 68014B   09132.12500000 +.00000092 +00000-0 +10000-3 0  9990
2 03145 047.9414 109.9291 8047647 066.4624 359.3692 00.38776696055255
1 03145U 68014B   09134.66666667 +.00000188 +00000-0 +10000-3 0  9999
2 03145 047.9321 109.8509 8055451 066.4855 354.3218 00.38772395055252
1 03145U 68014B   09137.25000000 +.00000358 +00000-0 +10000-3 0  9999
2 03145 047.9141 109.7669 8067835 066.5355 354.9978 00.38779547055270
1 03145U 68014B   09137.29166667 +.00000361 +00000-0 +10000-3 0  9999
2 03145 047.9136 109.7653 8068005 066.5370 000.8148 00.38778155055274
1 03145U 68014B   09139.83333333 +.00000522 +00000-0 +10000-3 0  9996
2 03145 047.8588 109.5804 8076744 066.6723 355.6408 00.38783655055284
1 03145U 68014B   09142.41666667 +.00000538 +00000-0 +10000-3 0  9990
2 03145 047.8402 109.4649 8081927 066.7455 356.3648 00.38782890055292
1 03145U 68014B   09145.00000000 +.00000355 +00000-0 +10000-3 0  9998
2 03145 047.8496 109.4219 8090727 066.7744 357.0337 00.38786105055305
1 03145U 68014B   09147.54166667 +.00000209 +00000-0 +10000-3 0  9999
2 03145 047.8299 109.3253 8100368 066.8585 351.7895 00.38783473055305
1 03145U 68014B   09150.12500000 +.00000272 +00000-0 +10000-3 0  9990
2 03145 047.8002 109.2116 8106072 066.9573 352.3858 00.38779025055315
1 03145U 68014B   09152.75000000 +.00000339 +00000-0 +10000-3 0  9990
2 03145 047.7939 109.1491 8110702 067.0197 358.8121 00.38781466055335
1 03145U 68014B   09155.29166667 +.00000215 +00000-0 +10000-3 0  9997
2 03145 047.7841 109.0596 8116006 067.1018 353.5774 00.38784622055331
1 03145U 68014B   09160.50000000 +.00000028 +00000-0 +10000-3 0  9997
2 03145 047.7292 108.7712 8126071 067.2763 000.7762 00.38773416055368
1 03145U 68014B   09163.04166667 +.00000126 +00000-0 +10000-3 0  9990
2 03145 047.7191 108.6969 8136039 067.3033 355.6983 00.38774370055373
1 03145U 68014B   09165.66666667 +.00000273 +00000-0 +10000-3 0  9998
2 03145 047.6766 108.5509 8147802 067.4069 002.1555 00.38779861055389
1 03145U 68014B   09168.20833333 +.00000359 +00000-0 +10000-3 0  9992
2 03145 047.6273 108.3649 8153996 067.5391 357.0189 00.38782358055396
1 03145U 68014B   09170.79166667 +.00000252 +00000-0 +10000-3 0  9990
2 03145 047.6215 108.2752 8160080 067.5948 357.7348 00.38783016055404
1 03145U 68014B   09173.37500000 +.00000010 +00000-0 +10000-3 0  9992
2 03145 047.6194 108.2069 8169780 067.6494 358.3594 00.38784173055410
1 03145U 68014B   09175.91666667 -.00000087 +00000-0 +10000-3 0  9991
2 03145 047.5910 108.0843 8177947 067.7545 353.1124 00.38780024055418
1 03145U 68014B   09181.12500000 -.00000053 +00000-0 +10000-3 0  9992
2 03145 047.5607 107.9071 8187600 067.9216 000.1192 00.38781858055449
1 03145U 68014B   09183.66666667 -.00000257 +00000-0 +10000-3 0  9991
2 03145 047.5393 107.7747 8192535 068.0282 354.8981 00.38783038055455
1 03145U 68014B   09186.29166667 -.00000406 +00000-0 +10000-3 0  9994
2 03145 047.5086 107.6056 8196978 068.1370 001.4004 00.38776267055468
1 03145U 68014B   09188.83333333 -.00000390 +00000-0 +10000-3 0  9994
2 03145 047.4935 107.4963 8203616 068.1852 356.3438 00.38770599055474
1 03145U 68014B   09194.00000000 -.00000152 +00000-0 +10000-3 0  9998
2 03145 047.4190 107.1919 8224044 068.3900 357.6727 00.38779276055497
1 03145U 68014B   09196.54166667 -.00000136 +00000-0 +10000-3 0  9993
2 03145 047.3868 107.0358 8228868 068.4966 352.5711 00.38780901055499
1 03145U 68014B   09199.12500000 -.00000328 +00000-0 +10000-3 0  9996
2 03145 047.3868 106.9580 8236175 068.5488 353.2535 00.38782128055501
1 03145U 68014B   09201.75000000 -.00000554 +00000-0 +10000-3 0  9995
2 03145 047.3745 106.8531 8245397 068.6331 359.6668 00.38780058055523
1 03145U 68014B   09204.29166667 -.00000564 +00000-0 +10000-3 0  9990
2 03145 047.3471 106.7266 8251619 068.7418 354.4309 00.38776098055528
1 03145U 68014B   09206.91666667 -.00000501 +00000-0 +10000-3 0  9997
2 03145 047.3305 106.6286 8256176 068.8332 000.8395 00.38777203055542
1 03145U 68014B   09209.45833333 -.00000621 +00000-0 +10000-3 0  9998
2 03145 047.3169 106.5205 8260880 068.9294 355.6081 00.38781721055559
1 03145U 68014B   09212.04166667 -.00000831 +00000-0 +10000-3 0  9999
2 03145 047.2867 106.3481 8265181 069.0558 356.2380 00.38779007055565
1 03145U 68014B   09214.62500000 -.00000903 +00000-0 +10000-3 0  9998
2 03145 047.2610 106.1876 8269564 069.1494 356.9714 00.38771478055579
1 03145U 68014B   09217.16666667 -.00000822 +00000-0 +10000-3 0  9992
2 03145 047.2494 106.0911 8278096 069.1917 351.9055 00.38768974055578
1 03145U 68014B   09219.75000000 -.00000672 +00000-0 +10000-3 0  9995
2 03145 047.2093 105.9261 8289058 069.3059 352.5558 00.38775266055586
1 03145U 68014B   09222.33333333 -.00000545 +00000-0 +10000-3 0  9990
2 03145 047.1534 105.7035 8295090 069.4658 353.2383 00.38777751055597
1 03145U 68014B   09227.54166667 -.00000796 +00000-0 +10000-3 0  9990
2 03145 047.1365 105.4948 8308495 069.6130 000.4255 00.38780920055614
1 03145U 68014B   09230.08333333 -.00000917 +00000-0 +10000-3 0  9994
2 03145 047.1130 105.3632 8315716 069.7204 355.2028 00.38776219055626
1 03145U 68014B   09232.66666667 -.00000828 +00000-0 +10000-3 0  9990
2 03145 047.0910 105.2448 8320674 069.8237 355.7985 00.38774226055646
1 03145U 68014B   09235.25000000 -.00000786 +00000-0 +10000-3 0  9994
2 03145 047.0783 105.1401 8325367 069.9205 356.3802 00.38777873055659
1 03145U 68014B   09237.79166667 -.00000937 +00000-0 +10000-3 0  9995
2 03145 047.0553 104.9865 8329788 070.0457 351.1556 00.38780907055659
1 03145U 68014B   09240.37500000 -.00001079 +00000-0 +10000-3 0  9994
2 03145 047.0238 104.7941 8333424 070.1748 351.8367 00.38776027055664
1 03145U 68014B   09242.95833333 -.00001038 +00000-0 +10000-3 0  9993
2 03145 047.0050 104.6569 8338965 070.2448 352.6056 00.38769462055674
1 03145U 68014B   09245.54166667 -.00000870 +00000-0 +10000-3 0  9993
2 03145 046.9854 104.5383 8349371 070.3119 353.3230 00.38771030055683
1 03145U 68014B   09248.12500000 -.00000668 +00000-0 +10000-3 0  9998
2 03145 046.9296 104.3033 8358354 070.4803 353.9722 00.38776418055693
1 03145U 68014B   09250.70833333 -.00000541 +00000-0 +10000-3 0  9993
2 03145 046.8926 104.1036 8362722 070.6168 354.6991 00.38778540055709
1 03145U 68014B   09253.29166667 -.00000614 +00000-0 +10000-3 0  9990
2 03145 046.8933 104.0186 8369234 070.6735 355.4044 00.38782316055712
1 03145U 68014B   09255.91666667 -.00000782 +00000-0 +10000-3 0  9992
2 03145 046.8805 103.9001 8377431 070.7713 001.8308 00.38781437055728
1 03145U 68014B   09258.45833333 -.00000763 +00000-0 +10000-3 0  9999
2 03145 046.8532 103.7555 8383044 070.8893 356.6171 00.38775607055747
1 03145U 68014B   09261.04166667 -.00000609 +00000-0 +10000-3 0  9996
2 03145 046.8390 103.6495 8387522 070.9846 357.2194 00.38776384055751
1 03145U 68014B   09263.62500000 -.00000612 +00000-0 +10000-3 0  9999
2 03145 046.8259 103.5213 8392411 071.0983 357.7905 00.38782491055761
1 03145U 68014B   09266.20833333 -.00000758 +00000-0 +10000-3 0  9995
2 03145 046.7976 103.3256 8396310 071.2461 358.4057 00.38782194055773
1 03145U 68014B   09268.79166667 -.00000790 +00000-0 +10000-3 0  9996
2 03145 046.7701 103.1386 8400008 071.3613 359.1374 00.38774226055789
1 03145U 68014B   09271.33333333 -.00000641 +00000-0 +10000-3 0  9991
2 03145 046.7486 102.9912 8406094 071.4705 353.9293 00.38774230055782
1 03145U 68014B   09273.91666667 -.00000409 +00000-0 +10000-3 0  9998
2 03145 046.7215 102.8496 8418346 071.5341 354.7726 00.38777090055796
1 03145U 68014B   09276.50000000 -.00000183 +00000-0 +10000-3 0  9998
2 03145 046.6669 102.5831 8424774 071.7248 355.4519 00.38779129055803
1 03145U 68014B   09279.08333333 -.00000095 +00000-0 +10000-3 0  9994
2 03145 046.6531 102.4378 8429137 071.8203 356.2005 00.38782407055819
1 03145U 68014B   09281.66666667 -.00000204 +00000-0 +10000-3 0  9992
2 03145 046.6571 102.3605 8437067 071.8775 356.8664 00.38786943055838
1 03145U 68014B   09284.25000000 -.00000297 +00000-0 +10000-3 0  9995
2 03145 046.6305 102.2067 8444630 072.0033 357.4563 00.38781808055849
1 03145U 68014B   09289.41666667 -.00000039 +00000-0 +10000-3 0  9999
2 03145 046.6014 101.9682 8453606 072.2115 358.6628 00.38782298055862
1 03145U 68014B   09291.95833333 -.00000117 +00000-0 +10000-3 0  9994
2 03145 046.5864 101.8162 8458202 072.3410 353.4164 00.38785707055868
1 03145U 68014B   09294.54166667 -.00000244 +00000-0 +10000-3 0  9992
2 03145 046.5558 101.6010 8461520 072.4937 354.0734 00.38781173055874
1 03145U 68014B   09297.12500000 -.00000195 +00000-0 +10000-3 0  9997
2 03145 046.5346 101.4310 8466229 072.5886 354.8404 00.38773762055883
1 03145U 68014B   09298.75000000 -.00000078 +00000-0 +10000-3 0  9992
2 03145 046.5291 101.3569 8473117 072.6230 221.7506 00.38791258055891
1 03145U 68014B   09301.29166667 +.00000154 +00000-0 +10000-3 0  9992
2 03145 046.4805 101.1512 8482921 072.7595 216.6252 00.38783397055903
1 03145U 68014B   09303.87500000 +.00000372 +00000-0 +10000-3 0  9993
2 03145 046.4376 100.9185 8487997 072.9337 217.3451 00.38783546055919
1 03145U 68014B   09304.91666667 +.00000427 +00000-0 +10000-3 0  9992
2 03145 046.4326 100.8303 8490141 072.9967 002.7858 00.38783264055924
1 03145U 68014B   09307.45833333 +.00000416 +00000-0 +10000-3 0  9998
2 03145 046.4354 100.7364 8495819 073.0546 357.7057 00.38784892055936
1 03145U 68014B   09307.45833333 +.00000416 +00000-0 +10000-3 0  9998
2 03145 046.4354 100.7364 8495818 073.0546 357.7057 00.38784892055935
1 03145U 68014B   09310.04166667 +.00000259 +00000-0 +10000-3 0  9991
2 03145 046.4292 100.6334 8504743 073.1366 358.3274 00.38786432055942
1 03145U 68014B   09312.62500000 +.00000226 +00000-0 +10000-3 0  9994
2 03145 046.3975 100.4482 8511174 073.2866 358.9102 00.38782165055959
1 03145U 68014B   09315.16666667 +.00000365 +00000-0 +10000-3 0  9992
2 03145 046.3801 100.3234 8515029 073.3942 353.7063 00.38780213055951
1 03145U 68014B   09317.75000000 +.00000389 +00000-0 +10000-3 0  9998
2 03145 046.3756 100.2199 8519733 073.4908 354.2887 00.38786480055961
1 03145U 68014B   09320.37500000 +.00000209 +00000-0 +10000-3 0  9996
2 03145 046.3491 100.0227 8524047 073.6441 000.6932 00.38787169055974
1 03145U 68014B   09322.91666667 +.00000096 +00000-0 +10000-3 0  9994
2 03145 046.3187 099.8034 8527256 073.7883 355.5793 00.38779248055980
1 03145U 68014B   09325.54166667 +.00000183 +00000-0 +10000-3 0  9998
2 03145 046.3043 099.6536 8534022 073.8676 002.1730 00.38772887056008
1 03145U 68014B   09328.08333333 +.00000369 +00000-0 +10000-3 0  9992
2 03145 046.2769 099.4919 8544626 073.9720 357.0586 00.38778506056013
1 03145U 68014B   09330.66666667 +.00000552 +00000-0 +10000-3 0  9992
2 03145 046.2271 099.2191 8552190 074.1701 357.7291 00.38784093056027
1 03145U 68014B   09333.25000000 +.00000619 +00000-0 +10000-3 0  9997
2 03145 046.2048 099.0227 8556490 074.3037 358.4720 00.38784653056036
1 03145U 68014B   09335.79166667 +.00000482 +00000-0 +10000-3 0  9998
2 03145 046.2067 098.9296 8563670 074.3679 353.3525 00.38787399056038
1 03145U 68014B   09338.37500000 +.00000287 +00000-0 +10000-3 0  9991
2 03145 046.1882 098.7765 8572529 074.4912 353.9415 00.38786597056049
1 03145U 68014B   09341.00000000 +.00000288 +00000-0 +10000-3 0  9991
2 03145 046.1567 098.5850 8578058 074.6491 000.3384 00.38780454056054
1 03145U 68014B   09343.54166667 +.00000363 +00000-0 +10000-3 0  9998
2 03145 046.1449 098.4671 8581939 074.7543 355.1233 00.38781881056064
1 03145U 68014B   09346.12500000 +.00000231 +00000-0 +10000-3 0  9992
2 03145 046.1341 098.3242 8586807 074.8783 355.6985 00.38787585056082
1 03145U 68014B   09348.70833333 -.00000021 +00000-0 +10000-3 0  9994
2 03145 046.1043 098.0812 8590410 075.0572 356.3227 00.38784643056095
1 03145U 68014B   09351.29166667 -.00000114 +00000-0 +10000-3 0  9994
2 03145 046.0791 097.8686 8594450 075.1893 357.0645 00.38774870056100
1 03145U 68014B   09353.87500000 -.00000021 +00000-0 +10000-3 0  9990
2 03145 046.0629 097.7212 8603040 075.2721 357.8178 00.38773747056113
1 03145U 68014B   09356.41666667 +.00000127 +00000-0 +10000-3 0  9991
2 03145 046.0229 097.4881 8612953 075.4374 352.6668 00.38780372056116
1 03145U 68014B   09359.00000000 +.00000234 +00000-0 +10000-3 0  9991
2 03145 045.9799 097.2087 8618408 075.6402 353.3645 00.38782512056129
1 03145U 68014B   09361.62500000 +.00000177 +00000-0 +10000-3 0  9993
2 03145 045.9699 097.0424 8623467 075.7559 359.9160 00.38784765056133
1 03145U 68014B   09364.16666667 -.00000056 +00000-0 +10000-3 0  9994
2 03145 045.9659 096.9169 8631568 075.8492 354.7517 00.38784905056147
1 03145U 68014B   10001.75000000 -.00000231 +00000-0 +10000-3 0  9997
2 03145 045.9429 096.7227 8639080 076.0076 355.3278 00.38781763056165
1 03145U 68014B   10006.91666667 -.00000215 +00000-0 +10000-3 0  9999
2 03145 045.9088 096.4008 8647625 076.2833 356.4914 00.38782226056183
1 03145U 68014B   10009.50000000 -.00000462 +00000-0 +10000-3 0  9994
2 03145 045.8900 096.1956 8651996 076.4517 357.0755 00.38785306056194
1 03145U 68014B   10012.04166667 -.00000701 +00000-0 +10000-3 0  9995
2 03145 045.8632 095.9393 8655105 076.6330 351.9296 00.38778808056191
1 03145U 68014B   10014.62500000 -.00000728 +00000-0 +10000-3 0  9993
2 03145 045.8471 095.7480 8660262 076.7486 352.6942 00.38771438056200
1 03145U 68014B   10017.25000000 -.00000603 +00000-0 +10000-3 0  9992
2 03145 045.8223 095.5493 8669986 076.8766 359.2173 00.38772751056210
1 03145U 68014B   10019.79166667 -.00000465 +00000-0 +10000-3 0  9991
2 03145 045.7764 095.2452 8677462 077.1002 354.0624 00.38778284056228
1 03145U 68014B   10022.37500000 -.00000407 +00000-0 +10000-3 0  9998
2 03145 045.7479 094.9920 8681560 077.2822 354.7911 00.38780792056236
1 03145U 68014B   10025.00000000 -.00000544 +00000-0 +10000-3 0  9998
2 03145 045.7437 094.8385 8687656 077.3920 001.3151 00.38783169056249
1 03145U 68014B   10027.54166667 -.00000777 +00000-0 +10000-3 0  9999
2 03145 045.7330 094.6652 8695006 077.5282 356.1173 00.38781582056261
1 03145U 68014B   10030.12500000 -.00000847 +00000-0 +10000-3 0  9998
2 03145 045.7113 094.4570 8700603 077.7000 356.6998 00.38776289056276
1 03145U 68014B   10032.66666667 -.00000770 +00000-0 +10000-3 0  9996
2 03145 045.6849 094.2936 8704157 077.8444 351.4583 00.38775865056278
1 03145U 68014B   10035.25000000 -.00000855 +00000-0 +10000-3 0  9991
2 03145 045.6701 094.1040 8708243 078.0067 352.0302 00.38782072056289
1 03145U 68014B   10037.83333333 -.00001117 +00000-0 +10000-3 0  9997
2 03145 045.6475 093.8390 8711591 078.2098 352.6432 00.38782334056299
1 03145U 68014B   10040.41666667 -.00001252 +00000-0 +10000-3 0  9994
2 03145 045.6352 093.5804 8714445 078.3856 353.3666 00.38773763056309
1 03145U 68014B   10043.00000000 -.00001158 +00000-0 +10000-3 0  9990
2 03145 045.6210 093.3943 8721140 078.5006 354.1321 00.38769797056313
1 03145U 68014B   10045.62500000 -.00000967 +00000-0 +10000-3 0  9992
2 03145 045.5929 093.1241 8730229 078.6885 000.6264 00.38773652056327
1 03145U 68014B   10048.16666667 -.00000801 +00000-0 +10000-3 0  9993
2 03145 045.5510 092.7867 8734977 078.9361 355.5047 00.38776875056330
1 03145U 68014B   10050.75000000 -.00000761 +00000-0 +10000-3 0  9999
2 03145 045.5385 092.5758 8738999 079.0870 356.2458 00.38781204056349
1 03145U 68014B   10053.37500000 -.00000912 +00000-0 +10000-3 0  9993
2 03145 045.5301 092.4006 8745746 079.2230 002.7384 00.38783726056366
1 03145U 68014B   10055.91666667 -.00001052 +00000-0 +10000-3 0  9993
2 03145 045.5136 092.1870 8751643 079.3935 357.5312 00.38778869056379
1 03145U 68014B   10058.50000000 -.00000977 +00000-0 +10000-3 0  9999
2 03145 045.5051 091.9907 8755726 079.5665 358.1306 00.38774358056381
1 03145U 68014B   10061.04166667 -.00000877 +00000-0 +10000-3 0  9993
2 03145 045.4932 091.8091 8759628 079.7262 352.8870 00.38778924056381
1 03145U 68014B   10063.62500000 -.00001008 +00000-0 +10000-3 0  9999
2 03145 045.4774 091.5583 8763173 079.9300 353.4616 00.38784798056395
1 03145U 68014B   10068.83333333 -.00001181 +00000-0 +10000-3 0  9992
2 03145 045.4405 091.0315 8769145 080.2887 000.7160 00.38771862056411
1 03145U 68014B   10071.37500000 -.00000973 +00000-0 +10000-3 0  9990
2 03145 045.4225 090.8147 8777158 080.4327 355.6451 00.38773698056420
1 03145U 68014B   10073.95833333 -.00000725 +00000-0 +10000-3 0  9999
2 03145 045.3855 090.4618 8784293 080.6921 356.3265 00.38777443056431
1 03145U 68014B   10076.50000000 -.00000542 +00000-0 +10000-3 0  9997
2 03145 045.3628 090.1547 8787394 080.9143 351.2529 00.38779005056445
1 03145U 68014B   10079.08333333 -.00000526 +00000-0 +10000-3 0  9993
2 03145 045.3633 089.9878 8792384 081.0339 351.9875 00.38784592056457
1 03145U 68014B   10081.70833333 -.00000660 +00000-0 +10000-3 0  9999
2 03145 045.3538 089.7914 8799362 081.1744 358.4432 00.38785325056472
1 03145U 68014B   10084.29166667 -.00000677 +00000-0 +10000-3 0  9993
2 03145 045.3363 089.5549 8803931 081.3642 359.0580 00.38778661056484
1 03145U 68014B   10086.87500000 -.00000509 +00000-0 +10000-3 0  9996
2 03145 045.3264 089.3674 8807518 081.5306 359.6694 00.38777821056495
1 03145U 68014B   10089.41666667 -.00000457 +00000-0 +10000-3 0  9993
2 03145 045.3209 089.1713 8811508 081.7012 354.4208 00.38784184056490
1 03145U 68014B   10092.00000000 -.00000629 +00000-0 +10000-3 0  9996
2 03145 045.3072 088.8774 8814164 081.9310 355.0187 00.38786076056502
1 03145U 68014B   10094.62500000 -.00000733 +00000-0 +10000-3 0  9997
2 03145 045.2922 088.5860 8816166 082.1314 001.5624 00.38778325056517
1 03145U 68014B   10097.16666667 -.00000591 +00000-0 +10000-3 0  9993
2 03145 045.2811 088.3782 8821749 082.2610 356.5362 00.38774536056521
1 03145U 68014B   10099.75000000 -.00000326 +00000-0 +10000-3 0  9999
2 03145 045.2587 088.0938 8830307 082.4629 357.2533 00.38778716056536
1 03145U 68014B   10102.33333333 -.00000077 +00000-0 +10000-3 0  9999
2 03145 045.2252 087.7241 8835143 082.7290 357.9603 00.38781633056557
1 03145U 68014B   10104.91666667 +.00000059 +00000-0 +10000-3 0  9993
2 03145 045.2222 087.4849 8838227 082.8982 358.7297 00.38783698056562
1 03145U 68014B   10107.50000000 +.00000003 +00000-0 +10000-3 0  9993
2 03145 045.2296 087.3418 8844481 083.0108 359.4329 00.38787684056570
1 03145U 68014B   10110.08333333 -.00000113 +00000-0 +10000-3 0  9991
2 03145 045.2174 087.1117 8850718 083.1930 000.0488 00.38786614056581
1 03145U 68014B   10112.66666667 -.00000042 +00000-0 +10000-3 0  9997
2 03145 045.2026 086.8771 8854330 083.3836 000.6654 00.38779765056591
1 03145U 68014B   10115.25000000 +.00000112 +00000-0 +10000-3 0  9995
2 03145 045.2011 086.7076 8857881 083.5305 001.2749 00.38783743056604
1 03145U 68014B   10117.79166667 +.00000042 +00000-0 +10000-3 0  9990
2 03145 045.1973 086.4818 8861596 083.7208 356.0258 00.38789495056610
1 03145U 68014B   10120.37500000 -.00000171 +00000-0 +10000-3 0  9995
2 03145 045.1846 086.1597 8863368 083.9614 356.6682 00.38786129056621
1 03145U 68014B   10122.95833333 -.00000202 +00000-0 +10000-3 0  9994
2 03145 045.1713 085.9065 8866373 084.1254 357.4385 00.38776966056631
1 03145U 68014B   10125.54166667 -.00000010 +00000-0 +10000-3 0  9998
2 03145 045.1583 085.6769 8873923 084.2748 358.2088 00.38777704056643
1 03145U 68014B   10128.12500000 +.00000234 +00000-0 +10000-3 0  9995
2 03145 045.1349 085.3197 8881393 084.5365 358.9078 00.38783445056659
1 03145U 68014B   10130.70833333 +.00000416 +00000-0 +10000-3 0  9992
2 03145 045.1226 084.9671 8884309 084.8007 359.6511 00.38784113056665
1 03145U 68014B   10133.25000000 +.00000442 +00000-0 +10000-3 0  9991
2 03145 045.1266 084.7821 8888335 084.9297 354.5989 00.38788079056667
1 03145U 68014B   10135.87500000 +.00000294 +00000-0 +10000-3 0  9991
2 03145 045.1272 084.5932 8895766 085.0748 001.0792 00.38789192056678
1 03145U 68014B   10138.41666667 +.00000193 +00000-0 +10000-3 0  9994
2 03145 045.1140 084.3249 8901055 085.2885 355.8596 00.38785349056687
1 03145U 68014B   10141.00000000 +.00000290 +00000-0 +10000-3 0  9994
2 03145 045.1048 084.1011 8904109 085.4732 356.4769 00.38780465056701
1 03145U 68014B   10143.58333333 +.00000334 +00000-0 +10000-3 0  9996
2 03145 045.1011 083.9259 8907959 085.6188 357.0733 00.38787041056711
1 03145U 68014B   10146.16666667 +.00000116 +00000-0 +10000-3 0  9990
2 03145 045.0966 083.6380 8911020 085.8492 357.6551 00.38790950056723
1 03145U 68014B   10148.75000000 -.00000112 +00000-0 +10000-3 0  9997
2 03145 045.0877 083.2992 8912424 086.0915 358.3495 00.38782645056739
1 03145U 68014B   10151.33333333 -.00000089 +00000-0 +10000-3 0  9996
2 03145 045.0812 083.0474 8916822 086.2536 359.1433 00.38775724056740
1 03145U 68014B   10153.91666667 +.00000097 +00000-0 +10000-3 0  9999
2 03145 045.0679 082.7589 8925368 086.4526 359.8669 00.38780383056756
1 03145U 68014B   10156.50000000 +.00000275 +00000-0 +10000-3 0  9998
2 03145 045.0508 082.3480 8930739 086.7577 000.5664 00.38783843056760
1 03145U 68014B   10159.04166667 +.00000353 +00000-0 +10000-3 0  9999
2 03145 045.0500 082.0463 8933369 086.9745 355.5155 00.38784929056776
1 03145U 68014B   10161.62500000 +.00000252 +00000-0 +10000-3 0  9997
2 03145 045.0557 081.8545 8938749 087.1114 356.2536 00.38787415056781
1 03145U 68014B   10164.20833333 +.00000041 +00000-0 +10000-3 0  9998
2 03145 045.0557 081.6117 8945527 087.3047 356.8822 00.38788481056792
1 03145U 68014B   10169.33333333 +.00000050 +00000-0 +10000-3 0  9992
2 03145 045.0565 081.1184 8952409 087.7122 352.2611 00.38780275056806
1 03145U 68014B   10171.91666667 -.00000054 +00000-0 +10000-3 0  9993
2 03145 045.0588 080.8850 8955817 087.9082 352.8465 00.38789120056812
1 03145U 68014B   10174.54166667 -.00000378 +00000-0 +10000-3 0  9999
2 03145 045.0517 080.5194 8957975 088.1859 359.2752 00.38789024056828
1 03145U 68014B   10177.08333333 -.00000562 +00000-0 +10000-3 0  9992
2 03145 045.0530 080.1971 8959487 088.4110 354.2003 00.38777590056835
1 03145U 68014B   10179.66666667 -.00000488 +00000-0 +10000-3 0  9994
2 03145 045.0485 079.9361 8965449 088.5869 354.9825 00.38776032056840
1 03145U 68014B   10182.25000000 -.00000322 +00000-0 +10000-3 0  9993
2 03145 045.0406 079.5516 8972795 088.8688 355.6832 00.38779367056856
1 03145U 68014B   10184.83333333 -.00000205 +00000-0 +10000-3 0  9997
2 03145 045.0375 079.1300 8975965 089.1818 356.4098 00.38781363056873
1 03145U 68014B   10187.37500000 -.00000217 +00000-0 +10000-3 0  9999
2 03145 045.0464 078.8658 8978991 089.3732 351.3576 00.38785146056871
1 03145U 68014B   10189.95833333 -.00000406 +00000-0 +10000-3 0  9993
2 03145 045.0564 078.6374 8984766 089.5446 352.0556 00.38787975056885
1 03145U 68014B   10192.58333333 -.00000609 +00000-0 +10000-3 0  9996
2 03145 045.0645 078.3393 8990259 089.7819 358.4876 00.38784502056892
1 03145U 68014B   10195.12500000 -.00000607 +00000-0 +10000-3 0  9994
2 03145 045.0668 078.0574 8993069 090.0145 353.2649 00.38777109056902
1 03145U 68014B   10197.70833333 -.00000576 +00000-0 +10000-3 0  9993
2 03145 045.0705 077.8174 8995616 090.2189 353.8583 00.38780296056912
1 03145U 68014B   10200.29166667 -.00000803 +00000-0 +10000-3 0  9994
2 03145 045.0780 077.5118 8998267 090.4722 354.4455 00.38788319056920
1 03145U 68014B   10202.87500000 -.00001121 +00000-0 +10000-3 0  9997
2 03145 045.0893 077.1398 8999270 090.7501 355.1127 00.38783173056932
1 03145U 68014B   10205.50000000 -.00001196 +00000-0 +10000-3 0  9997
2 03145 045.0986 076.8361 9001863 090.9541 001.7123 00.38774248056955
1 03145U 68014B   10208.04166667 -.00001052 +00000-0 +10000-3 0  9992
2 03145 045.1016 076.5224 9008403 091.1764 356.6495 00.38775588056965
1 03145U 68014B   10210.62500000 -.00000884 +00000-0 +10000-3 0  9994
2 03145 045.1041 076.0607 9013363 091.5218 357.3462 00.38778626056971
1 03145U 68014B   10215.79166667 -.00000865 +00000-0 +10000-3 0  9993
2 03145 045.1311 075.4238 9019195 091.9927 358.8516 00.38784949056997
1 03145U 68014B   10218.33333333 -.00001063 +00000-0 +10000-3 0  9993
2 03145 045.1452 075.1515 9024397 092.2050 353.6933 00.38786122056990
1 03145U 68014B   10220.91666667 -.00001163 +00000-0 +10000-3 0  9990
2 03145 045.1540 074.8251 9028027 092.4702 354.3090 00.38778529057008
1 03145U 68014B   10223.50000000 -.00001074 +00000-0 +10000-3 0  9992
2 03145 045.1630 074.5426 9030241 092.7068 354.9091 00.38776193057011
1 03145U 68014B   10226.08333333 -.00001097 +00000-0 +10000-3 0  9991
2 03145 045.1742 074.2507 9032634 092.9496 355.4951 00.38782116057021
1 03145U 68014B   10228.66666667 -.00001373 +00000-0 +10000-3 0  9993
2 03145 045.1880 073.8929 9034332 093.2301 356.1101 00.38785091057034
1 03145U 68014B   10231.29166667 -.00001582 +00000-0 +10000-3 0  9993
2 03145 045.2164 073.5157 9034911 093.5044 002.6397 00.38777890057050
1 03145U 68014B   10233.83333333 -.00001499 +00000-0 +10000-3 0  9998
2 03145 045.2282 073.2160 9038660 093.7125 357.6153 00.38773632057063
1 03145U 68014B   10236.41666667 -.00001274 +00000-0 +10000-3 0  9995
2 03145 045.2408 072.7961 9044765 094.0216 358.3423 00.38776646057071
1 03145U 68014B   10239.00000000 -.00001081 +00000-0 +10000-3 0  9992
2 03145 045.2625 072.3104 9047283 094.3844 359.0672 00.38777359057082
1 03145U 68014B   10241.58333333 -.00000998 +00000-0 +10000-3 0  9992
2 03145 045.2833 071.9753 9049384 094.6329 359.8502 00.38781045057091
1 03145U 68014B   10244.12500000 -.00001078 +00000-0 +10000-3 0  9992
2 03145 045.3025 071.7158 9053907 094.8288 354.7474 00.38785600057097
1 03145U 68014B   10246.70833333 -.00001212 +00000-0 +10000-3 0  9996
2 03145 045.3215 071.3945 9058084 095.0817 355.3888 00.38782801057108
1 03145U 68014B   10249.29166667 -.00001164 +00000-0 +10000-3 0  9998
2 03145 045.3385 071.0785 9060434 095.3385 356.0087 00.38776509057118
1 03145U 68014B   10251.87500000 -.00001018 +00000-0 +10000-3 0  9996
2 03145 045.3556 070.7946 9062712 095.5765 356.6038 00.38778710057127
1 03145U 68014B   10254.50000000 -.00001106 +00000-0 +10000-3 0  9992
2 03145 045.3805 070.4381 9064687 095.8695 003.0004 00.38786459057138
1 03145U 68014B   10257.04166667 -.00001349 +00000-0 +10000-3 0  9995
2 03145 045.4093 070.0464 9064985 096.1651 357.8368 00.38783711057156
1 03145U 68014B   10259.62500000 -.00001390 +00000-0 +10000-3 0  9990
2 03145 045.4320 069.7041 9066369 096.4056 358.6066 00.38776045057162
1 03145U 68014B   10262.20833333 -.00001164 +00000-0 +10000-3 0  9995
2 03145 045.4523 069.3436 9071592 096.6599 359.3777 00.38776269057175
1 03145U 68014B   10264.75000000 -.00000888 +00000-0 +10000-3 0  9996
2 03145 045.4861 068.8507 9075912 097.0255 354.2751 00.38778688057170
1 03145U 68014B   10267.33333333 -.00000681 +00000-0 +10000-3 0  9992
2 03145 045.5244 068.4177 9077015 097.3445 355.0402 00.38780225057188
1 03145U 68014B   10269.91666667 -.00000613 +00000-0 +10000-3 0  9992
2 03145 045.5522 068.1400 9080007 097.5441 355.8124 00.38784804057193
1 03145U 68014B   10272.50000000 -.00000692 +00000-0 +10000-3 0  9991
2 03145 045.5764 067.8468 9084807 097.7676 356.4887 00.38788075057204
1 03145U 68014B   10275.08333333 -.00000727 +00000-0 +10000-3 0  9994
2 03145 045.6026 067.5021 9087749 098.0384 357.1133 00.38782249057216
1 03145U 68014B   10277.66666667 -.00000563 +00000-0 +10000-3 0  9997
2 03145 045.6240 067.2081 9089589 098.2801 357.7435 00.38778801057239
1 03145U 68014B   10280.25000000 -.00000445 +00000-0 +10000-3 0  9998
2 03145 045.6518 066.9166 9092024 098.5221 358.3317 00.38785919057249
1 03145U 68014B   10282.83333333 -.00000608 +00000-0 +10000-3 0  9993
2 03145 045.6899 066.5323 9092923 098.8229 358.9210 00.38789401057250
1 03145U 68014B   10285.37500000 -.00000788 +00000-0 +10000-3 0  9991
2 03145 045.7253 066.1502 9092631 099.0979 353.8083 00.38782416057252
1 03145U 68014B   10287.12500000 -.00000753 +00000-0 +10000-3 0  9998
2 03145 045.7418 065.9318 9094722 099.2381 238.2595 00.38777514057267
1 03145U 68014B   10290.58333333 -.00000390 +00000-0 +10000-3 0  9992
2 03145 045.7895 065.3786 9101130 099.6400 001.1598 00.38781219057286
1 03145U 68014B   10293.16666667 -.00000122 +00000-0 +10000-3 0  9991
2 03145 045.8453 064.8730 9103327 100.0122 001.8829 00.38782533057293
1 03145U 68014B   10295.75000000 +.00000036 +00000-0 +10000-3 0  9994
2 03145 045.8888 064.5243 9104297 100.2610 002.6681 00.38783748057308
1 03145U 68014B   10298.29166667 +.00000035 +00000-0 +10000-3 0  9997
2 03145 045.9256 064.2519 9108089 100.4530 357.5978 00.38789454057319
1 03145U 68014B   10300.87500000 -.00000061 +00000-0 +10000-3 0  9998
2 03145 045.9586 063.9166 9112500 100.7064 358.2399 00.38789013057324
1 03145U 68014B   10301.50000000 -.00000070 +00000-0 +00000-0 0  9990
2 03145 046.0944 062.8585 9094158 101.6281 084.7338 00.38773449057326
1 03145U 68014B   10303.45833333 -.00000023 +00000-0 +00000-0 0  9997
2 03145 045.9964 063.5723 9114425 100.9762 358.8591 00.38782015057330
1 03145U 68014B   10313.79166667 -.00000240 +00000-0 +00000-0 0  9995
2 03145 046.1479 062.2228 9118277 102.0042 001.4352 00.38780801057374
1 03145U 68014B   10316.37500000 -.00000067 +00000-0 +00000-0 0  9992
2 03145 046.1854 061.8591 9122935 102.2505 002.2170 00.38780272057381
1 03145U 68014B   10318.95833333 +.00000192 +00000-0 +00000-0 0  9994
2 03145 046.2479 061.3563 9127396 102.6135 002.9307 00.38783747057398
1 03145U 68014B   10321.54166667 +.00000368 +00000-0 +00000-0 0  9997
2 03145 046.3149 060.8931 9128097 102.9457 003.6839 00.38783875057407
1 03145U 68014B   10324.08333333 +.00000410 +00000-0 +00000-0 0  9993
2 03145 046.3588 060.5970 9130007 103.1494 358.6518 00.38787061057411
1 03145U 68014B   10326.66666667 +.00000298 +00000-0 +00000-0 0  9992
2 03145 046.3990 060.2963 9134808 103.3650 359.3526 00.38791424057422
1 03145U 68014B   10329.25000000 +.00000174 +00000-0 +00000-0 0  9996
2 03145 046.4508 059.9130 9137987 103.6441 359.9644 00.38787869057437
1 03145U 68014B   10334.41666667 +.00000310 +00000-0 +00000-0 0  9999
2 03145 046.5275 059.3212 9141251 104.1126 001.1815 00.38786517057456
1 03145U 68014B   10337.00000000 +.00000098 +00000-0 +00000-0 0  9993
2 03145 046.5840 058.9510 9142696 104.3992 001.7518 00.38793672057464
1 03145U 68014B   10339.54166667 -.00000221 +00000-0 +00000-0 0  9995
2 03145 046.6517 058.5317 9141750 104.7048 356.5924 00.38789314057474
1 03145U 68014B   10342.12500000 -.00000289 +00000-0 +00000-0 0  9990
2 03145 046.6989 058.1849 9143033 104.9306 357.3834 00.38780984057482
1 03145U 68014B   10342.12500000 -.00000289 +00000-0 +00000-0 0  9990
2 03145 046.6995 058.1802 9143034 104.9368 357.3834 00.38779852057489
1 03145U 68014B   10344.70833333 -.00000117 +00000-0 +00000-0 0  9994
2 03145 046.7606 057.7502 9148431 105.2350 358.1344 00.38781365057490
1 03145U 68014B   10347.29166667 +.00000051 +00000-0 +00000-0 0  9996
2 03145 046.8494 057.2111 9150971 105.6230 358.8375 00.38782793057509
1 03145U 68014B   10349.83333333 +.00000108 +00000-0 +00000-0 0  9997
2 03145 046.9271 056.8031 9151181 105.9091 353.7835 00.38783679057511
1 03145U 68014B   10349.87500000 +.00000108 +00000-0 +00000-0 0  9998
2 03145 046.9230 056.8001 9151282 105.9117 359.6038 00.38783531057511
1 03145U 68014B   10352.37500000 +.00000025 +00000-0 +00000-0 0  9995
2 03145 046.9796 056.5061 9154178 106.1136 348.7266 00.38790554057528
1 03145U 68014B   10354.95833333 -.00000176 +00000-0 +00000-0 0  9997
2 03145 047.0400 056.1553 9158758 106.3695 349.3846 00.38791655057539
1 03145U 68014B   10357.58333333 -.00000772 +00000-0 +00000-0 0  9996
2 03145 047.1118 055.7636 9161024 106.6760 355.7910 00.38783736057544
1 03145U 68014B   10360.16666667 +.00000238 +00000-0 +00000-0 0  9999
2 03145 047.1593 055.4564 9161937 106.9188 356.3886 00.38779447057552
1 03145U 68014B   10362.75000000 +.00000558 +00000-0 +00000-0 0  9994
2 03145 047.2113 055.1433 9163629 107.1654 356.9721 00.38787001057564
1 03145U 68014B   10365.33333333 -.00000570 +00000-0 +00000-0 0  9994
2 03145 047.2943 054.7333 9163783 107.4711 357.5555 00.38791244057574
1 03145U 68014B   11002.91666667 -.00001968 +00000-0 +00000-0 0  9998
2 03145 047.3691 054.3351 9162526 107.7503 358.2553 00.38782459057582
1 03145U 68014B   11005.50000000 -.00002188 +00000-0 +00000-0 0  9994
2 03145 047.4289 053.9784 9165193 107.9901 359.0401 00.38777689057599
1 03145U 68014B   11006.87500000 -.00001758 +00000-0 +00000-0 0  9992
2 03145 047.4697 053.6751 9167982 108.1862 191.0273 00.38785146057598
1 03145U 68014B   11009.45833333 -.00000622 +00000-0 +00000-0 0  9996
2 03145 047.5663 053.1624 9169334 108.5664 191.7550 00.38783043057604
1 03145U 68014B   11012.04166667 -.00000235 +00000-0 +00000-0 0  9994
2 03145 047.6626 052.7498 9170125 108.8548 192.5000 00.38789086057615
1 03145U 68014B   11014.66666667 +.00001463 -29900-5 +00000-0 0  9998
2 03145 047.7371 052.4014 9173095 109.0886 199.0476 00.38786303057620
1 03145U 68014B   11017.25000000 -.00004822 +32294-5 +00000-0 0  9991
2 03145 047.8176 052.0068 9180730 109.4541 199.6530 00.38789953057637
1 03145U 68014B   11018.33679383 -.00007350 +60653-5 +00000-0 0  9996
2 03145 047.9216 051.8690 9174194 109.4430 352.9566 00.38858306057648
