1 03429U 68081  B 68362.67986111  .00000000 +00000-0 +00000-0 0  9995
2 03429 025.9940 266.1449 7226298 060.6619 345.9800 02.39112532002105
1 03429U 68081  B 69024.00000000  .00000000 +00000-0 +00000-0 0  9992
2 03429 025.9240 254.6700 7197000 079.7580 350.0390 02.43575307002778
1 03429U 68081  B 69037.37500000  .00000000 +00000-0 +00000-0 0  9991
2 03429 025.8940 248.8789 7171200 089.4009 287.3720 02.46883532003094
1 03429U 68081  B 69051.18055555  .00000000 +00000-0 +00000-0 0  9996
2 03429 025.9080 242.7640 7147800 099.6040 033.4580 02.49893680003436
1 03429U 68081  B 69078.95833332  .00000000 +00000-0 +00000-0 0  9997
2 03429 025.9530 230.1183 7097899 120.7770 302.1706 02.55344759004147
1 03429U 68081  B 69078.95833333  .00000000 +00000-0 +00000-0 0  9998
2 03429 025.9530 230.1270 7097900 120.7770 302.1619 02.55344760004142
1 03429U 68081  B 69101.41666665  .00000000 +00000-0 +00000-0 0  9998
2 03429 025.9680 220.6780 7071799 136.7398 342.1680 02.57810088004728
1 03429U 68081  B 69122.52083332  .00000000 +00000-0 +00000-0 0  9997
2 03429 025.9770 211.7600 7055199 151.8428 351.6440 02.59148806005249
1 03429U 68081  B 69126.16458331  .00000000 +00000-0 +00000-0 0  9996
2 03429 025.9600 209.6900 7050199 155.4458 010.7690 02.59300546005362
1 03429U 68081  B 69140.83333332  .00000000 +00000-0 +00000-0 0  9999
2 03429 025.9300 203.2059 7038300 166.3929 059.8040 02.60281412005745
1 03429U 68081  B 69170.28125000  .00000000 +00000-0 +00000-0 0  9992
2 03429 025.8680 190.2519 0702870 188.2670 342.8209 02.61079998006513
1 03429U 68081  B 69186.03506943  .00000000 +00000-0 +00000-0 0  9991
2 03429 025.8590 183.1112 0702919 200.3280 344.3277 02.61418789006933
1 03429U 68081  B 69214.21527777  .00000000 +00000-0 +00000-0 0  9991
2 03429 025.9039 170.5701 0702279 221.7070 340.7018 02.62183024007676
1 03429U 68081  B 69269.05972222  .00000000 +00000-0 +00000-0 0  9992
2 03429 025.8290 145.4224 0695369 263.9110 295.1375 02.67918897009118
1 03429U 68081  B 69292.77361111  .00000000 +00000-0 +00000-0 0  9996
2 03429 025.8270 133.9784 0695518 283.1459 066.0734 02.76560457009743
1 03429U 68081  B 69363.37500000  .00000000 +00000-0 +00000-0 0  9993
2 03429 026.0280 092.4695 0633429 352.7619 354.8133 03.68394248011953
1 03429U 68081  B 70021.60410000  .00000000 +00000-0 +00000-0 0  9992
2 03429 026.0320 075.6415 0617299 021.4159 085.9694 03.90053999012851
1 03429U 68081  B 70067.73611111  .00000000 +00000-0 +00000-0 0  9992
2 03429 026.1050 039.3754 5992388 082.7100 304.7064 04.16686703014771
