1 03619U 68115  A 68364.30302224  .00000313 +00000-0 +00000-0 0  9990
2 03619 064.9623 257.9472 7400192 284.7824 009.9962 02.02197335000271
1 03619U 68115  A 69018.08586307 -.00001277 +00000-0 +00000-0 0  9999
2 03619 064.9917 255.1549 7387964 284.2887 010.1747 02.02176342000671
1 03619U 68115  A 69070.02592276  .00001026 +00000-0 +00000-0 0  9994
2 03619 064.9671 247.7435 7360282 283.3877 010.5395 02.02201579001723
1 03619U 68115  A 69075.46631374  .00000367 +00000-0 +00000-0 0  9997
2 03619 064.9755 246.9813 7360199 283.2843 010.5671 02.02197520001835
1 03619U 68115  A 69082.39091209 -.00000909 +00000-0 +00000-0 0  9997
2 03619 064.9996 246.0089 7358363 283.1378 010.6079 02.02173907001971
1 03619U 68115  A 69087.33756090 -.00001204 +00000-0 +00000-0 0  9991
2 03619 065.0288 245.2988 7357519 283.0326 010.6407 02.02156391002075
1 03619U 68115  A 69136.30975459  .00000545 +00000-0 +00000-0 0  9991
2 03619 065.0551 238.3958 7322349 282.1222 011.0643 02.02196490003067
1 03619U 68115  A 69141.25561580  .00000195 +00000-0 +00000-0 0  9998
2 03619 065.0420 237.7133 7326129 281.9786 011.0750 02.02193345003168
1 03619U 68115  A 69153.12691629 -.00001315 +00000-0 +00000-0 0  9991
2 03619 065.0193 236.1034 7314110 281.8629 011.1773 02.02153041003402
1 03619U 68115  A 69166.48411292 -.00001078 +00000-0 +00000-0 0  9996
2 03619 065.0368 234.3772 7291739 281.8127 011.3287 02.02123338003676
1 03619U 68115  A 69173.40998248  .00000221 +00000-0 +00000-0 0  9995
2 03619 065.0235 233.4684 7294389 281.4513 011.4004 02.02137287003812
1 03619U 68115  A 69187.26073721  .00001669 +00000-0 +00000-0 0  9991
2 03619 065.0217 231.6333 7276459 281.3116 011.5478 02.02176662004096
1 03619U 68115  A 69192.20687500  .00001212 +00000-0 +00000-0 0  9991
2 03619 065.0096 230.9746 7285059 281.1021 011.5454 02.02184322004197
1 03619U 68115  A 69205.06565873  .00000075 +00000-0 +00000-0 0  9994
2 03619 064.9944 229.2829 7268729 280.9471 011.6879 02.02195937004456
1 03619U 68115  A 69211.49542465 -.00000626 +00000-0 +00000-0 0  9993
2 03619 065.0007 228.4421 7268509 280.7556 011.7374 02.02181839004586
1 03619U 68115  A 69219.90456742 -.00001597 +00000-0 +00000-0 0  9997
2 03619 065.0146 227.3397 7268639 280.6012 011.7756 02.02149281004758
1 03619U 68115  A 69236.72468656 -.00000351 +00000-0 +00000-0 0  9990
2 03619 065.0140 225.1047 7255268 280.2551 011.9499 02.02131587005092
1 03619U 68115  A 69237.71411826  .00000004 +00000-0 +00000-0 0  9991
2 03619 065.0111 224.9795 7255958 280.2588 011.9445 02.02135550005111
1 03619U 68115  A 69243.15580959  .00000563 +00000-0 +00000-0 0  9990
2 03619 065.0170 224.2696 7255909 280.1685 011.9680 02.02146228005229
1 03619U 68115  A 69251.56501070  .00001180 +00000-0 +00000-0 0  9997
2 03619 065.0177 223.1654 7251609 280.1209 012.0081 02.02172196005391
1 03619U 68115  A 69253.04869242  .00001881 +00000-0 +00000-0 0  9998
2 03619 065.0195 222.9629 7250849 280.0147 012.0405 02.02184132005422
1 03619U 68115  A 69259.47843815  .00001298 +00000-0 +00000-0 0  9991
2 03619 065.0455 222.0992 7249399 279.9153 012.0757 02.02196196005554
1 03619U 68115  A 69268.87528741  .00000229 +00000-0 +00000-0 0  9996
2 03619 065.0419 220.8806 7242179 279.6901 012.1833 02.02198939005745
1 03619U 68115  A 69271.84284503 -.00000223 +00000-0 +00000-0 0  9997
2 03619 065.0534 220.4876 7240129 279.5910 012.2227 02.02191603005804
1 03619U 68115  A 69282.23000947 -.00001310 +00000-0 +00000-0 0  9998
2 03619 065.0512 219.1373 7235099 279.4416 012.2951 02.02160488006012
1 03619U 68115  A 69289.65021748 -.00001129 +00000-0 +00000-0 0  9991
2 03619 065.0206 218.2041 7232429 279.3010 012.3500 02.02144898006161
1 03619U 68115  A 69292.61869955 -.00001175 +00000-0 +00000-0 0  9992
2 03619 065.0256 217.8185 7222369 279.1842 012.4478 02.02136833006225
1 03619U 68115  A 69298.55525826 -.00000662 +00000-0 +00000-0 0  9997
2 03619 065.0243 217.0453 7221989 279.1238 012.4664 02.02134524006342
1 03619U 68115  A 69303.50228405  .00000564 +00000-0 +00000-0 0  9992
2 03619 065.0302 216.4250 7219699 278.9595 012.5257 02.02147451006447
1 03619U 68115  A 69313.39587673  .00001020 +00000-0 +00000-0 0  9993
2 03619 065.0347 215.1701 7217629 278.8439 012.5706 02.02165237006643
1 03619U 68115  A 69315.37450720  .00001331 +00000-0 +00000-0 0  9990
2 03619 065.0195 214.9324 7212969 278.7830 012.6183 02.02173444006681
1 03619U 68115  A 69321.30991067  .00001497 +00000-0 +00000-0 0  9997
2 03619 065.0140 214.1995 7205769 278.6428 012.7048 02.02192489006804
1 03619U 68115  A 69323.78286803  .00001628 +00000-0 +00000-0 0  9992
2 03619 065.0508 213.8697 7199789 278.5664 012.7660 02.02201799006852
1 03619U 68115  A 69339.11484937 -.00000534 +00000-0 +00000-0 0  9990
2 03619 065.0220 211.9867 7198539 278.2654 012.8570 02.02186385007168
1 03619U 68115  A 70012.70012817  .00001117 +00000-0 +00000-0 0  9996
2 03619 065.0442 207.1733 7180249 277.4393 013.2132 02.02165948007940
1 03619U 68115  A 70018.63565615  .00001209 +00000-0 +00000-0 0  9995
2 03619 065.0441 206.4383 7180119 277.3436 013.2411 02.02181003008069
1 03619U 68115  A 70019.62482077  .00001662 +00000-0 +00000-0 0  9998
2 03619 065.0074 206.3489 7178489 277.2270 013.2857 02.02188669008080
1 03619U 68115  A 70026.54886688  .00001164 +00000-0 +00000-0 0  9990
2 03619 065.0074 205.4910 7178269 277.1178 013.3184 02.02202751008220
1 03619U 68115  A 70033.47289420  .00000426 +00000-0 +00000-0 0  9991
2 03619 065.0564 204.6248 7174459 277.0253 013.3713 02.02201495008366
1 03619U 68115  A 70040.39729249 -.00000852 +00000-0 +00000-0 0  9992
2 03619 065.0611 203.7556 7170309 276.8510 013.4506 02.02180710008507
1 03619U 68115  A 70042.37581286 -.00001445 +00000-0 +00000-0 0  9998
2 03619 065.0107 203.4865 7176349 276.7222 013.4453 02.02170881008549
1 03619U 68115  A 70045.34371548 -.00001343 +00000-0 +00000-0 0  9993
2 03619 065.0107 203.1192 7176418 276.6754 013.4582 02.02161255008600
1 03619U 68115  A 70062.65807618  .00001345 +00000-0 +00000-0 0  9999
2 03619 065.0296 200.9567 7161649 276.3761 013.6496 02.02143386008954
1 03619U 68115  A 70065.62633817  .00000441 +00000-0 +00000-0 0  9993
2 03619 065.0327 200.5975 7159919 276.3657 013.6649 02.02142232009016
1 03619U 68115  A 70090.35846989  .00001035 +00000-0 +00000-0 0  9997
2 03619 065.0314 197.5500 7156450 275.8573 013.8395 02.02195162009514
1 03619U 68115  A 70099.26072246  .00000000 +00000-0 +00000-0 0  9994
2 03619 065.0476 196.4796 7151100 275.6297 013.9458 02.02194632009697
1 03619U 68115  A 70113.11040464 -.00001512 +00000-0 +00000-0 0  9992
2 03619 065.0307 194.8163 7141409 275.3825 014.0901 02.02150389009972
1 03619U 68115  A 70117.06783402 -.00001389 +00000-0 +00000-0 0  9998
2 03619 065.0588 194.3641 7139090 275.2600 014.1440 02.02142011010055
1 03619U 68115  A 70127.45663274 -.00000528 +00000-0 +00000-0 0  9990
2 03619 065.0224 193.1131 7133620 275.0510 014.2474 02.02135413010263
1 03619U 68115  A 70129.43545938 -.00000038 +00000-0 +00000-0 0  9992
2 03619 065.0270 192.8822 7134100 274.9706 014.2685 02.02140006010309
1 03619U 68115  A 70139.32919610  .00000977 +00000-0 +00000-0 0  9994
2 03619 065.0155 191.6848 7133430 274.7543 014.3398 02.02159076010509
1 03619U 68115  A 70144.27561452  .00001480 +00000-0 +00000-0 0  9991
2 03619 065.0112 191.0897 7131380 274.6430 014.3892 02.02176140010607
1 03619U 68115  A 70151.20006987  .00000981 +00000-0 +00000-0 0  9994
2 03619 065.0022 190.2557 7133620 274.4653 014.4277 02.02189990010745
1 03619U 68115  A 70158.12403914  .00000891 +00000-0 +00000-0 0  9993
2 03619 065.0285 189.4532 7125469 274.3978 014.5088 02.02202991010883
1 03619U 68115  A 70168.01558112 -.00000952 +00000-0 +00000-0 0  9992
2 03619 065.0325 188.2893 7129010 274.1248 014.5679 02.02185028011089
1 03619U 68115  A 70171.47791466 -.00001101 +00000-0 +00000-0 0  9994
2 03619 065.0272 187.8795 7129740 274.0840 014.5752 02.02175063011151
1 03619U 68115  A 70188.79179166 -.00000480 +00000-0 +00000-0 0  9993
2 03619 065.0109 185.8254 7124840 273.6411 014.7514 02.02139549011509
1 03619U 68115  A 70210.55741994 -.00000541 +00000-0 +00000-0 0  9995
2 03619 065.0369 183.1861 7125278 273.2411 014.8754 02.02174531011949
1 03619U 68115  A 70211.54657804  .00001883 +00000-0 +00000-0 0  9990
2 03619 065.0417 183.0695 7124459 273.2163 014.8897 02.02188808011963
1 03619U 68115  A 70213.52502287  .00001179 +00000-0 +00000-0 0  9992
2 03619 065.0298 182.8514 7123459 273.2015 014.9019 02.02188754012005
1 03619U 68115  A 70223.41653444  .00000703 +00000-0 +00000-0 0  9995
2 03619 065.0184 181.6795 7121418 272.9430 015.0006 02.02200414012205
1 03619U 68115  A 70235.28674076 -.00000869 +00000-0 +00000-0 0  9991
2 03619 065.0225 180.2586 7119149 272.6963 015.0978 02.02178312012445
1 03619U 68115  A 70240.72784965 -.00001270 +00000-0 +00000-0 0  9992
2 03619 065.0366 179.6002 7117239 272.5507 015.1599 02.02160993012555
1 03619U 68115  A 70266.45216911 -.00000685 +00000-0 +00000-0 0  9990
2 03619 065.0415 176.5456 7111058 271.9099 015.4188 02.02150719013071
1 03619U 68115  A 70267.44145591  .00001253 +00000-0 +00000-0 0  9996
2 03619 065.0481 176.4266 7113109 271.9325 015.3954 02.02159450013096
1 03619U 68115  A 70274.36636019  .00001153 +00000-0 +00000-0 0  9994
2 03619 065.0192 175.6319 7117959 271.8362 015.3897 02.02174817013238
1 03619U 68115  A 70277.33392881  .00001353 +00000-0 +00000-0 0  9992
2 03619 065.0193 175.2777 7119789 271.7999 015.3875 02.02185520013296
1 03619U 68115  A 70285.24727343  .00001196 +00000-0 +00000-0 0  9991
2 03619 065.0658 174.3124 7113419 271.5911 015.5068 02.02203675013450
1 03619U 68115  A 70293.16049168 -.00000301 +00000-0 +00000-0 0  9991
2 03619 065.0378 173.4088 7113819 271.3949 015.5695 02.02193045013614
1 03619U 68115  A 70298.60099778 -.00000484 +00000-0 +00000-0 0  9999
2 03619 065.0410 172.7566 7115319 271.3447 015.5746 02.02185692013722
1 03619U 68115  A 70300.57961897 -.00002072 +00000-0 +00000-0 0  9994
2 03619 064.9831 172.5400 7118159 271.1957 015.6024 02.02162910013763
1 03619U 68115  A 70304.53675663 -.00001334 +00000-0 +00000-0 0  9997
2 03619 064.9914 172.0404 7116469 271.1061 015.6460 02.02159858013842
1 03619U 68115  A 70310.47285863 -.00001243 +00000-0 +00000-0 0  9995
2 03619 064.9752 171.3119 7117339 270.9991 015.6753 02.02146149013960
1 03619U 68115  A 70316.40929620 -.00000938 +00000-0 +00000-0 0  9990
2 03619 064.9803 170.6166 7117639 270.9070 015.7043 02.02137065014086
1 03619U 68115  A 70321.35646477 -.00000357 +00000-0 +00000-0 0  9991
2 03619 064.9854 170.0340 7115120 270.8019 015.7600 02.02137184014187
1 03619U 68115  A 70321.35646644 -.00000515 +00000-0 +00000-0 0  9993
2 03619 065.0127 170.0521 7117419 270.8427 015.7280 02.02134657014185
1 03619U 68115  A 70325.31420560 -.00000242 +00000-0 +00000-0 0  9997
2 03619 064.9847 169.5668 7112840 270.6705 015.8231 02.02137113014263
1 03619U 68115  A 70328.28220435  .00000216 +00000-0 +00000-0 0  9995
2 03619 065.0299 169.2079 7118060 270.6183 015.7995 02.02145243014325
1 03619U 68115  A 70329.49300074  .00000805 +00000-0 +00000-0 0  9991
2 03619 064.9722 169.1060 7117740 270.5052 177.0023 02.02158904014356
1 03619U 68115  A 70333.22902479  .00000805 +00000-0 +00000-0 0  9994
2 03619 064.9759 168.6371 7114580 270.5130 015.8631 02.02157903014421
1 03619U 68115  A 70344.60508123  .00000805 +00000-0 +00000-0 0  9996
2 03619 064.9722 167.2972 7117500 270.2804 015.9200 02.02192545014663
1 03619U 68115  A 70355.48542499  .00000847 +00000-0 +00000-0 0  9994
2 03619 065.0116 165.9495 7121020 269.7705 016.0686 02.02211356014888
1 03619U 68115  A 71023.62816306  .00000914 +00000-0 +00000-0 0  9999
2 03619 065.0225 162.0026 7122970 269.3147 016.2148 02.02146837015582
1 03619U 68115  A 71025.60695699  .00000914 +00000-0 +00000-0 0  9999
2 03619 065.0189 161.7618 7120579 269.2570 016.2526 02.02146837015586
1 03619U 68115  A 71031.54311019  .00000983 +00000-0 +00000-0 0  9996
2 03619 065.0299 161.0552 7122436 269.1262 016.2838 02.02158553015707
1 03619U 68115  A 71032.53241771  .00001146 +00000-0 +00000-0 0  9995
2 03619 065.0288 160.9374 7123500 269.0797 016.2915 02.02162275015724
1 03619U 68115  A 71034.51101366  .00001174 +00000-0 +00000-0 0  9991
2 03619 065.0267 160.7006 7124070 269.0361 016.3024 02.02167211015762
1 03619U 68115  A 71037.47881809  .00001197 +00000-0 +00000-0 0  9991
2 03619 065.0270 160.3463 7123516 269.0051 016.3180 02.02174594015821
1 03619U 68115  A 71039.45724532  .00001334 +00000-0 +00000-0 0  9993
2 03619 065.0378 160.1117 7122190 268.9832 016.3365 02.02182047015867
1 03619U 68115  A 71043.90858723  .00001333 +00000-0 +00000-0 0  9997
2 03619 065.0360 159.5811 7122790 268.8987 016.3617 02.02193829015957
1 03619U 68115  A 71047.37057927  .00001292 +00000-0 +00000-0 0  9993
2 03619 065.0344 159.1641 7123490 268.8089 016.3880 02.02202289016030
1 03619U 68115  A 71050.33799972  .00001011 +00000-0 +00000-0 0  9995
2 03619 065.0360 158.8248 7124109 268.7260 016.4126 02.02204550016087
1 03619U 68115  A 71053.30541293  .00000621 +00000-0 +00000-0 0  9992
2 03619 065.0607 158.4698 7123680 268.6521 016.4426 02.02203137016148
1 03619U 68115  A 71054.78914333  .00000268 +00000-0 +00000-0 0  9991
2 03619 065.0476 158.3038 7124910 268.6241 016.4423 02.02200296016178
1 03619U 68115  A 71056.76745723  .00000130 +00000-0 +00000-0 0  9994
2 03619 065.0539 158.0741 7125290 268.5850 016.4534 02.02198487016219
1 03619U 68115  A 71063.19728561 -.00000865 +00000-0 +00000-0 0  9996
2 03619 065.0677 157.3114 7128770 268.4031 016.4900 02.02179190016345
1 03619U 68115  A 71066.16505805 -.00001102 +00000-0 +00000-0 0  9995
2 03619 065.0633 156.9527 7129050 268.3532 016.5056 02.02170676016407
1 03619U 68115  A 71078.53214042 -.00001347 +00000-0 +00000-0 0  9990
2 03619 065.0268 155.4269 7131703 268.1117 016.5710 02.02134505016658
1 03619U 68115  A 71079.52153645 -.00001094 +00000-0 +00000-0 0  9990
2 03619 065.0279 155.3095 7132919 268.0728 016.5749 02.02136069016674
1 03619U 68115  A 71081.50035875 -.00000534 +00000-0 +00000-0 0  9993
2 03619 065.0300 155.0813 7135037 268.0088 016.5804 02.02140496016713
1 03619U 68115  A 71084.96331032 -.00006522 +00000-0 +00000-0 0  9993
2 03619 065.0349 154.6635 7138359 267.8253 016.6194 02.02119232016788
1 03619U 68115  A 71086.44747875 -.00004494 +00000-0 +00000-0 0  9990
2 03619 065.0415 154.4774 7141868 267.7033 016.6345 02.02117619016817
1 03619U 68115  A 71087.43697053 -.00003018 +00000-0 +00000-0 0  9993
2 03619 065.0085 154.3652 7137048 267.8772 016.6114 02.02118545016835
1 03619U 68115  A 71088.42647007 -.00002460 +00000-0 +00000-0 0  9997
2 03619 065.0050 154.2413 7135439 267.9188 016.6098 02.02117341016851
1 03619U 68115  A 71092.38380472 -.00000159 +00000-0 +00000-0 0  9990
2 03619 065.0365 153.7660 7140798 267.7602 016.6249 02.02146084016934
1 03619U 68115  A 71094.36252649  .00000623 +00000-0 +00000-0 0  9999
2 03619 065.0164 153.5187 7140049 267.7183 016.6442 02.02152515016971
1 03619U 68115  A 71100.29839731  .00000972 +00000-0 +00000-0 0  9999
2 03619 065.0233 152.8001 7139749 267.6349 016.6772 02.02167253017098
1 03619U 68115  A 71102.27690688  .00001099 +00000-0 +00000-0 0  9996
2 03619 065.0235 152.5623 7139819 267.6069 016.6868 02.02173369017130
1 03619U 68115  A 71103.26611624  .00001177 +00000-0 +00000-0 0  9996
2 03619 065.0261 152.4404 7139529 267.6096 016.6883 02.02177166017151
1 03619U 68115  A 71104.74990221  .00001367 +00000-0 +00000-0 0  9994
2 03619 065.0287 152.2564 7140269 267.5486 016.7043 02.02184056017187
1 03619U 68115  A 71107.22284605  .00001422 +00000-0 +00000-0 0  9994
2 03619 065.0305 151.9544 7141509 267.4832 016.7179 02.02191969017231
1 03619U 68115  A 71110.19028164  .00001408 +00000-0 +00000-0 0  9994
2 03619 065.0210 151.5892 7144669 267.3919 016.7249 02.02200203017299
1 03619U 68115  A 71112.16855348  .00001303 +00000-0 +00000-0 0  9999
2 03619 065.0237 151.3488 7143829 267.3699 016.7400 02.02203625017334
1 03619U 68115  A 71113.15770508  .00000955 +00000-0 +00000-0 0  9995
2 03619 065.0314 151.2312 7144768 267.3402 016.7431 02.02201768017352
1 03619U 68115  A 71115.13591239  .00000973 +00000-0 +00000-0 0  9997
2 03619 065.0191 150.9843 7144939 267.3011 016.7559 02.02205905017398
1 03619U 68115  A 71116.12506349  .00000843 +00000-0 +00000-0 0  9991
2 03619 065.0199 150.8652 7145083 267.2828 016.7614 02.02205224017418
1 03619U 68115  A 71118.10327447  .00000759 +00000-0 +00000-0 0  9997
2 03619 065.0228 150.6247 7145509 267.2367 016.7748 02.02207139017459
1 03619U 68115  A 71119.58710476  .00000108 +00000-0 +00000-0 0  9996
2 03619 065.0294 150.4485 7145819 267.2148 016.7802 02.02198742017488
1 03619U 68115  A 71122.55457023 -.00000783 +00000-0 +00000-0 0  9993
2 03619 065.0358 150.0971 7147699 267.1173 016.8003 02.02188748017546
1 03619U 68115  A 71124.03832529 -.00000520 +00000-0 +00000-0 0  9995
2 03619 065.0352 149.9137 7147929 267.0949 016.8067 02.02189053017570
1 03619U 68115  A 71125.52213201 -.00000561 +00000-0 +00000-0 0  9995
2 03619 065.0450 149.7350 7149053 267.0619 016.8094 02.02184927017607
1 03619U 68115  A 71129.47906033 -.00001050 +00000-0 +00000-0 0  9999
2 03619 065.0333 149.2554 7149039 267.0114 016.8282 02.02174405017689
1 03619U 68115  A 71131.95230110 -.00001193 +00000-0 +00000-0 0  9999
2 03619 065.0462 148.9510 7149141 266.9612 016.8458 02.02166300017731
1 03619U 68115  A 71150.25596800 -.00000002 +00000-0 +00000-0 0  9992
2 03619 064.9922 146.6590 7156419 266.5479 016.9376 02.02139524018106
1 03619U 68115  A 71166.08569352  .00000785 +00000-0 +00000-0 0  9999
2 03619 065.0206 144.8175 7148189 265.9663 017.2295 02.02168160018422
1 03619U 68115  A 71200.21277370 -.00001004 +00000-0 +00000-0 0  9995
2 03619 065.0204 140.6978 7168189 265.9839 017.0506 02.02161319019111
1 03619U 68115  A 71201.20205286 -.00001193 +00000-0 +00000-0 0  9991
2 03619 065.0203 140.5760 7172889 265.9858 017.0094 02.02155392019139
1 03619U 68115  A 71211.59101922 -.00000752 +00000-0 +00000-0 0  9996
2 03619 065.0103 139.2141 7178529 265.2885 017.2226 02.02134264019343
1 03619U 68115  A 71216.53847539 -.00000241 +00000-0 +00000-0 0  9999
2 03619 065.0274 138.5836 7167179 265.0672 017.4066 02.02135226019440
1 03619U 68115  A 71234.34580830  .00001185 +00000-0 +00000-0 0  9993
2 03619 065.0302 136.3872 7192859 264.8861 017.2514 02.02179766019801
1 03619U 68115  A 71235.33502887  .00001209 +00000-0 +00000-0 0  9996
2 03619 065.0309 136.2642 7192559 264.8663 017.2617 02.02182531019829
1 03619U 68115  A 71242.25921473  .00001354 +00000-0 +00000-0 0  9992
2 03619 065.0491 135.3962 7188859 264.6795 017.3661 02.02202868019969
1 03619U 68115  A 71245.72102749  .00000868 +00000-0 +00000-0 0  9993
2 03619 065.0132 134.9775 7195229 264.5920 017.3439 02.02203369020036
1 03619U 68115  A 71254.62354828 -.00000334 +00000-0 +00000-0 0  9998
2 03619 065.0463 133.8619 7195469 264.4079 017.4131 02.02189422020211
1 03619U 68115  A 71255.61273005 -.00000334 +00000-0 +00000-0 0  9995
2 03619 065.0463 133.7383 7195476 264.3917 017.4195 02.02188754020235
1 03619U 68115  A 71287.27296550  .00000537 +00000-0 +00000-0 0  9996
2 03619 065.0019 129.6202 7213749 263.7167 017.5208 02.02146482020878
1 03619U 68115  A 71291.23024101  .00000692 +00000-0 +00000-0 0  9990
2 03619 065.0390 129.0956 7219759 263.7377 017.4590 02.02154589020959
1 03619U 68115  A 71308.04661189  .00001331 +00000-0 +00000-0 0  9992
2 03619 064.9873 126.9539 7222739 263.3657 017.5784 02.02206826021291
1 03619U 68115  A 71311.50850003  .00001191 +00000-0 +00000-0 0  9996
2 03619 065.0531 126.4908 7219839 263.2323 017.6573 02.02212882021369
1 03619U 68115  A 71317.44348583 -.00000609 +00000-0 +00000-0 0  9994
2 03619 065.0189 125.7058 7225899 263.1716 017.6269 02.02190137021487
1 03619U 68115  A 71319.42188860 -.00000723 +00000-0 +00000-0 0  9991
2 03619 065.0262 125.4500 7225789 263.1319 017.6436 02.02185845021526
1 03619U 68115  A 71325.85210181 -.00001334 +00000-0 +00000-0 0  9996
2 03619 065.0172 124.5805 7229799 262.9974 017.6609 02.02163553021651
1 03619U 68115  A 71360.48045172  .00001119 +00000-0 +00000-0 0  9990
2 03619 065.0177 120.1101 7245870 262.2901 017.7981 02.02170587022355
1 03619U 68115  A 71365.92093990  .00001813 +00000-0 +00000-0 0  9996
2 03619 065.0089 119.4027 7248790 262.1545 017.8262 02.02196646022461
1 03619U 68115  A 72009.32866067  .00000839 +00000-0 +00000-0 0  9996
2 03619 065.0074 118.2986 7253020 262.1036 017.8080 02.02204812022635
1 03619U 68115  A 72016.25274069 -.00000288 +00000-0 +00000-0 0  9990
2 03619 065.0644 117.4373 7257740 261.9064 017.8445 02.02193970022772
1 03619U 68115  A 72023.17720559 -.00001070 +00000-0 +00000-0 0  9999
2 03619 065.0003 116.4925 7269190 261.6333 017.8499 02.02173906022913
1 03619U 68115  A 72044.44924101 -.00000410 +00000-0 +00000-0 0  9998
2 03619 065.0405 113.7090 7288240 261.2490 017.8304 02.02134613023344
1 03619U 68115  A 72051.37518442  .00000844 +00000-0 +00000-0 0  9995
2 03619 064.9996 112.7341 7287620 261.1810 017.8638 02.02145827023485
1 03619U 68115  A 72058.30045177  .00001325 +00000-0 +00000-0 0  9990
2 03619 064.9910 111.8166 7285050 261.1255 017.9103 02.02168493023622
1 03619U 68115  A 72065.71957771  .00001362 +00000-0 +00000-0 0  9996
2 03619 064.9936 110.7734 7299890 260.9705 017.8358 02.02190231023775
1 03619U 68115  A 72073.63272553  .00000077 +00000-0 +00000-0 0  9996
2 03619 065.0524 109.7202 7303900 260.7397 017.8929 02.02197166023937
1 03619U 68115  A 72084.51338934 -.00000557 +00000-0 +00000-0 0  9995
2 03619 065.0212 108.2473 7307679 260.5760 017.9249 02.02188093024154
1 03619U 68115  A 72091.43845621 -.00001456 +00000-0 +00000-0 0  9999
2 03619 065.0097 107.3042 7308879 260.4584 017.9622 02.02158397024297
1 03619U 68115  A 72095.39594901 -.00001549 +00000-0 +00000-0 0  9993
2 03619 064.9554 106.7628 7310099 260.3803 017.9830 02.02144459024370
1 03619U 68115  A 72106.27940519  .00002228 +00000-0 +00000-0 0  9997
2 03619 064.9945 105.1477 7324819 260.5470 017.7767 02.02167236024595
1 03619U 68115  A 72106.27944970 -.00000104 +00000-0 +00000-0 0  9994
2 03619 065.0183 105.1242 7316559 260.3607 017.9305 02.02140630024592
1 03619U 68115  A 72124.08821617  .00000721 +00000-0 +00000-0 0  9999
2 03619 064.9669 102.6723 7327509 259.8799 018.0266 02.02162277024956
1 03619U 68115  A 72130.51807509  .00001002 +00000-0 +00000-0 0  9991
2 03619 064.9673 101.7985 7335029 259.7997 017.9890 02.02182959025081
1 03619U 68115  A 72132.49667885  .00001274 +00000-0 +00000-0 0  9992
2 03619 064.9637 101.5168 7324025 259.6964 018.1363 02.02192466025126
1 03619U 68115  A 72133.98035696  .00001282 +00000-0 +00000-0 0  9995
2 03619 064.9696 101.3109 7325769 259.7173 018.1111 02.02196916025151
1 03619U 68115  A 72135.46412358  .00001393 +00000-0 +00000-0 0  9997
2 03619 064.9657 101.1086 7320906 259.6267 018.1953 02.02203466025187
1 03619U 68115  A 72137.44201574  .00001487 +00000-0 +00000-0 0  9997
2 03619 064.9635 100.8446 7333340 259.7346 018.0319 02.02209674025221
1 03619U 68115  A 72138.43113961  .00001213 +00000-0 +00000-0 0  9996
2 03619 064.9576 100.7161 7334808 259.7203 018.0241 02.02207806025241
1 03619U 68115  A 72141.39833985  .00001080 +00000-0 +00000-0 0  9992
2 03619 064.9649 100.3081 7340770 259.6621 017.9918 02.02210657025301
1 03619U 68115  A 72143.37678064  .00000030 +00000-0 +00000-0 0  9991
2 03619 064.9673 100.0315 7339550 259.6510 018.0081 02.02197641025340
1 03619U 68115  A 72146.34443574 -.00000198 +00000-0 +00000-0 0  9993
2 03619 064.9584 099.6289 7334010 259.4752 018.1342 02.02193524025400
1 03619U 68115  A 72152.27948277 -.00000246 +00000-0 +00000-0 0  9996
2 03619 064.9559 098.8199 7333399 259.3673 018.1854 02.02190045025529
1 03619U 68115  A 72173.05740448 -.00000246 +00000-0 +00000-0 0  9995
2 03619 064.9558 095.9835 7333479 259.0187 018.3322 02.02139037025941
1 03619U 68115  A 72192.34996423  .00000356 +00000-0 +00000-0 0  9995
2 03619 064.9557 093.3518 7353159 257.6356 018.7395 02.02156441026335
1 03619U 68115  A 72198.28460224  .00001354 +00000-0 +00000-0 0  9998
2 03619 064.9757 092.3810 7368360 258.4185 018.2521 02.02192360026459
1 03619U 68115  A 72199.27406028  .00001407 +00000-0 +00000-0 0  9999
2 03619 065.0408 092.2097 7355140 258.1674 018.4883 02.02196809026479
1 03619U 68115  A 72257.14924065  .00000008 +00000-0 +00000-0 0  9992
2 03619 065.0004 083.5575 7394220 258.2220 018.0856 02.02145337027641
1 03619U 68115  A 72339.75086889  .00000559 +00000-0 +00000-0 0  9994
2 03619 064.9092 071.3975 7438359 256.0691 018.5337 02.02211179029307
1 03619U 68115  A 72347.66408687 -.00001755 +00000-0 +00000-0 0  9997
2 03619 064.9551 070.0917 7446779 256.1179 018.4797 02.02174251029461
1 03619U 68115  A 73008.86994435 -.00000921 +00000-0 +00000-0 0  9999
2 03619 064.9550 066.0938 7447569 255.6268 018.6904 02.02138915030011
1 03619U 68115  A 73013.81608367  .00002203 +00000-0 +00000-0 0  9990
2 03619 064.9668 065.1944 7447849 255.7112 018.6499 02.02191657030110
1 03619U 68115  A 73013.81642922 -.00000624 +00000-0 +00000-0 0  9991
2 03619 064.9668 065.1944 7447849 255.7112 018.6498 02.02159063030114
1 03619U 68115  A 73023.21218579  .00002216 +00000-0 +00000-0 0  9991
2 03619 064.8999 063.6168 7488699 255.2941 018.4231 02.02233816030307
1 03619U 68115  A 73024.69557014  .00002308 +00000-0 +00000-0 0  9996
2 03619 064.8107 063.3777 7488749 255.3183 018.4118 02.02242433030338
1 03619U 68115  A 73030.62867857  .00002160 +00000-0 +00000-0 0  9991
2 03619 064.9107 062.4631 7490489 255.2476 018.4258 02.02269201030456
1 03619U 68115  A 73032.60622719  .00002190 +00000-0 +00000-0 0  9990
2 03619 064.8696 062.1480 7493229 255.2526 018.3959 02.02277578030495
1 03619U 68115  A 73036.56136461  .00001490 +00000-0 +00000-0 0  9995
2 03619 064.8721 061.5519 7490669 255.2111 018.4402 02.02281316030573
1 03619U 68115  A 73043.48247355  .00000792 +00000-0 +00000-0 0  9993
2 03619 064.8062 060.4731 7493959 255.0774 018.4665 02.02286226030715
1 03619U 68115  A 73048.42648988  .00000111 +00000-0 +00000-0 0  9994
2 03619 064.8061 059.7178 7493889 254.9940 018.5045 02.02275990030815
1 03619U 68115  A 73058.31386128 -.00000151 +00000-0 +00000-0 0  9993
2 03619 064.8868 058.0517 7507099 255.0153 018.3607 02.02270602031016
1 03619U 68115  A 73081.04969452  .00001117 +00000-0 +00000-0 0  9998
2 03619 064.8053 054.7362 7483981 254.2509 018.9476 02.02350373031476
1 03619U 68115  A 73102.28680533  .00001247 +39483-8 +00000-0 0  9997
2 03619 064.7994 050.9872 7515572 254.3466 018.5745 02.02506733031904
1 03619U 68115  A 73142.72596622  .00028771 +00000-0 +00000-0 0  9991
2 03619 064.8086 044.7959 7493687 252.9072 019.4085 02.03424417032719
1 03619U 68115  A 73147.63708227  .00034609 +00000-0 +00000-0 0  9999
2 03619 064.8084 044.0358 7490948 252.8231 019.5471 02.03794470032816
