1 15160U 84078  D 84218.48380413  .00000081 +00000-0 +99999-5 0  9993
2 15160 047.3813 283.2543 7249868 000.6708 000.0339 02.26622025000083
1 15160U 84078  D 84220.24882165  .00000081 +00000-0 +99999-5 0  9991
2 15160 047.3715 282.7713 7250484 001.1282 359.9985 02.26621943000122
1 15160U 84078  D 84221.57258209  .00000363 +00000-0 +42191-3 0  9997
2 15160 047.3656 282.4086 7250869 001.4726 359.9891 02.26624398000155
1 15160U 84078  D 84221.57259443  .00000082 +00000-0 +99999-5 0  9996
2 15160 047.3622 282.4129 7251212 001.4791 359.9894 02.26622668000152
1 15160U 84078  D 84224.66131557  .00000413 +00000-0 +47906-3 0  9991
2 15160 047.3584 281.5678 7251835 002.2780 359.9314 02.26626707000229
1 15160U 84078  D 84226.42627280  .00000355 +00000-0 +38774-3 0  9998
2 15160 047.3627 281.0945 7252636 002.7225 359.8736 02.26627051000262
1 15160U 84078  D 84226.86751871  .00000355 +00000-0 +38459-3 0  9990
2 15160 047.3612 280.9745 7252781 002.8385 359.8659 02.26627272000271
1 15160U 84078  D 84231.72107419  .00000281 +00000-0 +27378-3 0  9990
2 15160 047.3490 279.6276 7253704 004.1241 359.6971 02.26629856000388
1 15160U 84078  D 84234.36848002  .00000328 +00000-0 +33361-3 0  9994
2 15160 047.3437 278.9031 7253944 004.8271 359.6326 02.26631377000448
1 15160U 84078  D 84235.69218812  .00000319 +00000-0 +30874-3 0  9997
2 15160 047.3378 278.5516 7255269 005.1431 359.6026 02.26631739000472
1 15160U 84078  D 84240.54570402  .00000367 +00000-0 +34754-3 0  9997
2 15160 047.3176 277.2153 7257066 006.4203 359.4814 02.26634818000585
1 15160U 84078  D 84241.42812839  .00000331 +00000-0 +30591-3 0  9994
2 15160 047.3164 276.9687 7256913 006.6784 359.4385 02.26634955000604
1 15160U 84078  D 84241.42812938  .00000370 +00000-0 +34754-3 0  9992
2 15160 047.3143 276.9737 7257390 006.6517 359.4385 02.26635340000600
1 15160U 84078  D 84242.31055393  .00000334 +00000-0 +30591-3 0  9990
2 15160 047.3131 276.7271 7257239 006.9097 359.3961 02.26635413000628
1 15160U 84078  D 84246.28149903  .00000347 +00000-0 +30521-3 0  9998
2 15160 047.2982 275.6397 7258708 007.9512 359.2479 02.26637480000712
1 15160U 84078  D 84247.16392907  .00000369 +00000-0 +31580-3 0  9990
2 15160 047.2829 275.3970 7259966 008.1654 359.1868 02.26637103000738
1 15160U 84078  D 84248.48764464  .00000369 +00000-0 +31580-3 0  9997
2 15160 047.2751 275.0256 7259965 008.5612 359.2002 02.26639368000762
1 15160U 84078  D 84251.57611882  .00000382 +00000-0 +31580-3 0  9991
2 15160 047.2701 274.1782 7261157 009.3678 359.1195 02.26642643000838
1 15160U 84078  D 84255.10573080  .00000400 +00000-0 +31580-3 0  9992
2 15160 047.2578 273.2187 7262751 010.2690 359.0184 02.26645924000916
1 15160U 84078  D 84255.54689732  .00000400 +00000-0 +31580-3 0  9992
2 15160 047.2545 273.0949 7262776 010.3955 358.9764 02.26646217000925
1 15160U 84078  D 84259.51763361  .00000530 +00000-0 +41311-3 0  9991
2 15160 047.2409 271.9934 7264703 011.4613 358.8488 02.26651446001013
1 15160U 84078  D 84261.72354551  .00000545 +00000-0 +41311-3 0  9990
2 15160 047.2323 271.3849 7265564 012.0450 358.7587 02.26653461001062
1 15160U 84078  D 84261.72355969  .00000549 +00000-0 +42549-3 0  9992
2 15160 047.2428 271.4080 7265012 012.0350 358.7582 02.26653081001066
1 15160U 84078  D 84263.04712682  .00000572 +00000-0 +43840-3 0  9999
2 15160 047.2329 271.0457 7265471 012.3892 358.7388 02.26654845001099
1 15160U 84078  D 84264.37066556  .00000581 +00000-0 +43471-3 0  9998
2 15160 047.2260 270.6784 7266218 012.7304 358.6936 02.26656169001126
1 15160U 84078  D 84265.25303181  .00000580 +00000-0 +43531-3 0  9990
2 15160 047.2281 270.4285 7266114 012.9694 358.6675 02.26656780001143
1 15160U 84078  D 84267.01774025  .00000582 +00000-0 +42388-3 0  9996
2 15160 047.2127 269.9390 7266917 013.4431 358.6021 02.26658114001180
1 15160U 84078  D 84268.34124878  .00000592 +00000-0 +42409-3 0  9993
2 15160 047.2062 269.5719 7267438 013.7959 358.5475 02.26659467001214
1 15160U 84078  D 84269.66473915  .00000601 +00000-0 +42538-3 0  9992
2 15160 047.1985 269.2014 7267786 014.1603 358.4819 02.26660753001243
1 15160U 84078  D 84271.42938635  .00000617 +00000-0 +42651-3 0  9997
2 15160 047.1892 268.7137 7268505 014.6295 358.4041 02.26662693001288
1 15160U 84078  D 84275.39984064  .00000660 +00000-0 +42843-3 0  9995
2 15160 047.1696 267.6156 7270393 015.6829 358.2798 02.26667463001378
1 15160U 84078  D 84278.04678561  .00000750 +00000-0 +46932-3 0  9995
2 15160 047.1563 266.8813 7271738 016.3955 358.2327 02.26672351001431
1 15160U 84078  D 84278.48790451  .00000757 +00000-0 +46957-3 0  9990
2 15160 047.1548 266.7592 7271983 016.5126 358.1955 02.26672962001446
1 15160U 84078  D 84281.57587456  .00000818 +00000-0 +49510-3 0  9999
2 15160 047.1480 265.9038 7272793 017.3552 358.0804 02.26677959001510
1 15160U 84078  D 84285.98713664  .00000866 +00000-0 +49510-3 0  9993
2 15160 047.1166 264.6603 7274321 018.5398 357.9196 02.26684958001615
1 15160U 84078  D 84287.75159999  .00000911 +00000-0 +49510-3 0  9996
2 15160 047.1102 264.1863 7275663 018.9961 357.8547 02.26688570001655
1 15160U 84078  D 84290.39828499  .00000949 +00000-0 +49510-3 0  9999
2 15160 047.1002 263.4469 7276721 019.7069 357.7835 02.26693044001710
1 15160U 84078  D 84292.60381453  .00000872 +00000-0 +43660-3 0  9994
2 15160 047.0991 262.8401 7277475 020.2864 357.7228 02.26696272001769
1 15160U 84078  D 84293.48601269  .00000891 +00000-0 +44041-3 0  9996
2 15160 047.0944 262.5912 7277834 020.5254 357.6945 02.26697734001787
1 15160U 84078  D 84294.36818859  .00001006 +00000-0 +49713-3 0  9999
2 15160 047.0870 262.3440 7278116 020.7656 357.6603 02.26700299001806
1 15160U 84078  D 84296.57357663  .00001181 +00000-0 +56432-3 0  9995
2 15160 047.0666 261.7178 7279157 021.3478 357.5660 02.26706806001852
1 15160U 84078  D 84296.57360129  .00001236 +00000-0 +58922-3 0  9993
2 15160 047.0777 261.7264 7279290 021.3499 357.5858 02.26707051001854
1 15160U 84078  D 84297.45571874  .00001257 +00000-0 +58320-3 0  9997
2 15160 047.0702 261.4885 7279946 021.5884 357.5280 02.26709184001876
1 15160U 84078  D 84297.89678700  .00001299 +00000-0 +60026-3 0  9993
2 15160 047.0648 261.3701 7280089 021.7085 357.5120 02.26710591001884
1 15160U 84078  D 84300.54316947  .00001341 +00000-0 +59964-3 0  9999
2 15160 047.0523 260.6249 7280848 022.4153 357.4173 02.26717218001949
1 15160U 84078  D 84303.18949613  .00001373 +00000-0 +59964-3 0  9999
2 15160 047.0337 259.8703 7281369 023.1341 357.3485 02.26724443002004
1 15160U 84078  D 84303.63054807  .00001391 +00000-0 +59964-3 0  9991
2 15160 047.0380 259.7530 7281665 023.2540 357.3380 02.26725497002004
1 15160U 84078  D 84306.27677623  .00001495 +00000-0 +59964-3 0  9996
2 15160 047.0301 259.0114 7283316 023.9725 357.2645 02.26732722002074
1 15160U 84078  D 84308.92288361  .00001601 +00000-0 +59964-3 0  9996
2 15160 047.0182 258.2710 7284824 024.6824 357.1722 02.26741223002135
1 15160U 84078  D 84311.56888464  .00001847 +00000-0 +66466-3 0  9997
2 15160 047.0143 257.5359 7285775 025.3891 357.0786 02.26751078002195
1 15160U 84078  D 84317.30155528  .00002056 +00000-0 +66466-3 0  9996
2 15160 046.9841 255.9160 7287955 026.9501 356.9217 02.26772480002329
1 15160U 84078  D 84319.50629065  .00002165 +00000-0 +66466-3 0  9993
2 15160 046.9624 255.2884 7288987 027.5482 356.8844 02.26782556002370
1 15160U 84078  D 84320.82905097  .00002185 +00000-0 +66466-3 0  9994
2 15160 046.9449 254.9006 7289131 027.9294 356.8346 02.26788399002406
1 15160U 84078  D 84323.47445090  .00002433 +00000-0 +69011-3 0  9995
2 15160 046.9440 254.1709 7290514 028.6091 356.7662 02.26803767002462
1 15160U 84078  D 84325.23791804  .00003139 +00000-0 +88604-3 0  9991
2 15160 046.9546 253.6742 7290676 029.1030 356.7127 02.26819544002509
1 15160U 84078  D 84329.64619602  .00003208 +00000-0 +81916-3 0  9991
2 15160 046.9381 252.4211 7292439 030.3071 356.5376 02.26847117002604
1 15160U 84078  D 84331.85015206  .00003555 +00000-0 +83813-3 0  9990
2 15160 046.9282 251.7931 7293894 030.8926 356.4892 02.26864601002659
1 15160U 84078  D 84331.85017944  .00003555 +00000-0 +83838-3 0  9998
2 15160 046.9283 251.7932 7293890 030.8926 356.5116 02.26864603002659
1 15160U 84078  D 84335.37613285  .00004539 +00000-0 +10007-2 0  9999
2 15160 046.9208 250.7909 7295016 031.8665 356.4452 02.26897865002739
1 15160U 84078  D 84339.34210842  .00004460 +00000-0 +90538-3 0  9993
2 15160 046.9090 249.6557 7296256 032.9683 356.2305 02.26931387002826
1 15160U 84078  D 84343.74774208  .00005089 +00000-0 +95009-3 0  9999
2 15160 046.9039 248.4151 7297380 034.1383 356.1388 02.26985871002924
1 15160U 84078  D 84344.18823139  .00005142 +00000-0 +94444-3 0  9998
2 15160 046.8899 248.2603 7297629 034.2701 356.1203 02.26991528002931
1 15160U 84078  D 84350.35434146  .00007829 +00000-0 +12149-2 0  9995
2 15160 046.8960 246.5375 7299853 035.9432 356.1582 02.27095444003076
1 15160U 84078  D 84351.23468850  .00007980 +00000-0 +12105-2 0  9992
2 15160 046.8885 246.2806 7300133 036.1868 355.9052 02.27108885003093
1 15160U 84078  D 84355.19681270  .00009287 +00000-0 +13941-2 0  9995
2 15160 046.8642 245.0820 7299707 037.3614 355.9546 02.27188699003182
1 15160U 84078  D 84356.95703204  .00009665 +00000-0 +14204-2 0  9995
2 15160 046.8550 244.5539 7299810 037.8660 355.7115 02.27220998003226
1 15160U 84078  D 84357.39710780  .00009775 +00000-0 +14212-2 0  9992
2 15160 046.8601 244.4185 7299923 037.9895 355.7016 02.27229487003238
1 15160U 84078  D 84358.71722941  .00010436 +00000-0 +13464-2 0  9995
2 15160 046.8341 244.0839 7301610 038.3072 355.7121 02.27263917003266
1 15160U 84078  D 84359.15717307  .00010474 +00000-0 +13266-2 0  9996
2 15160 046.8421 243.9685 7301832 038.4251 355.6624 02.27273173003271
1 15160U 84078  D 84366.19358433  .00012935 +00000-0 +13896-2 0  9992
2 15160 046.8137 241.9221 7302890 040.4092 355.4273 02.27466556003435
1 15160U 84078  D 85001.95181708  .00014795 +00000-0 +15490-2 0  9990
2 15160 046.8213 241.4261 7302781 040.8673 355.4770 02.27531960003475
1 15160U 84078  D 85004.14875487  .00016066 +00000-0 +16556-2 0  9995
2 15160 046.8231 240.8329 7302455 041.4918 355.3290 02.27604220003522
1 15160U 84078  D 85007.22342064  .00016020 +00000-0 +14957-2 0  9990
2 15160 046.8100 239.9158 7303142 042.3373 355.1955 02.27701432003591
1 15160U 84078D   86302.34170929  .00008139 +00000-0 +49822-3 0  9993
2 15160 047.0566 339.4414 6646183 296.3639 012.0437 03.15487342025778
1 15160U 84078D   86303.29198956  .00008132 +00000-0 +51640-3 0  9992
2 15160 047.0735 339.0345 6645375 296.7705 011.3557 03.15503153025803
1 15160U 84078D   86303.60890692  .00010159 +00000-0 +62341-3 0  9995
2 15160 047.0688 338.9093 6645939 296.8868 011.3749 03.15520019025819
1 15160U 84078D   86303.60917186  .00010159 +00000-0 +62341-3 0  9993
2 15160 047.0688 338.9092 6645939 296.8867 011.3749 03.15520019025817
1 15160U 84078D   86304.24265872  .00009659 +00000-0 +59357-3 0  9998
2 15160 047.0664 338.6444 6645835 297.1500 011.2275 03.15529541025836
1 15160U 84078D   86305.51021180  .00009849 +00000-0 +61283-3 0  9993
2 15160 047.0671 338.0962 6645416 297.6785 011.1095 03.15555684025878
1 15160U 84078D   86307.09448787  .00009468 +00000-0 +58801-3 0  9993
2 15160 047.0685 337.4206 6645242 298.3336 010.9113 03.15583887025924
1 15160U 84078D   86307.09475280  .00009467 +00000-0 +58801-3 0  9990
2 15160 047.0685 337.4205 6645242 298.3335 010.9113 03.15583887025922
1 15160U 84078D   86308.04500169  .00009185 +00000-0 +57029-3 0  9999
2 15160 047.0680 337.0113 6645132 298.7269 010.8018 03.15599313025956
1 15160U 84078D   86308.67866313  .00009218 +00000-0 +57877-3 0  9992
2 15160 047.0685 336.7410 6644834 298.9946 010.7543 03.15611469025970
1 15160U 84078D   86308.67893061  .00009218 +00000-0 +57877-3 0  9992
2 15160 047.0685 336.7410 6644834 298.9945 010.7543 03.15611470025971
1 15160U 84078D   86311.21303437  .00010041 +00000-0 +62666-3 0  9997
2 15160 047.0741 335.6516 6644565 300.0484 010.5852 03.15666519026058
1 15160U 84078D   86311.21329931  .00010041 +00000-0 +62666-3 0  9994
2 15160 047.0741 335.6515 6644565 300.0484 010.5852 03.15666519026057
1 15160U 84078D   86313.11344688  .00010115 +00000-0 +63116-3 0  9994
2 15160 047.0750 334.8404 6644283 300.8333 010.3526 03.15706544026119
1 15160U 84078D   86314.06383408  .00010062 +00000-0 +61954-3 0  9991
2 15160 047.0788 334.4366 6644394 301.2250 010.2383 03.15725829026149
1 15160U 84078D   86315.01365787  .00009816 +00000-0 +59741-3 0  9993
2 15160 047.0812 334.0269 6644491 301.6168 010.1361 03.15742350026171
1 15160U 84078D   86315.33035254  .00009802 +00000-0 +59900-3 0  9993
2 15160 047.0801 333.8909 6644369 301.7501 010.1166 03.15748558026183
1 15160U 84078D   86315.33062002  .00009801 +00000-0 +59900-3 0  9993
2 15160 047.0801 333.8909 6644369 301.7501 010.1166 03.15748558026183
1 15160U 84078D   86318.49698104  .00008842 +00000-0 +56294-3 0  9998
2 15160 047.0704 332.5450 6643228 303.0780 009.8042 03.15797298026283
1 15160U 84078D   86319.44683526  .00008691 +00000-0 +56127-3 0  9993
2 15160 047.0695 332.1403 6642844 303.4771 009.6698 03.15812332026319
1 15160U 84078D   86320.39667980  .00008650 +00000-0 +54646-3 0  9994
2 15160 047.0708 331.7429 6643146 303.8577 009.5923 03.15828605026344
1 15160U 84078D   86320.39694601  .00008650 +00000-0 +54646-3 0  9994
2 15160 047.0708 331.7428 6643146 303.8576 009.5923 03.15828606026343
1 15160U 84078D   86322.29612849  .00009247 +00000-0 +59343-3 0  9991
2 15160 047.0733 330.9348 6642561 304.6314 009.4194 03.15869798026405
1 15160U 84078D   86322.29639597  .00009247 +00000-0 +59343-3 0  9990
2 15160 047.0733 330.9348 6642561 304.6314 009.4194 03.15869798026405
1 15160U 84078D   86324.19542345  .00009078 +00000-0 +59071-3 0  9995
2 15160 047.0756 330.1201 6642054 305.4223 009.2550 03.15903003026463
1 15160U 84078D   86324.19569093  .00009077 +00000-0 +59071-3 0  9993
2 15160 047.0756 330.1201 6642054 305.4222 009.2550 03.15903004026463
1 15160U 84078D   86326.41100231  .00010738 +00000-0 +66333-3 0  9990
2 15160 047.0725 329.1796 6642676 306.3436 009.1437 03.15957815026533
1 15160U 84078D   86331.47361715  .00012132 +00000-0 +77633-3 0  9993
2 15160 047.0876 327.0286 6641143 308.4494 008.6655 03.16080059026697
1 15160U 84078D   86332.10626616  .00012429 +00000-0 +76607-3 0  9997
2 15160 047.0856 326.7550 6641727 308.7156 008.5699 03.16098412026713
1 15160U 84078D   86332.10653110  .00012429 +00000-0 +76607-3 0  9996
2 15160 047.0856 326.7549 6641727 308.7155 008.5699 03.16098412026710
1 15160U 84078D   86333.05521718  .00012630 +00000-0 +76600-3 0  9996
2 15160 047.0859 326.3470 6641845 309.1103 008.4801 03.16124567026749
1 15160U 84078D   86335.58541611  .00012763 +00000-0 +80045-3 0  9995
2 15160 047.0796 325.2710 6640759 310.1604 008.2361 03.16187718026820
1 15160U 84078D   86335.58568105  .00012763 +00000-0 +80045-3 0  9992
2 15160 047.0796 325.2710 6640759 310.1603 008.2361 03.16187718026829
1 15160U 84078D   86337.16654956  .00012674 +00000-0 +80142-3 0  9997
2 15160 047.0797 324.5943 6640313 310.8174 008.1085 03.16227874026871
1 15160U 84078D   86337.16681704  .00012674 +00000-0 +80142-3 0  9998
2 15160 047.0797 324.5943 6640313 310.8174 008.1085 03.16227874026871
1 15160U 84078D   86339.37981311  .00012873 +00000-0 +83655-3 0  9993
2 15160 047.0836 323.6387 6639370 311.7442 007.9848 03.16286709026940
1 15160U 84078D   86339.38007932  .00012873 +00000-0 +83655-3 0  9992
2 15160 047.0836 323.6386 6639370 311.7442 007.9848 03.16286710026941
1 15160U 84078D   86341.27652604  .00012721 +00000-0 +81261-3 0  9998
2 15160 047.0859 322.8333 6639354 312.5225 007.7913 03.16334593027001
1 15160U 84078D   86344.75326749  .00011801 +00000-0 +79371-3 0  9999
2 15160 047.0786 321.3331 6637814 313.9852 007.5021 03.16409298027117
1 15160U 84078D   86345.38529905  .00011739 +00000-0 +77444-3 0  9997
2 15160 047.0796 321.0720 6638085 314.2393 007.4390 03.16423640027139
1 15160U 84078D   86349.17690591  .00011142 +00000-0 +71313-3 0  9995
2 15160 047.0799 319.4563 6638083 315.8155 007.0456 03.16503945027258
1 15160U 84078D   86352.33597441  .00013361 +00000-0 +91154-3 0  9997
2 15160 047.0792 318.1038 6636190 317.1337 007.1310 03.16598908027352
1 15160U 84078D   86354.23064152  .00013761 +00000-0 +90335-3 0  9990
2 15160 047.0755 317.2849 6636538 317.9412 006.7872 03.16654818027417
1 15160U 84078D   86355.17795385  .00013734 +00000-0 +90211-3 0  9996
2 15160 047.0752 316.8811 6636339 318.3339 006.7231 03.16680911027445
1 15160U 84078D   86355.49370618  .00013725 +00000-0 +90295-3 0  9991
2 15160 047.0744 316.7451 6636247 318.4660 006.7003 03.16689575027454
1 15160U 84078D   86358.33507314  .00013681 +00000-0 +89852-3 0  9990
2 15160 047.0683 315.5309 6635716 319.6453 006.4847 03.16767910027541
1 15160U 84078D   86360.22891813  .00014075 +00000-0 +90605-3 0  9997
2 15160 047.0595 314.7319 6635716 320.4296 006.3293 03.16822089027600
1 15160U 84078D   86361.17571850  .00014150 +00000-0 +91449-3 0  9999
2 15160 047.0596 314.3260 6635445 320.8261 006.2542 03.16849279027636
1 15160U 84078D   86363.38461573  .00014400 +00000-0 +94290-3 0  9999
2 15160 047.0641 313.3681 6634726 321.7570 006.1131 03.16914552027705
1 15160U 84078D   86364.01562634  .00014381 +00000-0 +94313-3 0  9994
2 15160 047.0636 313.0976 6634566 322.0201 006.0456 03.16932644027723
1 15160U 84078  D 87002.17027263  .00014028 +00000-0 +92729-3 0  9992
2 15160 047.0657 311.7334 6633794 323.3512 005.8079 03.17018441027820
1 15160U 84078  D 87002.17053883  .00014027 +00000-0 +92729-3 0  9998
2 15160 047.0657 311.7334 6633794 323.3511 005.8079 03.17018442027820
1 15160U 84078  D 87004.06268521  .00014465 +00000-0 +93184-3 0  9997
2 15160 047.0607 310.9249 6633879 324.1514 005.7533 03.17076326027882
1 15160U 84078  D 87005.32429263  .00014435 +00000-0 +93424-3 0  9993
2 15160 047.0589 310.3900 6633529 324.6731 005.6182 03.17112543027923
1 15160U 84078  D 87006.58526977  .00014361 +00000-0 +92244-3 0  9999
2 15160 047.0582 309.8551 6633420 325.1922 005.5279 03.17147930027967
1 15160U 84078  D 87006.58553596  .00014360 +00000-0 +92244-3 0  9995
2 15160 047.0582 309.8551 6633420 325.1921 005.5279 03.17147930027966
1 15160U 84078  D 87008.16163727  .00014185 +00000-0 +91486-3 0  9996
2 15160 047.0559 309.1788 6633037 325.8481 005.3999 03.17190046028017
1 15160U 84078  D 87009.10737102  .00014081 +00000-0 +90395-3 0  9998
2 15160 047.0557 308.7739 6632949 326.2405 005.3308 03.17214820028042
1 15160U 84078  D 87021.71098610  .00012664 +00000-0 +71404-3 0  9998
2 15160 047.0644 303.3314 6633195 331.5599 004.4817 03.17519930028445
1 15160U 84078  D 87026.11894970  .00015619 +00000-0 +82184-3 0  9990
2 15160 047.0617 301.4430 6633442 333.4176 004.2798 03.17665731028582
1 15160U 84078  D 87026.11921582  .00015619 +00000-0 +82184-3 0  9990
2 15160 047.0617 301.4429 6633442 333.4175 004.2798 03.17665731028589
1 15160U 84078  D 87027.06318942  .00015895 +00000-0 +82557-3 0  9995
2 15160 047.0594 301.0406 6633452 333.8167 004.1592 03.17697508028612
1 15160U 84078  D 87027.69266567  .00016296 +00000-0 +81573-3 0  9992
2 15160 047.0566 300.7677 6633944 334.0911 004.1350 03.17721927028630
1 15160U 84078  D 87028.32208080  .00020465 -24331-4 +81164-3 0  9996
2 15160 047.0564 300.4926 6634631 334.3589 004.1173 03.17749374028651
1 15160U 84078  D 87028.32234709  .00020465 -24300-4 +81164-3 0  9999
2 15160 047.0564 300.4926 6634631 334.3589 004.1173 03.17749374028651
1 15160U 84078  D 87029.58097282  .00020303 -24300-4 +76148-3 0  9998
2 15160 047.0570 299.9392 6635292 334.8947 003.9263 03.17790224028695
1 15160U 84078  D 87034.61436025  .00018133 -24500-4 +66754-3 0  9992
2 15160 047.0616 297.7611 6634059 337.0641 003.6293 03.17942503028859
1 15160U 84078  D 87037.13006630  .00018967 -24600-4 +61186-3 0  9997
2 15160 047.0655 296.6793 6635909 338.1391 003.4676 03.18023324028934
1 15160U 84078  D 87039.33077332  .00021139 -24500-4 +68294-3 0  9999
2 15160 047.0521 295.7230 6635666 339.0859 003.3442 03.18108858029006
1 15160U 84078  D 87042.15923658  .00022824 -24600-4 +75472-3 0  9993
2 15160 047.0690 294.4976 6634644 340.2723 003.2186 03.18231365029098
1 15160U 84078  D 87042.47340017  .00022840 -24600-4 +76086-3 0  9990
2 15160 047.0690 294.3627 6634429 340.3980 003.1534 03.18243777029105
1 15160U 84078  D 87044.98655075  .00027979 -24700-4 +83639-3 0  9992
2 15160 047.0634 293.2661 6635699 341.5076 003.1544 03.18392214029188
1 15160U 84078  D 87050.32322542  .00032460 -25000-4 +81224-3 0  9990
2 15160 047.0683 290.8956 6636805 343.8637 002.6218 03.18669990029359
1 15160U 84078  D 87055.34103331  .00037332 -25099-4 +79007-3 0  9997
2 15160 047.0725 288.7566 6636972 345.9675 002.2483 03.19030223029519
1 15160U 84078  D 87067.54278791  .00251711 -25500-4 +29561-2 0  9990
2 15160 047.0550 283.3925 6636808 351.2473 001.4432 03.20316780029904
1 15160U 84078  D 87074.68299465  .00083137 -25664-4 +44305-3 0  9994
2 15160 047.0669 280.3657 6633769 354.2760 331.3644 03.21528851030131
1 15160U 84078  D 87074.68326118  .00083136 -25700-4 +44305-3 0  9990
2 15160 047.0669 280.3656 6633769 354.2759 331.3644 03.21528852030139
