1 20352U 89096  A 89343.99260864  .00000748 +00000-0 +00000-4 0  9998
2 20352 052.1160 023.9610 9229690 056.5725 349.5180 00.24391700000047
1 20352U 89096  A 89346.00000000  .00000759 +00000-0 +00000-4 0  9999
2 20352 051.7220 023.3800 9238040 285.6829 168.2810 00.24433004000043
1 20352U 89096  A 89356.43128616  .00000760 +00000-0 +00000-4 0  9993
2 20352 052.4940 020.4619 9256063 287.8799 004.9580 00.24372633000063
1 20352U 89096  A 90004.41183321  .00000759 +00000-0 +00000-4 0  9995
2 20352 053.2896 017.4945 9242723 290.1145 063.5274 00.24398510000108
1 20352U 89096  A 90012.33124999 -.00000855 +00000-0 +99999-4 0  9994
2 20352 053.8829 015.1163 9246364 291.4621 039.6924 00.24405589000128
1 20352U 89096  A 90028.00000000  .00000756 +00000-0 +00000-4 0  9995
2 20352 054.8140 011.6800 9307865 293.1340 336.0080 00.24396082000152
1 20352U 89096  A 90028.00028935  .00000756 +00000-0 +00000-4 0  9992
2 20352 054.8140 011.6800 9307865 293.1340 336.0080 00.24396082000152
1 20352U 89096  A 90040.59199307  .00000757 +00000-0 +00000-4 0  9993
2 20352 055.3547 009.8772 9243391 294.9017 002.2294 00.24402007000197
1 20352U 89096  A 90049.00000000  .00000757 +00000-0 +00000-4 0  9999
2 20352 056.5030 007.3599 9267994 295.9609 020.9160 00.24392351000212
1 20352U 89096  A 90061.00000000  .00000758 +00000-0 +00000-4 0  9994
2 20352 057.0720 005.8839 9227805 296.8649 354.7990 00.24383960000232
1 20352U 89096  A 90067.00000000  .00000758 +00000-0 +00000-4 0  9990
2 20352 057.5830 004.3599 9227441 297.7219 162.4430 00.24380851000256
1 20352U 89096  A 90077.00000000  .00000757 +00000-0 +00000-4 0  9990
2 20352 058.2270 003.0609 9186404 298.2629 321.3540 00.24416390000003
1 20352U 89096  A 90090.00000000 -.00000814 +00000-0 +99999-4 0  9995
2 20352 058.4670 002.3230 9142262 298.5580 023.8050 00.24373679000310
1 20352U 89096  A 90114.00000000  .00000758 +00000-0 +00000-4 0  9993
2 20352 059.5870 359.6589 9102472 299.6180 333.9450 00.24383510000365
1 20352U 89096  A 90122.00000000  .00000758 +00000-0 +00000-4 0  9992
2 20352 060.4480 357.7889 9110953 300.4099 217.2710 00.24413820000381
1 20352U 89096  A 90127.00000000  .00000758 +00000-0 +00000-4 0  9997
2 20352 060.5370 357.5039 9089004 300.4320 037.3290 00.24395420000406
1 20352U 89096  A 90131.00000000  .00000758 +00000-0 +00000-4 0  9992
2 20352 060.6010 357.3219 9101048 300.4279 029.4570 00.24401720000002
1 20352U 89096  A 90135.00000000  .00000758 +00000-0 +00000-4 0  9996
2 20352 060.8120 356.8509 9115131 300.6400 021.0860 00.24428540000007
1 20352U 89096  A 90143.00000000  .00000759 +00000-0 +00000-4 0  9996
2 20352 061.0180 356.2989 9100980 300.8529 004.2800 00.24383650000012
1 20352U 89096  A 90147.00000000  .00000759 +00000-0 +00000-4 0  9990
2 20352 061.3570 355.6659 9125566 301.0729 356.7110 00.24429180000004
1 20352U 89096  A 90151.00000000 -.00000790 +00000-0 +99999-4 0  9996
2 20352 062.1400 354.0900 9100362 301.8490 347.4450 00.24394019000003
1 20352U 89096  A 90155.00000000 -.00000789 +00000-0 +99999-4 0  9998
2 20352 062.2260 353.8650 9097551 301.8690 339.4610 00.24386059000019
1 20352U 89096  A 90159.00000000 -.00000794 +00000-0 +99999-4 0  9998
2 20352 062.4550 353.4040 9115063 302.0460 330.9880 00.24418269000024
1 20352U 89096  A 90180.00000000  .00000764 +00000-0 +00000-4 0  9993
2 20352 064.3790 349.7529 9100629 303.7049 015.5720 00.24401880000080
1 20352U 89096  A 90184.00000000  .00000764 +00000-0 +00000-4 0  9997
2 20352 064.5620 349.4109 9105172 303.8109 007.3940 00.24409220000091
1 20352U 89096  A 90195.00000000  .00000766 +00000-0 +00000-4 0  9991
2 20352 065.4200 347.9100 9095563 304.6109 340.6870 00.24400760000556
1 20352U 89096  A 90200.00000000  .00000766 +00000-0 +00000-4 0  9998
2 20352 065.6010 347.6009 9094223 304.7029 332.6210 00.24411300000568
1 20352U 89096  A 90209.00000000  .00000767 +00000-0 +00000-4 0  9998
2 20352 066.9140 345.4409 9056263 305.6229 042.8600 00.24419410000596
1 20352U 89096  A 90213.00000000  .00000768 +00000-0 +00000-4 0  9994
2 20352 067.1610 345.0669 9059970 305.7619 034.3730 00.24427600000609
1 20352U 89096  A 90217.00000000  .00000768 +00000-0 +00000-4 0  9998
2 20352 067.4960 344.5490 9059140 306.0259 025.5960 00.24453400000614
1 20352U 89096  A 90221.00000000  .00000768 +00000-0 +00000-4 0  9993
2 20352 067.7000 344.2049 9040480 306.2320 016.6060 00.24448800000628
1 20352U 89096  A 90225.00000000 -.00000731 +00000-0 +99999-4 0  9993
2 20352 067.6780 344.1940 9016110 306.2420 008.2110 00.24408399000638
1 20352U 89096  A 90229.00000000  .00000768 +00000-0 +00000-4 0  9991
2 20352 068.0460 343.6699 9019840 306.3999 000.3020 00.24460800000636
1 20352U 89096  A 90233.00000000  .00000769 +00000-0 +00000-4 0  9997
2 20352 068.7610 342.5720 8969640 306.9129 350.6990 00.24411900000640
1 20352U 89096  A 90250.00000000  .00000767 +00000-0 +00000-4 0  9994
2 20352 069.0760 341.9569 8908340 307.1309 044.2030 00.24428700000699
1 20352U 89096  A 90254.00000000  .00000767 +00000-0 +00000-4 0  9998
2 20352 068.9560 342.0779 8888710 307.0199 036.0910 00.24388200000702
1 20352U 89096  A 90258.00000000  .00000766 +00000-0 +00000-4 0  9991
2 20352 069.5980 341.1909 8891420 307.3319 027.7170 00.24466600000716
1 20352U 89096  A 90261.81465093 -.00000675 +00000-0 +99999-4 0  9996
2 20352 069.3934 341.4423 8885337 306.8275 004.7570 00.24424185000724
1 20352U 89096  A 90261.81465220  .00000767 +00000-0 +00000-4 0  9994
2 20352 069.3934 341.4422 8885337 306.8274 004.7570 00.24424185000722
1 20352U 89096  A 90270.00000000  .00000766 +00000-0 +00000-4 0  9995
2 20352 069.7470 340.8229 8827520 307.3079 002.6590 00.24399900000004
1 20352U 89096  A 90274.00000000  .00000765 +00000-0 +00000-4 0  9998
2 20352 069.8290 340.6679 8813270 307.3879 353.8520 00.24421400000002
1 20352U 89096  A 90278.00000000  .00000764 +00000-0 +00000-4 0  9991
2 20352 069.6950 340.7870 8786490 307.3080 345.3970 00.24382100000013
1 20352U 89096  A 90290.00000000  .00000763 +00000-0 +00000-4 0  9994
2 20352 070.3100 339.7339 8731640 307.4720 320.8110 00.24384300000003
1 20352U 89096  A 90294.99999998 -.00000627 +00000-0 +99999-4 0  9994
2 20352 070.3470 339.5970 8737850 307.3710 040.7580 00.24406099000008
1 20352U 89096  A 90299.00000000  .00000763 +00000-0 +00000-4 0  9993
2 20352 070.5160 339.3259 8742180 307.4419 032.3720 00.24427600000007
1 20352U 89096  A 90302.99999998 -.00000623 +00000-0 +99999-4 0  9990
2 20352 070.5830 339.1730 8730560 307.4880 023.7820 00.24426499000004
1 20352U 89096  A 90303.00000000  .00000763 +00000-0 +00000-4 0  9999
2 20352 070.5830 339.1729 8730560 307.4880 023.7820 00.24426500000005
1 20352U 89096  A 90307.00000000  .00000763 +00000-0 +00000-4 0  9993
2 20352 070.4670 339.2619 8714370 307.3719 015.7210 00.24379700000009
1 20352U 89096  A 90311.00000000  .00000763 +00000-0 +00000-4 0  9998
2 20352 070.8180 338.7699 8731580 307.4149 008.1980 00.24439700000008
1 20352U 89096  A 90319.00000000  .00000764 +00000-0 +00000-4 0  9997
2 20352 071.2830 337.9779 8681380 307.5679 351.2620 00.24377900000002
1 20352U 89096  A 90327.00000000  .00000765 +00000-0 +00000-4 0  9997
2 20352 071.7690 337.2289 8701650 307.7639 334.1520 00.24417700000014
1 20352U 89096  A 90334.99999998 -.00000601 +00000-0 +99999-4 0  9991
2 20352 071.8960 336.9570 8684720 307.7940 317.3860 00.24389999000004
1 20352U 89096  A 90340.00000000  .00000766 +00000-0 +00000-4 0  9993
2 20352 072.7490 335.7999 8700920 308.1349 036.8400 00.24465300000007
1 20352U 89096  A 90356.00000000  .00000769 +00000-0 +00000-4 0  9993
2 20352 073.7460 334.3129 8671780 308.6050 002.8450 00.24416100000002
1 20352U 89096  A 91011.00000000  .00000769 +00000-0 +00000-4 0  9992
2 20352 075.3340 332.1589 8603230 309.2990 320.5450 00.24441800000003
1 20352U 89096  A 91016.00000000  .00000769 +00000-0 +00000-4 0  9997
2 20352 075.6710 331.7159 8599850 309.5140 039.8470 00.24458800000007
1 20352U 89096  A 91032.00000000  .00000766 +00000-0 +00000-4 0  9992
2 20352 076.6490 330.4110 8485600 310.1289 005.0690 00.24421600000035
1 20352U 89096  A 91052.00000000  .00000761 +00000-0 +00000-4 0  9999
2 20352 076.7910 330.1169 8391410 310.3559 322.4730 00.24398900000083
1 20352U 89096  A 91061.00000000  .00000757 +00000-0 +00000-4 0  9994
2 20352 077.2050 329.5209 8312490 310.5409 033.1920 00.24405700000004
1 20352U 89096  A 91065.00000000  .00000757 +00000-0 +00000-4 0  9998
2 20352 077.1600 329.5419 8302640 310.4520 025.1110 00.24404600000006
1 20352U 89096  A 91073.00000000  .00000754 +00000-0 +00000-4 0  9994
2 20352 077.2860 329.3279 8275730 310.5949 007.5540 00.24426700000008
1 20352U 89096  A 91081.00000000  .00000752 +00000-0 +00000-4 0  9991
2 20352 077.0360 329.5459 8236870 310.4250 351.1490 00.24395500000015
1 20352U 89096  A 91097.99659968  .00000748 +00000-0 +00000-4 0  9994
2 20352 077.4730 328.8719 8160090 310.4130 044.7580 00.24434000000001
1 20352U 89096  A 91109.99659968  .00000747 +00000-0 +00000-4 0  9997
2 20352 077.4720 328.7429 8129780 310.2429 020.5350 00.24433800000023
1 20352U 89096  A 91113.99659968  .00000744 +00000-0 +00000-4 0  9999
2 20352 077.7320 328.3449 8070270 310.3970 011.3280 00.24403600001230
1 20352U 89096  A 91121.99659968  .00000744 +00000-0 +00000-4 0  9998
2 20352 077.7830 328.1789 8070570 310.1909 355.4070 00.24423000001251
1 20352U 89096  A 91125.99659968  .00000745 +00000-0 +00000-4 0  9993
2 20352 077.9310 327.9579 8069330 310.2629 346.7540 00.24419400001267
1 20352U 89096  A 91134.99660064  .00000744 +00000-0 +00000-4 0  9991
2 20352 077.8610 327.8919 8046130 310.1550 058.0770 00.24385200000000
1 20352U 89096  A 91137.99660064  .00000745 +00000-0 +00000-4 0  9995
2 20352 078.4490 327.2359 8054240 310.2860 321.8970 00.24445000000009
1 20352U 89096  A 91146.99659999 -.00000413 +00000-0 +99999-4 0  9998
2 20352 078.5360 326.9840 8008940 310.1930 033.5740 00.24400299000003
1 20352U 89096  A 91147.04080000  .00000745 +00000-0 +00000-4 0  9998
2 20352 078.5670 326.9249 8014260 310.1799 037.3230 00.24399500000003
1 20352U 89096  A 91154.74540064  .00000745 +00000-0 +00000-4 0  9994
2 20352 079.0670 326.2999 8018720 310.4349 354.1790 00.24433700000016
1 20352U 89096  A 91166.74540064  .00000745 +00000-0 +00000-4 0  9997
2 20352 079.9260 325.2359 7973840 310.7150 328.3360 00.24435800000002
1 20352U 89096  A 91187.53309999 -.00000381 +00000-0 +99999-4 0  9999
2 20352 080.4590 324.3940 7910070 311.0490 356.0120 00.24429799000000
1 20352U 89096  A 91191.53310000  .00000743 +00000-0 +00000-4 0  9995
2 20352 080.7520 324.0849 7913610 311.0760 348.1630 00.24447200000009
1 20352U 89096  A 91224.53310000  .00000731 +00000-0 +00000-4 0  9999
2 20352 081.6890 322.7749 7669950 311.9169 006.0420 00.24383200000006
1 20352U 89096  A 91240.51850000  .00000725 +00000-0 +00000-4 0  9997
2 20352 081.7560 322.6549 7594870 312.2119 329.5740 00.24386600000000
1 20352U 89096  A 91244.51850000  .00000725 +00000-0 +00000-4 0  9991
2 20352 081.6980 322.6939 7582280 312.1230 321.3850 00.24393600000003
1 20352U 89096  A 91261.51850000  .00000718 +00000-0 +00000-4 0  9992
2 20352 081.9730 322.2289 7485190 312.2720 015.1000 00.24431600000008
1 20352U 89096  A 91273.57170127  .00000715 +00000-0 +00000-4 0  9993
2 20352 081.8080 322.2859 7436910 312.1589 355.0570 00.24431200000000
1 20352U 89096  A 91281.57170127  .00000711 +00000-0 +00000-4 0  9998
2 20352 081.8040 322.1419 7353410 312.1369 337.9720 00.24389000000002
1 20352U 89096  A 91294.57170126  .00000709 +00000-0 +00000-4 0  9998
2 20352 081.8510 321.9229 7329110 312.1300 040.4820 00.24413100000001
1 20352U 89096  A 91306.00029999  .00000706 +00000-0 +00000-4 0  9998
2 20352 081.9880 321.6249 7257220 312.0539 325.7840 00.24376400000008
1 20352U 89096  A 91315.00029999  .00000707 +00000-0 +00000-4 0  9999
2 20352 082.1800 321.3079 7269660 311.9139 037.3210 00.24418900000005
1 20352U 89096  A 91323.00029999  .00000706 +00000-0 +00000-4 0  9997
2 20352 082.2370 321.1519 7245260 311.9959 020.1210 00.24394600000005
1 20352U 89096  A 91327.00029999  .00000707 +00000-0 +00000-4 0  9992
2 20352 082.3080 321.0489 7249350 311.8659 012.2820 00.24394000000002
1 20352U 89096  A 91339.00029999  .00000705 +00000-0 +00000-4 0  9993
2 20352 082.9300 320.2609 7200740 312.0020 347.1540 00.24422800000002
1 20352U 89096  A 91343.00029999  .00000705 +00000-0 +00000-4 0  9998
2 20352 083.1540 319.9950 7200110 312.1420 338.5130 00.24437300000001
1 20352U 89096  A 91356.00029999  .00000704 +00000-0 +00000-4 0  9991
2 20352 083.5140 319.5579 7172020 312.3049 041.5590 00.24443500000045
1 20352U 89096  A 91360.00029999  .00000701 +00000-0 +00000-4 0  9993
2 20352 083.7730 319.2179 7098420 312.6220 031.8030 00.24421200000055
1 20352U 89096  A 91364.00029999  .00000701 +00000-0 +00000-4 0  9997
2 20352 083.7880 319.1609 7085450 312.5650 023.7140 00.24404200000001
1 20352U 89096  A 92003.00030000  .00000701 +00000-0 +00000-4 0  9993
2 20352 084.0090 318.9199 7086910 312.6650 015.0870 00.24427800000007
1 20352U 89096  A 92010.05837959  .00000697 +00000-0 +00000-4 0  9998
2 20352 084.1320 318.7759 7040410 313.0270 351.2260 00.24425100000023
1 20352U 89096  A 92014.93039999 -.00000252 +00000-0 +99999-4 0  9990
2 20352 084.1080 318.7800 7022930 313.0380 342.8320 00.24402399000008
1 20352U 89096  A 92018.93040008  .00000696 +00000-0 +00000-4 0  9993
2 20352 084.5010 318.4139 7015060 313.2010 334.2430 00.24459000000003
1 20352U 89096  A 92022.93040008  .00000693 +00000-0 +00000-4 0  9995
2 20352 084.3820 318.4329 6934640 313.3639 325.1970 00.24375100000008
1 20352U 89096  A 92027.93040008  .00000691 +00000-0 +00000-4 0  9998
2 20352 084.4210 318.3539 6925580 313.3549 044.5400 00.24403900000007
1 20352U 89096  A 92031.93040008  .00000690 +00000-0 +00000-4 0  9992
2 20352 084.5660 318.1999 6915080 313.5189 035.4850 00.24425800000002
1 20352U 89096  A 92035.93039985  .00000688 +00000-0 +00000-4 0  9995
2 20352 084.5990 318.1439 6888600 313.7429 026.1770 00.24422500000005
1 20352U 89096  A 92039.93039985  .00000687 +00000-0 +00000-4 0  9998
2 20352 084.4940 318.2179 6857630 313.8589 017.1700 00.24396700000003
1 20352U 89096  A 92043.93039985  .00000686 +00000-0 +00000-4 0  9992
2 20352 084.4550 318.2379 6843320 313.8240 008.7370 00.24388600000006
1 20352U 89096  A 92047.93039985  .00000683 +00000-0 +00000-4 0  9993
2 20352 084.8390 317.8779 6807350 314.1540 359.2820 00.24455400000008
1 20352U 89096  A 92059.93039985  .00000678 +00000-0 +00000-4 0  9990
2 20352 084.6550 317.8999 6732060 314.2459 333.8110 00.24425600000002
1 20352U 89096  A 92063.93039985  .00000677 +00000-0 +00000-4 0  9994
2 20352 084.5720 317.9469 6703180 314.3779 324.9410 00.24407500000003
1 20352U 89096  A 92067.93040032  .00000675 +00000-0 +00000-4 0  9991
2 20352 084.4020 318.0739 6677620 314.3509 316.5610 00.24391900000002
1 20352U 89096  A 92072.93040032  .00000674 +00000-0 +00000-4 0  9996
2 20352 084.4320 318.0099 6671410 314.2689 036.3720 00.24423200000001
1 20352U 89096  A 92080.93040032  .00000670 +00000-0 +00000-4 0  9991
2 20352 084.3670 317.9379 6581440 314.4110 018.9250 00.24397400000007
1 20352U 89096  A 92084.60469968  .00000670 +00000-0 +00000-4 0  9992
2 20352 084.3970 317.8519 6586767 314.2679 341.9770 00.24422300000004
1 20352U 89096  A 92088.60469968  .00000669 +00000-0 +00000-4 0  9994
2 20352 084.3990 317.8059 6571313 314.3669 333.3040 00.24422400000002
1 20352U 89096  A 92092.60469968  .00000667 +00000-0 +00000-4 0  9997
2 20352 084.2800 317.8749 6547681 314.3859 324.8310 00.24402500000003
1 20352U 89096  A 92101.60469968  .00000666 +00000-0 +00000-4 0  9997
2 20352 084.3660 317.7199 6533887 314.2269 036.6790 00.24447200000009
1 20352U 89096  A 92105.60469968  .00000663 +00000-0 +00000-4 0  9998
2 20352 084.2090 317.7489 6466840 314.3140 027.7200 00.24389600000006
1 20352U 89096  A 92109.60469968  .00000664 +00000-0 +00000-4 0  9993
2 20352 084.1740 317.7259 6468295 314.0979 019.9100 00.24393300000009
1 20352U 89096  A 92113.60469968  .00000664 +00000-0 +00000-4 0  9998
2 20352 084.2760 317.5829 6471276 314.1079 011.4090 00.24410600000006
1 20352U 89096  A 92121.60469968  .00000662 +00000-0 +00000-4 0  9995
2 20352 084.2030 317.5559 6440680 314.1489 354.2810 00.24396400000005
1 20352U 89096  A 92125.60469968  .00000663 +00000-0 +00000-4 0  9990
2 20352 084.2080 317.5109 6443308 313.9709 346.4040 00.24391900000001
1 20352U 89096  A 92127.60469968  .00000663 +00000-0 +00000-4 0  9992
2 20352 084.2810 317.3449 6431736 314.0069 162.1290 00.24386551000006
1 20352U 89096  A 92133.60470063  .00000660 +00000-0 +00000-4 0  9994
2 20352 084.4100 317.2139 6385449 314.0700 329.4290 00.24388900000004
1 20352U 89096  A 92137.60470063  .00000661 +00000-0 +00000-4 0  9999
2 20352 084.5160 317.0679 6395752 313.9619 321.3780 00.24417300000005
1 20352U 89096  A 92142.60470063  .00000661 +00000-0 +00000-4 0  9995
2 20352 084.6640 316.8869 6394646 314.0580 040.6850 00.24431300000002
1 20352U 89096  A 92150.60470063  .00000660 +00000-0 +00000-4 0  9993
2 20352 084.6620 316.8129 6368018 314.1270 023.7340 00.24399100000007
1 20352U 89096  A 92153.60470063  .00000660 +00000-0 +00000-4 0  9996
2 20352 084.8290 316.6299 6372545 314.0499 287.8640 00.24427600000003
1 20352U 89096  A 92158.60470063  .00000658 +00000-0 +00000-4 0  9998
2 20352 085.0460 316.3869 6315324 314.4090 006.2060 00.24409700000008
1 20352U 89096  A 92162.60470063  .00000658 +00000-0 +00000-4 0  9993
2 20352 085.0150 316.3609 6303477 314.2669 358.3000 00.24400000000001
1 20352U 89096  A 92166.60470063  .00000658 +00000-0 +00000-4 0  9997
2 20352 085.1950 316.1679 6309824 314.3150 349.8310 00.24423300000000
1 20352U 89096  A 92170.60470063  .00000657 +00000-0 +00000-4 0  9991
2 20352 085.3350 316.0159 6298567 314.5219 340.9230 00.24429300000006
1 20352U 89096  A 92179.60470063  .00000656 +00000-0 +00000-4 0  9999
2 20352 085.3400 315.9529 6266239 314.6230 051.7780 00.24407300000009
1 20352U 89096  A 92183.72379783  .00000655 +00000-0 +00000-4 0  9993
2 20352 085.6960 315.6879 6270706 314.7189 053.7370 00.24462000000001
1 20352U 89096  A 92187.72379784  .00000653 +00000-0 +00000-4 0  9996
2 20352 085.5980 315.6769 6201452 314.9379 044.4330 00.24398700000003
1 20352U 89096  A 92191.72379784  .00000653 +00000-0 +00000-4 0  9991
2 20352 085.6560 315.5979 6198814 314.8889 036.1070 00.24401900000008
1 20352U 89096  A 92195.00000000  .00000653 +00000-0 +00000-4 0  9998
2 20352 085.8830 315.3109 6194164 315.0909 323.3870 00.24416900000008
1 20352U 89096  A 92195.72379783  .00000652 +00000-0 +00000-4 0  9993
2 20352 085.8180 315.4379 6193756 315.0539 027.1440 00.24421900000009
1 20352U 89096  A 92199.72379783  .00000651 +00000-0 +00000-4 0  9996
2 20352 085.8770 315.3659 6172565 315.3080 017.9260 00.24412600000007
1 20352U 89096  A 92203.72379783  .00000650 +00000-0 +00000-4 0  9991
2 20352 085.8240 315.3919 6147918 315.4319 009.0170 00.24394500000008
1 20352U 89096  A 92208.00000000  .00000650 +00000-0 +00000-4 0  9990
2 20352 085.8870 315.2179 6137078 315.4850 024.6920 00.24397200000006
1 20352U 89096  A 92212.00000000  .00000647 +00000-0 +00000-4 0  9991
2 20352 086.2390 314.9209 6107648 315.8779 015.2720 00.24445800000006
1 20352U 89096  A 92216.00000000  .00000645 +00000-0 +00000-4 0  9993
2 20352 086.0350 315.0209 6059266 315.8939 006.9440 00.24393300000005
1 20352U 89096  A 92220.00000000  .00000645 +00000-0 +00000-4 0  9998
2 20352 086.1040 314.9339 6056507 315.8979 358.5190 00.24416665000001
1 20352U 89096  A 92224.00000000  .00000644 +00000-0 +00000-4 0  9991
2 20352 086.1790 314.8469 6041031 316.1259 349.5320 00.24432800000001
1 20352U 89096  A 92228.00000000  .00000642 +00000-0 +00000-4 0  9993
2 20352 086.1330 314.8639 6013782 316.3289 340.5620 00.24421867000002
1 20352U 89096  A 92236.00000000  .00000640 +00000-0 +00000-4 0  9990
2 20352 086.0590 314.8839 5984685 316.3169 323.8310 00.24419400000006
1 20352U 89096  A 92241.00000000  .00000636 +00000-0 +00000-4 0  9991
2 20352 086.1770 314.7309 5920872 316.7690 041.8910 00.24438600000005
1 20352U 89096  A 92245.00000000  .00000636 +00000-0 +00000-4 0  9995
2 20352 086.0100 314.8099 5898489 316.6419 034.0380 00.24408300000003
1 20352U 89096  A 92249.00000000  .00000635 +00000-0 +00000-4 0  9998
2 20352 086.0650 314.7319 5895110 316.6750 025.6610 00.24430600000003
1 20352U 89096  A 92257.00000000  .00000633 +00000-0 +00000-4 0  9995
2 20352 085.9380 314.7699 5851608 316.9500 008.3230 00.24412700000009
1 20352U 89096  A 92261.00000000  .00000632 +00000-0 +00000-4 0  9999
2 20352 085.8260 314.8619 5831126 316.9400 000.2920 00.24405300000005
1 20352U 89096  A 92265.00000000  .00000631 +00000-0 +00000-4 0  9992
2 20352 085.9730 314.7259 5826560 316.9730 352.1340 00.24443500000008
1 20352U 89096  A 92269.00000000  .00000628 +00000-0 +00000-4 0  9992
2 20352 085.7990 314.7649 5756058 317.2129 342.9700 00.24403100000006
1 20352U 89096  A 92273.00000000  .00000628 +00000-0 +00000-4 0  9997
2 20352 085.7320 314.7669 5754285 316.9759 335.1660 00.24403500000003
1 20352U 89096  A 92281.00000000  .00000627 +00000-0 +00000-4 0  9995
2 20352 085.7540 314.6609 5734865 317.1239 317.9370 00.24410100000008
1 20352U 89096  A 92286.00000000  .00000626 +00000-0 +00000-4 0  9999
2 20352 085.6220 314.7089 5716965 317.0870 037.4490 00.24401277000008
1 20352U 89096  A 92290.00000000  .00000626 +00000-0 +00000-4 0  9994
2 20352 085.5880 314.6989 5715785 316.8890 029.5740 00.24400600000004
1 20352U 89096  A 92294.00000000  .00000625 +00000-0 +00000-4 0  9997
2 20352 085.8300 314.4799 5700640 317.0969 020.8130 00.24438000000007
1 20352U 89096  A 92298.00000000  .00000624 +00000-0 +00000-4 0  9990
2 20352 085.6120 314.5539 5659285 317.0179 012.6500 00.24386000000001
1 20352U 89096  A 92306.00000000  .00000624 +00000-0 +00000-4 0  9990
2 20352 085.7580 314.3350 5665657 316.9329 356.1290 00.24419800000014
1 20352U 89096  A 92310.00000000  .00000623 +00000-0 +00000-4 0  9994
2 20352 085.7460 314.3049 5650583 317.0129 347.5500 00.24415200000005
1 20352U 89096  A 92327.00000000  .00000621 +00000-0 +00000-4 0  9990
2 20352 085.8900 313.9799 5592607 316.9750 042.1550 00.24399800000002
1 20352U 89096  A 92331.00000000  .00000622 +00000-0 +00000-4 0  9996
2 20352 086.0510 313.8179 5601608 316.9600 033.9240 00.24426400000000
1 20352U 89096  A 92334.78515070  .00000621 +00000-0 +00000-4 0  9991
2 20352 086.1220 313.7549 5588402 317.1680 006.0230 00.24419500000009
1 20352U 89096  A 92338.78515070  .00000620 +00000-0 +00000-4 0  9994
2 20352 086.1300 313.7169 5571955 317.2779 357.4320 00.24415000000005
1 20352U 89096  A 92342.78515070  .00000621 +00000-0 +00000-4 0  9990
2 20352 086.1340 313.6789 5566680 317.2079 349.3040 00.24403300000007
1 20352U 89096  A 92346.78515070  .00000620 +00000-0 +00000-4 0  9993
2 20352 086.4200 313.4479 5567402 317.3430 340.8970 00.24446300000009
1 20352U 89096  A 92350.78515070  .00000618 +00000-0 +00000-4 0  9995
2 20352 086.3700 313.4089 5508944 317.6460 331.7220 00.24404600000006
1 20352U 89096  A 92359.78515070  .00000618 +00000-0 +00000-4 0  9994
2 20352 086.5990 313.1639 5507883 317.7270 042.6700 00.24431600000009
1 20352U 89096  A 92363.78515070  .00000617 +00000-0 +00000-4 0  9998
2 20352 086.6750 313.0809 5490880 318.0149 033.5700 00.24425500000000
1 20352U 89096  A 93001.78515070  .00000617 +00000-0 +00000-4 0  9998
2 20352 086.6560 313.0739 5471322 318.1759 024.7700 00.24407800000004
1 20352U 89096  A 93005.78515070  .00000617 +00000-0 +00000-4 0  9992
2 20352 086.7010 313.0209 5465533 318.1709 016.4280 00.24403600000004
1 20352U 89096  A 93009.78515070  .00000615 +00000-0 +00000-4 0  9994
2 20352 087.0210 312.7789 5443723 318.6330 007.1130 00.24445600000008
1 20352U 89096  A 93013.78515070  .00000613 +00000-0 +00000-4 0  9997
2 20352 086.8590 312.8319 5398267 318.7519 358.6250 00.24405100000006
1 20352U 89096  A 93017.78515070  .00000613 +00000-0 +00000-4 0  9991
2 20352 086.9470 312.7399 5397320 318.7939 350.2100 00.24423100000008
1 20352U 89096  A 93021.78515070  .00000612 +00000-0 +00000-4 0  9995
2 20352 087.0500 312.6429 5383778 319.1129 341.1680 00.24438500000007
1 20352U 89096  A 93028.78515070  .00000610 +00000-0 +00000-4 0  9990
2 20352 086.9860 312.6779 5339806 319.4600 235.8040 00.24396400000003
1 20352U 89096  A 93029.78515070  .00000610 +00000-0 +00000-4 0  9991
2 20352 086.9530 312.6779 5338224 319.4999 323.5710 00.24410400000007
1 20352U 89096  A 93033.83746566  .00000610 +00000-0 +00000-4 0  9998
2 20352 086.9620 312.6309 5332377 319.4359 319.6510 00.24422200000004
1 20352U 89096  A 93038.83746566  .00000606 +00000-0 +00000-4 0  9998
2 20352 087.0870 312.4999 5279817 320.0640 037.6030 00.24442100000001
1 20352U 89096  A 93042.83746566  .00000606 +00000-0 +00000-4 0  9993
2 20352 086.9330 312.5589 5255743 320.0249 029.5710 00.24412800000002
1 20352U 89096  A 93047.00000000  .00000605 +00000-0 +00000-4 0  9992
2 20352 087.0430 312.5029 5251971 320.0759 035.8970 00.24442400000006
1 20352U 89096  A 93051.00000000  .00000604 +00000-0 +00000-4 0  9996
2 20352 087.0440 312.4769 5233415 320.3690 027.0320 00.24439700000008
1 20352U 89096  A 93067.00000000  .00000599 +00000-0 +00000-4 0  9996
2 20352 086.7640 312.5189 5120417 321.1029 352.4900 00.24414100000001
1 20352U 89096  A 93071.00000000  .00000598 +00000-0 +00000-4 0  9990
2 20352 086.6750 312.5319 5114090 320.9049 344.6660 00.24413800000008
1 20352U 89096  A 93075.00000000  .00000598 +00000-0 +00000-4 0  9994
2 20352 086.7080 312.4689 5108154 321.0340 336.0760 00.24431800000000
1 20352U 89096  A 93083.00000000  .00000596 +00000-0 +00000-4 0  9991
2 20352 086.5160 312.5349 5069931 321.2159 319.0080 00.24407200000003
1 20352U 89096  A 93088.00000000  .00000596 +00000-0 +00000-4 0  9996
2 20352 086.4440 312.5369 5063860 321.0609 038.9640 00.24412200000003
1 20352U 89096  A 93092.00000000  .00000595 +00000-0 +00000-4 0  9990
2 20352 086.6130 312.4009 5053355 321.2819 030.3460 00.24445600000000
1 20352U 89096  A 93100.00000000  .00000594 +00000-0 +00000-4 0  9999
2 20352 086.3710 312.4209 5013001 321.1499 013.9570 00.24410200000007
1 20352U 89096  A 93108.00000000  .00000593 +00000-0 +00000-4 0  9996
2 20352 086.3600 312.3479 4991301 321.3689 356.7590 00.24413100000005
1 20352U 89096  A 93116.00000000  .00000593 +00000-0 +00000-4 0  9995
2 20352 086.3180 312.2959 4985107 321.0900 340.7140 00.24411600000007
1 20352U 89096  A 93120.00000000  .00000591 +00000-0 +00000-4 0  9998
2 20352 086.4520 312.1649 4954214 321.5159 331.3940 00.24435900000000
1 20352U 89096  A 93153.00000000  .00000590 +00000-0 +00000-4 0  9993
2 20352 086.6000 311.7039 4883267 321.5700 353.0820 00.24405100000001
1 20352U 89096  A 93157.00000000  .00000590 +00000-0 +00000-4 0  9997
2 20352 086.7500 311.5709 4887107 321.7100 344.4870 00.24426200000005
1 20352U 89096  A 93169.38115800  .00000590 +00000-0 +00000-4 0  9996
2 20352 086.8700 311.3889 4871397 321.8910 352.0200 00.24403900000003
1 20352U 89096  A 93173.38115800  .00000589 +00000-0 +00000-4 0  9999
2 20352 087.1400 311.2069 4860063 322.3019 342.9370 00.24448300000006
1 20352U 89096  A 93181.38115799  .00000588 +00000-0 +00000-4 0  9994
2 20352 087.0890 311.1489 4827003 322.4199 326.0960 00.24421000000006
1 20352U 89096  A 93206.38115800  .00000585 +00000-0 +00000-4 0  9992
2 20352 087.2840 310.8759 4733432 323.7929 001.3250 00.24408900000005
1 20352U 89096  A 93210.38115799  .00000584 +00000-0 +00000-4 0  9993
2 20352 087.3730 310.7959 4734131 323.9100 352.8380 00.24427800000003
1 20352U 89096  A 93218.62981199  .00000583 +00000-0 +00000-4 0  9992
2 20352 087.3350 310.7409 4698965 324.6289 356.8420 00.24421700000003
1 20352U 89096  A 93222.62981199  .00000582 +00000-0 +00000-4 0  9996
2 20352 087.2590 310.7619 4686955 324.6419 348.5480 00.24413200000002
1 20352U 89096  A 93230.62981199  .00000580 +00000-0 +00000-4 0  9993
2 20352 087.2610 310.6889 4631247 325.4349 330.3980 00.24421200000001
1 20352U 89096  A 93247.62981199  .00000578 +00000-0 +00000-4 0  9998
2 20352 087.0650 310.6839 4586785 325.8890 024.0410 00.24408600000003
1 20352U 89096  A 93251.62981199  .00000577 +00000-0 +00000-4 0  9992
2 20352 087.0040 310.6899 4580315 325.7879 015.9190 00.24404800000003
1 20352U 89096  A 93255.62981199  .00000577 +00000-0 +00000-4 0  9996
2 20352 087.1450 310.5929 4572785 326.1039 007.1090 00.24433900000002
1 20352U 89096  A 93284.62981199  .00000573 +00000-0 +00000-4 0  9994
2 20352 086.7950 310.4889 4477849 326.7429 034.9600 00.24429700000008
1 20352U 89096  A 93292.62981199  .00000573 +00000-0 +00000-4 0  9993
2 20352 086.6720 310.4429 4464971 326.4939 018.8720 00.24415400000003
1 20352U 89096  A 93296.62981199  .00000572 +00000-0 +00000-4 0  9996
2 20352 086.6960 310.3910 4458840 326.6850 010.1600 00.24410505000008
1 20352U 89096  A 93300.62981199  .00000572 +00000-0 +00000-4 0  9992
2 20352 086.6260 310.3919 4445596 326.7309 001.6920 00.24406900000008
1 20352U 89096  A 94008.89356350 -.00000074 +00000-0 +99999-4 0  9995
2 20352 087.4110 309.3419 4322404 329.3540 318.9430 00.24435406000027
1 20352U 89096  A 94017.89356350 -.00000074 +00000-0 +99999-4 0  9995
2 20352 087.4440 309.2839 4300592 330.1379 028.8340 00.24422600000021
1 20352U 89096  A 94029.89356350 -.00000073 +00000-0 +2441200 0  9990
2 20352 087.4670 309.1979 4259226 331.2819 001.9190 00.24413307000038
1 20352U 89096  A 94050.48901139 -.00000073 +00000-0 +99999-4 0  9997
2 20352 087.0547 309.2367 4219247 331.5602 012.0491 00.24413380003751
1 20352U 89096  A 94054.89356350 -.00000071 +00000-0 +2441200 0  9996
2 20352 087.4010 309.0969 4212436 332.6109 037.7120 00.24448300000281
1 20352U 89096  A 94066.89356350 -.00000072 +00000-0 +2441200 0  9990
2 20352 087.1430 309.0959 4175666 333.2989 011.4190 00.24413909000136
1 20352U 89096  A 94074.89356350 -.00000072 +00000-0 +2441200 0  9999
2 20352 086.9100 309.4119 4147096 333.6110 354.0630 00.24402700003815
1 20352U 89096  A 94095.89356350 -.00000071 +00000-0 +99999-4 0  9998
2 20352 086.7670 309.0090 4112245 334.2250 039.2650 00.24425000000009
1 20352U 89096  A 94099.89356350 -.00000071 +00000-0 +99999-4 0  9992
2 20352 086.6610 309.0209 4100127 334.3689 030.6610 00.24408600000016
1 20352U 89096  A 94107.89355947 -.00000070 +00000-0 +99999-4 0  9992
2 20352 086.6790 308.9459 4098522 334.1549 014.4430 00.24415700001007
1 20352U 89096  A 94144.43424910 -.00000066 +00000-0 +99999-4 0  9995
2 20352 086.7060 308.5789 4059662 334.5099 345.8020 00.24405000001004
1 20352U 89096  A 94152.43424910 -.00000065 +00000-0 +99999-4 0  9993
2 20352 086.8360 308.4639 4055790 335.0179 328.1410 00.24417310001008
1 20352U 89096  A 94163.43424910 -.00000063 +00000-0 +99999-4 0  9993
2 20352 087.0610 308.2859 4052805 335.5369 030.0420 00.24417400001001
1 20352U 89096  A 94165.43424910 -.00000063 +00000-0 +99999-4 0  9995
2 20352 087.0610 308.2859 4052805 335.5369 030.0420 00.24431100001004
1 20352U 89096  A 94177.00000000 -.00000062 +00000-0 +00000-0 0  9991
2 20352 087.2020 308.1509 4049157 336.1419 325.9510 00.24433400000001
1 20352U 89096  A 94185.99998841 -.00000680 +00000-0 +10000-3 0  9997
2 20352 087.1640 308.1230 4037415 336.3850 036.6490 00.24412400000004
1 20352U 89096  A 94190.00000000 -.00000061 +00000-0 +99999-4 0  9994
2 20352 087.3230 308.0459 4044897 336.5480 028.0950 00.24429800000004
1 20352U 89096  A 94194.00000000 -.00000061 +00000-0 +99999-4 0  9998
2 20352 087.2860 308.0229 4029640 337.3460 018.2590 00.24412300000001
1 20352U 89096  A 94210.00000000 -.00000060 +00000-0 +99999-4 0  9996
2 20352 087.2700 307.9449 4016269 338.2739 343.2390 00.24410900000001
1 20352U 89096  A 94214.00000000 -.00000060 +00000-0 +99999-4 0  9990
2 20352 087.2600 307.9309 4014693 338.2949 334.8810 00.24409911000055
1 20352U 89096  A 94223.00000000 -.00000059 +00000-0 +99999-4 0  9998
2 20352 087.2000 307.8910 3997946 339.2469 044.3930 00.24408600000054
1 20352U 89096  A 94231.00000000 -.00000059 +00000-0 +99999-4 0  9997
2 20352 087.2460 307.8379 4001977 339.5390 027.1350 00.24425700000055
1 20352U 89096  A 94243.00000000 -.00000059 +00000-0 +99999-4 0  9990
2 20352 087.0470 307.8419 3987497 340.2130 000.9710 00.24404500000053
1 20352U 89096  A 94268.00000000 -.00000059 +00000-0 +99999-4 0  9997
2 20352 086.6590 307.7929 3953296 341.4159 036.6240 00.24404800000057
1 20352U 89096  A 94272.00000000 -.00000059 +00000-0 +99999-4 0  9992
2 20352 086.7290 307.7439 3958357 341.4099 028.3390 00.24420600000057
1 20352U 89096  A 94276.00000000 -.00000059 +00000-0 +99999-4 0  9996
2 20352 086.6340 307.7289 3948985 342.0899 018.7370 00.24409200000050
1 20352U 89096  A 94280.00000000 -.00000059 +00000-0 +99999-4 0  9991
2 20352 086.5100 307.7299 3941638 341.8779 010.8990 00.24398400000056
1 20352U 89096  A 94284.00000000 -.00000059 +00000-0 +99999-4 0  9995
2 20352 086.5730 307.6719 3948915 341.9059 002.4880 00.24410500000059
1 20352U 89096  A 94287.99999999  .00000375 +00000-0 +10000-3 0  9995
2 20352 086.5440 307.6510 3944469 342.1780 353.6670 00.24412200000057
1 20352U 89096  A 95246.85634480 -.00000170 +00000-0 +00000-0 0  9997
2 20352 086.0550 305.2090 4229032 357.1750 001.0390 00.24415862000844
1 20352U 89096  A 95250.91249110 -.00000011 +00000-0 +00000-0 0  9995
2 20352 086.1280 305.4480 4237617 357.6110 356.9980 00.24420800000859
1 20352U 89096  A 95266.91249110  .00000420 +00000-0 +00000-0 0  9995
2 20352 085.7500 305.3860 4250053 358.3630 322.7350 00.24417600000883
1 20352U 89096  A 95271.91249110  .00000244 +00000-0 +00000-0 0  9995
2 20352 085.6830 305.3690 4249329 358.1900 042.7770 00.24412200000900
1 20352U 89096  A 95284.26578530  .00000120 +00000-0 +00000-0 0  9991
2 20352 085.4400 305.3160 4257002 358.5800 047.5040 00.24403800000935
1 20352U 89096  A 95308.26578530  .00000254 +00000-0 +00000-0 0  9996
2 20352 085.3600 305.1190 4295608 358.9980 356.7840 00.24406200000990
1 20352U 89096  A 95312.07752270  .00000052 +00000-0 +00000-0 0  9991
2 20352 085.2150 305.1050 4293567 358.8460 331.2430 00.24374300000996
1 20352U 89096  A 95325.07752270  .00000237 +00000-0 +10000-3 0  9994
2 20352 085.2610 304.9810 4324708 359.1520 032.4820 00.24373500001031
1 20352U 89096  A 95329.07752270  .00000035 +00000-0 +10000-3 0  9994
2 20352 085.4220 304.9350 4338931 359.0780 023.9250 00.24400900001047
1 20352U 89096  A 95337.07752270 -.00000241 +00000-0 +10000-3 0  9993
2 20352 085.4180 304.8670 4356285 359.4880 005.7350 00.24380800001060
1 20352U 89096A   95337.07752270 -.00000241 +00000-0 +10000-3 0  9993
2 20352 085.4180 304.8670 4356285 359.4880 005.7350 00.24380800001060
1 20352U 89096A   97099.00000000  .00000131  00000-0  10000-3 0  9997
2 20352 082.2661 301.7046 6027199 012.4399 057.6767 00.24380848  2267
1 20352U 89096A   97281.87500000 +.00000429 +00000-0 +00000-0 0  9996
2 20352 079.1340 299.7010 6998480 014.9590 346.4430 00.24419132002707
1 20352U 89096A   97285.87500000  .00000000  00000-0  00000-0 0  9995
2 20352 079.0580 299.6450 7013794 015.0510 337.7080 00.24426418  2710
1 20352U 89096A   97290.09842400 +.00000272 +00000-0 +00000-0 0  9999
2 20352 078.8290 299.8120 7009337 015.1170 349.0240 00.24388144002720
1 20352U 89096A   97294.09842400  .00000000  00000-0  00000-0 0  9992
2 20352 078.9200 299.7910 7016557 014.9390 341.3360 00.24411445  2720
1 20352U 89096A   97298.09842400 +.00000541 +00000-0 +00000-0 0  9996
2 20352 078.8600 299.7170 7066321 015.0660 332.3300 00.24426162002723
1 20352U 89096A   97302.09842400 +.00000645 +00000-0 +00000-0 0  9997
2 20352 078.5580 299.6490 7067803 015.0150 324.2450 00.24395972002721
1 20352U 89096A   97310.41476440 +.00000596 +00000-0 +00000-0 0  9994
2 20352 078.7800 299.6490 7092178 014.8970 335.6080 00.24427504002742
1 20352U 89096A   97318.41476440 +.00000100 +00000-0 +00000-0 0  9993
2 20352 078.5200 299.5270 7102493 014.8690 318.9550 00.24391333002768
1 20352U 89096A   97322.41476440  .00000000  00000-0  00000-0 0  9997
2 20352 078.8450 299.5240 7134241 014.7450 310.9520 00.24443785  2773
1 20352U 89096A   97326.94375370 +.00000365 +00000-0 +00000-0 0  9993
2 20352 078.5670 299.3180 7175092 014.9460 348.5320 00.24409145002785
1 20352U 89096A   97330.94375370 +.00000287 +00000-0 +00000-0 0  9991
2 20352 078.5020 299.2970 7180125 014.8390 340.5400 00.24394001002790
1 20352U 89096A   97334.94375370 +.00000122 +00000-0 +00000-0 0  9993
2 20352 078.7500 299.3260 7199014 014.7710 332.3070 00.24418279002808
1 20352U 89096A   97338.94375370 +.00000204 +00000-0 +00000-0 0  9998
2 20352 078.8770 299.3110 7227366 014.8640 323.5020 00.24435483002811
1 20352U 89096A   97343.94375370  .00000000  00000-0  00000-0 0  9998
2 20352 078.7420 299.2400 7242481 014.9270 042.7090 00.24405375  2834
1 20352U 89096A   97351.64725360 -.00000348 +00000-0 +00000-0 0  9998
2 20352 079.0740 299.3180 7307436 014.7490 000.1000 00.24438278002841
1 20352U 89096A   97355.64725360 -.00000270 +00000-0 +00000-0 0  9996
2 20352 078.7340 299.2480 7337144 014.8590 351.3720 00.24408177002852
1 20352U 89096A   97359.64725360 -.00000418 +00000-0 +00000-0 0  9994
2 20352 078.8060 299.2610 7351446 014.7930 343.2550 00.24408262002862
1 20352U 89096A   97363.64725360 -.00000519 +00000-0 +00000-0 0  9991
2 20352 079.0440 299.2930 7381962 014.8460 334.6600 00.24438365002875
1 20352U 89096A   98006.91585330 -.00000847 +00000-0 +00000-0 0  9991
2 20352 078.7860 299.1810 7426047 015.0790 340.6980 00.24405724002899
1 20352U 89096A   98010.91585330 -.00001110 +00000-0 +00000-0 0  9990
2 20352 078.9200 299.1900 7448294 015.0170 332.6520 00.24427391002906
1 20352U 89096A   98014.91585330 -.00000793 +00000-0 +00000-0 0  9990
2 20352 078.9130 299.1310 7518212 015.2120 323.2970 00.24450702002916
1 20352U 89096A   98019.91585330 -.00000752 +00000-0 +00000-0 0  9990
2 20352 078.5490 299.0630 7536959 015.2740 042.7780 00.24406057002928
1 20352U 89096A   98027.91585330 -.00000716 +00000-0 +00000-0 0  9999
2 20352 078.6910 299.0770 7588892 015.4170 025.6930 00.24434552002943
1 20352U 89096A   98031.46079420 -.00000631 +00000-0 +00000-0 0  9998
2 20352 078.3930 298.9710 7609606 015.5840 336.4000 00.24429610002957
1 20352U 89096A   98035.46079420 -.00001118 +00000-0 +00000-0 0  9993
2 20352 078.0870 298.9000 7615828 015.6090 328.0440 00.24405085002966
1 20352U 89096A   98060.28085400 -.00000342 +00000-0 +00000-0 0  9994
2 20352 076.8500 298.4480 7754586 016.1540 348.5680 00.24415798003023
1 20352U 89096A   98084.49505180  .00000000  00000-0  00000-0 0  9995
2 20352 075.5440 297.9950 7846955 016.3760 316.6130 00.24430775  3068
1 20352U 89096A   98089.49505180  .00000057  00000-0  00000-0 0  9992
2 20352 075.0710 297.8280 7841588 016.4100 036.1090 00.24396795  3077
1 20352U 89096A   98093.64755600 +.00000024 +00000-0 +00000-0 0  9992
2 20352 075.0920 297.8210 7848935 016.2820 041.8300 00.24391150003081
1 20352U 89096A   98101.64755600 +.00000492 +00000-0 +00000-0 0  9991
2 20352 074.3860 297.5720 7895930 016.3450 024.7810 00.24395223003098
1 20352U 89096A   98105.64755600 +.00000457 +00000-0 +00000-0 0  9996
2 20352 074.4300 297.5620 7898581 016.2470 016.8400 00.24401628003097
1 20352U 89096A   98109.64755600  .00000000  00000-0  00000-0 0  9994
2 20352 074.4960 297.5420 7913487 016.2590 008.4210 00.24429943  3099
1 20352U 89096A   98113.42820210 +.00000760 +00000-0 +00000-0 0  9998
2 20352 074.3490 297.4660 7923647 016.3140 340.5490 00.24420980003106
1 20352U 89096A   98126.42820210 +.00000529 +00000-0 +00000-0 0  9995
2 20352 073.8830 297.2170 7979569 016.1830 043.9980 00.24411067003137
1 20352U 89096A   98130.42820210  .00000000  00000-0  00000-0 0  9994
2 20352 073.7630 297.1670 7979158 016.0740 036.1360 00.24395082  3135
1 20352U 89096A   98138.04258250 +.00000510 +00000-0 +00000-0 0  9995
2 20352 074.1100 297.2010 8015841 016.0270 344.8980 00.24425057003144
1 20352U 89096A   98142.04258250 +.00000359 +00000-0 +00000-0 0  9991
2 20352 073.8870 297.1020 8024351 016.0670 336.2520 00.24399314003145
1 20352U 89096A   98146.04258250  .00000000  00000-0  00000-0 0  9998
2 20352 073.8530 297.0760 8025231 015.9390 328.4050 00.24389665  3142
1 20352U 89096A   98159.04258250 -.00000212 +00000-0 +00000-0 0  9998
2 20352 073.8380 296.9590 8114098 015.8280 031.2710 00.24395066003178
1 20352U 89096A   98160.04258250  .00000000  00000-0  00000-0 0  9994
2 20352 073.9300 296.9490 8118858 015.8040 119.0760 00.24400577  3176
1 20352U 89096A   98166.78717870  .00000000  00000-0  00000+0 0  9998
2 20352 074.1510 296.9710 8165877 015.9240 351.7680 00.24435508  3182
1 20352U 89096A   98166.87500000 +.00000000 +00000-0 +00000-0 0  9994
2 20352 074.1575 296.9861 8168040 015.8965 359.4823 00.24426883003188
1 20352U 89096A   98170.78717870 +.00000000 +00000-0 +00000-0 0  9994
2 20352 073.8960 296.8830 8174488 015.9480 343.2780 00.24398951003180
1 20352U 89096A   98174.78717870 +.00000000 +00000-0 +00000-0 0  9998
2 20352 074.0760 296.9090 8191721 015.8400 335.4650 00.24419833003182
1 20352U 89096A   98195.54516432 +.00000000 +00000-0 +00000-0 0  9996
2 20352 073.7164 296.6933 8342261 016.1126 358.7351 00.24425891003238
1 20352U 89096A   98216.02307397 -.00001155 +00000-0 +00000-0 0  9994
2 20352 071.5791 296.0107 8426645 016.5245 358.2565 00.24419931005740
1 20352U 89096A   98224.24883753 -.00000883 +00000-0 +00000-0 0  9999
2 20352 072.1351 296.1439 8498591 016.5389 000.1065 00.24409123005768
1 20352U 89096A   98232.16966090 -.00001059 +00000-0 +00000-0 0  9991
2 20352 071.8800 295.9720 8556893 016.6220 336.3330 00.24456682005781
1 20352U 89096A   98236.16966090 -.00000812 +00000-0 +00000-0 0  9991
2 20352 070.9360 295.7150 8573103 016.7520 327.6790 00.24406698005790
1 20352U 89096A   98249.16966090 -.00000208 +00000-0 +00000-0 0  9994
2 20352 070.3310 295.4540 8608549 016.9410 029.8750 00.24428326005825
1 20352U 89096A   98253.16966090 -.00000503 +00000-0 +00000-0 0  9997
2 20352 069.6790 295.2290 8604453 017.0210 021.3010 00.24393207005823
1 20352U 89096A   98264.89753490  .00000000  00000-0  00000-0 0  9998
2 20352 068.3600 294.7500 8657335 017.1380 332.4380 00.24394789  5847
1 20352U 89096A   98273.89753490 +.00000332 +00000-0 +00000-0 0  9996
2 20352 068.2620 294.6400 8673889 017.1430 043.7080 00.24414767005864
1 20352U 89096A   98293.64586080 +.00000479 +00000-0 +00000-0 0  9992
2 20352 066.2790 293.8510 8713393 017.2330 340.3880 00.24386428005909
1 20352U 89096A   98310.25726220 +.00000230 +00000-0 +00000-0 0  9996
2 20352 065.8970 293.5070 8732327 017.1830 001.0590 00.24396106005941
1 20352U 89096A   98314.25726220 +.00000466 +00000-0 +00000-0 0  9991
2 20352 066.1100 293.4700 8785363 017.1240 352.7110 00.24447420005942
1 20352U 89096A   98335.25726220 +.00000024 +00000-0 +00000-0 0  9994
2 20352 065.5060 293.0790 8843937 017.0720 039.2000 00.24399841005992
1 20352U 89096A   98351.55309810 -.00000628 +00000-0 +00000-0 0  9998
2 20352 065.2060 292.8600 8945158 016.9470 032.3630 00.24404313006023
1 20352U 89096A   98359.55309810 -.00000367 +00000-0 +00000-0 0  9996
2 20352 065.1190 292.7360 8989502 017.0830 014.8530 00.24426602006031
1 20352U 89096A   99002.67557620 -.00001223 +00000-0 +00000-0 0  9991
2 20352 065.2190 292.6960 9033326 017.0180 009.3520 00.24442147006041
1 20352U 89096A   99006.67557620 -.00001050 +00000-0 +00000-0 0  9993
2 20352 064.0800 292.3060 9076513 017.2330 000.0860 00.24292507006046
1 20352U 89096A   99014.67557620 -.00001438 +00000-0 +00000-0 0  9992
2 20352 063.9800 292.2400 9104488 017.2510 343.1730 00.24428765006060
1 20352U 89096A   99018.67557620 -.00001143 +00000-0 +00000-0 0  9999
2 20352 063.7830 292.1190 9127364 017.3760 334.0450 00.24439819006073
1 20352U 89096A   99026.91223390  .00000000  00000-0  00000-0 0  9999
2 20352 062.5070 291.7280 9131175 017.6130 337.7400 00.24398685    07
1 20352U 89096A   99031.25000000 +.00000000 +00000-0 +00000-0 0  9993
2 20352 062.4431 291.4705 9178023 017.6310 358.7987 00.24444667007630
1 20352U 89096A   99034.91223390 +.00000000 +00000-0 +00000-0 0  9998
2 20352 060.9830 291.0910 9189653 017.9360 320.4300 00.24404022007635
1 20352U 89096A   99047.46702400 +.00000000 +00000-0 +00000-0 0  9996
2 20352 059.9930 290.4010 9224360 018.3300 343.0810 00.24435637007635
1 20352U 89096A   99055.46702400 +.00000000 +00000-0 +00000-0 0  9995
2 20352 058.7920 289.8450 9225375 018.5970 326.4800 00.24417368007638
1 20352U 89096A   99059.46702400  .00000000  00000-0  00000-0 0  9999
2 20352 057.6970 289.3180 9264609 018.8750 317.3220 00.24430258    00
1 20352U 89096A   99063.75000000 +.00000000 +00000-0 +00000-0 0  9993
2 20352 058.7920 289.7489 9225375 018.6288 334.5745 00.24417368008653
1 20352U 89096A   99064.02406410  .00000000  00000-0  00000-0 0  9999
2 20352 056.6890 288.8730 9257225 019.0920 358.2050 00.24441055    05
1 20352U 89096A   99076.02406410 +.00000000 +00000-0 +00000-0 0  9992
2 20352 055.4460 288.1310 9271172 019.5590 332.5670 00.24417245008653
1 20352U 89096A   99084.54166667  .00000000  00000-0  00000+0 0  9994
2 20352 054.7269 287.6349 9277027 019.7036 002.1686 00.24415909  9709
1 20352U 89096A   99089.02406410  .00000000  00000-0  00000-0 0  9996
2 20352 053.0350 286.7670 9288820 020.2580 035.7550 00.24405611    08
1 20352U 89096A   99092.92660380 +.00000000 +00000-0 +00000-0 0  9997
2 20352 052.7400 286.5510 9282861 020.3190 019.2760 00.24387425009706
1 20352U 89096A   99100.92660380 +.00000000 +00000-0 +00000-0 0  9997
2 20352 052.5120 286.2500 9296451 020.4860 002.4070 00.24440542009702
1 20352U 89096A   99105.00000000 +.00000000 +00000-0 +00000-0 0  9998
2 20352 051.8718 285.9034 9290618 020.6776 000.2323 00.24413588010206
1 20352U 89096A   99108.92660380  .00000000  00000-0  00000-0 0  9995
2 20352 051.6130 285.7230 9283382 020.7260 346.0870 00.24375264    00
1 20352U 89096A   99113.16666667  .00000000  00000-0  00000+0 0  9990
2 20352 051.3818 285.4470 9321865 020.7924 358.8569 00.24442408 11215
1 20352U 89096A   99117.12222190  .00000000  00000-0  00000-0 0  9990
2 20352 050.2600 284.8510 9318657 021.1610 346.8980 00.24386478    05
1 20352U 89096A   99121.12222190 +.00000000 +00000-0 +00000-0 0  9995
2 20352 050.3740 284.8240 9321663 021.1170 339.0990 00.24400543011213
1 20352U 89096A   99125.12222190 +.00000000 +00000-0 +00000-0 0  9999
2 20352 050.5360 284.7950 9335093 021.1170 330.7830 00.24425209011219
1 20352U 89096A   99125.45833333 +.00000000 +00000-0 +00000-0 0  9992
2 20352 050.4919 284.7630 9335403 021.1238 000.3389 00.24420602011214
1 20352U 89096A   99125.48025689  .00000000  00000-0  00000+0 0  9991
2 20352 051.2474 284.9569 9384126 021.0669 001.5645 00.24413286 11257
1 20352U 89096A   99134.12222190 +.00000000 +00000-0 +00000-0 0  9999
2 20352 049.7900 284.1190 9340471 021.5370 041.7460 00.24401489011213
1 20352U 89096A   99137.64098310 +.00000000 +00000-0 +00000-0 0  9994
2 20352 049.9690 284.2170 9351674 021.3970 351.9730 00.24403018011217
1 20352U 89096A   99141.75000000 +.00000000 +00000-0 +00000-0 0  9990
2 20352 048.7873 283.4465 9390426 021.8293 352.6408 00.24428860011724
