1 16733U 86038E   86145.86942974  .00000165 +00000-0 +99999-4 0  9999
2 16733 047.3466 275.6707 7238515 000.4224 359.8048 02.29166836000076
1 16733U 86038E   86149.36024158  .00000169 +00000-0 +99999-4 0  9997
2 16733 047.3370 274.7008 7239644 001.3562 359.7204 02.29167319000152
1 16733U 86038E   86149.36024592  .00000169 +00000-0 +99999-4 0  9999
2 16733 047.3388 274.7159 7239785 001.3484 359.7229 02.29167685000150
1 16733U 86038E   86154.16001601  .00090935 +00000-0 +94747-1 0  9992
2 16733 047.3091 273.3554 7240966 002.6484 357.9867 02.29077436000266
1 16733U 86038E   86169.43183060  .00000000 +00000-0 +00000-0 0  9990
2 16733 047.3313 269.1743 7242767 006.6666 359.1442 02.29581169000001
1 16733U 86038E   86170.30449106  .00000000 +00000-0 +00000-0 0  9994
2 16733 047.2778 268.8701 7248539 006.8760 359.1287 02.28998312000003
1 16733U 86038E   86177.28589116  .00000000 +00000-0 +00000-0 0  9994
2 16733 047.2512 266.9098 7249297 008.7558 359.0651 02.29225253000007
1 16733U 86038E   86183.39431739  .00000000 +00000-0 +00000-0 0  9990
2 16733 047.2680 265.2425 7256069 010.4375 358.8847 02.28571052000005
1 16733U 86038E   86184.26694557  .00000000 +00000-0 +00000-0 0  9996
2 16733 047.2347 264.9485 7251206 010.6562 358.8724 02.29262721000000
1 16733U 86038E   86190.37542843  .00000000 +00000-0 +00000-0 0  9995
2 16733 047.2167 263.2190 7242668 012.3493 358.8424 02.30587215000006
1 16733U 86038E   86191.24802272  .00000000 +00000-0 +00000-0 0  9997
2 16733 047.2164 262.9854 7255743 012.5107 358.8310 02.29034008000007
1 16733U 86038E   86202.15528079  .00000000 +00000-0 +00000-0 0  9990
2 16733 047.1556 259.8656 7215181 015.1753 358.5548 02.34997137000001
1 16733U 86038E   86209.13535453  .00000000 +00000-0 +00000-0 0  9999
2 16733 047.1445 257.8892 7254797 017.4180 358.2795 02.30084512000004
1 16733U 86038E   86212.18904685  .00000000 +00000-0 +00000-0 0  9995
2 16733 047.1413 257.0353 7265294 018.2546 358.2227 02.28911282000002
1 16733U 86038E   86237.48566738  .00003174 +00000-0 +77718-3 0  9996
2 16733 047.0216 249.7670 7273221 025.2748 357.2994 02.29327138002175
1 16733U 86038E   86243.58969065  .00002213 +00000-0 +46223-3 0  9994
2 16733 046.9976 248.0106 7275741 026.9700 356.9137 02.29351357002318
1 16733U 86038E   86244.46186119  .00002555 +00000-0 +52375-3 0  9997
2 16733 046.9651 247.7397 7276170 027.2279 357.0555 02.29357705002339
1 16733U 86038E   86247.51358516  .00002921 +00000-0 +57736-3 0  9991
2 16733 046.9611 246.8561 7276772 028.0797 356.9796 02.29378183002406
1 16733U 86038E   86248.38537193  .00003206 +00000-0 +61454-3 0  9996
2 16733 046.9544 246.6084 7277330 028.3141 356.9178 02.29386752002423
1 16733U 86038E   86251.00075889  .00002627 +00000-0 +44984-3 0  9993
2 16733 046.9431 245.8578 7279100 029.0282 356.7243 02.29396915002487
1 16733U 86038E   86251.43672028  .00002634 +00000-0 +44986-3 0  9998
2 16733 046.9452 245.7331 7279127 029.1507 356.7569 02.29398932002499
1 16733U 86038E   86253.18029324  .00002772 +00000-0 +45284-3 0  9992
2 16733 046.9392 245.2285 7279873 029.6374 356.6997 02.29408029002538
1 16733U 86038E   86256.66722135  .00003107 +00000-0 +47899-3 0  9995
2 16733 046.9440 244.2206 7280772 030.6155 356.6103 02.29430246002617
1 16733U 86038E   86264.51122871  .00004111 +00000-0 +50851-3 0  9997
2 16733 046.8954 241.9419 7284018 032.8270 356.4804 02.29499478002792
1 16733U 86038E   86266.25374919  .00004169 +00000-0 +49987-3 0  9993
2 16733 046.8933 241.4394 7284406 033.3174 356.2057 02.29513963002835
1 16733U 86038E   86269.30336998  .00004738 +00000-0 +54291-3 0  9993
2 16733 046.8924 240.5531 7284947 034.1611 356.1526 02.29543824002900
1 16733U 86038E   86272.35243335  .00005240 +00000-0 +54560-3 0  9992
2 16733 046.8786 239.6694 7286203 034.9983 356.0043 02.29577314002973
1 16733U 86038E   86273.65906606  .00000089 +00000-0 +00000-0 0  9996
2 16733 046.8698 239.2914 7287446 035.3422 355.9625 02.29592816003002
1 16733U 86038E   86275.40116948  .00000210 +00000-0 +11275-4 0  9999
2 16733 046.8580 238.7856 7288180 035.8438 355.8954 02.29594548003041
1 16733U 86038E   86278.44914723  .00006045 +00000-0 +50317-3 0  9994
2 16733 046.8661 237.8715 7288950 036.7231 355.7536 02.29653943003119
1 16733U 86038E   86278.44941429  .00006047 +00000-0 +50317-3 0  9999
2 16733 046.8662 237.8714 7288955 036.7227 355.7530 02.29653941003111
1 16733U 86038E   86278.44941762  .00006045 +00000-0 +50346-3 0  9999
2 16733 046.8661 237.8714 7288944 036.7231 355.7560 02.29653937003111
1 16733U 86038E   86282.36760199  .00013029 -49546-4 +45312-3 0  9998
2 16733 046.8515 236.7219 7290060 037.8337 355.6976 02.29699677003209
1 16733U 86038E   86306.73066183  .00037425 -50675-4 +10983-2 0  9994
2 16733 046.7907 229.6197 7292533 044.7459 014.0432 02.30586256003762
1 16733U 86038E   86306.73092677  .00037425 -50700-4 +10983-2 0  9990
2 16733 046.7907 229.6196 7292533 044.7458 014.0432 02.30586257003761
1 16733U 86038E   86308.44160355  .00038962 -50772-4 +11019-2 0  9996
2 16733 046.7854 229.1029 7292231 045.2394 354.6508 02.30690495003804
1 16733U 86038E   86309.30841069  .00039682 -50808-4 +11083-2 0  9991
2 16733 046.7825 228.8408 7291982 045.4934 354.6151 02.30745505003822
1 16733U 86038E   86309.30867817  .00039681 -50800-4 +11083-2 0  9991
2 16733 046.7825 228.8408 7291982 045.4933 354.6151 02.30745506003822
1 16733U 86038E   86324.87512651  .00039486 -51400-4 +69422-3 0  9994
2 16733 046.7401 224.1419 7288862 049.9476 354.1672 02.31753751004182
1 16733U 86038  E 88216.99344755  .00000028 +00000-0 +99999-4 0  9995
2 16733 045.6073 204.1923 4500885 053.8383 340.0261 05.34568699000009
1 16733U 86038  E 88216.99372598  .00000028 +00000-0 +00000-4 0  9996
2 16733 045.6073 204.1922 4500885 053.8382 340.0261 05.34568699000007
1 16733U 86038  E 88231.95538413  .00000029 +00000-0 +99999-4 0  9995
2 16733 045.6069 193.1479 4587218 065.4127 335.1737 05.34627344000801
1 16733U 86038  E 88231.95566128  .00000029 +00000-0 +00000-4 0  9994
2 16733 045.6069 193.1478 4587218 065.4127 335.1737 05.34627344000800
1 16733U 86038  E 88237.93862291  .00000030 +00000-0 +99999-4 0  9995
2 16733 045.6988 188.8038 4624909 070.7064 332.7622 05.34896835001126
1 16733U 86038  E 88237.93890006  .00000030 +00000-0 +00000-4 0  9995
2 16733 045.6988 188.8037 4624909 070.7063 332.7622 05.34896835001124
1 16733U 86038  E 88243.91682817  .00000031 +00000-0 +99999-4 0  9995
2 16733 045.6988 184.3618 4663693 075.3617 330.5683 05.35451623001440
1 16733U 86038  E 88248.95583034  .00000032 +00000-0 +99999-4 0  9996
2 16733 045.7468 180.6082 4686875 079.3245 328.5164 05.35942301001715
1 16733U 86038  E 88248.95610750  .00000032 +00000-0 +00000-4 0  9997
2 16733 045.7468 180.6081 4686875 079.3245 328.5164 05.35942301001714
1 16733U 86038  E 88261.81778324  .00000033 +00000-0 +99999-4 0  9995
2 16733 045.7490 170.7639 4712560 089.7909 322.1579 05.36543616002405
1 16733U 86038  E 88261.81806231  .00000033 +00000-0 +00000-4 0  9999
2 16733 045.7490 170.7638 4712560 089.7908 322.1579 05.36543617002404
1 16733U 86038  E 88278.02375994  .00000034 +00000-0 +99999-4 0  9993
2 16733 045.8069 157.9586 4749503 102.6192 312.7989 05.36896295003272
1 16733U 86038  E 88278.02403773  .00000034 +00000-0 +00000-4 0  9995
2 16733 045.8069 157.9585 4749503 102.6192 312.7989 05.36896296003272
1 16733U 86038  E 88283.98044571  .00000036 +00000-0 +99999-4 0  9990
2 16733 045.8096 153.1909 4775515 107.3328 308.9436 05.37162905003598
1 16733U 86038  E 88283.98072223  .00000035 +00000-0 +00000-4 0  9999
2 16733 045.8096 153.1908 4775515 107.3327 308.9436 05.37162906003597
