1 00675U 63039  B 64042.60648321  .00000001 +00000-0 +00000-0 0  9996
2 00675 035.8995 209.4871 8736977 152.7555 315.9941 00.62084817000757
1 00675U 63039  B 64042.60648345  .00000001 +00000-0 +00000-0 0  9992
2 00675 035.8995 209.4871 8736977 152.7555 315.9941 00.62079045000754
1 00675U 63039  B 64106.96334885  .00000001 +00000-0 +00000-0 0  9993
2 00675 035.8995 205.4054 8736974 158.4979 300.1292 00.62085067001154
1 00675U 63039  B 64160.03602428  .00000001 +00000-0 +00000-0 0  9992
2 00675 035.8995 202.0379 8736971 163.2335 282.2265 00.62085272001488
1 00675U 63039  B 64221.12125821  .00000001 +00000-0 +00000-0 0  9997
2 00675 035.8995 198.1603 8736968 168.6840 255.2340 00.62085506001865
1 00675U 63039  B 64282.17605657  .00000001 +00000-0 +00000-0 0  9999
2 00675 035.8995 194.2826 8736965 174.1319 221.4926 00.62085741002248
1 00675U 63039  B 64343.21021552  .00000001 +00000-0 +00000-0 0  9998
2 00675 035.8996 190.4049 8736961 179.5779 183.1917 00.62085979002628
