1 32039U 06006S   07213.59287509  .00000052  00000-0  38682-3 0  9994
2 32039 050.6215 105.6218 5171563 286.2068 024.6866 04.77810052  7587
1 32039U 06006S   07213.80119943  .00000031  00000-0  10000-3 0  9995
2 32039 050.5998 105.4845 5169881 286.3149 023.0302 04.77810999  7598
1 32039U 06006S   07331.28004918  .00047463  00000-0  21308+0 0  9992
2 32039 050.4372 035.0571 5289397 340.4177 005.4446 04.79906453 13206
1 32039U 06006S   07332.32162288  .00046547  00000-0  21985+0 0  9996
2 32039 050.4147 034.3764 5283492 340.9648 005.1161 04.79998045 13254
1 32039U 06006S   07336.27813906  .00046461  00000-0  21985+0 0  9999
2 32039 050.4186 031.8575 5280490 342.9994 004.9897 04.80403949 13440
1 32039U 06006S   07341.06294909  .00058306  00000-0  10444+0 0  9997
2 32039 050.5294 028.7634 5366006 345.2649 004.2295 04.80932245 13679
1 32039U 06006S   07347.08781376  .00157520  00000-0  89647-1 0  9995
2 32039 050.5336 024.7325 5435630 347.6538 006.7339 04.82210967 13962
1 32039U 06006S   07348.12220635  .00189254  00000-0  14406+0 0  9995
2 32039 050.5407 024.0422 5415394 349.1426 003.0213 04.82631435 14015
1 32039U 06006S   07348.95052743  .00207090  00000-0  14768+0 0  9999
2 32039 050.5880 023.5138 5417081 349.4229 002.7991 04.82993346 14052
1 32039U 06006S   07349.15748437 +.00207365 +00000-0 +14768-0 0  9990
2 32039 050.5882 023.3752 5416455 349.5337 002.8115 04.83101625014061
1 32039U 06006S   08004.06418258  .00217556  00000-0  14482+0 0  9999
2 32039 050.6332 009.9129 5365455 000.1562 359.8128 04.91565738 15027
1 32039U 06006S   08004.06418258 +.00217556 +00000-0 +14482-0 0  9990
2 32039 050.6332 009.9129 5365455 000.1562 359.8128 04.91565738015027
1 32039U 06006S   08004.06418258  .00217556  00000-0  14482+0 0  9999
2 32039 050.6332 009.9129 5365455 000.1562 359.8128 04.91565738 15027
1 32039U 06006S   08004.06418258  .00217556  00000-0  14482+0 0  9999
2 32039 050.6332 009.9129 5365455 000.1562 359.8128 04.91565738 15027
1 32039U 06006S   08004.06418258 +.00217556 +00000-0 +14482+0 0  9999
2 32039 050.6332 009.9129 5365455 000.1562 359.8128 04.91565738015027
1 32039U 06006S   08004.06418258 +.00217556 +00000-0 +14482+0 0  9999
2 32039 050.6332 009.9129 5365455 000.1562 359.8128 04.91565738015027
1 32039U 06006S   08004.06418258 +.00217556 +00000-0 +14482+0 0  9999
2 32039 050.6332 009.9129 5365455 000.1562 359.8128 04.91565738015027
1 32039U 06006S   08004.06418258 +.00217556 +00000-0 +14482+0 0  9999
2 32039 050.6332 009.9129 5365455 000.1562 359.8128 04.91565738015027
1 32039U 06006S   08004.06418258 +.00217556 +00000-0 +14482+0 0  9999
2 32039 050.6332 009.9129 5365455 000.1562 359.8128 04.91565738015027
1 32039U 06006S   08004.06418258 +.00217556 +00000-0 +14482+0 0  9999
2 32039 050.6332 009.9129 5365455 000.1562 359.8128 04.91565738015027
1 32039U 06006S   08004.06418258 +.00217556 +00000-0 +14482+0 0  9999
2 32039 050.6332 009.9129 5365455 000.1562 359.8128 04.91565738015027
1 32039U 06006S   08004.06418258 +.00217556 +00000-0 +14482+0 0  9999
2 32039 050.6332 009.9129 5365455 000.1562 359.8128 04.91565738015027
1 32039U 06006S   08004.06418258 +.00217556 +00000-0 +14482+0 0  9999
2 32039 050.6332 009.9129 5365455 000.1562 359.8128 04.91565738015027
1 32039U 06006S   08004.06418258 +.00217556 +00000-0 +14482+0 0  9999
2 32039 050.6332 009.9129 5365455 000.1562 359.8128 04.91565738015027
1 32039U 06006S   08004.06418258 +.00217556 +00000-0 +14482+0 0  9999
2 32039 050.6332 009.9129 5365455 000.1562 359.8128 04.91565738015027
1 32039U 06006S   08004.06418258 +.00217556 +00000-0 +14482+0 0  9999
2 32039 050.6332 009.9129 5365455 000.1562 359.8128 04.91565738015027
1 32039U 06006S   08004.06418258 +.00217556 +00000-0 +14482+0 0  9999
2 32039 050.6332 009.9129 5365455 000.1562 359.8128 04.91565738015027
1 32039U 06006S   08004.06418258 +.00217556 +00000-0 +14482+0 0  9999
2 32039 050.6332 009.9129 5365455 000.1562 359.8128 04.91565738015027
1 32039U 06006S   08004.06418258  .00217556  00000-0  14482+0 0  9999
2 32039  50.6332   9.9129 5365455   0.1562 359.8128  4.91565738 15027
1 32039U 06006S   08004.06418258  .00217556  00000-0  14482+0 0  9999
2 32039  50.6332   9.9129 5365455   0.1562 359.8128  4.91565738 15027
