1 10484U 77092  F 77321.75971732  .00002095 +00000-0 +87558-3 0  9995
2 10484 047.1415 254.0413 7261899 015.4936 358.7276 02.29486222001332
1 10484U 77092  F 77324.80921524  .00002144 +00000-0 +85482-3 0  9997
2 10484 047.1306 253.1747 7263132 016.3271 358.2446 02.29502181001400
1 10484U 77092  F 77341.79669652  .00003264 +00000-0 +92657-3 0  9991
2 10484 047.0786 248.3412 7268718 020.8932 357.8463 02.29628642001792
1 10484U 77092  F 78008.11636273  .00009277 +00000-0 +15143-2 0  9995
2 10484 046.9393 239.2877 7274562 029.8895 358.0356 02.30157948002512
1 10484U 77092  F 78106.99753688  .00492830 +00000-0 +07366-3 0  9990
2 10484 046.7176 209.4380 7215356 058.5602 352.3476 02.42585897004814
1 10484U 77092  F 78116.76670951  .00524222 +00000-0 +00000-0 0  9993
2 10484 046.6762 206.2569 7158244 062.0572 351.4564 02.49944186005058
1 10484U 77092  F 78151.86799284  .09350251 +00000-0 +00000-0 0  9992
2 10484 046.6525 190.8219 5679238 076.5956 338.0406 04.72889137005621
