1 20354U 89096  C 89339.00000000  .00000740 +00000-0 +00000-4 0  9993
2 20354 051.6030 024.1779 9217879 285.2189 280.0690 00.25077370000005
1 20354U 89096  C 89355.93838166  .00000743 +00000-0 +00000-4 0  9998
2 20354 052.4180 020.7130 9232878 287.7409 359.1260 00.24958008000063
1 20354U 89096  C 90003.00773010  .00000743 +00000-0 +00000-4 0  9994
2 20354 052.9314 018.6824 9258561 289.0691 001.3708 00.24909098000101
1 20354U 89096  C 90011.11805600 -.00000819 +00000-0 +99999-4 0  9996
2 20354 053.8105 015.5927 9210498 291.1235 008.4544 00.24915667000110
1 20354U 89096  C 90015.00000000  .00000743 +00000-0 +00000-4 0  9999
2 20354 053.9480 014.9609 9272119 291.3570 356.0450 00.24865021000115
1 20354U 89096  C 90015.00028935  .00000743 +00000-0 +00000-4 0  9996
2 20354 053.9480 014.9609 9272119 291.3570 356.0450 00.24865021000115
1 20354U 89096  C 90017.08999992  .00000742 +00000-0 +00000-4 0  9995
2 20354 054.0065 014.4803 9219198 292.0254 183.9579 00.24939941000125
1 20354U 89096  C 90017.08999999 -.00000823 +00000-0 +99999-4 0  9998
2 20354 054.0065 014.4804 9219198 292.0255 183.9579 00.24939941000127
1 20354U 89096  C 90017.09028927  .00000742 +00000-0 +00000-4 0  9997
2 20354 054.0065 014.4803 9219198 292.0254 183.9579 00.24939941000125
1 20354U 89096  C 90027.00000000  .00000741 +00000-0 +00000-4 0  9990
2 20354 054.5540 012.9460 9283772 292.6479 351.4920 00.24906742000152
1 20354U 89096  C 90039.15889012  .00000742 +00000-0 +00000-4 0  9998
2 20354 054.9737 011.4157 9202725 293.5391 002.7358 00.24905274000197
1 20354U 89096  C 90059.00000000 -.00000806 +00000-0 +99999-4 0  9993
2 20354 056.7130 006.7970 9166680 296.3870 341.5950 00.24900286000231
1 20354U 89096  C 90063.00000000  .00000742 +00000-0 +00000-4 0  9991
2 20354 056.7730 006.6179 9185132 296.4310 340.9440 00.24906612000247
1 20354U 89096  C 90067.00000000  .00000741 +00000-0 +00000-4 0  9994
2 20354 057.4540 004.9879 9195869 297.3389 339.2260 00.24957385000251
1 20354U 89096  C 90070.00000000  .00000742 +00000-0 +00000-4 0  9999
2 20354 057.6580 004.3869 9165742 297.7209 248.6640 00.24903836000260
1 20354U 89096  C 90075.00000000  .00000742 +00000-0 +00000-4 0  9994
2 20354 057.7560 004.1929 9150586 297.6849 337.5560 00.24912740000008
1 20354U 89096  C 90079.00000000 -.00000799 +00000-0 +99999-4 0  9996
2 20354 057.8880 003.8640 9152507 297.8440 336.3550 00.24935090000003
1 20354U 89096  C 90083.00000000 -.00000795 +00000-0 +99999-4 0  9997
2 20354 058.0540 003.4450 9141691 298.0880 334.8550 00.24927670000016
1 20354U 89096  C 90091.00000000  .00000741 +00000-0 +00000-4 0  9991
2 20354 058.1240 003.1889 9114625 298.0780 333.4710 00.24919340000033
1 20354U 89096  C 90095.00000000  .00000741 +00000-0 +00000-4 0  9995
2 20354 058.8520 001.5459 9112130 298.9529 331.5900 00.24927930000006
1 20354U 89096  C 90099.00000000  .00000742 +00000-0 +00000-4 0  9990
2 20354 058.9210 001.3319 9083390 298.9789 331.0630 00.24891230000007
1 20354U 89096  C 90103.00000000  .00000741 +00000-0 +00000-4 0  9995
2 20354 058.9330 001.2649 9086383 298.9089 330.4540 00.24918450000000
1 20354U 89096  C 90123.00000000  .00000742 +00000-0 +00000-4 0  9998
2 20354 060.0140 358.7019 9067104 299.9829 325.2380 00.24902350000047
1 20354U 89096  C 90123.39280837 -.00000791 +00000-0 +00000-0 0  9999
2 20354 059.9445 358.7819 9130443 300.0613 000.0860 00.24887083000060
1 20354U 89096  C 90123.39280838  .00000743 +00000-0 +00000-6 0  9992
2 20354 059.9185 358.7537 9130000 300.1085 000.0875 00.24887096000061
1 20354U 89096  C 90127.00000000  .00000742 +00000-0 +00000-4 0  9992
2 20354 060.0440 358.5819 9054693 299.9379 324.7420 00.24894450000056
1 20354U 89096  C 90135.00000000  .00000742 +00000-0 +00000-4 0  9991
2 20354 060.3120 357.9449 9079929 300.1399 322.5930 00.24930970000007
1 20354U 89096  C 90143.00000000  .00000742 +00000-0 +00000-4 0  9990
2 20354 060.4870 357.4549 9065645 300.3280 320.4130 00.24894770000014
1 20354U 89096  C 90147.00000000  .00000742 +00000-0 +00000-4 0  9994
2 20354 060.8870 356.6329 9093348 300.6299 319.7640 00.24955320000004
1 20354U 89096  C 90151.00000000 -.00000763 +00000-0 +99999-4 0  9998
2 20354 061.5080 355.3370 9067315 301.2910 318.0970 00.24884799000008
1 20354U 89096  C 90155.00000000 -.00000762 +00000-0 +99999-4 0  9991
2 20354 061.6010 355.1150 9066477 301.3160 317.3030 00.24901319000010
1 20354U 89096  C 90159.00000000 -.00000767 +00000-0 +99999-4 0  9990
2 20354 061.8060 354.6770 9083625 301.4800 316.0480 00.24924679000025
1 20354U 89096  C 90180.00000000  .00000746 +00000-0 +00000-4 0  9995
2 20354 063.6110 351.1429 9071217 303.1379 038.5980 00.24906970000089
1 20354U 89096  C 90184.00000000  .00000747 +00000-0 +00000-4 0  9990
2 20354 063.7670 350.8280 9074288 303.2310 037.6110 00.24900950000097
1 20354U 89096  C 90188.00000000  .00000747 +00000-0 +00000-4 0  9994
2 20354 064.0870 350.2569 9086455 303.5139 036.1490 00.24922040000109
1 20354U 89096  C 90195.00000000  .00000748 +00000-0 +00000-4 0  9993
2 20354 064.5980 349.3169 9069021 304.0400 032.5670 00.24918870000115
1 20354U 89096  C 90200.00000000  .00000749 +00000-0 +00000-4 0  9991
2 20354 064.7140 349.0829 9063432 304.1149 031.5890 00.24891750000138
1 20354U 89096  C 90208.00000000  .00000749 +00000-0 +00000-4 0  9999
2 20354 065.9430 347.0560 9033256 305.0290 028.6950 00.24919970000152
1 20354U 89096  C 90212.00000000  .00000749 +00000-0 +00000-4 0  9994
2 20354 066.1000 346.7789 9032810 305.1200 027.7640 00.24924300000164
1 20354U 89096  C 90216.00000000  .00000749 +00000-0 +00000-4 0  9998
2 20354 066.4060 346.2870 9035420 305.3690 026.3280 00.24948300000176
1 20354U 89096  C 90220.00000000  .00000749 +00000-0 +00000-4 0  9993
2 20354 066.6590 345.8669 9022210 305.6200 024.5720 00.24956000000186
1 20354U 89096  C 90224.00000000 -.00000714 +00000-0 +99999-4 0  9995
2 20354 066.6900 345.7680 8997100 305.6850 023.1510 00.24919299000194
1 20354U 89096  C 90228.00000000  .00000750 +00000-0 +00000-4 0  9993
2 20354 066.8090 345.5739 8991530 305.7229 022.4700 00.24920000000208
1 20354U 89096  C 90232.00000000  .00000750 +00000-0 +00000-4 0  9998
2 20354 067.7640 344.1390 8975480 306.3669 020.3740 00.24974200000211
1 20354U 89096  C 90252.00000000  .00000748 +00000-0 +00000-4 0  9997
2 20354 068.0450 343.5239 8881240 306.5889 015.0500 00.24911600000260
1 20354U 89096  C 90259.99999998 -.00000652 +00000-0 +99999-4 0  9995
2 20354 068.8720 342.2720 8841800 307.0410 012.6430 00.24946499000284
1 20354U 89096  C 90260.00000000  .00000748 +00000-0 +00000-4 0  9996
2 20354 068.8720 342.2720 8841800 307.0409 012.6430 00.24946500000285
1 20354U 89096  C 90268.00000000  .00000747 +00000-0 +00000-4 0  9993
2 20354 068.8080 342.2719 8814180 306.8679 011.4600 00.24931900000003
1 20354U 89096  C 90272.00000000  .00000746 +00000-0 +00000-4 0  9997
2 20354 068.9390 342.0490 8809600 306.9519 010.2780 00.24952200000009
1 20354U 89096  C 90276.00000000  .00000746 +00000-0 +00000-4 0  9991
2 20354 068.9400 341.9880 8788450 306.9839 009.0040 00.24937000000013
1 20354U 89096  C 90280.00000000  .00000745 +00000-0 +00000-4 0  9995
2 20354 068.7750 342.1659 8766550 306.8299 008.4040 00.24897700000006
1 20354U 89096  C 90283.95679377  .00000745 +00000-0 +00000-4 0  9991
2 20354 068.8915 340.8486 8816911 307.7281 005.0972 00.24961377000011
1 20354U 89096  C 90292.00000000  .00000744 +00000-0 +00000-4 0  9997
2 20354 069.3580 341.1659 8716920 306.9530 006.0710 00.24899000000001
1 20354U 89096  C 90296.00000000  .00000744 +00000-0 +00000-4 0  9991
2 20354 069.4660 340.9729 8726030 306.9380 005.2670 00.24922600000001
1 20354U 89096  C 90300.00000000  .00000745 +00000-0 +00000-4 0  9998
2 20354 069.6160 340.7129 8726360 307.0259 004.0310 00.24929900000001
1 20354U 89096  C 90304.00000000  .00000745 +00000-0 +00000-4 0  9992
2 20354 069.6240 340.6329 8711390 307.0409 002.8080 00.24892100000006
1 20354U 89096  C 90312.00000000  .00000746 +00000-0 +00000-4 0  9992
2 20354 070.1490 339.8179 8720640 307.1380 001.5320 00.24920500000010
1 20354U 89096  C 90320.00000000  .00000744 +00000-0 +00000-4 0  9999
2 20354 070.3540 339.3749 8677990 307.1129 000.0100 00.24947200000001
1 20354U 89096  C 90328.00000000  .00000745 +00000-0 +00000-4 0  9998
2 20354 070.8190 338.6459 8694920 307.3679 357.6740 00.24982300000013
1 20354U 89096  C 90335.99999998 -.00000595 +00000-0 +99999-4 0  9996
2 20354 070.9410 338.3790 8683640 307.3580 355.9640 00.24902399000001
1 20354U 89096  C 90340.00000000  .00000748 +00000-0 +00000-4 0  9995
2 20354 071.8550 337.1239 8693020 307.7979 354.5350 00.24975500000007
1 20354U 89096  C 90356.00000000  .00000750 +00000-0 +00000-4 0  9995
2 20354 072.7660 335.7259 8672330 308.2429 350.8420 00.24955700000009
1 20354U 89096  C 91011.00000000  .00000750 +00000-0 +00000-4 0  9994
2 20354 074.2910 333.6109 8610440 308.9429 346.3940 00.24961700000000
1 20354U 89096  C 91015.00000000  .00000751 +00000-0 +00000-4 0  9999
2 20354 074.6120 333.1879 8609530 309.1459 345.2650 00.24980800000008
1 20354U 89096  C 91032.00000000  .00000748 +00000-0 +00000-4 0  9994
2 20354 075.7460 331.6839 8514080 309.8479 070.7140 00.24995100000047
1 20354U 89096  C 91051.00000000  .00000744 +00000-0 +00000-4 0  9991
2 20354 075.9010 331.3599 8417310 310.0889 337.0200 00.24937900000081
1 20354U 89096  C 91052.00000000  .00000743 +00000-0 +00000-4 0  9991
2 20354 075.9010 331.3229 8416660 310.0760 066.8570 00.24958300000002
1 20354U 89096  C 91060.00000000  .00000740 +00000-0 +00000-4 0  9997
2 20354 076.4660 330.6029 8345650 310.3469 064.8510 00.24976300000000
1 20354U 89096  C 91063.00000000  .00000739 +00000-0 +00000-4 0  9998
2 20354 076.3280 330.7309 8323400 310.2370 334.7660 00.24930900000009
1 20354U 89096  C 91063.32857195  .00000740 +00000-0 +00000-4 0  9990
2 20354 076.3376 330.7161 8322350 310.2416 004.2373 00.24920483000000
1 20354U 89096  C 91076.00000000  .00000735 +00000-0 +00000-4 0  9998
2 20354 076.3870 330.5369 8277490 310.3410 061.8960 00.24971800000006
1 20354U 89096  C 91083.00000000  .00000735 +00000-0 +00000-4 0  9996
2 20354 076.5370 330.3130 8258990 310.2730 331.2970 00.24976400000012
1 20354U 89096  C 91087.00000000  .00000733 +00000-0 +00000-4 0  9998
2 20354 076.5710 330.1789 8192700 310.3319 330.1330 00.24906000000026
1 20354U 89096  C 91099.42780032  .00000731 +00000-0 +00000-4 0  9995
2 20354 076.6030 330.0059 8173000 310.1959 006.6690 00.24952800000002
1 20354U 89096  C 91111.42780032  .00000729 +00000-0 +00000-4 0  9997
2 20354 076.8950 329.5339 8142700 310.1470 004.8770 00.24973300000029
1 20354U 89096  C 91115.42780032  .00000728 +00000-0 +00000-4 0  9990
2 20354 076.8020 329.5370 8091140 310.0839 004.2700 00.24910700000034
1 20354U 89096  C 91123.42780032  .00000729 +00000-0 +00000-4 0  9990
2 20354 076.9780 329.2349 8104020 309.9649 003.4270 00.24938200000059
1 20354U 89096  C 91131.42779936  .00000728 +00000-0 +00000-4 0  9999
2 20354 077.0340 329.0619 8080820 310.0149 001.6950 00.24918100000007
1 20354U 89096  C 91139.03550926  .00000727 +00000-0 +00000-4 0  9999
2 20354 077.7280 328.1809 8069080 310.1550 000.3280 00.24988700000016
1 20354U 89096  C 91147.42779999 -.00000416 +00000-0 +99999-4 0  9995
2 20354 077.8000 327.9730 8045910 310.0110 359.9350 00.24962299000009
1 20354U 89096  C 91147.47590064  .00000728 +00000-0 +00000-4 0  9994
2 20354 077.7990 327.9559 8049320 310.0330 004.1380 00.24938200000005
1 20354U 89096  C 91155.34920064  .00000729 +00000-0 +00000-4 0  9997
2 20354 078.2450 327.3700 8050210 310.2609 350.9350 00.24965800000011
1 20354U 89096  C 91167.34920064  .00000728 +00000-0 +00000-4 0  9999
2 20354 079.0650 326.3289 8000080 310.5580 348.4580 00.24976300000007
1 20354U 89096  C 91187.55519999 -.00000386 +00000-0 +99999-4 0  9991
2 20354 079.6580 325.4920 7947790 310.8910 003.7760 00.24936499000000
1 20354U 89096  C 91191.34920064  .00000727 +00000-0 +00000-4 0  9995
2 20354 079.8770 325.2579 7948790 310.8890 345.1460 00.24976800000009
1 20354U 89096  C 91219.55519937  .00000719 +00000-0 +00000-4 0  9993
2 20354 080.9200 323.9309 7798500 311.6200 357.1410 00.25003700000001
1 20354U 89096  C 91239.71720064  .00000710 +00000-0 +00000-4 0  9999
2 20354 081.0800 323.5559 7645220 312.1050 005.6130 00.24931000000007
1 20354U 89096  C 91243.71720064  .00000710 +00000-0 +00000-4 0  9994
2 20354 080.9470 323.6689 7625780 312.0239 004.9790 00.24912700000000
1 20354U 89096  C 91259.71719872  .00000703 +00000-0 +00000-4 0  9998
2 20354 081.1400 323.2829 7529290 312.0749 001.0430 00.24937200000004
1 20354U 89096  C 91271.65650000  .00000700 +00000-0 +00000-4 0  9999
2 20354 080.8760 323.4419 7471660 312.0189 353.6200 00.24920800000000
1 20354U 89096  C 91279.65649999  .00000696 +00000-0 +00000-4 0  9996
2 20354 081.0350 323.1489 7401670 312.0690 351.8030 00.24916900000000
1 20354U 89096  C 91295.65650000  .00000694 +00000-0 +00000-4 0  9997
2 20354 080.9970 322.9869 7371520 311.9159 348.6570 00.24916200000009
1 20354U 89096  C 91307.92150126  .00000692 +00000-0 +00000-4 0  9993
2 20354 081.2480 322.5619 7307570 311.8279 008.7730 00.24908400000009
1 20354U 89096  C 91315.92150126  .00000693 +00000-0 +00000-4 0  9993
2 20354 081.5130 322.1889 7321850 311.7899 007.3520 00.24942800000007
1 20354U 89096  C 91319.92150126  .00000692 +00000-0 +00000-4 0  9996
2 20354 081.5660 322.0859 7309620 311.8670 006.2760 00.24934200000009
1 20354U 89096  C 91323.92150126  .00000692 +00000-0 +00000-4 0  9991
2 20354 081.5160 322.0889 7297070 311.8080 005.5920 00.24911500000005
1 20354U 89096  C 91339.92150126  .00000691 +00000-0 +00000-4 0  9997
2 20354 082.2230 321.1629 7251420 311.8660 002.3340 00.24937300000003
1 20354U 89096  C 91343.92150127  .00000691 +00000-0 +00000-4 0  9993
2 20354 082.4280 320.9159 7248190 312.0189 001.0920 00.24951600000003
1 20354U 89096  C 91355.92150127  .00000690 +00000-0 +00000-4 0  9995
2 20354 082.8290 320.4400 7223660 312.1870 358.4720 00.24966500000030
1 20354U 89096  C 91359.92150126  .00000687 +00000-0 +00000-4 0  9994
2 20354 082.9940 320.1869 7149970 312.4589 356.4070 00.24932900000044
1 20354U 89096  C 91364.92150126  .00000687 +00000-0 +00000-4 0  9990
2 20354 083.0310 320.0739 7140610 312.4009 085.3960 00.24918300000001
1 20354U 89096  C 92002.92149999  .00000687 +00000-0 +00000-4 0  9996
2 20354 083.2450 319.8719 7142490 312.5060 354.3940 00.24946500000008
1 20354U 89096  C 92011.00000000  .00000684 +00000-0 +00000-4 0  9991
2 20354 083.3750 319.6899 7099370 312.8609 358.3260 00.24939000000027
1 20354U 89096  C 92019.00000000  .00000683 +00000-0 +00000-4 0  9998
2 20354 083.7140 319.3489 7076700 313.0229 356.1740 00.24974400000009
1 20354U 89096  C 92023.00000000  .00000679 +00000-0 +00000-4 0  9998
2 20354 083.6470 319.3169 6995010 313.2329 354.2100 00.24912200000004
1 20354U 89096  C 92027.00000000  .00000678 +00000-0 +00000-4 0  9991
2 20354 083.6700 319.2649 6985640 313.1960 353.1330 00.24915200000006
1 20354U 89096  C 92031.00000000  .00000678 +00000-0 +00000-4 0  9996
2 20354 083.8140 319.1039 6977660 313.3459 351.4550 00.24933900000008
1 20354U 89096  C 92035.00000000  .00000676 +00000-0 +00000-4 0  9998
2 20354 083.8680 319.0289 6953530 313.5679 349.5320 00.24934100000005
1 20354U 89096  C 92039.00000000  .00000674 +00000-0 +00000-4 0  9990
2 20354 083.7840 319.0859 6922850 313.6879 347.8580 00.24913300000007
1 20354U 89096  C 92043.00000000  .00000673 +00000-0 +00000-4 0  9994
2 20354 083.7100 319.1339 6905390 313.6580 346.7140 00.24900800000000
1 20354U 89096  C 92047.00000000  .00000671 +00000-0 +00000-4 0  9996
2 20354 084.0480 318.8199 6888060 313.8690 345.0570 00.24961200000003
1 20354U 89096  C 92059.00000000  .00000666 +00000-0 +00000-4 0  9993
2 20354 083.8620 318.8289 6796790 313.9909 340.6600 00.24919600000000
1 20354U 89096  C 92063.00000000  .00000665 +00000-0 +00000-4 0  9997
2 20354 083.8200 318.8369 6770670 314.1429 338.8210 00.24912400000009
1 20354U 89096  C 92067.00000000  .00000663 +00000-0 +00000-4 0  9999
2 20354 083.6610 318.9509 6742510 314.1580 337.3500 00.24890900000005
1 20354U 89096  C 92071.00000000  .00000662 +00000-0 +00000-4 0  9993
2 20354 083.5900 318.9849 6732070 314.0489 336.3680 00.24893100000003
1 20354U 89096  C 92075.00000000  .00000660 +00000-0 +00000-4 0  9995
2 20354 083.8840 318.6939 6702760 314.2900 334.3540 00.24942100000007
1 20354U 89096  C 92079.00000000  .00000658 +00000-0 +00000-4 0  9996
2 20354 083.6110 318.8549 6651640 314.1899 333.4670 00.24882200000008
1 20354U 89096  C 92087.44140032  .00000657 +00000-0 +00000-4 0  9992
2 20354 083.5330 318.6969 6650838 314.0299 010.6640 00.24915600000008
1 20354U 89096  C 92091.44140032  .00000656 +00000-0 +00000-4 0  9996
2 20354 083.4630 318.7189 6628974 314.1040 009.1370 00.24905700000009
1 20354U 89096  C 92103.44140032  .00000653 +00000-0 +00000-4 0  9997
2 20354 083.5590 318.4989 6566898 314.1219 005.2150 00.24922700000006
1 20354U 89096  C 92107.44140032  .00000652 +00000-0 +00000-4 0  9990
2 20354 083.3680 318.5899 6540578 313.9150 004.6770 00.24888300000001
1 20354U 89096  C 92111.44140032  .00000652 +00000-0 +00000-4 0  9995
2 20354 083.4410 318.4719 6549050 313.8119 003.8020 00.24910600000009
1 20354U 89096  C 92115.44140032  .00000652 +00000-0 +00000-4 0  9999
2 20354 083.5130 318.3569 6543642 313.8869 002.4400 00.24919200000006
1 20354U 89096  C 92119.44140032  .00000651 +00000-0 +00000-4 0  9992
2 20354 083.4770 318.3459 6526579 313.9279 001.1280 00.24911500000006
1 20354U 89096  C 92123.44140032  .00000651 +00000-0 +00000-4 0  9997
2 20354 083.3880 318.3799 6516250 313.7989 000.2780 00.24893900000003
1 20354U 89096  C 92127.44140032  .00000651 +00000-0 +00000-4 0  9991
2 20354 083.5600 318.1889 6524590 313.7140 359.5930 00.24921440000006
1 20354U 89096  C 92131.44139937  .00000648 +00000-0 +00000-4 0  9994
2 20354 083.6750 318.0099 6466924 313.9539 357.4940 00.24912800000003
1 20354U 89096  C 92135.44139937  .00000649 +00000-0 +00000-4 0  9999
2 20354 083.6140 318.0009 6459488 313.7499 356.9300 00.24897000000005
1 20354U 89096  C 92139.44139937  .00000649 +00000-0 +00000-4 0  9993
2 20354 083.7640 317.8179 6469592 313.7339 355.8120 00.24918700000005
1 20354U 89096  C 92143.44139937  .00000649 +00000-0 +00000-4 0  9998
2 20354 083.8780 317.6739 6462695 313.8670 354.2920 00.24926000000000
1 20354U 89096  C 92151.44139937  .00000648 +00000-0 +00000-4 0  9996
2 20354 083.8620 317.6149 6440885 313.8340 352.0010 00.24896200000003
1 20354U 89096  C 92151.46235124  .00000649 +00000-0 +00000-4 0  9994
2 20354 083.8700 317.6439 6443795 313.8379 353.7360 00.24895900000001
1 20354U 89096  C 92153.44139937  .00000648 +00000-0 +00000-4 0  9998
2 20354 083.9350 317.4509 6436938 313.8209 171.4570 00.24911400000004
1 20354U 89096  C 92159.46235124  .00000646 +00000-0 +00000-4 0  9999
2 20354 084.1690 317.2719 6385177 314.0869 350.7450 00.24899200000000
1 20354U 89096  C 92163.46235124  .00000647 +00000-0 +00000-4 0  9995
2 20354 084.2100 317.1919 6385753 313.9600 349.8440 00.24897000000003
1 20354U 89096  C 92167.46235124  .00000647 +00000-0 +00000-4 0  9999
2 20354 084.3940 316.9929 6389548 314.0579 348.3060 00.24918300000006
1 20354U 89096  C 92171.46235124  .00000646 +00000-0 +00000-4 0  9993
2 20354 084.5080 316.8639 6375858 314.2599 346.4820 00.24920300000009
1 20354U 89096  C 92179.46235122  .00000645 +00000-0 +00000-4 0  9998
2 20354 084.5240 316.8019 6349474 314.3110 343.7600 00.24893200000008
1 20354U 89096  C 92183.46235124  .00000644 +00000-0 +00000-4 0  9994
2 20354 084.9060 316.4629 6339592 314.5480 342.0430 00.24951800000001
1 20354U 89096  C 92187.46235122  .00000642 +00000-0 +00000-4 0  9994
2 20354 084.7820 316.4909 6280334 314.6550 340.4870 00.24892500000003
1 20354U 89096  C 92191.46235122  .00000642 +00000-0 +00000-4 0  9999
2 20354 084.8610 316.3929 6280378 314.6110 339.2940 00.24904400000009
1 20354U 89096  C 92195.46235122  .00000641 +00000-0 +00000-4 0  9992
2 20354 085.0130 316.2339 6274383 314.7940 337.4850 00.24921900000008
1 20354U 89096  C 92199.46235122  .00000640 +00000-0 +00000-4 0  9995
2 20354 085.0680 316.1679 6252768 315.0249 335.5310 00.24916000000008
1 20354U 89096  C 92203.46235122  .00000639 +00000-0 +00000-4 0  9999
2 20354 085.0170 316.1949 6229164 315.1240 333.9010 00.24898500000001
1 20354U 89096  C 92207.46235122  .00000638 +00000-0 +00000-4 0  9992
2 20354 085.0290 316.1649 6220215 315.0989 332.7040 00.24899300000007
1 20354U 89096  C 92211.46235124  .00000636 +00000-0 +00000-4 0  9997
2 20354 085.3760 315.8639 6191391 315.4649 330.4580 00.24951800000004
1 20354U 89096  C 92215.46235124  .00000634 +00000-0 +00000-4 0  9999
2 20354 085.1830 315.9619 6142450 315.4740 329.3810 00.24896100000007
1 20354U 89096  C 92219.46235122  .00000634 +00000-0 +00000-4 0  9991
2 20354 085.2430 315.8789 6140003 315.4750 328.1500 00.24919056000003
1 20354U 89096  C 92223.46235122  .00000633 +00000-0 +00000-4 0  9995
2 20354 085.3230 315.7839 6126899 315.6739 326.4020 00.24927100000000
1 20354U 89096  C 92227.46235122  .00000632 +00000-0 +00000-4 0  9998
2 20354 085.2930 315.7919 6100978 315.8719 324.6520 00.24915058000009
1 20354U 89096  C 92251.44148395  .00000624 +00000-0 +00000-4 0  9999
2 20354 085.2410 315.5879 5969350 316.3080 315.2250 00.24929200000008
1 20354U 89096  C 92256.00000000  .00000623 +00000-0 +00000-4 0  9995
2 20354 085.2890 315.5839 5943848 316.5739 003.2530 00.24921200000000
1 20354U 89096  C 92260.00000000  .00000622 +00000-0 +00000-4 0  9999
2 20354 085.1470 315.6620 5925713 316.4979 002.3220 00.24907000000006
1 20354U 89096  C 92264.00000000  .00000622 +00000-0 +00000-4 0  9993
2 20354 085.1960 315.5939 5924001 316.4170 001.5970 00.24922600000000
1 20354U 89096  C 92268.00000000  .00000618 +00000-0 +00000-4 0  9992
2 20354 085.2650 315.4799 5866842 316.7900 359.3900 00.24932600000000
1 20354U 89096  C 92272.00000000  .00000618 +00000-0 +00000-4 0  9997
2 20354 085.0970 315.5489 5849015 316.5619 359.0500 00.24911200000004
1 20354U 89096  C 92280.00000000  .00000617 +00000-0 +00000-4 0  9995
2 20354 085.1540 315.4119 5838609 316.6410 356.8680 00.24935600000008
1 20354U 89096  C 92284.00000000  .00000616 +00000-0 +00000-4 0  9998
2 20354 085.0580 315.4489 5819060 316.6600 355.7810 00.24924768000008
1 20354U 89096  C 92287.99999998 -.00000159 +00000-0 +99999-4 0  9990
2 20354 084.9540 315.4850 5810783 316.4940 355.1800 00.24910499000001
1 20354U 89096  C 92288.00000000  .00000616 +00000-0 +00000-4 0  9992
2 20354 084.9540 315.4849 5810783 316.4940 355.1800 00.24910500000002
1 20354U 89096  C 92292.00000000  .00000616 +00000-0 +00000-4 0  9997
2 20354 085.1030 315.3329 5813600 316.4519 354.4820 00.24940200000008
1 20354U 89096  C 92296.00000000  .00000613 +00000-0 +00000-4 0  9998
2 20354 085.0540 315.2889 5755777 316.6920 352.6680 00.24919800000007
1 20354U 89096  C 92300.00000000  .00000614 +00000-0 +00000-4 0  9995
2 20354 084.9880 315.2789 5754144 316.4279 352.3440 00.24910700000004
1 20354U 89096  C 92304.00000000  .00000614 +00000-0 +00000-4 0  9999
2 20354 085.0920 315.1419 5760132 316.4269 351.3290 00.24930500000005
1 20354U 89096  C 92308.00000000  .00000613 +00000-0 +00000-4 0  9992
2 20354 085.1330 315.0669 5749411 316.5430 350.0440 00.24932700000002
1 20354U 89096  C 92320.00000000  .00000613 +00000-0 +00000-4 0  9996
2 20354 085.3340 314.7939 5734384 316.4789 347.3420 00.24951700000008
1 20354U 89096  C 92324.00000000  .00000611 +00000-0 +00000-4 0  9998
2 20354 085.2340 314.7849 5684416 316.5969 345.9580 00.24910700000004
1 20354U 89096  C 92328.00000000  .00000612 +00000-0 +00000-4 0  9993
2 20354 085.2820 314.6959 5691333 316.4159 345.3820 00.24913400000005
1 20354U 89096  C 92328.22916532  .00000612 +00000-0 +00000-4 0  9993
2 20354 085.2930 314.6999 5687150 316.4460 006.0420 00.24911300000002
1 20354U 89096  C 92332.14583329  .00000612 +00000-0 +00000-4 0  9993
2 20354 085.4510 314.5309 5690562 316.5510 357.3000 00.24929800000000
1 20354U 89096  C 92336.00000000  .00000611 +00000-0 +00000-4 0  9991
2 20354 085.5460 314.4729 5674142 316.7379 342.7530 00.24932100000004
1 20354U 89096  C 92340.00000000  .00000611 +00000-0 +00000-4 0  9996
2 20354 085.5330 314.4509 5660825 316.7730 341.6110 00.24915900000001
1 20354U 89096  C 92344.00000000  .00000611 +00000-0 +00000-4 0  9990
2 20354 085.5920 314.3719 5661609 316.6909 340.8630 00.24914700000001
1 20354U 89096  C 92348.00000000  .00000610 +00000-0 +00000-4 0  9993
2 20354 085.9270 314.0939 5645154 317.0320 339.1270 00.24962900000009
1 20354U 89096  C 92352.00000000  .00000609 +00000-0 +00000-4 0  9996
2 20354 085.8170 314.1079 5604874 317.0889 338.1010 00.24916200000000
1 20354U 89096  C 92358.99999998 -.00000136 +00000-0 +99999-4 0  9994
2 20354 086.0430 313.8350 5603206 317.2010 246.0900 00.24911499000006
1 20354U 89096  C 92359.00000000  .00000609 +00000-0 +00000-4 0  9993
2 20354 086.0430 313.8349 5603206 317.2009 246.0900 00.24911500000005
1 20354U 89096  C 92364.00000000  .00000608 +00000-0 +00000-4 0  9998
2 20354 086.1410 313.7729 5585369 317.5449 334.1500 00.24937700000000
1 20354U 89096  C 93002.00000000  .00000607 +00000-0 +00000-4 0  9997
2 20354 086.1170 313.7689 5568194 317.6369 332.9460 00.24922400000009
1 20354U 89096  C 93006.00000000  .00000607 +00000-0 +00000-4 0  9991
2 20354 086.2030 313.6849 5564863 317.6510 332.0520 00.24931000000003
1 20354U 89096  C 93010.00000000  .00000604 +00000-0 +00000-4 0  9993
2 20354 086.4790 313.4579 5527047 318.1859 329.7760 00.24967500000004
1 20354U 89096  C 93014.00000000  .00000604 +00000-0 +00000-4 0  9997
2 20354 086.3520 313.5009 5494833 318.2010 329.0480 00.24928000000003
1 20354U 89096  C 93018.00000000  .00000603 +00000-0 +00000-4 0  9990
2 20354 086.4530 313.3970 5493984 318.2809 328.0220 00.24948800000003
1 20354U 89096  C 93028.00000000  .00000601 +00000-0 +00000-4 0  9999
2 20354 086.5130 313.3169 5446161 318.8719 144.6780 00.24939600000002
1 20354U 89096  C 93030.00000000  .00000600 +00000-0 +00000-4 0  9991
2 20354 086.4470 313.3429 5435149 318.9309 323.9830 00.24930700000007
1 20354U 89096  C 93034.00000000  .00000600 +00000-0 +00000-4 0  9995
2 20354 086.5170 313.2769 5428592 318.9840 323.1330 00.24948000000004
1 20354U 89096  C 93038.00000000  .00000597 +00000-0 +00000-4 0  9994
2 20354 086.6370 313.1529 5374768 319.5820 320.7330 00.24958400000008
1 20354U 89096  C 93042.00000000  .00000596 +00000-0 +00000-4 0  9998
2 20354 086.4890 313.2149 5350925 319.5189 320.2940 00.24935500000007
1 20354U 89096  C 93046.00000000  .00000596 +00000-0 +00000-4 0  9992
2 20354 086.4830 313.2040 5350119 319.4439 319.3920 00.24956800000006
1 20354U 89096  C 93050.00000000  .00000595 +00000-0 +00000-4 0  9996
2 20354 086.4950 313.1709 5331778 319.7149 318.0380 00.24955100000009
1 20354U 89096  C 93067.00000000  .00000589 +00000-0 +00000-4 0  9997
2 20354 086.2930 313.1709 5225486 320.4069 043.1840 00.24952000000006
1 20354U 89096  C 93070.53032410  .00000589 +00000-0 +00000-4 0  9999
2 20354 086.1600 313.1999 5213048 320.2310 000.7750 00.24934100000008
1 20354U 89096  C 93074.53032410  .00000589 +00000-0 +00000-4 0  9993
2 20354 086.1960 313.1339 5210402 320.2969 359.8930 00.24949400000003
1 20354U 89096  C 93082.53032410  .00000587 +00000-0 +00000-4 0  9990
2 20354 086.0400 313.1759 5171859 320.5389 357.8490 00.24940600000000
1 20354U 89096  C 93086.53032410  .00000586 +00000-0 +00000-4 0  9993
2 20354 085.9360 313.2059 5162964 320.3939 357.4280 00.24930600000005
1 20354U 89096  C 93090.53032410  .00000586 +00000-0 +00000-4 0  9998
2 20354 086.0580 313.0969 5160558 320.4369 356.7570 00.24957900000000
1 20354U 89096  C 93098.53032410  .00000584 +00000-0 +00000-4 0  9994
2 20354 085.8430 313.1079 5104655 320.4790 354.9960 00.24930200000005
1 20354U 89096  C 93106.53032410  .00000583 +00000-0 +00000-4 0  9993
2 20354 085.8850 312.9949 5090497 320.6649 353.0180 00.24944600000000
1 20354U 89096  C 93114.53032410  .00000583 +00000-0 +00000-4 0  9992
2 20354 085.7590 312.9979 5076257 320.4229 351.9480 00.24926100000008
1 20354U 89096  C 93118.53032410  .00000582 +00000-0 +00000-4 0  9995
2 20354 085.9570 312.8379 5071668 320.5819 350.9600 00.24961500000004
1 20354U 89096  C 93126.53032410  .00000581 +00000-0 +00000-4 0  9993
2 20354 085.8190 312.7969 5036604 320.4590 349.5850 00.24929900000000
1 20354U 89096  C 93154.53032410  .00000581 +00000-0 +00000-4 0  9994
2 20354 086.1530 312.2929 4983089 320.7809 343.4390 00.24939700000007
1 20354U 89096  C 93158.53032409  .00000580 +00000-0 +00000-4 0  9995
2 20354 086.2810 312.1759 4979223 321.0129 342.1940 00.24953800000007
1 20354U 89096  C 93174.53032410  .00000578 +00000-0 +00000-4 0  9992
2 20354 086.5800 311.8809 4926035 321.7399 337.5640 00.24967200000004
1 20354U 89096  C 93178.53032410  .00000578 +00000-0 +00000-4 0  9996
2 20354 086.4850 311.8919 4906428 321.6909 337.0420 00.24935900000003
1 20354U 89096  C 93182.53031252  .00000578 +00000-0 +00000-4 0  9994
2 20354 086.6040 311.7869 4911474 321.7439 336.2210 00.24954400000009
1 20354U 89096  C 93206.53032410  .00000574 +00000-0 +00000-4 0  9994
2 20354 086.7540 311.5409 4812148 322.9920 329.3730 00.24941900000000
1 20354U 89096  C 93210.53032409  .00000574 +00000-0 +00000-4 0  9997
2 20354 086.8460 311.4579 4811619 323.1519 328.3340 00.24962200000000
1 20354U 89096  C 93218.53032409  .00000572 +00000-0 +00000-4 0  9993
2 20354 086.8090 311.4459 4776422 323.6949 325.7630 00.24949000000006
1 20354U 89096  C 93222.53032409  .00000572 +00000-0 +00000-4 0  9998
2 20354 086.7410 311.4649 4765305 323.7019 325.0520 00.24941200000004
1 20354U 89096  C 93230.53032409  .00000569 +00000-0 +00000-4 0  9993
2 20354 086.7540 311.3849 4709489 324.4330 322.0980 00.24944600000008
1 20354U 89096  C 93283.00000000  .00000563 +00000-0 +00000-4 0  9999
2 20354 086.3770 311.1259 4564975 325.7529 350.4500 00.24953900000001
1 20354U 89096  C 93291.00000000  .00000562 +00000-0 +00000-4 0  9997
2 20354 086.1730 311.1129 4536482 325.6179 348.9240 00.24926000000007
1 20354U 89096  C 93295.00000000  .00000562 +00000-0 +00000-4 0  9991
2 20354 086.2300 311.0389 4533806 325.7770 347.7180 00.24936999000001
1 20354U 89096  C 93303.00000000  .00000561 +00000-0 +00000-4 0  9990
2 20354 086.1130 311.0289 4513685 325.7650 345.8430 00.24918200000002
1 20354U 89096  C 93338.39999999 -.00000083 +00000-0 +99999-4 0  9999
2 20354 086.5840 310.4089 4458250 326.6680 336.3650 00.24950300000033
1 20354U 89096  C 94054.53032410 -.00000075 +00000-0 +99999-4 0  9998
2 20354 086.9410 309.7219 4271887 331.0439 000.1250 00.24949900000853
1 20354U 89096  C 94066.53032410 -.00000075 +00000-0 +99999-4 0  9991
2 20354 086.6950 309.7199 4231833 331.6259 356.2520 00.24931200000858
1 20354U 89096  C 94094.53032410 -.00000074 +00000-0 +99999-4 0  9991
2 20354 086.3320 309.6379 4164339 332.4700 348.1080 00.24931900000006
1 20354U 89096  C 94098.53032410 -.00000074 +00000-0 +99999-4 0  9995
2 20354 086.2480 309.6439 4151144 332.6040 346.8510 00.24926500000012
1 20354U 89096  C 94106.53032410  .00000313 +00000-0 +10000-3 0  9995
2 20354 086.1910 309.5970 4145791 333.3490 345.4210 00.24922700001006
1 20354U 89096C   94106.53032410 +.00000313 +00000-0 +10000-3 0  9995
2 20354 086.1910 309.5970 4145791 333.3490 345.4210 00.24922700001006
1 20354U 89096C   97099.00000000 -.00000004  00000-0  10000-3 0  9999
2 20354 079.3007 304.3015 6849088 012.1350 319.6940 00.24919582  3716
1 20354U 89096C   97107.46588685  .00000403  00000-0  10000-3 0  9991
2 20354 079.1819 304.2152 6884094 012.2744 358.8780 00.24927897  3737
1 20354U 89096C   99158.56741200  .00000070  00000-0  00000+0 0  9999
2 20354 055.7740 288.1810 9228156 019.0670 003.8100 00.24929702  5673
1 20354U 89096C   99162.56741200 -.00000589 +00000-0 +00000-0 0  9991
2 20354 055.4470 287.9980 9228677 019.1240 002.9160 00.24905901005689
1 20354U 89096C   99166.54166667 +.00000000 +00000-0 +00000-0 0  9998
2 20354 055.7159 288.0431 9260024 018.9957 000.1207 00.24939389005693
1 20354U 89096C   99166.55472222 +.00000000 +00000-0 +00000-0 0  9996
2 20354 055.7155 288.0442 9260330 018.9996 001.2921 00.24927246005698
1 20354U 89096C   99170.56741200 +.00000000 +00000-0 +00000-0 0  9997
2 20354 054.3380 287.3970 9283417 019.4150 000.7770 00.25072529005692
1 20354U 89096C   99178.58333333 +.00000000 +00000-0 +00000-0 0  9991
2 20354 054.3587 287.2794 9312040 019.4102 000.1012 00.24915166006726
1 20354U 89096C   99186.62500000 +.00000000 +00000-0 +00000-0 0  9992
2 20354 053.5644 286.7586 9338423 019.8304 000.5500 00.24918054007743
1 20354U 89096C   99186.75217310 +.00000000 +00000-0 +00000-0 0  9995
2 20354 053.6120 286.7310 9339160 019.8790 012.1140 00.24920563007743
1 20354U 89096C   99190.62500000 +.00000000 +00000-0 +00000-0 0  9997
2 20354 053.1677 286.5000 9340084 019.9654 359.5494 00.24896506007745
1 20354U 89096C   99194.62500000 +.00000000 +00000-0 +00000-0 0  9991
2 20354 053.0902 286.3568 9379566 020.0153 358.5709 00.24939346007744
1 20354U 89096C   99198.65694444 +.00000000 +00000-0 +00000-0 0  9994
2 20354 051.4031 285.5150 9389486 020.5718 359.9503 00.24911304007742
1 20354U 89096C   99202.66805556 +.00000000 +00000-0 +00000-0 0  9999
2 20354 051.2510 285.3480 9395069 020.6600 359.9354 00.24930888007754
1 20354U 89096C   99202.66875000 +.00000000 +00000-0 +00000-0 0  9990
2 20354 051.2418 285.3049 9395959 020.7652 000.0733 00.24909598007768
