1 08415U 75097  E 75304.81110501  .00000444 +00000-0 +22134-3 0  9999
2 08415 047.2706 025.6464 7273486 005.0954 359.4664 02.27493547000564
1 08415U 75097  E 75305.69019744  .00000456 +00000-0 +00000-0 0  9991
2 08415 047.4093 025.6001 7253516 006.3644 359.2974 02.27494304000580
1 08415U 75097  E 75316.67909095  .00000863 +00000-0 +00000-0 0  9990
2 08415 047.3659 022.5251 7254085 009.1477 358.9906 02.27504154000831
1 08415U 75097  E 75331.18394709  .00000373 +00000-0 +00000-0 0  9999
2 08415 047.3062 018.5969 7244980 013.7435 358.4712 02.27507772001164
1 08415U 75097  E 75335.57931281  .00000240 +00000-0 +00000-0 0  9991
2 08415 047.3062 017.3988 7244953 014.8910 358.3416 02.27507110001269
1 08415U 75097  E 75338.65605969 -.00000155 +00000-0 +00000-0 0  9990
2 08415 047.3133 016.5004 7237129 015.8727 358.2225 02.27502573001335
1 08415U 75097  E 76002.66476340  .00000147 +00000-0 +28660-3 0  9994
2 08415 047.3082 008.5581 7233923 022.8255 357.4341 02.27511800001996
1 08415U 75097  E 76003.98331165  .00000483 +00000-0 +00000-0 0  9993
2 08415 047.3699 008.3087 7232392 023.2969 357.3537 02.27515987002026
1 08415U 75097  E 76018.48733043  .00000088 +00000-0 +00000-0 0  9996
2 08415 047.3696 004.3899 7232313 027.0387 356.9042 02.27516172002358
1 08415U 75097  E 76019.36635493  .00000088 +00000-0 +00000-0 0  9994
2 08415 047.3695 004.1524 7232311 027.2654 356.8766 02.27516327002373
1 08415U 75097  E 76025.95902109  .00000116 +00000-0 +00000-0 0  9999
2 08415 047.3694 002.3711 7232301 028.9662 356.6683 02.27517833002522
1 08415U 75097  E 76035.18861150  .00000166 +00000-0 +00000-0 0  9990
2 08415 047.3173 359.8006 7230535 031.2992 356.3745 02.27521221002736
1 08415U 75097  E 76041.34163236  .00000066 +00000-0 +00000-0 0  9994
2 08415 047.2834 358.0453 7231151 032.8827 356.1756 02.27521459002873
1 08415U 75097  E 76048.37351131  .00000636 +00000-0 +00000-0 0  9990
2 08415 047.3095 356.1691 7234323 034.7272 355.9463 02.27531459003037
1 08415U 75097  E 76049.25247287  .00000637 +00000-0 +00000-0 0  9995
2 08415 047.3089 355.9306 7234324 034.9651 355.9156 02.27532581003052
1 08415U 75097  E 76053.20792483  .00000258 +00000-0 +00000-0 0  9997
2 08415 047.3088 354.8592 7234282 035.9911 355.7821 02.27529291003140
1 08415U 75097  E 76056.28440093  .00000123 +00000-0 +00000-0 0  9996
2 08415 047.3087 354.0259 7234268 036.7891 355.6775 02.27527451003212
1 08415U 75097  E 76060.23974036  .00000164 +00000-0 +00000-0 0  9990
2 08415 047.3086 352.9546 7234259 037.8150 355.5418 02.27529976003304
1 08415U 75097  E 76063.31609678  .00000262 +00000-0 +00000-0 0  9998
2 08415 047.2193 352.0259 7242955 038.5901 355.4608 02.27533351003377
1 08415U 75097  E 76071.22662496  .00000211 +00000-0 +00000-0 0  9998
2 08415 047.2237 349.8227 7243645 040.6847 355.1806 02.27536669003557
1 08415U 75097  E 76074.74231243  .00000304 +00000-0 +00000-0 0  9993
2 08415 047.2616 348.8617 7245604 041.5376 355.0694 02.27540785003631
1 08415U 75097  E 76075.18171548  .00000816 +00000-0 +00000-0 0  9991
2 08415 047.2534 348.7886 7245950 041.7652 355.0391 02.27548093003645
1 08415U 75097  E 76079.13669347  .00000813 +00000-0 +00000-0 0  9996
2 08415 047.2495 347.7047 7245709 042.7547 354.9017 02.27554491003737
1 08415U 75097  E 76083.09155369  .00000815 +00000-0 +00000-0 0  9992
2 08415 047.2315 346.6090 7245883 043.8362 354.7508 02.27560973003829
1 08415U 75097  E 76087.04689073  .00000215 +00000-0 +00000-0 0  9999
2 08415 047.2169 345.3835 7249563 045.0701 354.5872 02.27549322003916
1 08415U 75097  E 76090.12280702  .00000735 +00000-0 +76414-3 0  9990
2 08415 047.1762 344.5938 7253592 045.8210 354.4924 02.27561946003989
1 08415U 75097  E 76092.75929689  .00000753 +00000-0 +00000-0 0  9990
2 08415 047.1762 343.8692 7253560 046.5193 354.3916 02.27566046004045
1 08415U 75097  E 76094.07757568  .00000681 +00000-0 +00000-0 0  9992
2 08415 047.1611 343.5109 7253448 046.9004 354.3359 02.27565925004077
1 08415U 75097  E 76101.98666952  .00000842 +00000-0 +00000-0 0  9996
2 08415 047.1527 341.2903 7255825 049.0328 354.0298 02.27581352004255
1 08415U 75097  E 76112.97094437  .00000647 +00000-0 +00000-0 0  9993
2 08415 047.1065 338.1900 7261166 052.0277 353.5936 02.27594926004508
1 08415U 75097  E 76116.04626511  .00001228 +00000-0 +00000-0 0  9995
2 08415 047.1119 337.2532 7259725 052.9688 353.4416 02.27607440004577
1 08415U 75097  E 76122.63629579  .00000639 +00000-0 +00000-0 0  9999
2 08415 047.0764 335.4248 7261954 054.6979 353.1754 02.27610196004726
1 08415U 75097  E 76123.95423697  .00000738 +00000-0 +00000-0 0  9998
2 08415 047.0764 335.0598 7261940 055.0512 353.1185 02.27613904004754
1 08415U 75097  E 76129.66521119  .00000791 +00000-0 +00000-0 0  9999
2 08415 047.0763 333.4783 7261872 056.5825 352.8680 02.27623748004885
1 08415U 75097  E 76134.93673322  .00000239 +00000-0 +00000-0 0  9996
2 08415 047.0400 331.8935 7262784 058.0921 352.6195 02.27624975005008
1 08415U 75097  E 76144.60066793  .00000804 +00000-0 +00000-0 0  9997
2 08415 047.0086 329.1628 7261348 060.7765 352.1496 02.27644460005222
1 08415U 75097  E 76152.50726888  .00000498 +00000-0 +00000-0 0  9992
2 08415 047.0085 326.9707 7261245 062.9060 351.7664 02.27648937005407
1 08415U 75097  E 76157.77809760  .00000588 +00000-0 +00000-0 0  9997
2 08415 046.9605 325.4297 7258286 064.3306 351.4885 02.27655965005525
1 08415U 75097  E 76160.85276124  .00000551 +00000-0 +00000-0 0  9992
2 08415 046.9604 324.5779 7258256 065.1598 351.3316 02.27657857005595
1 08415U 75097  E 76164.80591578 -.00000050 +00000-0 +00000-0 0  9999
2 08415 046.9416 323.4281 7256071 066.3158 351.0982 02.27651789005684
1 08415U 75097  E 76168.75890159  .00000239 +00000-0 +00000-0 0  9992
2 08415 046.9415 322.3342 7256074 067.3817 350.8887 02.27658304005776
1 08415U 75097  E 76172.71183058  .00000343 +00000-0 +00000-0 0  9992
2 08415 046.9325 321.1834 7252865 068.5033 350.6471 02.27662635005865
1 08415U 75097  E 76179.73936127  .00000133 +00000-0 +00000-0 0  9991
2 08415 046.9068 319.1953 7252229 070.3740 350.2571 02.27661974006029
1 08415U 75097  E 76186.76665634  .00000232 +00000-0 +00000-0 0  9994
2 08415 046.9097 317.2158 7249802 072.2823 349.8346 02.27667190006180
1 08415U 75097  E 76189.40191838  .00000204 +00000-0 +00000-0 0  9997
2 08415 046.9096 316.4888 7249792 072.9918 349.6783 02.27667298006249
1 08415U 75097  E 76194.67238755  .00000101 +00000-0 +00000-0 0  9998
2 08415 046.9108 314.9863 7247973 074.4615 349.3370 02.27667031006366
1 08415U 75097  E 76200.38195798  .00000145 +00000-0 +00000-0 0  9991
2 08415 046.8944 313.3756 7246196 075.9496 348.9808 02.27669865006498
1 08415U 75097  E 76212.67948967  .00000115 +00000-0 +00000-0 0  9997
2 08415 046.8830 309.9400 7242948 079.3092 348.1383 02.27670983006774
1 08415U 75097  E 76219.70659910  .00000040 +00000-0 +00000-0 0  9992
2 08415 046.8829 308.0085 7242934 081.1966 347.6487 02.27670678006935
1 08415U 75097  E 76224.53764171  .00000068 +00000-0 +00000-0 3  9998
2 08415 046.8787 306.5689 7241120 082.4823 347.2910 02.27671019007043
1 08415U 75097  E 76227.61197848  .00000067 +00000-0 +00000-0 3  9990
2 08415 046.8774 305.7004 7242685 083.3166 347.0720 02.27671380007114
1 08415U 75097  E 76231.56467792  .00000067 +00000-0 +00000-0 3  9997
2 08415 046.8805 304.5798 7244021 084.5137 346.7439 02.27671800007203
1 08415U 75097  E 76235.51733710  .00000067 +00000-0 +00000-0 3  9992
2 08415 046.8650 303.4681 7240485 085.4513 346.4472 02.27672285007299
1 08415U 75097  E 76238.59159865  .00000067 +00000-0 +00000-0 3  9996
2 08415 046.8623 302.6158 7241277 086.2655 346.2124 02.27672674007367
1 08415U 75097  E 76242.54425748  .00000067 +00000-0 +00000-0 3  9992
2 08415 046.8543 301.4831 7244149 087.3679 345.9007 02.27673246007454
1 08415U 75097  E 76256.15870599  .00000067 +00000-0 +00000-0 3  9992
2 08415 046.8397 297.6426 7244716 091.0991 344.7091 02.27675450007769
1 08415U 75097  E 76260.55042654  .00000067 +00000-0 +00000-0 3  9994
2 08415 046.8376 296.3840 7243659 092.3248 344.2817 02.27676070007867
1 08415U 75097  E 76263.18541715  .00000067 +00000-0 +00000-0 3  9998
2 08415 046.8327 295.6513 7242658 093.0370 344.0237 02.27676515007929
1 08415U 75097  E 76270.21206615  .00000067 +00000-0 +00000-0 3  9997
2 08415 046.8304 293.6490 7246506 094.9529 343.3623 02.27677959008080
1 08415U 75097  E 76274.16449306  .00000067 +00000-0 +00000-0 3  9991
2 08415 046.8297 292.5129 7243977 096.0935 342.9096 02.27678809008175
1 08415U 75097  E 76278.11685450  .00000067 +00000-0 +00000-0 3  9992
2 08415 046.8295 291.4068 7243360 097.1704 342.4850 02.27679895008264
1 08415U 75097  E 76279.43431725  .00000067 +00000-0 +00000-0 3  9992
2 08415 046.8293 291.0252 7244091 097.5083 342.3574 02.27680237008296
1 08415U 75097  E 76286.46075161  .00000067 +00000-0 +00000-0 3  9991
2 08415 046.8322 288.9973 7244755 099.4879 341.5522 02.27681829008455
1 08415U 75097  E 76298.31754257  .00000067 +00000-0 +00000-0 3  9998
2 08415 046.8400 285.6101 7243461 102.7580 340.0945 02.27684975008727
1 08415U 75097  E 76302.26972869  .00000067 +00000-0 +00000-0 3  9999
2 08415 046.8390 284.4917 7240371 103.8818 339.5335 02.27685808008812
1 08415U 75097  E 76305.34360327  .00000067 +00000-0 +00000-0 3  9991
2 08415 046.8383 283.6271 7239172 104.6954 339.1262 02.27686611008880
1 08415U 75097  E 76308.41746773  .00000067 +00000-0 +00000-0 3  9995
2 08415 046.8466 282.7615 7239643 105.5539 338.7034 02.27687618008954
1 08415U 75097  E 76313.24784159  .00000067 +00000-0 +00000-0 3  9992
2 08415 046.8548 281.3676 7238528 106.9057 337.9952 02.27688588009068
1 08415U 75097  E 76315.00430769  .00000067 +00000-0 +00000-0 3  9993
2 08415 046.8535 280.8813 7236643 107.3978 337.7136 02.27688966009101
1 08415U 75097  E 76316.32165154  .00000067 +00000-0 +00000-0 3  9992
2 08415 046.8564 280.5212 7235658 107.7540 337.5119 02.27689271009139
1 08415U 75097  E 76324.22565507  .00000067 +00000-0 +00000-0 3  9996
2 08415 046.8716 278.2940 7234480 109.9073 336.2948 02.27690907009311
1 08415U 75097  E 76333.88589193  .00000067 +00000-0 +00000-0 3  9995
2 08415 046.8877 275.6299 7227334 112.5225 334.6317 02.27692592009534
1 08415U 75097  E 76340.91142514  .00000067 +00000-0 +00000-0 3  9999
2 08415 046.8939 273.6555 7224305 114.4487 333.3418 02.27693456009697
1 08415U 75097  E 76342.22868653  .00000067 +00000-0 +00000-0 3  9994
2 08415 046.8947 273.2969 7222833 114.8090 333.0798 02.27693648009724
1 08415U 75097  E 76350.13217100  .00000067 +00000-0 +00000-0 3  9998
2 08415 046.9024 271.1390 7218757 116.8963 331.5573 02.27694648009902
1 08415U 75097  E 76365.06036054 -.00000047 +00000-0 +00000-0 0  9999
2 08415 046.8819 267.0948 7213640 120.7826 328.1992 02.27694826010248
1 08415U 75097  E 77002.57312643  .00000002 +00000-0 +00000-0 0  9995
2 08415 046.8952 266.1115 7212265 121.7162 327.6280 02.27697279010326
1 08415U 75097  E 77004.76834560  .00000019 +00000-0 +00000-0 0  9993
2 08415 046.8966 265.5114 7211559 122.3042 327.0535 02.27696580010378
1 08415U 75097  E 77006.08550854  .00000021 +00000-0 +00000-0 0  9994
2 08415 046.8975 265.1515 7211139 122.6569 326.7463 02.27696689010400
1 08415U 75097  E 77022.76904315 -.00000038 +00000-0 -20380-4 0  9999
2 08415 046.9181 260.6288 7205391 127.1303 322.3791 02.27696462010782
1 08415U 75097  E 77033.74465504 -.00000001 +00000-0 -19436-3 0  9990
2 08415 046.9353 257.6535 7202486 130.0379 319.0634 02.27694711011035
1 08415U 75097  E 77044.72003713 -.00000118 +00000-0 -59886-3 0  9992
2 08415 046.9529 254.6791 7199172 132.9474 315.4650 02.27690516011289
1 08415U 75097  E 77055.69524483 -.00000064 +00000-0 -21572-3 0  9993
2 08415 046.9587 251.7175 7196335 135.8530 311.7265 02.27691075011530
1 08415U 75097  E 77061.84090923  .00000013 +00000-0 +20848-3 0  9991
2 08415 047.0037 250.0454 7194886 137.4690 309.3278 02.27693935011677
1 08415U 75097  E 77072.81482258 -.00000099 +00000-0 -62700-4 0  9996
2 08415 047.0085 247.0985 7192382 140.3574 304.5367 02.27693101011927
1 08415U 75097  E 77083.78838495 -.00000053 +00000-0 +31588-3 0  9990
2 08415 047.0018 244.1926 7190371 143.2479 299.4917 02.27695308012170
1 08415U 75097  E 77094.76099635 -.00000099 +00000-0 +30537-3 0  9998
2 08415 047.0049 241.2583 7188417 146.1286 293.7156 02.27696320012422
1 08415U 75097  E 77105.73294908 -.00000220 +00000-0 +11425-4 0  9990
2 08415 047.0071 238.3295 7186765 149.0050 287.3590 02.27695445012674
1 08415U 75097  E 77116.70430056 -.00000086 +00000-0 +46208-3 0  9991
2 08415 046.9784 235.3841 7185436 151.8996 280.5444 02.27698112012926
1 08415U 75097  E 77128.55196623 -.00000180 +00000-0 +14583-5 0  9994
2 08415 046.9788 232.2289 7184339 155.0053 272.0465 02.27696941013190
1 08415U 75097  E 77139.52152665 -.00000079 +00000-0 +17265-3 0  9996
2 08415 046.9781 229.3108 7183698 157.8787 263.7927 02.27697953013443
1 08415U 75097  E 77150.49003925 -.00000009 +00000-0 +40063-3 0  9994
2 08415 047.0139 226.3498 7183253 160.7467 254.7927 02.27699777013699
1 08415U 75097  E 77161.45766686 -.00000022 +00000-0 +37330-3 0  9990
2 08415 047.0068 223.4402 7183267 163.5674 245.1326 02.27700799013941
1 08415U 75097  E 77172.42472242  .00000052 +00000-0 +44134-3 0  9993
2 08415 047.0189 220.5194 7183073 166.4168 235.0603 02.27702596014197
1 08415U 75097  E 77180.32036764  .00000047 +00000-0 +14750-3 0  9991
2 08415 047.0158 218.4241 7183576 168.4773 227.2296 02.27701626014378
1 08415U 75097  E 77191.28614226  .00000039 +00000-0 +87940-4 0  9996
2 08415 047.0267 215.5032 7183900 171.3266 216.1157 02.27701421014620
1 08415U 75097  E 77202.25145474  .00000060 +00000-0 +24754-3 0  9997
2 08415 047.0137 212.6099 7185059 174.1991 204.6788 02.27702689014876
1 08415U 75097  E 77213.21609634 -.00000073 +00000-0 -16193-3 0  9992
2 08415 047.0229 209.6956 7187152 177.0353 192.6402 02.27700867015120
1 08415U 75097  E 77224.18095958  .00000013 +00000-0 +14054-3 0  9994
2 08415 047.0046 206.7969 7189684 179.9443 180.7718 02.27702343015378
1 08415U 75097  E 77235.58368827 -.00000068 +00000-0 -12997-3 0  9994
2 08415 046.9952 203.7463 7191127 182.9025 167.8397 02.27701512015638
1 08415U 75097  E 77246.54854250 -.00000093 +00000-0 -77258-4 0  9992
2 08415 046.9811 200.8169 7194313 185.7954 155.9495 02.27701304015888
1 08415U 75097  E 77258.39063860 -.00000075 +00000-0 +13949-3 0  9992
2 08415 046.9637 197.6409 7198155 188.9512 143.2071 02.27702973016151
1 08415U 75097  E 77269.35569751 -.00000187 +00000-0 -70386-4 0  9994
2 08415 046.9398 194.6947 7200764 191.8176 131.4970 02.27701733016406
1 08415U 75097  E 77280.32192344 -.00000114 +00000-0 +11999-3 0  9997
2 08415 046.9243 191.7412 7204294 194.7237 120.7762 02.27703484016654
1 08415U 75097  E 77291.28841847 -.00000102 +00000-0 +12012-3 0  9997
2 08415 046.9156 188.7671 7206632 197.5783 110.3095 02.27704458016909
1 08415U 75097  E 77302.25602276 -.00000007 +00000-0 +26394-3 0  9990
2 08415 046.9048 185.8057 7210678 200.4915 100.8192 02.27706730017156
1 08415U 75097  E 77314.10156614  .00000098 +00000-0 +38160-3 0  9990
2 08415 046.8954 182.5758 7213579 203.5605 091.1539 02.27709875017426
1 08415U 75097  E 77325.07069958  .00000076 +00000-0 +25190-3 0  9997
2 08415 046.8879 179.5756 7220076 206.6162 083.1080 02.27710769017671
1 08415U 75097  E 77336.04004997  .00000138 +00000-0 +25489-3 0  9998
2 08415 046.8780 176.5691 7227386 209.6696 075.3776 02.27713625017920
1 08415U 75097  E 77347.01000336  .00000133 +00000-0 +20465-3 0  9994
2 08415 046.8847 173.5489 7231065 212.5487 068.2496 02.27715571018176
1 08415U 75097  E 77357.98130111  .00000236 +00000-0 +29124-3 0  9991
2 08415 046.8723 170.5340 7236193 215.5059 062.3801 02.27720337018426
1 08415U 75097  E 78003.95273583  .00000336 +00000-0 +33886-3 0  9999
2 08415 046.8109 167.5033 7242804 218.5367 056.8690 02.27726760018677
1 08415U 75097  E 78026.77391200  .00000477 +00000-0 +42618-3 0  9990
2 08415 046.7489 161.1360 7255386 224.8192 046.9587 02.27748696019190
1 08415U 75097  E 78036.86758001  .00000518 +00000-0 +45074-3 0  9992
2 08415 046.6990 158.3190 7258906 227.5247 043.0382 02.27762098019426
1 08415U 75097  E 78040.81731330  .00000663 +00000-0 +52388-3 0  9995
2 08415 046.6944 157.2072 7260936 228.6190 041.7263 02.27771283019516
1 08415U 75097  E 78051.34864875  .00001138 +00000-0 +65814-3 0  9992
2 08415 046.7299 154.2111 7267350 231.6155 038.0191 02.27804404019738
1 08415U 75097  E 78051.34955329  .00001139 +00000-0 +69130-3 0  9993
2 08415 046.7300 154.2109 7267349 231.6157 038.7609 02.27804409019756
