1 05988U 67001  T 71236.03501907  .00000000 +00000-0 +13286-5 0  9993
2 05988 026.4698 335.2406 6787407 014.5872 357.9565 02.69135568001967
1 05988U 67001  T 71274.30145549  .00000163 +00000-0 +19919-2 0  9997
2 05988 026.4364 319.3528 6793114 041.4645 353.7799 02.69138161002982
1 05988U 67001  T 71303.27877862  .00000234 +00000-0 +30463-2 0  9992
2 05988 026.3680 307.3138 6788400 061.7647 349.7654 02.69142066003766
1 05988U 67001  T 71334.11135532  .00000154 +00000-0 +22373-2 0  9992
2 05988 026.3253 294.4305 6780620 083.3431 343.7482 02.69145669004598
1 05988U 67001  T 71364.19681057  .00000111 +00000-0 +18410-2 0  9991
2 05988 026.3318 281.8837 6770550 104.2283 334.4215 02.69150228005408
1 05988U 67001  T 72057.85207866  .00000004 +00000-0 +83486-4 0  9994
2 05988 026.2896 257.8631 6762986 144.7633 288.6124 02.69157377006980
1 05988U 67001  T 72082.69865936  .00000155 +00000-0 +26636-2 0  9991
2 05988 026.3226 247.5230 6767368 161.9355 244.6868 02.69166800007653
1 05988U 67001  T 72104.56216627  .00000258 +00000-0 +00000-0 0  9998
2 05988 026.3159 238.4583 6772999 177.1731 190.8756 02.69177233052752
1 05988U 67001  T 72114.93507244  .00000381 +00000-0 +00000-0 0  9995
2 05988 026.3638 234.0276 6780089 184.5180 162.8525 02.69187094053035
1 05988U 67001  T 72117.89898862  .00000462 +00000-0 +00000-0 0  9992
2 05988 026.3638 232.8053 6780071 186.5739 155.1316 02.69190814053113
1 05988U 67001  T 72133.83316078  .00000255 +00000-0 +00000-0 0  9998
2 05988 026.3018 226.2443 6784840 197.5209 116.9277 02.69197926053535
1 05988U 67001  T 72142.72837399  .00000093 +00000-0 +00000-0 0  9990
2 05988 026.3444 222.4253 6791520 204.0933 097.3468 02.69198257053774
1 05988U 67001  T 72148.66067371  .00000151 +00000-0 +00000-0 0  9999
2 05988 026.3363 219.9343 6793106 208.2858 086.4467 02.69200543053937
1 05988U 67001  T 72158.67350511  .00000144 +00000-0 +00000-0 0  9994
2 05988 026.3572 215.6702 6801210 215.6285 070.1102 02.69202876054201
1 05988U 67001  T 72164.60930462 -.00000008 +00000-0 +00000-0 0  9993
2 05988 026.3419 213.1653 6800420 219.6564 062.6636 02.69201204054353
1 05988U 67001  T 72170.91679130  .00000306 +00000-0 +00000-0 0  9996
2 05988 026.3419 210.5364 6800420 224.0793 055.4993 02.69207159054527
1 05988U 67001  T 72177.59619689  .00000154 +00000-0 +00000-0 0  9991
2 05988 026.2329 207.7452 6802920 228.9016 048.7280 02.69206497054708
1 05988U 67001  T 72183.53375973  .00000117 +00000-0 +00000-0 0  9996
2 05988 026.2432 205.1416 6811410 233.5241 043.0629 02.69207434054854
1 05988U 67001  T 72215.46044057  .00000089 +00000-0 +00000-0 0  9998
2 05988 026.2386 191.6529 6813379 256.3041 024.9175 02.69212133055715
1 05988U 67001  T 72286.47775432  .00000213 +00000-0 +00000-0 0  9994
2 05988 026.4859 086.0065 6776290 070.3151 347.5863 02.81203141065712
1 05988U 67001  T 72313.49382575  .00001819 +00000-0 +00000-0 0  9992
2 05988 026.4900 073.5175 6771130 091.0748 340.7575 02.81291734066476
1 05988U 67001  T 72322.37854532  .00001038 +00000-0 +00000-0 0  9999
2 05988 026.4900 069.4766 6770830 097.8588 337.7406 02.81299216066728
1 05988U 67001  T 72324.51079252  .00000457 -52833-8 +00000-0 0  9999
2 05988 026.4900 068.5071 6770790 099.4867 336.9365 02.81293033066782
1 05988U 67001  T 72329.48568594  .00000603 -59241-8 +00000-0 0  9995
2 05988 026.4919 066.1642 6766901 103.2890 334.8771 02.81300493066922
1 05988U 67001  T 72333.39435822  .00000534 -43536-8 +00000-0 0  9990
2 05988 026.4928 064.3520 6766705 106.3077 333.1153 02.81303224067034
1 05988U 67001  T 72339.43467280  .00000380 -77662-8 +00000-0 0  9990
2 05988 026.5088 061.5803 6766557 110.9445 330.1018 02.81306250067208
1 05988U 67001  T 72343.34283081  .00000362 -48748-8 +00000-0 0  9993
2 05988 026.5145 059.8032 6767001 113.9745 327.9088 02.81308728067312
1 05988U 67001  T 72351.36150136  .00041144 +00000-0 +35607-2 0  9994
2 05988 026.3027 032.4076 5963819 051.4403 348.4567 04.13463328001813
1 05988U 67001  T 72356.48726457  .00000000 +00000-0 +00000-0 0  9990
2 05988 026.5656 053.7217 6766631 123.8262 319.1895 02.81303405067674
1 05988U 67001  T 72358.61845866  .00000188 -64097-8 +00000-0 0  9995
2 05988 026.5592 052.7191 6765080 125.4435 317.4629 02.81306053067735
1 05988U 67001  T 72360.05788660  .00043503 +00000-0 +00000-0 0  9997
2 05988 026.3107 025.5032 5959599 063.0499 344.9552 04.14229573062175
1 05988U 67001  T 72361.26445883  .00043478 +15662-6 +00000-0 0  9995
2 05988 026.2898 024.6002 5957960 064.6307 344.4327 04.14333082062225
1 05988U 67001  T 72361.45988590  .00000174 -52285-8 +00000-0 0  9994
2 05988 026.5541 051.3803 6764572 127.6576 314.9762 02.81306651067812
1 05988U 67001  T 73003.94486621  .00033355 +69930-7 +00000-0 0  9990
2 05988 026.3053 017.6215 5955827 076.1536 340.2646 04.14880536062587
1 05988U 67001  T 73004.33835505  .00000021 -58902-8 +00000-0 0  9996
2 05988 026.5735 047.3081 6763982 134.4342 306.1914 02.81305229068061
1 05988U 67001  T 73005.40356785  .00000038 -52168-8 +00000-0 0  9999
2 05988 026.5735 046.8077 6764023 135.2958 304.9335 02.81305657068090
1 05988U 67001  T 73014.05574615  .00034589 +00000-0 +00000-0 0  9991
2 05988 026.3235 009.6178 5950610 089.7892 334.0548 04.15574194063009
1 05988U 67001  T 73014.27972374  .00000000 +00000-0 +00000-0 0  9990
2 05988 026.6020 042.7321 6764775 142.0589 293.7721 02.81304628068344
1 05988U 67001  T 73015.25815553  .00035177 +96540-7 +00000-0 0  9998
2 05988 026.3084 008.6513 5949752 091.4225 333.1889 04.15664686063057
1 05988U 67001  T 73015.34476791  .00000000 +00000-0 +00000-0 0  9991
2 05988 026.6047 042.2667 6764092 142.8254 292.3370 02.81304508068375
1 05988U 67001  T 73019.10444415  .00034022 +90254-7 +00000-0 0  9995
2 05988 026.3278 005.6765 5948475 096.5578 330.2751 04.15912846063214
1 05988U 67001  T 73022.22777431  .00035757 -20984-6 +00000-0 0  9998
2 05988 026.2980 003.0968 5945780 100.7645 327.6109 04.16098886063340
1 05988U 67001  T 73023.15322164  .00000142 -48075-8 +00000-0 0  9993
2 05988 026.6040 038.6197 6762365 148.8169 279.9600 02.81306818068594
1 05988U 67001  T 73025.28237022  .00000102 -42898-8 +00000-0 0  9990
2 05988 026.6303 037.5081 6762031 150.4651 276.1568 02.81306331068650
1 05988U 67001  T 73026.06953801  .00032160 +00000-0 +00000-0 0  9996
2 05988 026.2956 000.0682 5942640 105.8696 324.0121 04.16338023063500
1 05988U 67001  T 73028.12105871  .00000079 -47929-8 +00000-0 0  9995
2 05988 026.6367 036.2460 6762879 152.6356 270.8939 02.81306371068739
1 05988U 67001  T 73030.24986166  .00000139 +00000-0 +00000-0 0  9992
2 05988 026.6288 035.4088 6764530 154.2669 266.7440 02.81308153068785
1 05988U 67001  T 73035.18360783  .00030915 +75754-7 +00000-0 0  9991
2 05988 026.3132 352.6617 5939050 118.2005 313.2976 04.16892125063881
1 05988U 67001  T 73035.21634781  .00000241 -38568-8 +00000-0 0  9990
2 05988 026.6395 033.1183 6764015 158.0175 256.4368 02.81312380068925
1 05988U 67001  T 73039.11796942  .00000354 -38602-8 +00000-0 0  9995
2 05988 026.6452 031.4428 6766955 160.9591 247.7319 02.81316192069038
1 05988U 67001  T 73039.97470895  .00031673 +00000-0 +00000-0 0  9995
2 05988 026.3218 348.9772 5935650 124.4991 306.3761 04.17198630064080
1 05988U 67001  T 73040.18183693  .00000306 -42875-8 +00000-0 0  9991
2 05988 026.6505 030.9353 6767310 161.8012 245.1256 02.81315645069069
1 05988U 67001  T 73041.24575147  .00000261 -38637-8 +00000-0 0  9999
2 05988 026.6505 030.4529 6767305 162.6092 242.5771 02.81315250069098
1 05988U 67001  T 73041.89048245  .00028570 +55378-7 +00000-0 0  9996
2 05988 026.3218 347.4466 5934750 127.0746 303.2150 04.17257879064169
1 05988U 67001  T 73045.14633371  .00000307 -58274-8 +00000-0 0  9996
2 05988 026.6505 028.6846 6767286 165.5713 232.8869 02.81318741069200
1 05988U 67001  T 73047.15455522  .00027810 +52850-7 +00000-0 0  9999
2 05988 026.3093 343.1954 5933533 134.3299 293.1215 04.17543261064383
1 05988U 67001  T 73049.06760769  .00027884 +52491-7 +00000-0 0  9995
2 05988 026.3200 341.6059 5931968 136.8513 289.1371 04.17650404064463
1 05988U 67001  T 73051.93573809  .00028291 +53772-7 +00000-0 0  9997
2 05988 026.3135 339.2805 5929918 140.8098 282.3641 04.17815556064586
1 05988U 67001  T 73054.08597277  .00028468 +53163-7 +00000-0 0  9991
2 05988 026.3101 337.6426 5928808 143.6538 277.0878 04.17938864064678
1 05988U 67001  T 73055.99663816  .00027909 +55144-7 +00000-0 0  9995
2 05988 026.3043 336.0654 5927964 146.2175 272.0234 04.18035689064751
1 05988U 67001  T 73057.90635965  .00027684 +51372-7 +00000-0 0  9991
2 05988 026.2991 334.3999 5925442 148.9050 266.3663 04.18139563064832
1 05988U 67001  T 73058.86111479  .00027739 +54257-7 +00000-0 0  9992
2 05988 026.3039 333.7651 5926183 150.1666 263.6231 04.18192175064878
1 05988U 67001  T 73060.03443753  .00000593 -38183-8 +00000-0 0  9998
2 05988 026.6775 021.8742 6770055 177.0092 191.4949 02.81340424069612
1 05988U 67001  T 73060.05426100  .00027447 +50139-7 +00000-0 0  9997
2 05988 026.3039 332.8098 5925694 151.7746 259.9977 04.18253883064920
1 05988U 67001  T 73061.09773705  .00000577 -38211-8 +00000-0 0  9992
2 05988 026.6846 021.3738 6770545 177.8118 188.4422 02.81341439069633
1 05988U 67001  T 73061.96279886  .00026825 +47010-7 +00000-0 0  9998
2 05988 026.3039 331.2814 5924920 154.3472 253.9467 04.18348016065006
1 05988U 67001  T 73063.87081647  .00025656 +26960-7 +00000-0 0  9998
2 05988 026.3191 329.7614 5924752 156.8362 247.8094 04.18437893065081
1 05988U 67001  T 73064.99627249  .00000640 -38251-8 +00000-0 0  9990
2 05988 026.6807 019.6505 6772813 180.7983 177.0362 02.81347326069745
1 05988U 67001  T 73065.77829887  .00025522 +36412-7 +00000-0 0  9990
2 05988 026.3232 328.2923 5924379 159.2734 241.5276 04.18533450065167
1 05988U 67001  T 73067.92307145  .00024999 +40769-7 +00000-0 0  9994
2 05988 026.3143 326.6124 5925833 162.3320 233.3047 04.18631748065259
1 05988U 67001  T 73069.82902511  .00024004 +36250-7 +00000-0 0  9990
2 05988 026.3034 325.0155 5923010 164.9909 225.8117 04.18710563065337
1 05988U 67001  T 73070.31272827  .00000719 -39042-8 +00000-0 0  9997
2 05988 026.7067 017.2147 6775031 184.7647 161.9464 02.81356301069890
1 05988U 67001  T 73071.02004259  .00023960 +34202-7 +00000-0 0  9992
2 05988 026.3059 324.0645 5922532 166.5827 221.2172 04.18766807065380
1 05988U 67001  T 73072.92537658  .00021767 +20975-7 +00000-0 0  9991
2 05988 026.2993 322.5112 5921060 169.2163 213.4328 04.18820844065463
1 05988U 67001  T 73074.83040295  .00021519 +23202-7 +00000-0 0  9990
2 05988 026.3039 321.0232 5919538 171.6693 206.0126 04.18900224065548
1 05988U 67001  T 73075.78272891  .00021486 +23118-7 +00000-0 0  9993
2 05988 026.3071 320.2142 5916153 172.8934 202.2471 04.18941164065589
1 05988U 67001  T 73076.33759078  .00001062 -67026-8 +00000-0 0  9998
2 05988 026.7158 014.4507 6776389 189.4375 144.6360 02.81372315070064
1 05988U 67001  T 73077.92463313  .00021680 +21594-7 +00000-0 0  9994
2 05988 026.3053 318.4754 5916627 175.8739 193.0157 04.19035612065670
1 05988U 67001  T 73078.87631121  .00021809 +21158-7 +00000-0 0  9992
2 05988 026.3045 317.7138 5917780 177.2501 188.7162 04.19078432065712
1 05988U 67001  T 73079.82825705  .00022113 +22421-7 +00000-0 0  9994
2 05988 026.3144 316.9581 5916877 178.4276 185.0219 04.19123554065756
1 05988U 67001  T 73082.36362755  .00001028 -38362-8 +00000-0 0  9993
2 05988 026.7103 011.7373 6775936 193.9594 128.7626 02.81383781070231
1 05988U 67001  T 73082.92059244  .00023210 +30914-7 +00000-0 0  9991
2 05988 026.3055 314.4934 5916541 182.6308 171.8237 04.19276226065885
1 05988U 67001  T 73084.10965962  .00023551 +31137-7 +00000-0 0  9992
2 05988 026.3083 313.5131 5914881 184.2509 166.7642 04.19336093065939
1 05988U 67001  T 73086.01221104  .00023472 +30850-7 +00000-0 0  9990
2 05988 026.3226 311.9409 5911037 186.7062 159.1706 04.19423409066014
1 05988U 67001  T 73086.26303899  .00001102 -38136-8 +00000-0 0  9992
2 05988 026.7206 009.9670 6776776 196.9408 118.8968 02.81393717070345
1 05988U 67001  T 73089.10289162  .00023053 +29751-7 +00000-0 0  9994
2 05988 026.3008 309.5786 5911401 190.8632 146.5578 04.19560965066147
1 05988U 67001  T 73089.10300877  .00019761 +29751-7 +00000-0 0  9992
2 05988 026.3118 309.5239 5913086 190.9456 146.3004 04.19519246066146
1 05988U 67001  T 73092.29031093  .00001168 -37740-8 +00000-0 0  9998
2 05988 026.7714 007.1600 6776631 201.5319 104.8257 02.81408902070514
1 05988U 67001  T 73092.29031327  .00001148 -37739-8 +00000-0 0  9994
2 05988 026.7714 007.1599 6776630 201.5319 104.8256 02.81408867070519
1 05988U 67001  T 73100.98474085  .00020848 -54425-7 +00000-0 0  9990
2 05988 026.2841 299.9843 5909546 207.0919 102.9921 04.20063091066646
1 05988U 67001  T 73104.07295016  .00021289 +12970-8 +00000-0 0  9998
2 05988 026.3223 297.4686 5906272 211.1829 093.8624 04.20197495066776
1 05988U 67001  T 73110.00962638  .00024637 +28275-7 +00000-0 0  9993
2 05988 026.3095 292.7188 5902703 219.1845 078.1886 04.20515206067028
1 05988U 67001  T 73111.90895850  .00024528 +35342-7 +00000-0 0  9996
2 05988 026.2996 291.1996 5901418 221.7245 073.8030 04.20606625067100
1 05988U 67001  T 73124.97955535  .00000739 +00000-0 +00000-0 0  9998
2 05988 026.3846 054.0682 6794712 123.1131 320.3223 02.70756568071395
1 05988U 67001  T 73127.80776470  .00023322 +26433-7 +00000-0 0  9990
2 05988 026.2501 278.3910 5896495 243.4053 045.7726 04.21300410067778
1 05988U 67001  T 73141.95360398  .00000633 -70849-8 +00000-0 0  9992
2 05988 026.4551 046.8358 6791687 135.1783 305.5688 02.70770250071857
1 05988U 67001  T 73157.81342443  .00000795 -27991-8 +00000-0 0  9994
2 05988 026.4778 040.0338 6789568 146.4062 285.6743 02.70789049072286
1 05988U 67001  T 73183.61171378  .00001098 -27770-8 +00000-0 0  9990
2 05988 026.5499 029.2165 6790756 164.5608 236.5450 02.70831766072983
1 05988U 67001  T 73184.12974349  .00022169 -94155-8 +00000-0 0  9999
2 05988 026.2389 232.7150 5873672 320.2072 008.9071 04.23496320070157
1 05988U 67001  T 73186.25425209  .00021574 +91335-8 +00000-0 0  9996
2 05988 026.2389 230.9953 5872977 323.1046 008.1886 04.23582699070249
1 05988U 67001  T 73187.67038540  .00021187 +15043-7 +00000-0 0  9992
2 05988 026.2389 229.8488 5872526 325.0364 007.7191 04.23637056070302
1 05988U 67001  T 73188.76796244  .00000966 -76013-8 +00000-0 0  9993
2 05988 026.5733 026.9378 6789564 068.2472 223.9190 02.70840208073127
1 05988U 67001  T 73191.21000074  .00020217 +22507-7 +00000-0 0  9994
2 05988 026.2389 226.9821 5871420 329.8656 006.5749 04.23766462070455
1 05988U 67001  T 73193.09731344  .00020079 +25170-7 +00000-0 0  9998
2 05988 026.2389 225.4533 5870856 332.4413 005.9799 04.23839274070531
1 05988U 67001  T 73196.16354388  .00019839 +27695-7 +00000-0 0  9994
2 05988 026.2389 222.9690 5869947 336.6271 005.0323 04.23955383070662
1 05988U 67001  T 73198.05006819  .00019263 +24724-7 +00000-0 0  9998
2 05988 026.2338 221.4617 5869140 339.2001 004.4606 04.24019437070742
1 05988U 67001  T 73208.18448992  .00019313 +22685-7 +00000-0 0  9996
2 05988 026.2311 213.2586 5865738 353.0693 001.4686 04.24409851071173
1 05988U 67001  T 73210.06876720  .00019894 +26954-7 +00000-0 0  9997
2 05988 026.2311 211.7299 5865199 355.6452 000.9230 04.24496373071252
1 05988U 67001  T 73212.18824589  .00020237 +26954-7 +00000-0 0  9991
2 05988 026.2021 209.8964 5867119 358.6346 000.2911 04.24587752071347
1 05988U 67001  T 73213.06832303  .00001057 +00000-0 +00000-0 0  9998
2 05988 026.6421 016.6955 6800443 185.5172 158.9845 02.70881616073783
1 05988U 67001  T 73216.01399128  .00000999 +00000-0 +00000-0 0  9993
2 05988 026.6354 015.5046 6800764 187.5025 151.5454 02.70886620073866
1 05988U 67001  T 73217.13098674  .00023633 +42066-7 +00000-0 0  9994
2 05988 026.2021 205.8781 5865531 005.4077 358.8606 04.24871904071555
1 05988U 67001  T 73217.85476949  .00000748 +00000-0 +00000-0 0  9995
2 05988 026.6465 014.7108 6802159 188.8395 146.6016 02.70885580073912
1 05988U 67001  T 73218.95919204  .00000602 +00000-0 +00000-0 0  9992
2 05988 026.6390 014.2664 6803061 189.6642 143.5860 02.70884815073955
1 05988U 67001  T 73219.01328473  .00024336 +45791-7 +00000-0 0  9995
2 05988 026.2169 204.4548 5865827 007.7916 358.3552 04.24972705071634
1 05988U 67001  T 73222.07110733  .00024903 +47457-7 +00000-0 0  9994
2 05988 026.2176 201.8983 5864151 012.1619 357.4210 04.25130708071760
1 05988U 67001  T 73224.18745584  .00024854 +47484-7 +00000-0 0  9991
2 05988 026.2182 200.2090 5862519 015.0501 356.7963 04.25234202071858
1 05988U 67001  T 73226.06835603  .00022221 +47484-7 +00000-0 0  9998
2 05988 026.2140 198.6579 5861912 017.6498 356.2295 04.25266366071931
1 05988U 67001  T 73228.18387065  .00023768 +42598-7 +00000-0 0  9995
2 05988 026.2140 196.9355 5861145 020.5526 355.5892 04.25405920072024
1 05988U 67001  T 73230.06389754  .00023567 +42575-7 +00000-0 0  9994
2 05988 026.2278 195.5596 5859999 022.8633 355.0721 04.25490855072102
1 05988U 67001  T 73230.06400203  .00022455 +30928-7 +00000-0 0  9991
2 05988 026.2162 195.4081 5859786 023.1555 355.0062 04.25473170072102
1 05988U 67001  T 73235.23264124  .00021502 +03991-8 +00000-0 0  9998
2 05988 026.2205 191.1631 5859524 030.2940 353.3691 04.25677919072321
1 05988U 67001  T 73235.23284235  .00019949 +00928-8 +00000-0 0  9992
2 05988 026.2123 191.1481 5860415 030.3170 353.3660 04.25652933072325
1 05988U 67001  T 73236.17228885  .00020120 +00928-8 +00000-0 0  9998
2 05988 026.2081 190.3612 5860557 031.6089 353.0622 04.25694036072364
1 05988U 67001  T 73246.96641779  .00283511 +05267-8 +00000-0 0  9993
2 05988 026.2081 181.5504 5856970 046.4553 349.3111 04.26366758072820
1 05988U 67001  T 73247.90414620  .00032425 +05022-8 +00000-0 0  9996
2 05988 026.2018 180.5844 5864411 047.7335 348.9951 04.26471329072869
1 05988U 67001  T 73250.01351894  .00033743 +06019-8 +00000-0 0  9996
2 05988 026.1905 178.7575 5866922 050.4535 348.2525 04.26626730072953
1 05988U 67001  T 73251.74211153  .00000905 +00000-0 +00000-0 0  9990
2 05988 026.7566 000.2511 6806966 212.7515 075.9377 02.70934578074832
1 05988U 67001  T 73262.79858637  .00000894 +00000-0 +00000-0 0  9998
2 05988 026.7856 355.5132 6813152 220.7833 060.5217 02.70956217075137
1 05988U 67001  T 73262.88866852  .00031514 +07446-8 +00000-0 0  9998
2 05988 026.1890 169.1919 5854715 067.9431 342.6589 04.27458763073507
1 05988U 67001  T 73272.75184801  .00001016 +00000-0 +00000-0 0  9997
2 05988 026.7115 351.4137 6822698 227.9301 049.6802 02.70975297075406
1 05988U 67001  T 73275.03762919  .00034363 +04824-8 +00000-0 0  9990
2 05988 026.1927 158.1447 5857607 085.4883 335.3795 04.28270054074023
1 05988U 67001  T 73275.70123573  .00001067 +00000-0 +00000-0 0  9990
2 05988 026.7493 350.1001 6823377 230.0929 046.8982 02.70982539075480
1 05988U 67001  T 73276.90433376  .00035191 +00276-7 +00000-0 0  9995
2 05988 026.1927 156.6017 5856668 088.0894 334.0740 04.28414631074102
1 05988U 67001  T 73278.07069926  .00036261 +01114-7 +00000-0 0  9992
2 05988 026.1777 155.8075 5856339 089.6770 333.2453 04.28512812074152
1 05988U 67001  T 73281.80154881  .00036144 +01000-7 +00000-0 0  9996
2 05988 026.1777 152.7221 5854206 094.8866 330.3161 04.28777313074317
1 05988U 67001  T 73282.70708844  .00001368 +00000-0 +00000-0 0  9992
2 05988 026.7583 347.1115 6810869 234.7608 041.7271 02.71005799075670
1 05988U 67001  T 73285.65713235  .00001371 +00000-0 +00000-0 0  9993
2 05988 026.8017 345.8426 6804040 236.6289 039.8930 02.71013304075753
1 05988U 67001  T 73288.79233319  .00025097 +04651-8 +00000-0 0  9996
2 05988 026.1877 146.8829 5855571 104.6606 323.8989 04.29068041074614
1 05988U 67001  T 73295.77622237  .00024853 +08633-8 +00000-0 0  9996
2 05988 026.1876 141.0075 5853132 114.4580 315.7764 04.29410505074914
1 05988U 67001  T 73299.96298539  .00026409 +04006-8 +00000-0 0  9994
2 05988 026.1750 137.4796 5851782 120.3684 309.8524 04.29642200075091
1 05988U 67001  T 73301.59042176  .00026717 +07303-8 +00000-0 0  9996
2 05988 026.1784 136.1592 5851478 122.6600 307.3132 04.29732037075167
1 05988U 67001  T 73303.68213256  .00027393 +00622-8 +00000-0 0  9995
2 05988 026.1784 134.4202 5850663 125.5924 303.8371 04.29854727075259
1 05988U 67001  T 73304.61153549  .00027698 +00622-8 +00000-0 0  9995
2 05988 026.1766 133.5786 5850116 126.8376 302.2787 04.29911757075299
1 05988U 67001  T 73306.70179363  .00030191 +05255-8 +00000-0 0  9998
2 05988 026.1766 131.8398 5849284 129.7696 298.4178 04.30071783075388
1 05988U 67001  T 73308.55918272  .00031580 +03040-8 +00000-0 0  9996
2 05988 026.1766 130.2938 5848466 132.3764 294.7376 04.30204344075467
1 05988U 67001  T 73314.59154589  .00029737 +02679-8 +00000-0 0  9998
2 05988 026.1940 125.3716 5846884 140.8876 280.9555 04.30553770075725
1 05988U 67001  T 73315.75088442  .00027621 +04861-8 +00000-0 0  9996
2 05988 026.1904 124.2603 5845838 142.5572 277.8951 04.30598688075775
1 05988U 67001  T 73317.60535067  .00027768 +02350-8 +00000-0 0  9995
2 05988 026.1904 122.7145 5845165 145.1634 272.8921 04.30699348075856
1 05988U 67001  T 73323.62818591  .00026741 +07221-8 +00000-0 0  9992
2 05988 026.2127 117.7342 5844632 153.5952 254.6541 04.31011105076117
1 05988U 67001  T 73327.56233319  .00028444 +03099-8 +00000-0 0  9999
2 05988 026.2127 114.4487 5843052 159.1323 240.9369 04.31250620076281
1 05988U 67001  T 73330.56828297  .00034852 +01793-8 +00000-0 0  9997
2 05988 026.2516 111.8294 5839611 163.3281 229.6739 04.31509924076410
1 05988U 67001  T 73335.65064744  .00039032 +01811-7 +00000-0 0  9996
2 05988 026.2516 107.5815 5836891 170.4802 209.1131 04.31936789076632
1 05988U 67001  T 73337.49743328  .00039446 +02370-7 +00000-0 0  9992
2 05988 026.2516 106.0366 5835838 173.0828 201.2983 04.32084274076715
1 05988U 67001  T 73342.57240034  .00037479 +00716-7 +00000-0 0  9999
2 05988 026.2788 101.7107 5836128 180.5289 178.4483 04.32445478076939
1 05988U 67001  T 73343.49505113  .00037378 +00912-7 +00000-0 0  9999
2 05988 026.2966 100.9724 5835978 181.6609 174.9541 04.32512474076974
1 05988U 67001  T 73345.80053525  .00036065 +02338-8 +00000-0 0  9998
2 05988 026.2954 099.0578 5833147 184.8082 165.2902 04.32667398077074
1 05988U 67001  T 73348.79674220  .00033958 +03695-8 +00000-0 0  9995
2 05988 026.2804 096.5619 5828942 188.9527 152.7828 04.32843113077206
1 05988U 67001  T 73351.79166716  .00031580 +07144-8 +00000-0 0  9997
2 05988 026.2804 094.0515 5827456 193.1789 140.4197 04.33016539077333
1 05988U 67001  T 73357.77766108  .00038403 +00943-7 +00000-0 0  9992
2 05988 026.3162 088.9459 5825022 201.8892 116.8025 04.33486652077591
1 05988U 67001  T 74001.74779405  .00041560 +03629-7 +00000-0 0  9992
2 05988 026.3365 081.4535 5824322 214.6817 087.8553 04.34249830077982
1 05988U 67001  T 74001.74787791  .00038556 +00670-8 +00000-0 0  9994
2 05988 026.3291 081.4353 5825246 214.7111 087.7833 04.34217787077988
1 05988U 67001  T 74010.71036719  .00030944 +04641-8 +00000-0 0  9993
2 05988 026.3269 073.8896 5821493 227.4086 066.0928 04.34751463078375
1 05988U 67001  T 74107.16864390  .00001355 +00000-0 +00000-0 0  9994
2 05988 026.4408 100.4232 5998705 174.8622 196.4518 03.93547739088090
1 05988U 67001  T 74109.19562622  .00001772 +00000-0 +00000-0 0  9995
2 05988 026.4503 098.9119 5999796 177.4412 188.2611 03.93558567088171
1 05988U 67001  T 74111.22326040  .00003031 +00000-0 +00000-0 0  9994
2 05988 026.4585 097.4749 5994914 179.6709 181.1334 03.93574355088250
1 05988U 67001  T 74114.51743694  .00001948 +00000-0 +00000-0 0  9992
2 05988 026.4585 095.1320 5994778 183.6062 168.5775 03.93582325088383
1 05988U 67001  T 74118.31799789  .00002046 +00000-0 +00000-0 0  9990
2 05988 026.4611 092.3733 5998124 188.3422 153.6745 03.93598824088531
1 05988U 67001  T 74125.41466089  .00001303 +00000-0 +00000-0 0  9998
2 05988 026.4828 087.2957 5991733 196.5834 129.1911 03.93606648088817
1 05988U 67001  T 74132.25909328  .00001296 +00000-0 +00000-0 0  9997
2 05988 026.4726 082.4911 5990347 204.6138 107.8548 03.93623500089084
1 05988U 67001  T 74238.31504583  .00012570 +00000-0 +00000-0 0  9992
2 05988 026.2953 238.9973 5740098 195.3973 134.9338 04.43543457093787
1 05988U 67001  T 74242.36323591  .00011007 +00000-0 +00000-0 0  9994
2 05988 026.2953 235.5188 5739446 201.2535 119.4239 04.43626053093966
1 05988U 67001  T 74243.48777148  .00010984 +00000-0 +00000-0 0  9992
2 05988 026.2932 234.5603 5740178 202.8942 115.3030 04.43623527094011
1 05988U 67001  T 74246.41162058  .00010981 +00000-0 +00000-0 0  9993
2 05988 026.2874 232.0375 5739556 207.1451 105.1738 04.43689031094144
1 05988U 67001  T 74248.43592930  .00010981 +00000-0 +00000-0 0  9993
2 05988 026.2839 230.2914 5739223 210.0838 098.6210 04.43719394094234
1 05988U 67001  T 74250.46025752  .00008653 +86610-8 +15558-2 0  9990
2 05988 026.2878 228.5168 5740482 213.0578 092.3465 04.43749911094322
1 05988U 67001  T 74253.38449858  .00008638 +31244-8 +15558-2 0  9997
2 05988 026.2878 225.9986 5740115 217.2977 084.0860 04.43800413094459
1 05988U 67001  T 74256.30904431  .00008658 +42393-7 +15622-2 0  9995
2 05988 026.2889 223.4725 5739750 221.5439 076.5608 04.43823980094583
1 05988U 67001  T 74257.43387843  .00008651 +42173-7 +15584-2 0  9998
2 05988 026.2892 222.5020 5739635 223.1783 073.8552 04.43851671094639
1 05988U 67001  T 74286.23037482  .00009843 +36925-7 +19564-2 0  9993
2 05988 026.2915 197.6524 5732650 264.8825 031.1071 04.44347359095936
1 05988U 67001  T 74343.54316518  .00009552 +16247-8 +19550-2 0  9999
2 05988 026.2998 147.9846 5725368 348.5606 002.5662 04.45302195098488
1 05988U 67001  T 74355.43973679  .00009884 +43134-7 +19832-2 0  9992
2 05988 026.2930 137.6527 5724486 005.9048 358.6859 04.45535899099012
1 05988U 67001  T 74356.56166693  .00009866 +44052-7 +19695-2 0  9994
2 05988 026.2885 136.6729 5724394 007.5460 358.3181 04.45580412099069
1 05988U 67001  T 74359.47835107  .00009859 +44165-7 +19682-2 0  9993
2 05988 026.2889 134.1516 5723945 011.7919 357.3613 04.45648969099192
1 05988U 67001  T 74360.60002946  .00009838 +44217-7 +19607-2 0  9999
2 05988 026.2838 133.1670 5723813 013.4386 356.9875 04.45678846099245
1 05988U 67001  T 74364.41329336  .00009874 +44368-7 +19347-2 0  9995
2 05988 026.2819 129.8457 5723956 019.0103 355.7086 04.45758154099417
1 05988U 67001  T 75002.55309963  .00009786 +44744-7 +19050-2 0  9995
2 05988 026.2793 127.1090 5723777 023.6091 354.6301 04.45824547099553
1 05988U 67001  T 75006.58929920  .00010278 +44122-7 +19437-2 0  9990
2 05988 026.2791 123.5895 5724307 029.5155 353.2074 04.45915904099730
1 05988U 67001  T 75009.50370931  .00010586 +43868-7 +20208-2 0  9993
2 05988 026.2809 121.0835 5723477 033.7677 352.1459 04.45988734099860
1 05988U 67001  T 75011.52106571  .00010519 +43710-7 +20108-2 0  9996
2 05988 026.2781 119.3281 5723054 036.7207 351.3890 04.46044970099953
1 05988U 67001  T 75013.53825997  .00010540 +43595-7 +19863-2 0  9990
2 05988 026.2792 117.5669 5723383 039.6779 350.6149 04.46079427100043
1 05988U 67001  T 75015.55521010  .00010835 +43285-7 +19877-2 0  9991
2 05988 026.2822 115.8095 5724069 042.6220 349.8254 04.46133115100130
1 05988U 67001  T 75017.57185315  .00010895 +43741-7 +19544-2 0  9993
2 05988 026.2813 114.0449 5724513 045.5826 349.0081 04.46196215100222
1 05988U 67001  T 75019.36420106  .00010934 +44129-7 +19372-2 0  9996
2 05988 026.2801 112.4986 5724657 048.1903 348.2668 04.46246658100309
1 05988U 67001  T 75024.51627159  .00010666 +44937-7 +18644-2 0  9996
2 05988 026.2770 108.0067 5724489 055.7415 345.9916 04.46349532100530
1 05988U 67001  T 75027.20385026  .00010649 +44999-7 +18613-2 0  9994
2 05988 026.2772 105.7046 5724184 059.6385 344.7314 04.46396334100658
1 05988U 67001  T 75034.36893796  .00010466 +46597-7 +16988-2 0  9993
2 05988 026.2726 099.4357 5725956 070.1662 340.9823 04.46548045100971
1 05988U 67001  T 75037.27887964  .00010489 +46882-7 +16897-2 0  9997
2 05988 026.2726 096.8953 5725821 074.4387 339.2746 04.46611852101104
1 05988U 67001  T 75040.18835496  .00010855 +51628-9 +17822-2 0  9996
2 05988 026.2671 094.5256 5724854 078.7260 337.4273 04.46672600101233
1 05988U 67001  T 75041.53096341  .00010884 +45743-7 +17569-2 0  9993
2 05988 026.2683 093.3399 5725046 080.7064 336.5312 04.46720248101292
1 05988U 67001  T 75044.43961525  .00011697 +21640-8 +18827-2 0  9992
2 05988 026.2655 090.7099 5724886 084.8915 334.5228 04.46781043101429
1 05988U 67001  T 75046.45264958  .00011709 +44615-7 +18543-2 0  9997
2 05988 026.2635 088.9426 5724599 087.8632 332.9959 04.46899098101513
1 05988U 67001  T 75048.24189090  .00011680 +45030-7 +18276-2 0  9992
2 05988 026.2626 087.3588 5724927 090.4994 331.5704 04.46916468101593
1 05988U 67001  T 75049.36002015  .00011550 +45556-7 +17822-2 0  9992
2 05988 026.2614 086.3642 5725192 092.1708 330.6276 04.46953796101642
1 05988U 67001  T 75051.14888524  .00011498 +46016-7 +17655-2 0  9995
2 05988 026.2625 084.8032 5725134 094.8002 329.0726 04.46989730101720
1 05988U 67001  T 75053.38466835  .00011323 +46768-7 +17042-2 0  9991
2 05988 026.2631 082.8177 5725568 098.1233 326.9859 04.47034277101821
1 05988U 67001  T 75054.50246381  .00011315 +46987-7 +16909-2 0  9993
2 05988 026.2640 081.8359 5725720 099.7710 325.8942 04.47050289101876
1 05988U 67001  T 75061.43084049  .00010222 +74384-9 +14651-2 0  9996
2 05988 026.2743 075.7261 5726390 109.9777 318.1565 04.47195266102181
1 05988U 67001  T 75063.21823501  .00010249 -50429-7 +14494-2 0  9995
2 05988 026.2748 074.1674 5726460 112.6140 315.8432 04.47237595102268
1 05988U 67001  T 75067.23894739  .00010322 +50810-7 +14408-2 0  9992
2 05988 026.2790 070.6404 5726305 118.5284 310.0898 04.47332850102442
1 05988U 67001  T 75071.25819921  .00010561 +50886-7 +14443-2 0  9996
2 05988 026.2828 067.0962 5726258 124.4524 303.4427 04.47452080102625
1 05988U 67001  T 75072.37433338  .00010594 +51233-7 +14371-2 0  9997
2 05988 026.2855 066.1182 5726337 126.0966 301.4226 04.47484154102672
1 05988U 67001  T 75074.15985012  .00010619 +51471-7 +14284-2 0  9991
2 05988 026.2863 064.5442 5726293 128.7368 298.0019 04.47536531102755
1 05988U 67001  T 75075.27561426  .00010627 +51737-7 +14181-2 0  9994
2 05988 026.2874 063.5604 5726325 130.3873 295.7501 04.47574588102802
1 05988U 67001  T 75078.17600488  .00010785 +51758-7 +14283-2 0  9999
2 05988 026.2939 061.0111 5726129 134.6722 289.4633 04.47646281102932
1 05988U 67001  T 75080.18347120  .00010819 +51923-7 +14325-2 0  9993
2 05988 026.2974 059.2592 5725826 137.6253 284.7389 04.47694514103027
1 05988U 67001  T 75082.19053316  .00010773 -52239-7 +14271-2 0  9998
2 05988 026.2974 057.4945 5725551 140.5898 279.6579 04.47733662103114
1 05988U 67001  T 75084.19720554  .00010774 +52203-7 +14185-2 0  9990
2 05988 026.3007 055.7258 5725514 143.5584 274.2185 04.47772232103204
1 05988U 67001  T 75090.21460819  .00011044 +00000-0 +14309-2 0  9995
2 05988 026.3133 050.4320 5725230 152.4475 255.7062 04.47918829103470
1 05988U 67001  T 75095.11485528  .00010968 +00000-0 +14316-2 0  9995
2 05988 026.3212 046.1826 5724315 159.6276 238.3037 04.48020332103699
1 05988U 67001  T 75097.11880445  .00010958 +00000-0 +14321-2 0  9999
2 05988 026.3214 044.4271 5724006 162.5813 230.5550 04.48060946103782
1 05988U 67001  T 75101.12531803  .00011797 +00000-0 +15442-2 0  9994
2 05988 026.3415 040.8440 5723228 168.5440 214.0158 04.48171708103960
1 05988U 67001  T 75103.12794253  .00011964 +00000-0 +15636-2 0  9997
2 05988 026.3508 039.0659 5722831 171.5156 205.4096 04.48241507104053
1 05988U 67001  T 75105.13025044  .00011954 +00000-0 +15624-2 0  9991
2 05988 026.3507 037.3152 5722465 174.4628 196.7021 04.48297160104146
1 05988U 67001  T 75108.91171597  .00011516 +00000-0 +15102-2 0  9990
2 05988 026.3555 034.0133 5721837 180.0300 179.9904 04.48376270104316
1 05988U 67001  T 75110.02383037  .00011508 +00000-0 +15237-2 0  9999
2 05988 026.3552 033.0478 5721482 181.6607 175.0780 04.48379693104363
1 05988U 67001  T 75114.24944445  .00011484 +00000-0 +15278-2 0  9991
2 05988 026.3548 029.3565 5720733 187.8766 156.5440 04.48469113104550
1 05988U 67001  T 75116.25090212  .00011477 +00000-0 +15335-2 0  9994
2 05988 026.3607 027.5995 5720356 190.8304 147.9555 04.48503618104646
1 05988U 67001  T 75118.25217388  .00009562 +00000-0 +11829-2 0  9997
2 05988 026.3566 025.8774 5722812 193.8688 139.3229 04.48539374104734
1 05988U 67001  T 75120.25367782  .00009565 +00000-0 +12052-2 0  9996
2 05988 026.3579 024.1200 5722029 196.8052 131.2659 04.48563208104823
1 05988U 67001  T 75122.25508212  .00009044 +00000-0 +00000-0 0  9993
2 05988 026.3676 022.3311 5721715 199.7919 123.3712 04.48605043104915
1 05988U 67001  T 75129.14959713  .00009038 +00000-0 +00000-0 0  9997
2 05988 026.3665 016.3070 5721216 209.9449 099.1734 04.48719830105225
1 05988U 67001  T 75131.15132041  .00009037 +00000-0 +00000-0 0  9997
2 05988 026.3666 014.5564 5720805 212.8874 092.9782 04.48771090105312
1 05988U 67001  T 75137.15699862  .00009044 +00000-0 +00000-0 0  9990
2 05988 026.3623 009.2915 5719640 221.7477 076.5196 04.48867780105587
1 05988U 67001  T 75139.15906188  .00009048 +00000-0 +00000-0 0  9998
2 05988 026.3620 007.5307 5719315 224.7102 071.7150 04.48888133105679
1 05988U 67001  T 75144.05329700  .00009062 +00000-0 +00000-0 0  9998
2 05988 026.3620 003.2545 5718504 231.9179 061.3485 04.48964494105894
1 05988U 67001  T 75146.05556725  .00009062 +00000-0 +00000-0 0  9999
2 05988 026.3639 001.5053 5717992 234.8696 057.6004 04.48988641105980
1 05988U 67001  T 75178.97950217  .00006838 +00000-0 +00000-0 0  9997
2 05988 026.3751 332.5001 5718101 283.7528 021.5867 04.49443618107479
1 05988U 67001  T 75181.42599961  .00006627 +00000-0 +00000-0 0  9992
2 05988 026.3863 330.3350 5715515 287.3346 020.1161 04.49472808107576
1 05988U 67001  T 75181.42600869  .00006733 +00000-0 +00000-0 0  9990
2 05988 026.3842 330.3368 5717611 287.3729 020.0857 04.49467221107570
1 05988U 67001  T 75195.43436000  .00006791 +00000-0 +00000-0 0  9994
2 05988 026.3902 317.9894 5714933 308.0731 012.9046 04.49712239108203
1 05988U 67001  T 75207.43601513  .00008525 +00000-0 +00000-0 0  9998
2 05988 026.3813 307.4032 5713038 325.8773 007.9906 04.49931520108744
1 05988U 67001  T 75210.32447332  .00008849 +00000-0 +00000-0 0  9996
2 05988 026.3794 304.8698 5709451 330.1978 006.9152 04.49989874108872
1 05988U 67001  T 75213.21266173  .00009111 +00000-0 +00000-0 0  9992
2 05988 026.3849 302.3516 5707777 334.4580 005.8781 04.50034932109000
1 05988U 67001  T 75215.43416590  .00009294 +00000-0 +00000-0 0  9990
2 05988 026.3859 300.4029 5707232 337.7503 005.0916 04.50068057109104
1 05988U 67001  T 75217.43335865  .00008810 +00000-0 +00000-0 0  9990
2 05988 026.3795 298.6347 5708539 340.6855 004.3979 04.50102270109194
1 05988U 67001  T 75219.43236823  .00009056 +00000-0 +00000-0 0  9999
2 05988 026.3888 296.9020 5707762 343.6293 003.7146 04.50146258109285
1 05988U 67001  T 75221.20910114  .00009225 +00000-0 +00000-0 0  9997
2 05988 026.3872 295.3539 5706966 346.2536 003.1115 04.50186416109369
1 05988U 67001  T 75223.20773743  .00009315 +00000-0 +00000-0 0  9994
2 05988 026.3877 293.6026 5706112 349.2051 002.4385 04.50231688109457
1 05988U 67001  T 75224.31800077  .00009417 +00000-0 +00000-0 0  9991
2 05988 026.3757 292.6116 5705924 350.8640 002.0619 04.50259745109501
1 05988U 67001  T 75229.42450235  .00010854 +00000-0 +00000-0 0  9992
2 05988 026.3767 288.1352 5703361 358.4424 000.3541 04.50369122109732
1 05988U 67001  T 75232.31024690  .00010258 +00000-0 +00000-0 0  9994
2 05988 026.3595 285.5683 5704494 002.7113 359.3948 04.50426309109864
1 05988U 67001  T 75234.30788848  .00010390 +00000-0 +00000-0 0  9994
2 05988 026.3527 283.8002 5704370 005.6797 358.7266 04.50459861109953
1 05988U 67001  T 75238.30264946  .00010470 +00000-0 +00000-0 0  9995
2 05988 026.3394 280.2597 5703191 011.6200 357.3796 04.50532914110137
1 05988U 67001  T 75240.29979796  .00010472 +00000-0 +00000-0 0  9994
2 05988 026.3366 278.4969 5702896 014.5815 356.7010 04.50569082110221
1 05988U 67001  T 75242.29677341  .00010534 +00000-0 +00000-0 0  9996
2 05988 026.3324 276.7378 5702058 017.5422 356.0152 04.50606964110318
1 05988U 67001  T 75244.29356429  .00009352 +00000-0 +00000-0 0  9995
2 05988 026.3377 275.0366 5700020 020.5225 355.3143 04.50644403110409
1 05988U 67001  T 75247.17744393  .00009409 +00000-0 +00000-0 0  9999
2 05988 026.3370 272.5065 5699710 024.7851 354.2988 04.50710819110538
1 05988U 67001  T 75248.28651949  .00009446 +00000-0 +00000-0 0  9997
2 05988 026.3264 271.4931 5699545 026.4649 353.8921 04.50734635110589
1 05988U 67001  T 75251.39162491  .00009533 +00000-0 +00000-0 0  9999
2 05988 026.3126 268.7425 5698652 031.0809 352.7514 04.50802400110729
1 05988U 67001  T 75253.16575524  .00010037 +00000-0 +00000-0 0  9992
2 05988 026.3109 267.1631 5698496 033.7305 352.0813 04.50844009110803
1 05988U 67001  T 75259.15232894  .00010034 +00000-0 +00000-0 0  9994
2 05988 026.2973 261.8852 5697358 042.6058 349.7279 04.50954142111076
1 05988U 67001  T 75260.26079128  .00010515 +00000-0 +00000-0 0  9991
2 05988 026.3025 260.8990 5696893 044.2764 349.2625 04.50977570111128
1 05988U 67001  T 75262.03423453  .00010227 +00000-0 +00000-0 0  9992
2 05988 026.2994 259.3144 5697074 046.9157 348.5149 04.51000759111202
1 05988U 67001  T 75262.25587795  .00009925 +00000-0 +00000-0 0  9999
2 05988 026.2904 259.1464 5697044 047.2170 348.4279 04.51016680111216
1 05988U 67001  T 75266.24564215  .00008811 +00000-0 +00000-0 0  9997
2 05988 026.2959 255.5744 5696959 053.1463 346.6615 04.51072411111399
1 05988U 67001  T 75270.23487235  .00007951 +00000-0 +00000-0 0  9991
2 05988 026.2687 252.1568 5692960 059.0354 344.7579 04.51122675111572
1 05988U 67001  T 75271.34291315  .00007566 +00000-0 +00000-0 0  9998
2 05988 026.2611 251.1866 5692780 060.6699 344.2081 04.51133385111628
1 05988U 67001  T 75275.33139224  .00007117 +00000-0 +00000-0 0  9993
2 05988 026.2696 247.6078 5693925 066.6169 342.1106 04.51184489111802
1 05988U 67001  T 75277.32540131  .00007025 +00000-0 +00000-0 0  9995
2 05988 026.2675 245.8332 5693724 069.5696 340.9944 04.51211207111890
1 05988U 67001  T 75281.97744797  .00007043 +00000-0 +00000-0 0  9995
2 05988 026.2661 241.7112 5692547 076.4888 338.1592 04.51277210112107
1 05988U 67001  T 75284.19235133  .00007242 +00000-0 +00000-0 0  9992
2 05988 026.2646 239.7603 5691756 079.7732 336.6913 04.51312968112208
1 05988U 67001  T 75285.29966447  .00007913 +00000-0 +00000-0 0  9998
2 05988 026.2589 238.7270 5690294 081.4329 335.9076 04.51339305112252
1 05988U 67001  T 75287.29281137  .00007591 +00000-0 +00000-0 0  9998
2 05988 026.2647 236.9996 5691258 084.3970 334.4780 04.51365648112342
1 05988U 67001  T 75289.28574704  .00007685 +00000-0 +00000-0 0  9998
2 05988 026.2599 235.2348 5690774 087.3472 332.9613 04.51397450112437
1 05988U 67001  T 75293.27103996  .00007755 +00000-0 +00000-0 0  9991
2 05988 026.2614 231.7086 5689915 093.2772 329.6355 04.51459920112616
1 05988U 67001  T 75296.15655275  .00007751 +00000-0 +00000-0 0  9999
2 05988 026.2607 230.9217 5689697 094.5937 328.8411 04.51473538112748
1 05988U 67001  T 75297.25554463  .00007660 +00000-0 +00000-0 0  9997
2 05988 026.2586 228.1921 5688859 099.1891 325.8892 04.51519753112799
1 05988U 67001  T 75299.24753331  .00007448 +00000-0 +00000-0 0  9997
2 05988 026.2552 226.4389 5687983 102.1455 323.8263 04.51545303112889
1 05988U 67001  T 75301.23927257  .00007411 +00000-0 +00000-0 0  9990
2 05988 026.2549 224.6786 5687278 105.1124 321.6181 04.51574246112972
1 05988U 67001  T 75303.23082685  .00007279 +00000-0 +00000-0 0  9991
2 05988 026.2546 222.9187 5686875 108.0737 319.2657 04.51600502113066
1 05988U 67001  T 75308.98276850  .00007339 +00000-0 +00000-0 0  9994
2 05988 026.2552 217.7890 5685158 116.6401 311.4703 04.51686081113323
1 05988U 67001  T 75311.19446660  .00007628 +00000-0 +00000-0 0  9990
2 05988 026.2690 215.8574 5684905 119.8523 308.1206 04.51725538113426
1 05988U 67001  T 75313.84780118  .00008733 +00000-0 +00000-0 0  9991
2 05988 026.2674 213.4921 5682980 123.8800 303.5159 04.51787751113546
1 05988U 67001  T 75315.17431640  .00008915 +00000-0 +00000-0 0  9994
2 05988 026.2671 212.3342 5683176 125.8359 301.1298 04.51814771113605
1 05988U 67001  T 75317.16385885  .00008939 +00000-0 +00000-0 0  9990
2 05988 026.2689 210.5882 5683131 128.7698 297.3278 04.51850823113693
1 05988U 67001  T 75318.93200729  .00009080 +00000-0 +00000-0 0  9997
2 05988 026.2675 209.0455 5682535 131.3957 293.6821 04.51886143113778
1 05988U 67001  T 75320.03695535  .00009234 +00000-0 +00000-0 0  9995
2 05988 026.2524 208.0617 5681343 133.0414 291.2659 04.51908844113825
1 05988U 67001  T 75327.98933837  .00009534 +00000-0 +00000-0 0  9999
2 05988 026.2559 201.0575 5679307 144.8690 271.0265 04.52063452114189
1 05988U 67001  T 75329.75567289  .00009702 +00000-0 +00000-0 0  9997
2 05988 026.2539 199.4635 5678319 147.4905 265.7743 04.52100520114262
1 05988U 67001  T 75330.85952803  .00009956 +00000-0 +00000-0 0  9991
2 05988 026.2677 198.5478 5679091 149.0506 262.5313 04.52128040114314
1 05988U 67001  T 75331.96319290  .00010065 +00000-0 +00000-0 0  9994
2 05988 026.2657 197.5530 5678372 150.6935 258.9838 04.52151757114362
1 05988U 67001  T 75333.94948526  .00010082 +00000-0 +00000-0 0  9993
2 05988 026.2630 195.8172 5678300 153.6632 252.3015 04.52192034114452
1 05988U 67001  T 75336.81799838  .00010113 +00000-0 +00000-0 0  9997
2 05988 026.2704 193.2934 5677600 157.8652 242.2187 04.52249787114582
1 05988U 67001  T 75341.89096401  .00010003 +00000-0 +00000-0 0  9995
2 05988 026.2649 188.8270 5676529 165.4253 222.4007 04.52350103114816
1 05988U 67001  T 75344.75730941  .00009995 +00000-0 +00000-0 0  9995
2 05988 026.2641 186.2978 5676028 169.6878 210.4304 04.52407458114945
1 05988U 67001  T 75347.84349438  .00010233 +00000-0 +00000-0 0  9992
2 05988 026.2612 183.5944 5674583 174.2254 197.2342 04.52474458115084
1 05988U 67001  T 75348.72512193  .00010271 +00000-0 +00000-0 0  9992
2 05988 026.2612 182.8179 5674467 175.5331 193.3724 04.52493454115131
1 05988U 67001  T 75349.82704115  .00010318 +00000-0 +00000-0 0  9993
2 05988 026.2575 181.8386 5674099 177.2021 188.4188 04.52516981115178
1 05988U 67001  T 75351.81041999  .00010377 +00000-0 +00000-0 0  9994
2 05988 026.2571 180.0950 5673832 180.1496 179.6333 04.52559282115271
1 05988U 67001  T 75355.99701543  .00010449 +00000-0 +00000-0 0  9995
2 05988 026.2569 176.3863 5672273 186.3718 161.1778 04.52647918115455
1 05988U 67001  T 75361.94591759  .00009835 +00000-0 +00000-0 0  9990
2 05988 026.2712 171.0828 5670722 195.1838 136.1357 04.52756895115726
1 05988U 67001  T 76001.79295682  .00010209 +00000-0 +00000-0 0  9998
2 05988 026.2724 166.8119 5669129 202.3258 117.5531 04.52862993115948
1 05988U 67001  T 76004.87718915  .00010463 +00000-0 +00000-0 0  9991
2 05988 026.2787 164.0529 5669461 206.9796 106.4773 04.52943321116084
1 05988U 67001  T 76007.96177196  .00011324 +00000-0 +00000-0 0  9991
2 05988 026.2817 161.3472 5667619 211.4928 096.6188 04.53017527116223
1 05988U 67001  T 76010.82588767  .00011549 +00000-0 +00000-0 0  9999
2 05988 026.2871 158.8014 5671174 215.8417 087.8497 04.53079573116356
1 05988U 67001  T 76011.92761993  .00011233 +00000-0 +00000-0 0  9995
2 05988 026.2848 157.8564 5669197 217.3925 084.9583 04.53104809116403
1 05988U 67001  T 76021.84180307  .00012494 +00000-0 +00000-0 0  9991
2 05988 026.2889 149.0709 5671608 232.2692 061.5666 04.53362600116856
1 05988U 67001  T 76025.80740213  .00012185 +00000-0 +00000-0 0  9996
2 05988 026.3001 145.5478 5669942 238.1466 054.4023 04.53453996117037
1 05988U 67001  T 76077.10370397  .00010394 +00000-0 +00000-0 0  9998
2 05988 026.3144 099.8175 5678830 314.9511 011.0489 04.54521692119363
1 05988U 67001  T 76088.97813463  .00010536 +00000-0 +00000-0 0  9999
2 05988 026.3211 089.1591 5674658 332.8345 006.3506 04.54774313119907
1 05988U 67001  T 76092.05563736  .00010594 +00000-0 +00000-0 0  9992
2 05988 026.3281 086.4612 5676513 337.4506 005.2231 04.54841612120047
1 05988U 67001  T 76094.03365182  .00010766 +00000-0 +00000-0 0  9998
2 05988 026.3280 084.6977 5676247 340.4181 004.5154 04.54891766120138
1 05988U 67001  T 76130.04096935  .00012309 +00000-0 +00000-0 0  9992
2 05988 026.3254 052.4575 5672065 034.5783 351.7834 04.55806056121771
1 05988U 67001  T 76137.93559407  .00012185 +00000-0 +00000-0 0  9997
2 05988 026.3341 045.3779 5671645 046.5438 348.5142 04.55992023122135
1 05988U 67001  T 76158.97151466  .00011579 +00000-0 +00000-0 0  9993
2 05988 026.3470 026.4449 5670893 078.4179 337.1407 04.56458240123095
1 05988U 67001  T 76161.81815764  .00011313 +00000-0 +00000-0 0  9994
2 05988 026.3395 023.8759 5670864 082.6204 335.1775 04.56516461123221
1 05988U 67001  T 76165.75881524  .00011298 +00000-0 +00000-0 0  9990
2 05988 026.3395 020.3393 5670300 088.5706 332.1197 04.56605171123406
1 05988U 67001  T 76173.85536571  .00013030 +00000-0 +00000-0 0  9995
2 05988 026.3346 013.0808 5671922 100.8957 324.5343 04.56828960123770
1 05988U 67001  T 76179.97889517  .00013464 +00000-0 +00000-0 0  9996
2 05988 026.3490 007.5075 5669792 110.1971 317.2706 04.57001278124056
1 05988U 67001  T 76193.74345586  .00015598 +00000-0 +00000-0 0  9990
2 05988 026.3526 355.1032 5669470 131.1191 293.8842 04.57439500124683
1 05988U 67001  T 76195.70813560  .00015455 +00000-0 +00000-0 0  9992
2 05988 026.3561 353.3025 5669013 134.0992 289.4913 04.57498501124774
1 05988U 67001  T 76200.72680234  .00015716 +00000-0 +00000-0 0  9991
2 05988 026.3551 348.7682 5668425 141.7360 276.7541 04.57660694125007
1 05988U 67001  T 76210.53687059  .00015655 +00000-0 +00000-0 0  9995
2 05988 026.3569 339.9459 5667322 156.6521 245.0768 04.57967843125454
1 05988U 67001  T 76221.42300625  .00016172 +00000-0 +00000-0 0  9991
2 05988 026.3569 330.1168 5665172 173.1856 200.2490 04.58329668125958
1 05988U 67001  T 76224.46874090  .00016622 +00000-0 +00000-0 0  9990
2 05988 026.3569 327.3637 5664550 177.8165 186.5779 04.58443066126091
1 05988U 67001  T 76226.42620356  .00017556 +00000-0 +00000-0 0  9999
2 05988 026.3568 325.5936 5664139 180.7938 177.7174 04.58530759126183
1 05988U 67001  T 76229.68826018  .00017688 +00000-0 +00000-0 0  9999
2 05988 026.3760 322.6057 5662205 185.7036 163.1785 04.58648305126336
1 05988U 67001  T 76235.77593996  .00017388 +00000-0 +00000-0 0  9999
2 05988 026.3759 317.1003 5660847 194.9615 136.8286 04.58853074126614
1 05988U 67001  T 76238.60176396  .00015054 +00000-0 +00000-0 0  9993
2 05988 026.3794 314.4822 5664978 199.5315 124.6559 04.58910259126740
1 05988U 67001  T 76241.64494959  .00016605 +00000-0 +00000-0 0  9992
2 05988 026.3794 311.7239 5664401 204.1696 113.1212 04.59031115126888
1 05988U 67001  T 76255.55585861  .00015813 +00000-0 +00000-0 0  9990
2 05988 026.3841 299.1007 5660676 225.3443 071.6020 04.59461174127527
1 05988U 67001  T 76260.55468299  .00015245 +00000-0 +00000-0 0  9990
2 05988 026.3841 294.5640 5659681 232.9725 060.8247 04.59599105127752
1 05988U 67001  T 76260.55472912  .00014381 +00000-0 +00000-0 0  9997
2 05988 026.3721 294.5304 5660317 233.0813 060.6752 04.59581947127758
1 05988U 67001  T 76263.59736322  .00014119 +00000-0 +00000-0 0  9991
2 05988 026.3721 291.7673 5659766 237.7279 055.0238 04.59662263127892
1 05988U 67001  T 76266.63970376  .00013942 +00000-0 +00000-0 0  9991
2 05988 026.3653 288.9853 5660884 242.4591 049.8574 04.59744679128030
1 05988U 67001  T 76272.50603197  .00014729 +00000-0 +00000-0 0  9992
2 05988 026.3661 283.6318 5659855 251.4491 041.5344 04.59934261128304
1 05988U 67001  T 76275.54729350  .00014946 +00000-0 +00000-0 0  9990
2 05988 026.3661 280.8654 5659291 256.1019 037.8573 04.60031584128443
1 05988U 67001  T 76277.50216550  .00015061 +00000-0 +00000-0 0  9990
2 05988 026.3661 279.0866 5658923 259.0935 035.6864 04.60094377128536
1 05988U 67001  T 76280.54260435  .00016156 +00000-0 +15633-2 0  9995
2 05988 026.3798 276.2858 5655801 263.8192 032.5570 04.60211188128673
1 05988U 67001  T 76282.49699578  .00015731 +00000-0 +00000-0 0  9993
2 05988 026.3797 274.5081 5655403 266.8084 030.7159 04.60267665128766
1 05988U 67001  T 76315.88535159  .00024005 +00000-0 +00000-0 0  9991
2 05988 026.3458 243.8756 5643296 318.3661 010.2277 04.61871853130307
1 05988U 67001  T 76320.86230405  .00026239 +00000-0 +00000-0 0  9992
2 05988 026.3458 239.3281 5641794 326.0168 008.1700 04.62145874130539
1 05988U 67001  T 76324.75522824  .00027138 +00000-0 +00000-0 0  9992
2 05988 026.3152 235.7295 5637584 332.0296 006.6412 04.62367651130718
1 05988U 67001  T 76332.75182486  .00027259 +00000-0 +00000-0 0  9991
2 05988 026.2949 228.3652 5633823 344.4479 003.6256 04.62807566131086
1 05988U 67001  T 76341.82037021  .00025530 +00000-0 +00000-0 0  9993
2 05988 026.2832 220.0662 5630011 358.5034 000.3503 04.63271859131503
1 05988U 67001  T 76345.70405790  .00026308 +00000-0 +00000-0 0  9990
2 05988 026.2835 216.5261 5627388 004.4910 358.9650 04.63481984131680
1 05988U 67001  T 76348.72329782  .00030645 +00000-0 +00000-0 0  9990
2 05988 026.2811 213.7715 5625144 009.2033 357.8677 04.63683750131822
1 05988U 67001  T 76350.87931738  .00027141 +00000-0 +00000-0 0  9996
2 05988 026.2810 211.7941 5624312 012.5329 357.0860 04.63777998131926
1 05988U 67001  T 77003.61151756  .00026548 +00000-0 +00000-0 0  9998
2 05988 026.2358 194.5308 5618292 041.6294 346.6468 04.64761487132793
1 05988U 67001  T 77009.63441549  .00024622 +00000-0 +00000-0 0  9999
2 05988 026.1996 188.9887 5615659 050.8281 346.6281 04.65041018133078
1 05988U 67001  T 77010.70943035  .00024622 +00000-0 +00000-0 0  9996
2 05988 026.1996 187.9984 5615326 052.4976 346.4641 04.65093956133127
1 05988U 67001  T 77011.78410334  .00015727 +00000-0 +00000-0 0  9992
2 05988 026.2149 186.8994 5617297 054.3254 345.0604 04.65051869133172
1 05988U 67001  T 77011.78410335  .00024622 +00000-0 +00000-0 0  9997
2 05988 026.1996 187.0083 5614993 054.1668 345.9326 04.65146876133173
1 05988U 67001  T 77016.72791018  .00017460 +00000-0 +00000-0 0  9998
2 05988 026.2370 182.2621 5618568 062.0201 343.5363 04.65229679133402
1 05988U 67001  T 77022.74282646  .00018315 +00000-0 +00000-0 0  9999
2 05988 026.2306 176.6928 5615287 071.4362 340.0304 04.65457865133682
1 05988U 67001  T 77026.60767095  .00017789 +00000-0 +00000-0 0  9998
2 05988 026.2345 173.1226 5615582 077.4507 336.9027 04.65586374133867
1 05988U 67001  T 77034.76319098  .00023721 +00000-0 +00000-0 0  9993
2 05988 026.1969 165.6175 5611746 090.1364 331.2497 04.65940109134240
1 05988U 67001  T 77041.41053419  .00018343 +00000-0 +00000-0 0  9999
2 05988 026.2008 159.4002 5608566 100.4940 323.7166 04.66155338134552
1 05988U 67001  T 77048.69697295  .00017549 +00000-0 +00000-0 0  9999
2 05988 026.2023 152.6646 5607321 111.8769 314.8301 04.66409276134893
1 05988U 67001  T 77051.69572311  .00017164 +00000-0 +00000-0 0  9997
2 05988 026.2023 149.8910 5606660 116.5529 310.3823 04.66506258135031
1 05988U 67001  T 77053.62302578  .00017016 +00000-0 +00000-0 0  9994
2 05988 026.1903 148.1143 5605048 119.6067 307.3148 04.66569780135122
1 05988U 67001  T 77055.33576600  .00015896 +00000-0 +00000-0 0  9997
2 05988 026.1902 146.5298 5604681 122.2782 303.9924 04.66607066135203
1 05988U 67001  T 77058.33261936  .00009379 +00000-0 +00000-0 0  9992
2 05988 026.2156 143.6622 5603339 126.9278 298.0237 04.66642401135342
1 05988U 67001  T 77069.24369867  .00009743 +00000-0 +00000-0 0  9991
2 05988 026.2156 133.5726 5602053 143.9340 271.7171 04.66850683135850
1 05988U 67001  T 77079.28840608  .00009996 +00000-0 +00000-0 0  9993
2 05988 026.2156 124.2784 5600824 159.5995 236.9650 04.67048677136325
1 05988U 67001  T 77082.27857669  .00009491 +00000-0 +00000-0 0  9991
2 05988 026.2156 121.5100 5600448 164.2657 224.6854 04.67096788136468
1 05988U 67001  T 77084.20056338  .00008978 +00000-0 +00000-0 0  9999
2 05988 026.2156 119.7304 5600219 167.2653 216.5707 04.67122998136558
1 05988U 67001  T 77085.26825746  .00008389 +00000-0 +00000-0 0  9999
2 05988 026.2398 118.7273 5594971 168.8511 211.9854 04.67132883136609
1 05988U 67001  T 77088.25739907  .00007505 +00000-0 +00000-0 0  9993
2 05988 026.2386 115.9619 5596086 173.5705 198.8162 04.67167448136741
1 05988U 67001  T 77095.51482915  .00007101 +00000-0 +00000-0 0  9996
2 05988 026.2444 109.2366 5592689 184.8167 165.6161 04.67266352137086
1 05988U 67001  T 77106.40035314  .00006926 +00000-0 +00000-0 0  9998
2 05988 026.2535 099.1443 5592152 201.8726 119.5991 04.67414254137597
1 05988U 67001  T 77112.37758372  .00006537 +00000-0 +00000-0 0  9995
2 05988 026.2535 093.6177 5591631 211.1826 098.1319 04.67487513137871
1 05988U 67001  T 77117.28845771  .00006049 +00000-0 +00000-0 0  9998
2 05988 026.2690 089.0461 5587757 218.7698 083.2947 04.67540669138103
1 05988U 67001  T 77121.34599998  .00005683 +00000-0 +00000-0 0  9990
2 05988 026.2690 085.2980 5587448 225.0825 072.9426 04.67581423138297
1 05988U 67001  T 77136.29742109  .00005638 +00000-0 +00000-0 0  9994
2 05988 026.2932 071.4396 5589090 248.4750 044.7954 04.67745099138996
1 05988U 67001  T 77142.27876783  .00006054 +00000-0 +00000-0 0  9998
2 05988 026.2932 065.9075 5588666 257.7890 037.5893 04.67822451139276
1 05988U 67001  T 77154.02683146  .00005346 +00000-0 +00000-0 0  9996
2 05988 026.2878 055.0294 5587231 276.0664 025.8197 04.67946006139829
1 05988U 67001  T 77187.55201709  .00018477 +00000-0 +00000-0 0  9990
2 05988 026.2732 023.7588 5588317 328.6506 010.4104 04.68615679141394
1 05988U 67001  T 77192.67173003  .00009499 +00000-0 +00000-0 0  9998
2 05988 026.3018 019.0382 5588943 336.6252 005.5760 04.68563105141630
1 05988U 67001  T 77196.51210407  .00008124 +00000-0 +00000-0 0  9999
2 05988 026.3018 015.4722 5588485 342.6283 003.9705 04.68620034141816
1 05988U 67001  T 77205.68459423  .00008629 +00000-0 +00000-0 0  9991
2 05988 026.3018 006.9539 5587550 356.9683 000.9305 04.68780581142246
1 05988U 67001  T 77212.50834438  .00009315 +00000-0 +00000-0 0  9996
2 05988 026.2889 000.5900 5584165 007.7453 358.4302 04.68913566142562
1 05988U 67001  T 77219.54319383  .00009826 +00000-0 +00000-0 0  9991
2 05988 026.2883 354.0687 5583805 018.7675 355.7543 04.69056081142897
1 05988U 67001  T 77228.49343826  .00009148 +00000-0 +00000-0 0  9991
2 05988 026.2852 345.6780 5586652 032.7881 351.6203 04.69214555143319
1 05988U 67001  T 77235.52392441  .00009535 +00000-0 +00000-0 0  9990
2 05988 026.2852 339.1325 5585846 043.8096 349.1260 04.69352365143640
1 05988U 67001  T 77245.53264887  .00009260 +00000-0 +00000-0 0  9999
2 05988 026.2673 329.7218 5588622 059.5574 344.0816 04.69542064144118
1 05988U 67001  T 77250.21599480  .00008830 +00000-0 +00000-0 0  9992
2 05988 026.2673 325.3510 5588079 066.9190 341.1340 04.69618959144338
1 05988U 67001  T 77262.34576414  .00012989 +00000-0 +00000-0 0  9991
2 05988 026.2456 314.0221 5586737 085.9958 333.6239 04.69901873144909
1 05988U 67001  T 77269.36207995  .00019554 +00000-0 +21539-2 0  9992
2 05988 026.2482 307.3969 5587719 097.2442 326.5057 04.70190785145237
1 05988U 67001  T 77280.19553937  .00020054 +00000-0 +21837-2 0  9994
2 05988 026.2413 297.1264 5585312 114.4029 312.5473 04.70624229145743
1 05988U 67001  T 77286.34928794  .00021773 +00000-0 +22684-2 0  9994
2 05988 026.2522 291.5297 5585024 124.0580 301.9601 04.70910262146030
1 05988U 67001  T 77293.13379029  .00034503 +00000-0 +38421-2 0  9991
2 05988 026.2542 284.7908 5579232 134.7451 291.2311 04.71443893146350
1 05988U 67001  T 77304.13076176  .00048376 +00000-0 +48149-2 0  9992
2 05988 026.2455 274.6629 5576736 152.3488 254.5261 04.72438226146871
1 05988U 67001  T 77307.08646933  .00043897 +00000-0 +45616-2 0  9992
2 05988 026.2584 271.7397 5573682 157.0955 242.8030 04.72686755147015
1 05988U 67001  T 77315.10000189  .00048513 +00000-0 +47770-2 0  9994
2 05988 026.2396 264.3301 5570776 169.6761 209.5994 04.73432794147397
1 05988U 67001  T 77318.04852153  .00051602 +00000-0 +50309-2 0  9991
2 05988 026.2365 261.5351 5569071 174.3848 196.7567 04.73752056147537
1 05988U 67001  T 77320.99408131  .00059711 +00000-0 +52353-2 0  9991
2 05988 026.2371 258.6887 5570201 179.2717 182.6262 04.74133152147673
1 05988U 67001  T 77328.13911967  .00055329 +00000-0 +48571-2 0  9999
2 05988 026.2286 251.8847 5565061 190.7199 149.3387 04.74939573148017
1 05988U 67001  T 77333.17781427  .00055255 +00000-0 +47292-2 0  9992
2 05988 026.2295 247.0202 5562949 198.8501 127.7854 04.75403777148255
1 05988U 67001  T 77336.53413518  .00051394 +00000-0 +44177-2 0  9997
2 05988 026.2252 243.8110 5560780 204.2500 113.7441 04.75725142148410
1 05988U 67001  T 77345.12799570  .00048996 +00000-0 +42215-2 0  9992
2 05988 026.2420 235.5201 5555328 218.1274 084.9803 04.76574107148820
1 05988U 67001  T 77356.01088316  .00039817 +00000-0 +32464-2 0  9998
2 05988 026.2368 225.0595 5550956 235.7314 057.6592 04.77557855149345
1 05988U 67001  T 77359.14837845  .00031401 +00000-0 +24261-2 0  9991
2 05988 026.2361 222.0324 5551624 240.8574 052.4887 04.77732411149492
1 05988U 67001  T 78002.09177239  .00032816 +00000-0 +25791-2 0  9995
2 05988 026.2133 214.3484 5547772 253.7562 041.2968 04.78251640149878
1 05988U 67001  T 78030.45170562  .00031945 +00000-0 +26618-2 0  9999
2 05988 026.2441 186.7870 5535042 300.0992 001.4697 04.79965331151231
1 05988U 67001  T 78054.38330822 -.00333765 +00000-0 +31595-2 0  9990
2 05988 026.2203 163.5000 5523541 339.4109 005.3146 04.81393258152387
1 05988U 67001  T 78058.32797192 -.00535787 +00000-0 +36863-2 0  9996
2 05988 026.2228 159.6660 5521045 345.8687 004.1109 04.81738097152572
1 05988U 67001  T 78063.72101636 -.00645320 +00000-0 +44596-2 0  9995
2 05988 026.2437 154.4788 5515749 354.6932 002.3201 04.82259670152831
1 05988U 67001  T 78091.42269918  .00054775 +00000-0 +53389-2 0  9998
2 05988 026.2109 127.2468 5495518 040.4789 012.4701 04.85370594154168
1 05988U 67001  T 78106.20873125  .00066599 +00000-0 +63736-2 0  9996
2 05988 026.1978 112.6640 5483710 065.0065 341.0437 04.87337734077232
1 05988U 67001  T 78108.25957507  .00070027 +00000-0 +66826-2 0  9994
2 05988 026.1984 110.6926 5481848 068.3521 340.3024 04.87646469077330
1 05988U 67001  T 78114.19885775  .00069637 +00000-0 +66372-2 0  9992
2 05988 026.1991 104.8119 5476760 078.2495 335.5245 04.88461080077622
1 05988U 67001  T 78118.90219976  .00068569 +00000-0 +65191-2 0  9990
2 05988 026.1862 100.1157 5472871 086.1695 331.4669 04.89095180077854
1 05988U 67001  T 78121.14943576  .00067236 +00000-0 +64083-2 0  9999
2 05988 026.1869 097.8822 5470996 089.9307 329.2695 04.89380118077963
1 05988U 67001  T 78123.19122258  .00068246 +00000-0 +64809-2 0  9990
2 05988 026.1877 095.8514 5469324 093.3506 327.5707 04.89665363078066
1 05988U 67001  T 78125.02752636  .00074565 +00000-0 +69873-2 0  9990
2 05988 026.1884 094.0234 5467791 096.4287 325.9671 04.89979913078151
1 05988U 67001  T 78130.12171869  .00072496 +00000-0 +65580-2 0  9992
2 05988 026.2138 088.9402 5464386 104.9526 318.7723 04.90720235078400
1 05988U 67001  T 78137.03830819  .00068345 +00000-0 +62626-2 0  9992
2 05988 026.2273 082.0549 5458278 116.5739 308.3449 04.91623176078749
1 05988U 67001  T 78140.08506139  .00063291 +00000-0 +58908-2 0  9999
2 05988 026.2298 079.0047 5455629 121.7052 301.9431 04.91960320078899
1 05988U 67001  T 78149.00740977  .00063057 +00000-0 +59163-2 0  9994
2 05988 026.2379 070.0559 5448392 136.7419 281.6718 04.93070299079331
1 05988U 67001  T 78150.01995508  .00061309 +00000-0 +57815-2 0  9999
2 05988 026.2390 069.0395 5447546 138.4527 279.0678 04.93177657079386
1 05988U 67001  T 78152.04382976  .00058288 +00000-0 +55471-2 0  9991
2 05988 026.2412 067.0072 5445897 141.8730 272.9636 04.93390639079486
1 05988U 67001  T 78154.06667434  .00060527 +00000-0 +57480-2 0  9991
2 05988 026.2435 064.9753 5444319 145.2930 267.0933 04.93652578079580
1 05988U 67001  T 78155.07734701  .00062747 +00000-0 +59430-2 0  9998
2 05988 026.2447 063.9597 5443495 147.0027 263.6345 04.93797702079633
1 05988U 67001  T 78156.89584520  .00066009 +00000-0 +62325-2 0  9993
2 05988 026.2468 062.1314 5441953 150.0803 257.3735 04.94059294079728
1 05988U 67001  T 78159.92413418  .00065086 +00000-0 +62015-2 0  9997
2 05988 026.2503 059.0841 5439235 155.2087 245.5293 04.94441660079875
1 05988U 67001  T 78187.07694622  .00075447 +00000-0 +79948-2 0  9997
2 05988 026.2871 031.5307 5414577 201.4234 124.4839 04.97752912081215
1 05988U 67001  T 78190.08145624  .00060212 +00000-0 +64593-2 0  9999
2 05988 026.2815 028.4972 5412139 206.5566 109.8661 04.98079329081363
1 05988U 67001  T 78192.08502533  .00054835 +00000-0 +61993-2 0  9992
2 05988 026.2758 026.5021 5409002 209.8970 103.0119 04.98269483081460
1 05988U 67001  T 78192.88641252  .00059622 +00000-0 +67017-2 0  9994
2 05988 026.2762 025.6899 5408393 211.2657 100.7798 04.98398138081501
1 05988U 67001  T 78194.88849763  .00054709 +00000-0 +63186-2 0  9997
2 05988 026.2779 023.6607 5406298 214.6856 093.2867 04.98571471081601
1 05988U 67001  T 78202.89108640  .00061827 +00000-0 +75560-2 0  9998
2 05988 026.2859 015.5246 5397829 228.4232 071.4711 04.99571841082002
1 05988U 67001  T 78301.38136964  .00002318 +00000-0 +30952-3 0  9999
2 05988 026.2244 274.2228 5348637 039.0799 351.3208 05.06876597086944
1 05988U 67001  T 78313.99760488  .00032270 +00000-0 +43061-2 0  9997
2 05988 026.2049 261.0746 5344596 061.1547 343.3281 05.07508033087584
1 05988U 67001  T 78321.08433972  .00030615 +00000-0 +41280-2 0  9993
2 05988 026.2049 253.7111 5341504 073.5599 336.5105 05.07937948087948
1 05988U 67001  T 78323.05212511  .00029431 +00000-0 +39871-2 0  9993
2 05988 026.2049 251.6655 5340689 077.0081 334.9681 05.08039189088040
1 05988U 67001  T 78338.18898428  .00025681 +00000-0 +35588-2 0  9994
2 05988 026.1915 235.8839 5335174 103.5240 318.6857 05.08780013088812
1 05988U 67001  T 78346.04095734  .00026281 +00000-0 +36559-2 0  9993
2 05988 026.1915 227.7003 5332445 117.3147 306.2224 05.09190133089217
1 05988U 67001  T 78361.71778228  .00025063 +00000-0 +35393-2 0  9992
2 05988 026.1915 211.3333 5326875 144.8810 265.8848 05.09984810090019
1 05988U 67001  T 79016.64747487  .00034506 +00000-0 +49141-2 0  9993
2 05988 026.2406 190.3397 5318375 179.9890 180.1916 05.11277437091035
1 05988U 67001  T 79026.78514556  .00036355 +00000-0 +52032-2 0  9995
2 05988 026.2406 179.7052 5313636 197.8888 132.5763 05.11999888091554
1 05988U 67001  T 79027.75918282  .00036933 +00000-0 +52820-2 0  9994
2 05988 026.2406 178.6825 5313158 199.6119 128.1957 05.12080243091605
1 05988U 67001  T 79028.92799935  .00037827 +00000-0 +54056-2 0  9992
2 05988 026.2406 177.4550 5312575 201.6800 123.1845 05.12177474091660
1 05988U 67001  T 79030.87578725  .00038940 +00000-0 +55294-2 0  9993
2 05988 026.2483 175.3574 5311815 205.2506 115.2731 05.12340253091761
