1 10422U 77102  A 77301.00000005 -.00000856 +00000-0 +00000-0 0  9999
2 10422 028.9540 057.5510 9110570 310.9940 089.3726 00.41854236000032
1 10422U 77102  A 77333.76144444 -.00000276 +00000-0 +00000-0 0  9999
2 10422 030.3830 053.0330 9054230 316.0120 344.0162 00.41827017000165
1 10422U 77102  A 78099.00000000 -.00001278 +00000-0 +00000-0 0  9998
2 10422 037.0310 038.1400 9098530 332.7250 160.0270 00.41846511000700
1 10422U 77102  A 78169.00000005  .00000114 +00000-0 +00000-0 0  9998
2 10422 040.0140 033.0170 8975250 338.5610 264.8380 00.41831475000987
1 10422U 77102  A 78176.00000005 -.00000338 +00000-0 +00000-0 0  9995
2 10422 040.0960 032.6820 8972660 338.8130 239.8820 00.41858220001019
1 10422U 77102  A 78198.32817361 -.00000135 +00000-0 +00000-0 0  9990
2 10422 040.7930 031.3860 8956140 340.1810 003.8290 00.41852292001102
1 10422U 77102  A 78214.41666667 -.00000742 +00000-0 +00000-0 0  9994
2 10422 041.1980 030.5990 8969760 340.9410 268.0800 00.41860638001164
1 10422U 77102  A 78232.00000005 -.00001098 +00000-0 +00000-0 0  9992
2 10422 042.2250 029.3370 8992850 342.2390 036.9250 00.41862193001239
1 10422U 77102  A 78267.00000000 -.00001600 +00000-0 +00000-0 0  9994
2 10422 043.9830 027.2730 9000640 344.6570 268.1280 00.41849516001586
1 10422U 77102  A 78277.14453703 -.00001245 +00000-0 +00000-0 0  9997
2 10422 044.7701 026.6028 9005730 345.4545 355.5750 00.41896495001683
1 10422U 77102  A 78288.00000000 -.00001401 +00000-0 +00000-0 0  9996
2 10422 045.1351 026.0313 8993440 346.1181 190.5845 00.41832290001693
1 10422U 77102  A 78302.00000000 -.00001085 +00000-0 +00000-0 0  9991
2 10422 045.5746 025.3721 8976350 346.9257 139.0659 00.41825789001745
1 10422U 77102  A 78313.00000000 -.00001049 +00000-0 +00000-0 0  9993
2 10422 045.8413 024.9716 8946050 347.4320 355.5844 00.41882663001801
1 10422U 77102  A 78316.00000000 -.00000765 +00000-0 +00000-0 0  9990
2 10422 045.9443 024.7936 8943960 347.6603 087.3319 00.41856460001836
1 10422U 77102  A 78329.69722222 -.00000381 +00000-0 +00000-0 0  9990
2 10422 046.1789 024.3339 8920770 348.1630 350.5048 00.41882530001971
1 10422U 77102  A 79007.00000000 -.00000006 +00000-0 +00000-0 0  9996
2 10422 046.6996 022.8470 8857960 349.5563 243.3507 00.41844717002194
1 10422U 77102  A 79017.00000000 -.00000335 +00000-0 +00000-0 0  9992
2 10422 046.8252 022.5179 8861690 349.7483 352.9482 00.41822797002230
1 10422U 77102  A 79025.00000000 -.00000206 +00000-0 +00000-0 0  9998
2 10422 047.0931 022.1555 8852220 350.1592 075.0820 00.41853784002269
1 10422U 77102  A 79038.58333333 -.00000847 +00000-0 +00000-0 0  9994
2 10422 047.5047 021.6959 8868590 350.5743 321.5146 00.41845923002315
1 10422U 77102  A 79042.00000000 -.00001021 +00000-0 +00000-0 0  9993
2 10422 047.5865 021.5229 8873110 350.6779 116.3877 00.41847908002323
1 10422U 77102  A 79059.89810184 -.00001207 +00000-0 +00000-0 0  9996
2 10422 048.7653 020.8949 8896060 351.3787 350.8396 00.41875404002387
1 10422U 77102  A 79063.00000000 -.00001212 +00000-0 +00000-0 0  9998
2 10422 048.6682 020.6475 8898660 351.7047 038.9352 00.41866028002402
1 10422U 77102  A 79070.00000000 -.00001605 +00000-0 +00000-0 0  9992
2 10422 048.8000 020.4137 8899190 351.9264 013.4950 00.41854450002434
1 10422U 77102  A 79077.00000000 -.00001206 +00000-0 +00000-0 0  9996
2 10422 049.3404 020.1502 8904590 352.3629 346.9093 00.41871345002469
1 10422U 77102  A 79084.00000000 -.00001658 +00000-0 +00000-0 0  9995
2 10422 049.4892 019.9134 8902520 352.5918 321.4403 00.41868943002498
1 10422U 77102  A 79091.00000000 -.00001470 +00000-0 +00000-0 0  9995
2 10422 049.7005 019.6754 8899250 352.9747 295.1441 00.41845462002525
1 10422U 77102  A 79098.00000000 -.00001648 +00000-0 +00000-0 0  9999
2 10422 049.8282 019.4425 8896270 353.1943 269.6256 00.41858232002558
1 10422U 77102  A 79105.00000000 -.00001108 +00000-0 +00000-0 0  9999
2 10422 050.0997 019.2034 8883960 353.6511 243.0741 00.41828766002584
1 10422U 77102  A 79119.00000000 -.00001156 +00000-0 +00000-0 0  9997
2 10422 050.1916 018.7966 8864450 354.1714 191.4156 00.41842452002694
1 10422U 77102  A 79129.62083332 -.00000777 +00000-0 +00000-0 0  9993
2 10422 050.4504 018.4834 8857600 354.5348 350.8223 00.41890746002737
1 10422U 77102  A 79140.00000000 -.00000789 +00000-0 +00000-0 0  9992
2 10422 050.3015 018.1767 8829080 354.8352 114.2509 00.41842663002783
1 10422U 77102  A 79147.00000000 -.00000608 +00000-0 +00000-0 0  9999
2 10422 050.2112 018.0130 8811860 355.0708 088.3538 00.41862744002817
1 10422U 77102  A 79168.00000000 -.00000289 +00000-0 +00000-0 0  9997
2 10422 050.2645 017.4298 8785490 355.5448 011.9115 00.41865903002892
1 10422U 77102  A 79232.43486578  .00000437 +00000-0 +00000-0 0  9998
2 10422 051.2501 015.7094 8804661 356.9382 358.7677 00.41860395003091
1 10422U 77102  A 79244.39131882  .00000437 +00000-0 +00000-0 0  9991
2 10422 051.5357 015.3270 8805892 357.4238 359.1087 00.41846541003141
1 10422U 77102  A 79251.56258203  .00000438 +00000-0 +00000-0 0  9996
2 10422 051.9254 015.1295 8825689 357.6770 359.1104 00.41857096003175
1 10422U 77102  A 79265.91074915  .00000438 +00000-0 +00000-0 0  9996
2 10422 052.4017 014.7390 8839663 358.1983 359.5937 00.41892820003237
1 10422U 77102  A 79273.08501839  .00000438 +00000-0 +00000-0 0  9993
2 10422 052.3549 014.5894 8828556 358.4269 359.7947 00.41860592003269
1 10422U 77102  A 79292.21889584  .00000438 +00000-0 +00000-0 0  9995
2 10422 052.6856 014.1100 8824857 359.2098 000.5401 00.41834021003341
1 10422U 77102  A 79299.39251069  .00000436 +00000-0 +00000-0 0  9990
2 10422 052.4698 013.9224 8804507 359.4095 000.9241 00.41853300003376
1 10422U 77102  A 79306.55868839  .00000434 +00000-0 +00000-0 0  9994
2 10422 052.0825 013.7176 8773968 359.4034 001.0744 00.41858721003403
1 10422U 77102  A 79306.56574980  .00000436 +00000-0 +00000-0 0  9998
2 10422 052.5429 013.7583 8801887 359.6905 001.0586 00.41829498003404
1 10422U 77102  A 79313.73621219  .00000435 +00000-0 +00000-0 0  9992
2 10422 052.3477 013.5728 8783462 359.8353 001.0731 00.41854776003433
1 10422U 77102  A 79320.91113892  .00000435 +00000-0 +00000-0 0  9993
2 10422 052.4706 013.4063 8781644 000.1584 001.3447 00.41832622003468
1 10422U 77102  A 79328.07988512  .00000433 +00000-0 +00000-0 0  9995
2 10422 052.1904 013.1990 8759304 000.2682 001.2167 00.41848919003496
1 10422U 77102  A 79339.91707419  .00000431 +00000-0 +00000-0 0  9993
2 10422 051.9367 012.9424 8736380 000.4905 001.0589 00.41844583003538
1 10422U 77102  A 79356.75211050  .00000430 +00000-0 +00000-0 0  9994
2 10422 051.8817 012.4844 8723449 000.8627 000.3748 00.41842589003617
1 10422U 77102  A 80008.47721875  .00000431 +00000-0 +00000-0 0  9991
2 10422 052.0399 012.1150 8733422 001.1454 359.6853 00.41873318003673
1 10422U 77102  A 80018.03055756  .00000430 +00000-0 +00000-0 0  9991
2 10422 052.0068 011.8675 8730705 001.2545 359.2922 00.41864109003713
1 10422U 77102  A 80053.87857148  .00000432 +00000-0 +00000-0 0  9999
2 10422 052.6574 010.9977 8767077 002.0593 358.7941 00.41840163003821
1 10422U 77102  A 80068.22584719  .00000433 +00000-0 +00000-0 0  9996
2 10422 052.9466 010.6641 8792723 002.6333 359.1199 00.41854856003883
1 10422U 77102  A 80075.39391655  .00000434 +00000-0 +00000-0 0  9998
2 10422 053.1450 010.4939 8804864 002.7890 358.9279 00.41837700003915
1 10422U 77102  A 80082.57186671  .00000434 +00000-0 +00000-0 0  9996
2 10422 053.1221 010.3270 8802667 003.0861 359.4423 00.41856546003948
1 10422U 77102  A 80089.73997646  .00000435 +00000-0 +00000-0 0  9994
2 10422 053.3490 010.1632 8815547 003.2657 359.4809 00.41861133003973
1 10422U 77102  A 80101.70167445  .00000434 +00000-0 +00000-0 0  9991
2 10422 053.1706 009.8498 8802096 003.7558 359.9442 00.41854610003998
1 10422U 77102  A 80108.87292891  .00000434 +00000-0 +00000-0 0  9990
2 10422 053.3121 009.7376 8809693 003.9152 000.5391 00.41883032004013
1 10422U 77102  A 80116.04985716  .00000433 +00000-0 +00000-0 0  9992
2 10422 053.0707 009.5519 8793320 004.1998 000.4176 00.41844619004015
1 10422U 77102  A 80130.39658663  .00000432 +00000-0 +00000-0 0  9993
2 10422 052.8221 009.1713 8778071 004.7147 000.7939 00.41845533004031
1 10422U 77102  A 80137.56839840  .00000431 +00000-0 +00000-0 0  9996
2 10422 052.4949 008.9665 8759817 004.9364 001.0762 00.41854367004063
1 10422U 77102  A 80144.72918144  .00000430 +00000-0 +00000-0 0  9996
2 10422 052.5496 008.8051 8758670 005.1095 000.8692 00.41855368004093
1 10422U 77102  A 80144.73672595  .00000431 +00000-0 +00000-0 0  9995
2 10422 052.5853 008.7905 8766146 005.1060 000.8723 00.41823143004097
1 10422U 77102  A 80168.63387573  .00000429 +00000-0 +00000-0 0  9996
2 10422 052.0757 008.1341 8733830 005.7301 000.2933 00.41854167004166
1 10422U 77102  A 80175.80254921  .00000428 +00000-0 +00000-0 0  9992
2 10422 051.7636 007.9371 8724057 005.8411 000.4233 00.41836342004184
1 10422U 77102  A 80180.57913747  .00000428 +00000-0 +00000-0 0  9990
2 10422 051.7308 007.7809 8720396 005.9063 000.1137 00.41843197004209
1 10422U 77102  A 80187.74581009  .00000428 +00000-0 +00000-0 0  9998
2 10422 051.8677 007.6308 8733048 006.0235 359.8089 00.41862181004230
1 10422U 77102  A 80194.91002534  .00000428 +00000-0 +00000-0 0  9996
2 10422 051.6956 007.4375 8722387 006.1154 359.3230 00.41832727004264
1 10422U 77102  A 80211.63236465  .00000429 +00000-0 +00000-0 0  9998
2 10422 051.9643 007.1064 8745226 006.5058 358.7477 00.41875786004310
1 10422U 77102  A 80221.19282646  .00000429 +00000-0 +00000-0 0  9992
2 10422 051.8782 006.8477 8753407 006.6604 358.6276 00.41883254004321
1 10422U 77102  A 80228.36084954  .00000430 +00000-0 +00000-0 0  9992
2 10422 051.9464 006.6810 8757728 006.7472 358.6201 00.41861627004353
1 10422U 77102  A 80233.14703666  .00000430 +00000-0 +00000-0 0  9992
2 10422 051.9585 006.5481 8777499 006.9276 358.8036 00.41883606004372
1 10422U 77102  A 80235.53425738  .00000431 +00000-0 +00000-0 0  9999
2 10422 052.0739 006.5054 8786414 006.9522 358.6381 00.41865095004386
1 10422U 77102  A 80242.70633738  .00000432 +00000-0 +00000-0 0  9998
2 10422 052.2135 006.3532 8801428 007.2077 358.7236 00.41836479004417
1 10422U 77102  A 80242.71326780  .00000464 +00000-0 +0407500 0  9995
2 10422 052.0019 006.2575 8783745 007.4964 358.7121 00.41848940004442
1 10422U 77102  A 80247.49410029  .00000431 +00000-0 +00000-0 0  9994
2 10422 051.9831 006.7489 8787615 006.9937 358.7346 00.41847941004433
1 10422U 77102  A 80254.65823307  .00000431 +00000-0 +00000-0 0  9997
2 10422 052.0363 005.9644 8783242 007.8085 357.7734 00.41849396004497
1 10422U 77102  A 80271.40059974  .00000490 +00000-0 +24075+1 0  9993
2 10422 052.2957 005.6329 8834979 008.1968 359.6393 00.41857202004568
1 10422U 77102  A 80273.79035436  .00000485 +00000-0 +24075+1 0  9998
2 10422 052.1507 005.5650 8827855 008.2466 359.6621 00.41841033004573
1 10422U 77102  A 80278.56946883  .00000488 +00000-0 +24075+1 0  9998
2 10422 052.2231 005.4280 8833102 008.3797 359.5357 00.41840481004599
1 10422U 77102  A 80285.75119687  .00000434 +00000-0 +00000-0 0  9994
2 10422 052.1041 005.2140 8841341 008.7925 000.2626 00.41872289004625
1 10422U 77102  A 80297.70760581  .00000433 +00000-0 +00000-0 0  9996
2 10422 051.7939 004.8939 8832263 009.2335 000.5992 00.41863642004678
1 10422U 77102  A 80304.87597726  .00000433 +00000-0 +00000-0 0  9992
2 10422 051.6973 004.6879 8828446 009.4022 000.5177 00.41870000004704
1 10422U 77102  A 80312.04667360  .00000432 +00000-0 +00000-0 0  9991
2 10422 051.3130 004.5833 8805440 009.1655 001.3224 00.41832460004736
1 10422U 77102  A 80316.82752008  .00000432 +00000-0 +00000-0 0  9995
2 10422 051.3198 004.4639 8805367 009.2950 001.0832 00.41832386004751
1 10422U 77102  A 80319.22121177  .00000432 +00000-0 +00000-0 0  9999
2 10422 051.1951 004.1903 8812319 009.9717 000.8715 00.41856084004769
1 10422U 77102  A 80324.00273206  .00000432 +00000-0 +00000-0 0  9992
2 10422 051.1213 004.0478 8811175 010.1800 001.0029 00.41838669004784
1 10422U 77102  A 80335.95291431  .00000431 +00000-0 +00000-0 0  9997
2 10422 050.7342 003.6362 8800986 010.5490 000.7426 00.41861078004839
1 10422U 77102  A 80338.34323948  .00000431 +00000-0 +00000-0 0  9992
2 10422 050.7085 003.5640 8799137 010.6554 000.8896 00.41860061004842
1 10422U 77102  A 80340.73403824  .00000430 +00000-0 +00000-0 0  9999
2 10422 050.4295 003.4471 8783990 010.7594 000.9809 00.41857619004859
1 10422U 77102  A 80345.50911595  .00000430 +00000-0 +00000-0 0  9998
2 10422 050.3349 003.2605 8777479 010.8235 000.5984 00.41846544004870
1 10422U 77102  A 80347.89679866  .00000430 +00000-0 +00000-0 0  9994
2 10422 050.3771 003.2253 8782121 010.8359 000.3997 00.41844848004883
1 10422U 77102  A 80355.06267475  .00000430 +00000-0 +00000-0 0  9991
2 10422 050.8181 003.4662 8785593 012.5724 000.4649 00.41855263004912
1 10422U 77102  A 80362.22874302  .00000430 +00000-0 +00000-0 0  9990
2 10422 050.1899 002.7942 8779090 011.1328 359.7424 00.41831593004937
1 10422U 77102  A 81029.67816461  .00000431 +00000-0 +00000-0 0  9993
2 10422 049.6891 001.7874 8802604 011.9506 358.8152 00.41841247005070
1 10422U 77102  A 81034.45482389  .00000432 +00000-0 +00000-0 0  9994
2 10422 049.8356 001.6785 8815861 011.9941 358.4373 00.41861286005098
1 10422U 77102  A 81036.84472751  .00000432 +00000-0 +00000-0 0  9991
2 10422 049.9185 001.6613 8827602 012.0543 358.2813 00.41872027005109
1 10422U 77102  A 81041.62612540  .00000433 +00000-0 +00000-0 0  9996
2 10422 049.8631 001.5111 8830350 012.2521 358.5156 00.41844433005123
1 10422U 77102  A 81044.01519888  .00000432 +00000-0 +00000-0 0  9992
2 10422 049.8048 001.4400 8828566 012.2953 358.4916 00.41849525005131
1 10422U 77102  A 81048.79226927  .00000433 +00000-0 +00000-0 0  9991
2 10422 049.9922 001.3466 8848814 012.3411 358.0975 00.41869859005157
1 10422U 77102  A 81051.18467796  .00000434 +00000-0 +00000-0 0  9990
2 10422 050.0101 001.2929 8861873 012.4696 358.1505 00.41860521005166
1 10422U 77102  A 81055.96863184  .00000434 +00000-0 +00000-0 0  9991
2 10422 049.7974 001.0859 8860107 012.7582 358.5526 00.41851261005196
1 10422U 77102  A 81060.74698842  .00000434 +00000-0 +00000-0 0  9990
2 10422 049.7128 000.8944 8859632 012.8976 358.4705 00.41853470005213
1 10422U 77102  A 81063.13572322  .00000435 +00000-0 +00000-0 0  9991
2 10422 049.8322 000.8732 8870927 012.9147 358.3674 00.41836196005227
1 10422U 77102  A 81070.31260468  .00000435 +00000-0 +00000-0 0  9994
2 10422 049.7776 000.6681 8882320 013.2686 358.8669 00.41855434005250
1 10422U 77102  A 81072.70185743  .00000435 +00000-0 +00000-0 0  9991
2 10422 049.7112 000.5927 8880225 013.3258 358.7760 00.41856839005266
1 10422U 77102  A 81079.87429736  .00000437 +00000-0 +00000-0 0  9991
2 10422 049.7727 000.4120 8905818 013.6167 358.9032 00.41818724005298
1 10422U 77102  A 81089.43949477  .00000436 +00000-0 +00000-0 0  9992
2 10422 049.3914 359.9668 8900337 014.0977 359.2880 00.41861970005337
1 10422U 77102  A 81095.22412483  .00000437 +00000-0 +00000-0 0  9999
2 10422 049.4167 359.8616 8912645 014.3130 359.7083 00.41838714005351
1 10422U 77102  A 81101.39671740  .00000436 +00000-0 +00000-0 0  9997
2 10422 049.0968 359.5206 8900694 014.6866 359.7514 00.41847588005389
1 10422U 77102  A 81122.91895561  .00000436 +00000-0 +00000-0 0  9997
2 10422 048.4304 358.6250 8906374 015.7693 000.6615 00.41879662005478
1 10422U 77102  A 81125.30992179  .00000436 +00000-0 +00000-0 0  9996
2 10422 048.1807 358.5162 8890493 015.9085 000.7472 00.41842821005485
1 10422U 77102  A 81130.08689950  .00000435 +00000-0 +00000-0 0  9996
2 10422 048.0707 358.3332 8886279 016.0390 000.4365 00.41849273005507
1 10422U 77102  A 81134.87292391  .00000436 +00000-0 +00000-0 0  9997
2 10422 047.8148 358.0786 8894744 016.3743 000.6750 00.41860278005524
1 10422U 77102  A 81139.65301648  .00000435 +00000-0 +00000-0 0  9993
2 10422 047.5236 357.8016 8878753 016.6328 000.8908 00.41857334005544
1 10422U 77102  A 81142.04056026  .00000435 +00000-0 +00000-0 0  9997
2 10422 047.4821 357.7173 8875476 016.6575 000.7556 00.41853079005550
1 10422U 77102  A 81185.04387881  .00000433 +00000-0 +00000-0 0  9998
2 10422 046.3418 355.8842 8854804 018.2094 359.3136 00.41851637005722
1 10422U 77102  A 81192.21612731  .00000434 +00000-0 +00000-0 0  9991
2 10422 046.0449 355.5363 8867337 018.6263 359.4233 00.41862071005762
1 10422U 77102  A 81196.99124919  .00000434 +00000-0 +00000-0 0  9996
2 10422 045.8925 355.3378 8859823 018.7276 359.1004 00.41850522005770
1 10422U 77102  A 81199.37788882  .00000434 +00000-0 +00000-0 0  9996
2 10422 045.9726 355.2602 8867065 018.7602 358.8604 00.41842943005780
1 10422U 77102  A 81216.10423877  .00000436 +00000-0 +00000-0 0  9999
2 10422 045.7774 354.6946 8905580 019.3306 358.4089 00.41856596005858
1 10422U 77102  A 81220.88536704  .00000436 +00000-0 +00000-0 0  9993
2 10422 045.5438 354.3667 8901451 019.6688 358.5916 00.41852438005883
1 10422U 77102  A 81228.99999999  .00000437 +00000-0 +00000-0 0  9993
2 10422 045.6056 354.1616 8918286 019.8163 141.3649 00.41839346005914
1 10422U 77102  A 81231.99999999  .00000438 +00000-0 +00000-0 0  9998
2 10422 045.5719 354.0752 8927544 019.9603 233.0715 00.41845074005925
1 10422U 77102  A 81238.99999999  .00000438 +00000-0 +00000-0 0  9995
2 10422 045.4391 353.7666 8928770 020.2592 207.6432 00.41865027005950
1 10422U 77102  A 81245.99999999  .00000440 +00000-0 +00000-0 0  9996
2 10422 045.2588 353.4582 8958270 020.6817 181.6435 00.41830135005981
1 10422U 77102  A 81248.99999999  .00000439 +00000-0 +00000-0 0  9997
2 10422 045.0310 353.2342 8953907 020.9092 273.4090 00.41846764005997
1 10422U 77102  A 81254.34538773  .00000439 +00000-0 +00000-0 0  9992
2 10422 044.8839 352.9701 8956148 021.1872 358.4728 00.41846790006020
1 10422U 77102  A 81259.99999999  .00000441 +00000-0 +00000-0 0  9992
2 10422 044.9646 352.7946 8978700 021.4602 130.1951 00.41838901006048
1 10422U 77102  A 81262.99999999  .00000440 +00000-0 +00000-0 0  9995
2 10422 044.8077 352.6241 8975447 021.6675 221.8753 00.41844892006054
1 10422U 77102  A 81266.99999999  .00000441 +00000-0 +99999-4 0  9999
2 10422 044.7555 352.4139 8976407 021.8498 104.5065 00.41844110006078
1 10422U 77102  A 81269.99999999  .00000442 +00000-0 +99999-4 0  9993
2 10422 044.7273 352.3214 8992943 021.9687 196.2321 00.41835031006088
1 10422U 77102  A 81280.65003865  .00000442 +00000-0 +00000-0 0  9998
2 10422 044.0675 351.5422 8995504 022.8716 359.4713 00.41835425006117
1 10422U 77102  A 81283.99999999  .00000442 +00000-0 +00000-0 0  9990
2 10422 044.0754 351.4104 9000580 023.0538 144.3935 00.41833661006126
1 10422U 77102  A 81290.99999999  .00000441 +00000-0 +00000-0 0  9997
2 10422 043.7159 350.9258 8995166 023.6714 118.2663 00.41859477006153
1 10422U 77102  A 81294.99999999  .00000441 +00000-0 +00000-0 0  9991
2 10422 043.6110 350.7159 8992726 023.8766 000.9413 00.41891270006174
1 10422U 77102  A 81301.99999999  .00000442 +00000-0 +00000-0 0  9991
2 10422 043.0385 350.1096 9000260 024.5733 334.4790 00.41861638006192
1 10422U 77102  A 81304.99999999  .00000441 +00000-0 +00000-0 0  9993
2 10422 042.8738 349.8217 8990478 024.8678 066.4393 00.41857541006212
1 10422U 77102  A 81311.99999999  .00000441 +00000-0 +00000-0 0  9991
2 10422 042.7353 349.4579 8993242 025.2714 040.9390 00.41862446006246
1 10422U 77102  A 81318.99999999  .00000441 +00000-0 +00000-0 0  9998
2 10422 042.3236 348.8994 8975200 025.8939 014.9571 00.41844547006272
1 10422U 77102  A 81322.99999999  .00000440 +00000-0 +00000-0 0  9992
2 10422 042.2457 348.7515 8976297 025.9940 257.7703 00.41862476006280
1 10422U 77102  A 81330.85545556  .00000440 +00000-0 +00000-0 0  9992
2 10422 041.7088 348.0662 8979327 026.7547 000.7529 00.41879275006309
1 10422U 77102  A 81335.63338255  .00000440 +00000-0 +00000-0 0  9999
2 10422 041.4359 347.6768 8959749 027.1042 000.4078 00.41847950006312
1 10422U 77102  A 81336.99999999  .00000440 +00000-0 +00000-0 0  9997
2 10422 041.4887 347.6428 8960088 027.1154 206.5330 00.41855124006315
1 10422U 77102  A 81346.99999999  .00000439 +00000-0 +00000-0 0  9996
2 10422 041.1012 346.9855 8941507 027.8054 272.9613 00.41847315006357
1 10422U 77102  A 81353.99999999  .00000440 +00000-0 +00000-0 0  9996
2 10422 040.8151 346.5080 8955346 028.2461 247.4556 00.41843018006388
1 10422U 77102  A 81357.99999999  .00000439 +00000-0 +00000-0 0  9998
2 10422 040.5484 346.0957 8943579 028.6681 130.0247 00.41867957006400
1 10422U 77102  A 82030.99999999  .00000441 +00000-0 +00000-0 0  9990
2 10422 039.6781 343.9205 8973376 030.7261 095.8268 00.41848467006560
1 10422U 77102  A 82034.99999999  .00000441 +00000-0 +00000-0 0  9994
2 10422 039.5292 343.6817 8971642 030.9734 338.3024 00.41848091006583
1 10422U 77102  A 82037.99999999  .00000441 +00000-0 +00000-0 0  9997
2 10422 039.5106 343.4894 8971203 031.1571 070.4331 00.41844030006590
1 10422U 77102  A 82041.99999999  .00000442 +00000-0 +00000-0 0  9993
2 10422 039.4256 343.3186 8996710 031.3141 313.1666 00.41882315006612
1 10422U 77102  A 82048.99999999  .00000443 +00000-0 +00000-0 0  9991
2 10422 038.9256 342.5510 8997079 032.1311 287.3881 00.41852017006645
1 10422U 77102  A 82065.99999999  .00000444 +00000-0 +00000-0 0  9991
2 10422 038.5753 341.5201 9026280 033.3332 328.3071 00.41855466006719
1 10422U 77102  A 82072.99999999  .00000446 +00000-0 +00000-0 0  9991
2 10422 038.0050 340.6156 9050755 034.3331 302.1062 00.41856106006731
1 10422U 77102  A 82079.99999999  .00000446 +00000-0 +00000-0 0  9998
2 10422 037.7921 340.0574 9051960 034.9504 276.7291 00.41865099006763
1 10422U 77102  A 82090.99999999  .00000446 +00000-0 +00000-0 0  9991
2 10422 037.3424 339.0130 9058762 036.2489 133.1825 00.41860776006819
1 10422U 77102  A 82093.99999999  .00000446 +00000-0 +00000-0 0  9994
2 10422 037.2643 338.8143 9061655 036.4399 225.1997 00.41863777006826
1 10422U 77102  A 82097.99999999  .00000447 +00000-0 +00000-0 0  9999
2 10422 037.0069 338.3079 9076114 037.0481 107.5756 00.41840742006849
1 10422U 77102  A 82100.99999999  .00000447 +00000-0 +00000-0 0  9994
2 10422 036.6171 337.7065 9070984 037.7002 199.0375 00.41841135006852
1 10422U 77102  A 82104.99999999  .00000447 +00000-0 +00000-0 0  9998
2 10422 036.4497 337.2319 9061650 038.2044 081.5930 00.41857347006876
1 10422U 77102  A 82107.99999999  .00000447 +00000-0 +00000-0 0  9991
2 10422 036.3812 337.0402 9064474 038.4170 173.5634 00.41851659006880
1 10422U 77102  A 82114.99999999  .00000447 +00000-0 +00000-0 0  9999
2 10422 036.0545 336.2774 9066804 039.3789 147.6457 00.41847936006910
1 10422U 77102  A 82123.56860248  .00000447 +00000-0 +00000-0 0  9996
2 10422 035.7451 335.4342 9071069 040.3018 359.7376 00.41890226006950
1 10422U 77102  A 82125.99999999  .00000447 +00000-0 +00000-0 0  9991
2 10422 035.4676 334.8738 9065336 040.9095 004.4509 00.41865006006960
1 10422U 77102  A 82133.14068063  .00000446 +00000-0 +00000-0 0  9995
2 10422 035.0224 333.9290 9045635 041.9333 000.0296 00.41864982006972
1 10422U 77102  A 82135.99999999  .00000446 +00000-0 +00000-0 0  9991
2 10422 035.0347 333.7774 9040447 042.0961 070.9599 00.41854739006980
1 10422U 77102  A 82139.99999999  .00000446 +00000-0 +00000-0 0  9995
2 10422 034.8656 333.3966 9042173 042.5240 313.3361 00.41866965006998
1 10422U 77102  A 82149.86456286  .00000446 +00000-0 +00000-0 0  9999
2 10422 034.5007 332.2901 9035524 043.8127 359.8160 00.41876419007035
1 10422U 77102  A 82154.64589738  .00000445 +00000-0 +00000-0 0  9999
2 10422 034.4277 331.9577 9021800 044.1485 000.0410 00.41857234007050
1 10422U 77102  A 82164.20565289  .00000445 +00000-0 +00000-0 0  9997
2 10422 033.7832 330.5037 9010046 045.6445 359.6042 00.41849782007083
1 10422U 77102  A 82167.99999999  .00000444 +00000-0 +00000-0 0  9994
2 10422 033.8319 330.4090 9003889 045.7709 211.8220 00.41847882007090
1 10422U 77102  A 82170.99999999  .00000444 +00000-0 +00000-0 0  9998
2 10422 033.7359 330.1115 8994350 046.0956 303.7027 00.41846026007104
1 10422U 77102  A 82174.99999999  .00000443 +00000-0 +00000-0 0  9991
2 10422 033.7096 329.8685 8985128 046.3510 186.6699 00.41875747007128
1 10422U 77102  A 82177.99999999  .00000444 +00000-0 +00000-0 0  9995
2 10422 033.5997 329.5816 8994001 046.6029 278.8263 00.41871335007138
1 10422U 77102  A 82184.99999999  .00000444 +00000-0 +00000-0 0  9993
2 10422 033.1803 328.4652 8980223 047.7742 253.3087 00.41853416007166
1 10422U 77102  A 82191.99999999  .00000444 +00000-0 +00000-0 0  9991
2 10422 033.1305 328.0843 8985064 048.1522 228.3468 00.41861803007197
1 10422U 77102  A 82195.99999999  .00000444 +00000-0 +00000-0 0  9995
2 10422 033.0300 327.6940 8988094 048.6307 110.9543 00.41855856007210
1 10422U 77102  A 82198.99999999  .00000444 +00000-0 +00000-0 0  9998
2 10422 032.8986 327.3066 8982781 049.0264 202.9641 00.41859544007227
1 10422U 77102  A 82209.99999999  .00000444 +00000-0 +00000-0 0  9991
2 10422 032.4932 325.9837 8992877 050.3894 060.2943 00.41865672007268
1 10422U 77102  A 82216.99999999  .00000445 +00000-0 +00000-0 0  9990
2 10422 032.3968 325.4808 8989376 050.9036 035.3110 00.41841572007298
1 10422U 77102  A 82223.99999999  .00000445 +00000-0 +00000-0 0  9998
2 10422 032.2230 324.7840 9005763 051.7021 010.2366 00.41866430007329
1 10422U 77102  A 82226.99999999  .00000445 +00000-0 +00000-0 0  9991
2 10422 032.1396 324.5079 9002164 052.0217 101.6739 00.41863059007330
1 10422U 77102  A 82237.99999999  .00000446 +00000-0 +00000-0 0  9994
2 10422 031.5682 322.6174 9018744 053.9848 058.6450 00.41861246007389
1 10422U 77102  A 82240.99999999  .00000446 +00000-0 +00000-0 0  9998
2 10422 031.5261 322.4081 9015634 054.2092 050.7913 00.41849141007395
1 10422U 77102  A 82244.99999999  .00000447 +00000-0 +00000-0 0  9993
2 10422 031.4557 322.1322 9027341 054.4824 293.5907 00.41867045007416
1 10422U 77102  A 82247.99999999  .00000447 +00000-0 +00000-0 0  9996
2 10422 031.3755 321.7075 9036452 055.0151 025.4916 00.41863948007429
1 10422U 77102  A 82251.99999999  .00000448 +00000-0 +00000-0 0  9992
2 10422 031.2011 321.1473 9040045 055.6354 267.7341 00.41850259007449
1 10422U 77102  A 82261.99999999  .00000448 +00000-0 +00000-0 0  9993
2 10422 030.8051 319.5867 9058674 057.3041 334.1601 00.41888463007485
1 10422U 77102  A 82265.99999999  .00000448 +00000-0 +00000-0 0  9997
2 10422 030.5342 318.5669 9049760 058.4364 216.4084 00.41848323007501
1 10422U 77102  A 82272.99999999  .00000449 +00000-0 +00000-0 0  9996
2 10422 030.3832 317.7640 9055157 059.3356 190.9850 00.41851031007531
1 10422U 77102  A 82300.99999999  .00000449 +00000-0 +00000-0 0  9998
2 10422 029.4332 312.9019 9048518 064.8578 088.0019 00.41850683007651
1 10422U 77102  A 82310.99999999  .00000448 +00000-0 +00000-0 0  9998
2 10422 029.2173 311.4875 9030182 066.5662 153.9015 00.41864921007699
1 10422U 77102  A 82321.99999999  .00000447 +00000-0 +99999-4 0  9998
2 10422 028.8451 309.1104 9010550 069.1583 010.4928 00.41847588007746
1 10422U 77102  A 82331.99999999  .00000447 +00000-0 +09999-5 0  9991
2 10422 028.7232 308.0636 9002816 070.4090 077.0475 00.41862366007785
1 10422U 77102  A 82338.99999999  .00000446 +00000-0 +09999-5 0  9997
2 10422 028.6791 307.5355 8975480 071.1074 051.4450 00.41846517007814
1 10422U 77102  A 82345.99999999  .00000445 +00000-0 +09999-5 0  9994
2 10422 028.4754 305.9838 8974448 072.7121 025.4911 00.41876072007847
1 10422U 77102  A 82349.99999999  .00000445 +00000-0 +09999-5 0  9998
2 10422 028.4338 305.6641 8950938 073.0838 268.5526 00.41847178007860
1 10422U 77102  A 82356.99999999  .00000445 +00000-0 +09999-5 0  9996
2 10422 028.3827 305.1347 8949089 073.6773 243.3858 00.41854900007881
1 10422U 77102  A 82359.99999999  .00000444 +00000-0 +09999-5 0  9998
2 10422 028.3521 304.7900 8946397 074.0730 335.2333 00.41862974007899
1 10422U 77102  A 82363.99999999  .00000444 +00000-0 +09999-5 0  9993
2 10422 028.3379 304.5294 8931581 074.4621 217.8846 00.41854444007916
1 10422U 77102  A 83001.99999999  .00000443 +00000-0 +09999-5 0  9992
2 10422 028.3401 304.5265 8924499 074.4508 310.1406 00.41846481007926
1 10422U 77102  A 83005.99999999  .00000444 +00000-0 +09999-5 0  9997
2 10422 028.2033 303.5966 8933488 075.3744 192.7982 00.41841277007946
1 10422U 77102  A 83015.99999999  .00000443 +00000-0 +09999-5 0  9997
2 10422 028.1217 302.5278 8913331 076.5151 259.6391 00.41864285007989
1 10422U 77102  A 83019.99999999  .00000443 +00000-0 +09999-5 0  9991
2 10422 028.0733 302.0663 8919814 077.0275 142.3400 00.41850531008001
1 10422U 77102  A 83022.99999999  .00000444 +00000-0 +09999-5 0  9996
2 10422 028.0398 301.6797 8919921 077.4595 234.2283 00.41849062008017
1 10422U 77102  A 83026.99999999  .00000443 +00000-0 +09999-5 0  9999
2 10422 028.0263 301.4181 8911777 077.8079 116.8944 00.41868946008038
1 10422U 77102  A 83029.99999999  .00000443 +00000-0 +09999-5 0  9992
2 10422 028.0040 301.2772 8912182 077.9139 209.1955 00.41874978008045
1 10422U 77102  A 83043.99999999  .00000444 +00000-0 +99999-4 0  9997
2 10422 027.7878 298.8801 8917846 080.3771 158.5578 00.41857162008107
1 10422U 77102  A 83047.99999999  .00000444 +00000-0 +99999-4 0  9991
2 10422 027.7516 298.2297 8928916 081.1097 041.2305 00.41858892008128
1 10422U 77102  A 83050.99999999  .00000444 +00000-0 +99999-4 0  9995
2 10422 027.7130 297.7633 8930675 081.6290 133.0502 00.41851279008135
1 10422U 77102  A 83054.99999999  .00000444 +00000-0 +99999-4 0  9999
2 10422 027.6984 297.4206 8924852 082.0670 015.6270 00.41843011008155
1 10422U 77102  A 83057.99999999  .00000444 +00000-0 +99999-4 0  9992
2 10422 027.6586 297.1297 8929308 082.3322 107.8007 00.41846586008161
1 10422U 77102  A 83068.99999999  .00000445 +00000-0 +99999-4 0  9995
2 10422 027.5284 294.5997 8933116 084.9511 324.7509 00.41853205008201
1 10422U 77102  A 83078.99999999  .00000446 +00000-0 +99999-4 0  9997
2 10422 027.4659 292.7407 8950060 087.0621 030.8927 00.41872757008252
1 10422U 77102  A 83082.99999999  .00000445 +00000-0 +99999-4 0  9991
2 10422 027.4522 292.4448 8943014 087.4211 273.4547 00.41854807008274
1 10422U 77102  A 83085.99999999  .00000446 +00000-0 +99999-4 0  9995
2 10422 027.4416 291.9492 8949228 087.9876 005.5720 00.41835100008298
1 10422U 77102  A 83089.99999999  .00000447 +00000-0 +99999-4 0  9990
2 10422 027.3940 290.2101 8954588 089.7208 247.5877 00.41832676008311
1 10422U 77102  A 83092.99999999  .00000446 +00000-0 +99999-4 0  9993
2 10422 027.4053 289.7773 8942493 090.2331 339.3099 00.41856198008334
1 10422U 77102  A 83096.99999999  .00000446 +00000-0 +99999-4 0  9997
2 10422 027.3919 289.3544 8940503 090.7426 222.0124 00.41859649008359
1 10422U 77102  A 83099.99999999  .00000446 +00000-0 +99999-4 0  9990
2 10422 027.3967 288.8550 8946264 091.2815 313.9204 00.41868929008373
1 10422U 77102  A 83106.99999999  .00000446 +00000-0 +99999-4 0  9999
2 10422 027.4041 287.6713 8941486 092.7071 287.8274 00.41848398008404
1 10422U 77102  A 83110.99999999  .00000445 +00000-0 +99999-4 0  9993
2 10422 027.3956 287.4237 8932683 093.0850 170.4469 00.41861666008423
1 10422U 77102  A 83131.99999999  .00000444 +00000-0 +99999-4 0  9995
2 10422 027.4719 283.8732 8909471 097.1532 093.0928 00.41858764008528
1 10422U 77102  A 83138.99999999  .00000443 +00000-0 +99999-4 0  9991
2 10422 027.4545 283.6583 8885131 097.5833 067.3966 00.41852954008555
1 10422U 77102  A 83141.99999999  .00000443 +00000-0 +99999-4 0  9995
2 10422 027.4584 283.0731 8886919 098.1691 159.4209 00.41839062008560
1 10422U 77102  A 83145.99999999  .00000443 +00000-0 +99999-4 0  9999
2 10422 027.5414 281.9647 8877336 099.4123 041.4510 00.41882833008584
1 10422U 77102  A 83148.99999999  .00000442 +00000-0 +99999-4 0  9991
2 10422 027.5294 281.9666 8859031 099.4989 133.3526 00.41866253008590
1 10422U 77102  A 83152.99999999  .00000442 +00000-0 +99999-4 0  9996
2 10422 027.5131 281.8612 8851469 099.6724 016.1192 00.41850814008612
1 10422U 77102  A 83155.99999999  .00000442 +00000-0 +99999-4 0  9999
2 10422 027.5201 281.5509 8851791 100.0216 108.0659 00.41850891008628
1 10422U 77102  A 83162.99999999  .00000440 +00000-0 +99999-4 0  9995
2 10422 027.5328 281.1216 8832752 100.6754 082.2400 00.41870324008651
1 10422U 77102  A 83166.99999999  .00000440 +00000-0 +99999-4 0  9999
2 10422 027.5012 281.2428 8820672 100.5703 325.1341 00.41847398008678
1 10422U 77102  A 83201.99999999  .00000437 +00000-0 +99999-4 0  9995
2 10422 027.6196 277.8279 8759324 104.4899 197.8898 00.41854814008842
1 10422U 77102  A 83204.99999999  .00000437 +00000-0 +99999-4 0  9998
2 10422 027.5847 277.9092 8750547 104.4024 290.0572 00.41848709008869
1 10422U 77102  A 83208.99999999  .00000437 +00000-0 +99999-4 0  9992
2 10422 027.5820 277.5694 8755360 104.7365 172.8792 00.41857317008881
1 10422U 77102  A 83211.99999999  .00000437 +00000-0 +99999-4 0  9996
2 10422 027.6160 277.1933 8759782 105.1286 264.8542 00.41855688008907
1 10422U 77102  A 83218.99999999  .00000437 +00000-0 +99999-4 0  9993
2 10422 027.6124 276.8994 8748553 105.5687 239.4459 00.41855328008932
1 10422U 77102  A 83225.99999999  .00000438 +00000-0 +99999-4 0  9992
2 10422 027.7192 275.4514 8758917 106.9781 214.1213 00.41830044008965
1 10422U 77102  A 83229.99999999  .00000437 +00000-0 +99999-4 0  9995
2 10422 027.7529 275.0922 8745994 107.4477 096.5233 00.41863822008983
1 10422U 77102  A 83236.99999999  .00000437 +00000-0 +99999-4 0  9993
2 10422 027.7723 274.5305 8752493 108.0103 071.5231 00.41846275009012
1 10422U 77102  A 83239.99999999  .00000438 +00000-0 +99999-4 0  9997
2 10422 027.8257 274.0229 8758879 108.5366 163.3884 00.41844137009036
1 10422U 77102  A 83246.99999999  .00000437 +00000-0 +99999-4 0  9994
2 10422 027.8583 273.5277 8753469 109.1747 137.8169 00.41864137009062
1 10422U 77102  A 83264.99999999  .00000438 +00000-0 +99999-4 0  9995
2 10422 028.2133 270.6449 8765210 112.1968 329.2840 00.41865531009290
1 10422U 77102  A 83267.99999999  .00000438 +00000-0 +99999-4 0  9998
2 10422 028.2755 270.1470 8768789 112.7975 061.0781 00.41860003009314
1 10422U 77102  A 83278.99999999  .00000439 +00000-0 +99999-4 0  9991
2 10422 028.4749 268.7101 8771817 114.3688 277.8688 00.41869331009369
1 10422U 77102  A 83281.99999999  .00000438 +00000-0 +99999-4 0  9994
2 10422 028.6323 267.9001 8768494 115.3131 010.1344 00.41892357009383
1 10422U 77102  A 83285.99999999  .00000438 +00000-0 +99999-4 0  9998
2 10422 028.6174 267.7951 8750713 115.5412 251.6702 00.41850833009404
1 10422U 77102  A 83292.99999999  .00000438 +00000-0 +99999-4 0  9996
2 10422 028.7445 266.9256 8757391 116.5040 226.0323 00.41844537009434
1 10422U 77102  A 83295.99999999  .00000438 +00000-0 +99999-4 0  9999
2 10422 028.8216 266.5753 8756910 116.9513 317.6516 00.41863150009459
1 10422U 77102  A 83299.99999999  .00000438 +00000-0 +99999-4 0  9993
2 10422 028.8225 266.4284 8745878 117.2816 199.9918 00.41844544009462
1 10422U 77102  A 83302.99999999  .00000437 +00000-0 +99999-4 0  9997
2 10422 028.8006 266.4032 8739967 117.3517 291.9461 00.41852149009489
1 10422U 77102  A 83316.99999999  .00000436 +00000-0 +99999-4 0  9991
2 10422 029.0401 264.8673 8714364 119.2448 240.1111 00.41853891009542
1 10422U 77102  A 83320.99999999  .00000436 +00000-0 +99999-4 0  9996
2 10422 029.1073 264.4665 8714645 119.7562 122.5601 00.41844362009561
1 10422U 77102  A 83323.99999999  .00000436 +00000-0 +99999-4 0  9999
2 10422 029.1441 264.2808 8708076 120.0541 214.1498 00.41834357009587
1 10422U 77102  A 83327.99999999  .00000435 +00000-0 +99999-4 0  9992
2 10422 029.0887 264.3282 8694023 120.1662 096.5351 00.41866107009609
1 10422U 77102  A 83334.99999999  .00000435 +00000-0 +99999-4 0  9990
2 10422 029.1909 263.6743 8688916 120.9216 071.1021 00.41865915009638
1 10422U 77102  A 83337.99999999  .00000434 +00000-0 +99999-4 0  9992
2 10422 029.2545 263.3960 8671497 121.3585 162.4974 00.41847786009652
1 10422U 77102  A 83341.99999999  .00000433 +00000-0 +99999-4 0  9996
2 10422 029.1217 263.6119 8651332 121.2355 045.0067 00.41852629009679
1 10422U 77102  A 83344.99999999  .00000433 +00000-0 +99999-4 0  9999
2 10422 029.1199 263.5088 8649127 121.3521 137.0800 00.41852611009697
1 10422U 77102  A 83348.99999999  .00000433 +00000-0 +99999-4 0  9993
2 10422 029.1672 263.2268 8647433 121.7240 019.5711 00.41869185009712
1 10422U 77102  A 83351.99999999  .00000432 +00000-0 +99999-4 0  9996
2 10422 029.1656 263.1562 8639911 121.8935 111.3620 00.41857332009726
1 10422U 77102  A 83358.99999999  .00000431 +00000-0 +99999-4 0  9992
2 10422 029.0057 263.3575 8617416 121.7996 086.0337 00.41847667009754
1 10422U 77102  A 83362.99999999  .00000431 +00000-0 +99999-4 0  9997
2 10422 029.2072 262.6014 8618897 122.5799 328.3577 00.41875230009774
1 10422U 77102  A 84001.00001157  .00000430 +00000-0 +99999-4 0  9999
2 10422 029.1644 262.5712 8601605 122.7564 060.0645 00.41870845009798
1 10422U 77102  A 84004.99999999  .00000430 +00000-0 +99999-4 0  9990
2 10422 029.0473 262.8116 8586528 122.5264 302.9880 00.41845981009814
1 10422U 77102  A 84007.99999999  .00000430 +00000-0 +99999-4 0  9993
2 10422 029.0544 262.6259 8587643 122.7321 035.0781 00.41848503009833
1 10422U 77102  A 84011.99999999  .00000430 +00000-0 +99999-4 0  9998
2 10422 029.1094 262.3449 8587928 123.0332 277.6270 00.41850968009851
1 10422U 77102  A 84014.99999999  .00000429 +00000-0 +99999-4 0  9999
2 10422 029.0926 262.2622 8582361 123.2141 009.4816 00.41856909009872
1 10422U 77102  A 84018.99999999  .00000429 +00000-0 +99999-4 0  9993
2 10422 028.9971 262.4576 8569356 123.0539 252.3149 00.41854443009899
1 10422U 77102  A 84025.99999999  .00000429 +00000-0 +99999-4 0  9991
2 10422 029.2217 261.4060 8571835 124.1200 226.7815 00.41825759009922
1 10422U 77102  A 84028.99999999  .00000429 +00000-0 +99999-4 0  9994
2 10422 029.1532 261.5089 8557377 124.0904 318.6200 00.41837887009944
1 10422U 77102  A 84032.99999999  .00000428 +00000-0 +99999-4 0  9998
2 10422 029.1281 261.3824 8555971 124.1962 201.5690 00.41865427009969
1 10422U 77102  A 84035.99999999  .00000429 +00000-0 +99999-4 0  9992
2 10422 029.1882 261.1148 8561905 124.4392 293.6885 00.41859961009983
1 10422U 77102  A 84039.99999999  .00000429 +00000-0 +99999-4 0  9996
2 10422 029.2656 260.7178 8565833 124.8890 176.2268 00.41845226010007
1 10422U 77102  A 84042.99999999  .00000429 +00000-0 +99999-4 0  9990
2 10422 029.2748 260.6265 8562524 125.0381 268.0800 00.41846203010027
1 10422U 77102  A 84046.99999999  .00000428 +00000-0 +99999-4 0  9993
2 10422 029.2298 260.5622 8557899 125.1253 150.8605 00.41867667010041
1 10422U 77102  A 84049.99999999  .00000429 +00000-0 +99999-4 0  9997
2 10422 029.3557 260.0438 8567731 125.5652 243.0418 00.41866930010064
1 10422U 77102  A 84053.99999999  .00000429 +00000-0 +99999-4 0  9992
2 10422 029.5736 259.3042 8568750 126.4434 125.2469 00.41860470010089
1 10422U 77102  A 84056.99999999  .00000429 +00000-0 +99999-4 0  9995
2 10422 029.5314 259.3219 8556735 126.4868 217.0691 00.41856922010093
1 10422U 77102  A 84060.99999999  .00000429 +00000-0 +99999-4 0  9990
2 10422 029.5403 259.0834 8559508 126.7094 099.8683 00.41847044010112
1 10422U 77102  A 84063.99999999  .00000429 +00000-0 +99999-4 0  9993
2 10422 029.6594 258.6615 8568556 127.1147 191.8385 00.41848525010132
1 10422U 77102  A 84070.99999999  .00000430 +00000-0 +99999-4 0  9993
2 10422 029.8122 258.0899 8571766 127.8559 166.0658 00.41848150010164
1 10422U 77102  A 84074.99999999  .00000430 +00000-0 +99999-4 0  9997
2 10422 029.7870 257.9850 8568988 128.0071 048.7246 00.41841502010187
1 10422U 77102  A 84077.99999999  .00000430 +00000-0 +99999-4 0  9990
2 10422 029.9534 257.3758 8578549 128.5715 140.7421 00.41826998010204
1 10422U 77102  A 84081.99999999  .00000430 +00000-0 +99999-4 0  9995
2 10422 030.2097 256.6683 8576997 129.4655 022.5776 00.41878859010225
1 10422U 77102  A 84084.99999999  .00000430 +00000-0 +99999-4 0  9998
2 10422 030.1575 256.6853 8567349 129.5187 114.4732 00.41857086010239
1 10422U 77102  A 84087.99999999  .00000430 +00000-0 +99999-4 0  9991
2 10422 030.2066 256.4612 8570293 129.7337 206.5048 00.41855912010258
1 10422U 77102  A 84095.99999999  .00000430 +00000-0 +99999-4 0  9990
2 10422 030.4803 255.6508 8580584 130.7157 331.1696 00.41868650010291
1 10422U 77102  A 84100.95393518  .00000430 +00000-0 +99999-4 0  9998
2 10422 030.4377 255.5903 8572477 130.9279 357.2560 00.41826670010323
1 10422U 77102  A 84102.99999999  .00000430 +00000-0 +99999-4 0  9999
2 10422 030.4683 255.4707 8572381 131.0576 305.6004 00.41855663010335
1 10422U 77102  A 84105.99999999  .00000431 +00000-0 +99999-4 0  9993
2 10422 030.6653 254.8989 8581501 131.6726 037.5192 00.41873533010353
1 10422U 77102  A 84109.99999999  .00000430 +00000-0 +99999-4 0  9996
2 10422 030.7942 254.5081 8566045 132.2861 279.0621 00.41833674010372
1 10422U 77102  A 84112.99999999  .00000430 +00000-0 +99999-4 0  9990
2 10422 030.7202 254.5214 8558419 132.3708 011.0000 00.41850048010397
1 10422U 77102  A 84117.70263888  .00000430 +00000-0 +99999-4 0  9995
2 10422 030.8379 254.2128 8561860 132.7341 359.4218 00.41862680010413
1 10422U 77102  A 84123.99999999  .00000430 +00000-0 +99999-4 0  9992
2 10422 030.9326 253.8230 8557583 133.3393 227.4618 00.41835263010444
1 10422U 77102  A 84126.99999999  .00000429 +00000-0 +99999-4 0  9993
2 10422 030.8569 253.9054 8548795 133.3607 319.2018 00.41849690010465
1 10422U 77102  A 84130.99999999  .00000429 +00000-0 +99999-4 0  9998
2 10422 030.8525 253.7493 8544781 133.5644 201.8901 00.41856207010487
1 10422U 77102  A 84133.99999999  .00000429 +00000-0 +99999-4 0  9991
2 10422 031.0883 253.2084 8550616 134.1648 293.4500 00.41871054010505
1 10422U 77102  A 84137.99999999  .00000428 +00000-0 +00000-0 0  9995
2 10422 031.0402 253.2006 8529601 134.4550 175.4719 00.41847587010528
1 10422U 77102  A 84140.99999999  .00000428 +00000-0 +00000-0 0  9999
2 10422 030.9134 253.3376 8518628 134.3655 267.3932 00.41850437010549
1 10422U 77102  A 84147.99999999  .00000428 +00000-0 +00000-0 0  9996
2 10422 030.9941 252.9754 8517002 134.8591 241.6732 00.41841624010584
1 10422U 77102  A 84151.99999999  .00000427 +00000-0 +00000-0 0  9990
2 10422 030.9574 252.9558 8508195 135.0555 124.0150 00.41852975010606
1 10422U 77102  A 84154.99999999  .00000427 +00000-0 +00000-0 0  9993
2 10422 030.8304 253.1418 8495626 134.9591 215.8637 00.41849035010620
1 10422U 77102  A 84158.99999999  .00000427 +00000-0 +00000-0 0  9997
2 10422 030.7888 253.0234 8491419 135.0953 098.5929 00.41843561010641
1 10422U 77102  A 84165.99999999  .00000425 +00000-0 +00000-0 0  9993
2 10422 030.8469 252.6986 8471426 135.7201 072.2631 00.41867456010676
1 10422U 77102  A 84168.99999999  .00000425 +00000-0 +00000-0 0  9996
2 10422 030.7364 252.8215 8461843 135.6179 164.3879 00.41860251010696
1 10422U 77102  A 84172.99999999  .00000425 +00000-0 +00000-0 0  9991
2 10422 030.7487 252.6674 8461567 135.8042 047.0923 00.41855095010713
1 10422U 77102  A 84175.99999999  .00000425 +00000-0 +00000-0 0  9994
2 10422 030.7763 252.5501 8459549 135.9862 138.9248 00.41845214010730
1 10422U 77102  A 84179.99999999  .00000424 +00000-0 +00000-0 0  9997
2 10422 030.6865 252.5942 8449024 136.0692 021.2666 00.41862683010750
1 10422U 77102  A 84182.99999999  .00000424 +00000-0 +00000-0 0  9991
2 10422 030.5751 252.7345 8438950 135.9703 113.3064 00.41865599010764
1 10422U 77102  A 84186.99999999  .00000424 +00000-0 +00000-0 0  9995
2 10422 030.6011 252.5701 8440086 136.0924 356.2477 00.41845119010782
1 10422U 77102  A 84196.99999999  .00000423 +00000-0 +00000-0 0  9995
2 10422 030.4962 252.3728 8413104 136.5366 062.3143 00.41846801010827
1 10422U 77102  A 84214.99999999  .00000423 +00000-0 +99999-4 0  9995
2 10422 030.6338 251.5715 8412283 137.3933 254.3806 00.41860998010911
1 10422U 77102  A 84217.99999999  .00000423 +00000-0 +99999-4 0  9998
2 10422 030.7121 251.3610 8408890 137.7457 345.8471 00.41868817010932
1 10422U 77102  A 84228.99999999  .00000423 +00000-0 +99999-4 0  9990
2 10422 030.7013 250.9948 8404455 138.1414 203.4071 00.41849022010989
1 10422U 77102  A 84231.99999999  .00000423 +00000-0 +99999-4 0  9994
2 10422 030.7619 250.8426 8406730 138.3452 295.2439 00.41852449011001
1 10422U 77102  A 84235.99999999  .00000423 +00000-0 +99999-4 0  9998
2 10422 030.7295 250.7889 8402171 138.4865 177.8244 00.41854914011016
1 10422U 77102  A 84245.99999999  .00000423 +00000-0 +99999-4 0  9999
2 10422 031.0480 249.9203 8408816 139.4807 243.9658 00.41829015011068
1 10422U 77102  A 84249.99999999  .00000423 +00000-0 +99999-4 0  9993
2 10422 030.9568 249.8964 8402908 139.5519 126.6241 00.41857173011086
1 10422U 77102  A 84252.99999999  .00000423 +00000-0 +99999-4 0  9997
2 10422 031.0514 249.6533 8409692 139.7582 218.7368 00.41858648011102
1 10422U 77102  A 84256.99999999  .00000424 +00000-0 +99999-4 0  9992
2 10422 031.2074 249.2969 8418706 140.1695 101.2965 00.41843464011122
1 10422U 77102  A 84259.99999999  .00000424 +00000-0 +99999-4 0  9995
2 10422 031.2934 249.1072 8421386 140.4307 193.0002 00.41839882011144
1 10422U 77102  A 84266.99999999  .00000424 +00000-0 +99999-4 0  9993
2 10422 031.2947 248.8893 8419791 140.7312 167.5278 00.41860171011170
1 10422U 77102  A 84273.99999999  .00000425 +00000-0 +99999-4 0  9992
2 10422 031.6691 248.1340 8427544 141.7576 141.2516 00.41851545011212
1 10422U 77102  A 84277.99999999  .00000424 +00000-0 +99999-4 0  9995
2 10422 031.5700 248.1329 8421570 141.8248 023.8168 00.41847244011230
1 10422U 77102  A 84280.99999999  .00000425 +00000-0 +99999-4 0  9990
2 10422 031.6778 247.8838 8427393 142.0768 115.7657 00.41842007011254
1 10422U 77102  A 84291.99999999  .00000425 +00000-0 +99999-4 0  9992
2 10422 031.8230 247.4725 8429060 142.8152 332.0615 00.41848422011309
1 10422U 77102  A 84294.99999999  .00000425 +00000-0 +99999-4 0  9995
2 10422 031.8373 247.3286 8429361 142.9984 064.0860 00.41842252011316
1 10422U 77102  A 84301.99999999  .00000425 +00000-0 +99999-4 0  9994
2 10422 032.0747 246.7843 8428626 143.8942 037.4316 00.41870771011354
1 10422U 77102  A 84305.99999999  .00000425 +00000-0 +99999-4 0  9998
2 10422 032.0022 246.8117 8422346 143.9252 280.0511 00.41855828011374
1 10422U 77102  A 84308.99999999  .00000425 +00000-0 +99999-4 0  9991
2 10422 032.0748 246.6202 8425959 144.1833 011.9344 00.41864871011398
1 10422U 77102  A 84312.99999999  .00000425 +00000-0 +99999-4 0  9996
2 10422 032.1606 246.4385 8426796 144.4892 254.0601 00.41842637011415
1 10422U 77102  A 84315.99999999  .00000425 +00000-0 +99999-4 0  9999
2 10422 032.1132 246.4482 8422496 144.6108 345.7072 00.41865040011437
1 10422U 77102  A 84319.99999999  .00000424 +00000-0 +99999-4 0  9992
2 10422 031.9745 246.5481 8411428 144.6462 228.1992 00.41848936011441
1 10422U 77102  A 84322.99999999  .00000424 +00000-0 +99999-4 0  9996
2 10422 031.9998 246.4349 8412454 144.7719 320.2139 00.41861346011468
1 10422U 77102  A 84333.99999999  .00000424 +00000-0 +99999-4 0  9998
2 10422 031.8756 246.2477 8391092 145.4136 176.2515 00.41851523011513
1 10422U 77102  A 84336.99999999  .00000424 +00000-0 +99999-4 0  9991
2 10422 031.9151 246.1407 8392052 145.5674 268.0888 00.41852175011539
1 10422U 77102  A 84340.99999999  .00000424 +00000-0 +99999-4 0  9996
2 10422 031.9091 246.0638 8388624 145.7985 150.4366 00.41839562011556
1 10422U 77102  A 84343.99999999  .00000423 +00000-0 +99999-4 0  9998
2 10422 031.7841 246.1785 8379242 145.8023 242.1096 00.41838015011574
1 10422U 77102  A 84347.99999999  .00000422 +00000-0 +99999-4 0  9991
2 10422 031.6148 246.2612 8368495 145.7907 124.7406 00.41861591011598
1 10422U 77102  A 84357.99999999  .00000422 +00000-0 +99999-4 0  9992
2 10422 031.4952 246.1463 8349997 146.2582 190.5404 00.41857718011644
1 10422U 77102  A 84361.99999999  .00000422 +00000-0 +99999-4 0  9997
2 10422 031.3814 246.1227 8344364 146.2759 073.3283 00.41849642011669
1 10422U 77102  A 84364.99999999  .00000422 +00000-0 +99999-4 0  9990
2 10422 031.4198 246.0092 8345205 146.4111 165.2881 00.41845490011676
1 10422U 77102  A 84366.99999999  .00000421 +00000-0 +99999-4 0  9991
2 10422 031.3909 245.9461 8342253 146.5824 047.7197 00.41864447011683
1 10422U 77102  A 85005.99999999  .00000421 +00000-0 +99999-4 0  9992
2 10422 031.2788 246.0460 8333612 146.5644 139.6041 00.41857771011701
1 10422U 77102  A 85010.99999999  .00000421 +00000-0 +99999-4 0  9998
2 10422 031.0983 246.1292 8323567 146.4888 022.4073 00.41836083011726
1 10422U 77102  A 85012.99999999  .00000421 +00000-0 +99999-4 0  9990
2 10422 031.2098 245.8677 8328224 146.7181 114.5220 00.41832938011735
1 10422U 77102  A 85019.99999999  .00000420 +00000-0 +99999-4 0  9996
2 10422 031.0512 245.8589 8313761 146.9841 088.4676 00.41859155011768
1 10422U 77102  A 85026.99999999  .00000421 +00000-0 +99999-4 0  9995
2 10422 031.1164 245.5801 8318352 147.2269 063.4487 00.41850274011794
1 10422U 77102  A 85033.99999999  .00000420 +00000-0 +99999-4 0  9992
2 10422 031.0464 245.4855 8313368 147.4405 037.8466 00.41853476011823
1 10422U 77102  A 85037.99999999  .00000420 +00000-0 +99999-4 0  9996
2 10422 031.0180 245.4325 8311980 147.4306 280.8881 00.41858835011845
1 10422U 77102  A 85044.99999999  .00000421 +00000-0 +00000-0 0  9996
2 10422 031.1858 245.0095 8317445 148.0696 254.7922 00.41836224011876
1 10422U 77102  A 85051.99999999  .00000421 +00000-0 +00000-0 0  9994
2 10422 031.2273 244.7112 8322700 148.3158 229.7279 00.41858484011903
1 10422U 77102  A 85054.99999999  .00000421 +00000-0 +00000-0 0  9997
2 10422 031.3447 244.5307 8330008 148.5282 321.6395 00.41863552011926
1 10422U 77102  A 85058.99999999  .00000422 +00000-0 +00000-0 0  9992
2 10422 031.3904 244.3737 8332123 148.7808 204.0590 00.41844402011941
1 10422U 77102  A 85065.99999999  .00000422 +00000-0 +00000-0 0  9990
2 10422 031.4251 244.0952 8335512 149.0517 178.8178 00.41859324011960
1 10422U 77102  A 85068.99999999  .00000423 +00000-0 +00000-0 0  9994
2 10422 031.7439 243.6737 8352096 149.5458 270.3738 00.41863498011981
1 10422U 77102  A 85073.99999999  .00000423 +00000-0 +99999-4 0  9999
2 10422 031.5570 243.7457 8343000 149.7123 333.5386 00.41842080012000
1 10422U 77102  A 85075.99999999  .00000423 +00000-0 +99999-4 0  9991
2 10422 031.5982 243.6404 8345074 149.8126 244.6279 00.41860513012009
1 10422U 77102  A 85079.99999999  .00000423 +00000-0 +99999-4 0  9995
2 10422 031.7499 243.3430 8354580 150.1246 127.2523 00.41840204012025
1 10422U 77102  A 85082.99999999  .00000424 +00000-0 +00000-0 0  9991
2 10422 031.8955 243.1408 8362543 150.3905 218.9636 00.41842392012065
1 10422U 77102  A 85086.99999999  .00000424 +00000-0 +99999-4 0  9994
2 10422 031.9295 243.0233 8364794 150.6555 101.3241 00.41836835012075
1 10422U 77102  A 85089.99999999  .00000424 +00000-0 +99999-4 0  9997
2 10422 031.8832 243.0196 8362661 150.7225 193.1567 00.41851496012086
1 10422U 77102  A 85095.83899305  .00000425 +00000-0 +99999-4 0  9998
2 10422 032.2077 242.5357 8381701 151.2514 352.7529 00.41886678012113
1 10422U 77102  A 85100.99999999  .00000425 +00000-0 +99999-4 0  9992
2 10422 032.0612 242.4917 8374162 151.6511 049.2214 00.41857817012146
1 10422U 77102  A 85107.99999999  .00000425 +00000-0 +99999-4 0  9999
2 10422 032.2103 242.1875 8383397 152.0508 023.7323 00.41865544012171
1 10422U 77102  A 85110.99999999  .00000426 +00000-0 +99999-4 0  9994
2 10422 032.2841 242.0591 8386826 152.2851 115.3888 00.41840320012198
1 10422U 77102  A 85114.99999999  .00000426 +00000-0 +99999-4 0  9998
2 10422 032.2245 242.0457 8385654 152.4517 357.5137 00.41850968012215
1 10422U 77102  A 85117.99999999  .00000426 +00000-0 +99999-4 0  9991
2 10422 032.1444 242.0476 8380815 152.5419 089.3857 00.41856260012223
1 10422U 77102  A 85121.99999999  .00000426 +00000-0 +99999-4 0  9996
2 10422 032.2613 241.8698 8387689 152.7479 332.0245 00.41872175012243
1 10422U 77102  A 85131.99999999  .00000426 +00000-0 +00000-0 0  9998
2 10422 032.0584 241.7480 8380231 153.3518 037.3457 00.41851782012299
1 10422U 77102  A 85135.99999999  .00000426 +00000-0 +99999-4 0  9991
2 10422 032.1550 241.5975 8385164 153.5848 279.6538 00.41853785012306
1 10422U 77102  A 85142.99999999  .00000426 +00000-0 +99999-4 0  9999
2 10422 031.9644 241.6516 8376080 153.8273 253.5994 00.41841227012340
1 10422U 77102  A 85149.99999999  .00000426 +00000-0 +99999-4 0  9996
2 10422 031.9805 241.4170 8376793 154.1494 228.0412 00.41848879012378
1 10422U 77102  A 85152.99999999  .00000426 +00000-0 +99999-4 0  9990
2 10422 031.9386 241.3899 8378507 154.4262 319.1776 00.41875744012398
1 10422U 77102  A 85156.99999999  .00000425 +00000-0 +99999-4 0  9993
2 10422 031.5993 241.6028 8361418 154.3778 201.7452 00.41857013012407
1 10422U 77102  A 85163.99999999  .00000426 +00000-0 +99999-4 0  9992
2 10422 031.5871 241.4280 8361719 154.6523 176.2152 00.41839079012433
1 10422U 77102  A 85166.99999999  .00000426 +00000-0 +99999-4 0  9995
2 10422 031.5090 241.4508 8358604 154.7357 267.8927 00.41842350012459
1 10422U 77102  A 85170.99999999  .00000425 +00000-0 +99999-4 0  9999
2 10422 031.3229 241.5334 8348788 154.7826 150.4162 00.41854539012463
1 10422U 77102  A 85184.99999999  .00000424 +00000-0 +99999-4 0  9993
2 10422 030.8915 241.4796 8332647 155.1765 099.0194 00.41857832012534
1 10422U 77102  A 85187.99999999  .00000425 +00000-0 +99999-4 0  9997
2 10422 030.8992 241.3973 8333056 155.2363 191.1688 00.41854324012552
1 10422U 77102  A 85191.99999999  .00000425 +00000-0 +99999-4 0  9992
2 10422 030.9295 241.2713 8335629 155.4351 073.7439 00.41853252023737
1 10422U 77102  A 85194.99999999  .00000425 +00000-0 +99999-4 0  9995
2 10422 030.8668 241.2851 8332411 155.5023 165.5585 00.41846121023757
1 10422U 77102  A 85201.99999999  .00000424 +00000-0 +99999-4 0  9993
2 10422 030.6285 241.2748 8320534 155.5328 140.3454 00.41859174023787
1 10422U 77102  A 85205.99999999  .00000425 +00000-0 +99999-4 0  9998
2 10422 030.8294 240.9765 8334407 155.8858 022.9639 00.41881505023805
1 10422U 77102  A 85208.99999999  .00000425 +00000-0 +99999-4 0  9991
2 10422 030.6890 241.0343 8329768 156.0153 114.4043 00.41863553023825
1 10422U 77102  A 85215.99999999  .00000425 +00000-0 +99999-4 0  9999
2 10422 030.5138 240.9476 8324054 156.0755 089.3578 00.41845381023850
1 10422U 77102  A 85222.99999999  .00000425 +00000-0 +99999-4 0  9997
2 10422 030.5770 240.7319 8330163 156.4081 063.7852 00.41857708023880
1 10422U 77102  A 85229.99999999  .00000425 +00000-0 +99999-4 0  9994
2 10422 030.4720 240.6268 8326774 156.5036 038.7257 00.41836253023917
1 10422U 77102  A 85240.99999999  .00000426 +00000-0 +99999-4 0  9998
2 10422 030.5282 240.2538 8341653 157.0826 255.5218 00.41862579023964
1 10422U 77102  A 85247.99999999  .00000427 +00000-0 +99999-4 0  9996
2 10422 030.7783 239.8752 8358543 157.5356 229.9447 00.41846689023999
1 10422U 77102  A 85257.99999999  .00000428 +00000-0 +99999-4 0  9998
2 10422 030.8651 239.5616 8369013 157.9280 296.6420 00.41868902024045
1 10422U 77102  A 85282.99999999  .00000431 +00000-0 +99999-4 0  9990
2 10422 031.0686 238.7363 8406276 159.4306 101.4525 00.41851524024158
1 10422U 77102  A 85285.99999999  .00000431 +00000-0 +99999-4 0  9993
2 10422 031.2662 238.4884 8417723 159.6724 193.3604 00.41846102024170
1 10422U 77102  A 85289.99999999  .00000432 +00000-0 +99999-4 0  9998
2 10422 031.3666 238.3315 8433936 160.1352 075.2078 00.41869961024194
1 10422U 77102  A 85292.99999999  .00000432 +00000-0 +99999-4 0  9992
2 10422 031.0986 238.4420 8426923 160.1317 166.8871 00.41870537024215
1 10422U 77102  A 85296.99999999  .00000433 +00000-0 +99999-4 0  9997
2 10422 031.1337 238.3048 8431973 160.3389 049.5274 00.41849410024235
1 10422U 77102  A 85299.99999999  .00000433 +00000-0 +99999-4 0  9990
2 10422 031.2474 238.1641 8439318 160.5532 141.2487 00.41834575024252
1 10422U 77102  A 85303.99999999  .00000433 +00000-0 +99999-4 0  9996
2 10422 031.2539 238.0695 8445008 160.8303 023.4130 00.41869324024272
1 10422U 77102  A 85313.99999999  .00000434 +00000-0 +99999-4 0  9998
2 10422 031.1452 237.8990 8447347 161.2491 089.5824 00.41828254024316
1 10422U 77102  A 85317.99999999  .00000435 +00000-0 +99999-4 0  9993
2 10422 030.9968 237.9040 8457142 161.5651 330.9995 00.41868345024336
1 10422U 77102  A 85327.99999999  .00000435 +00000-0 +99999-4 0  9994
2 10422 030.8026 237.7614 8456305 161.9800 037.3140 00.41865767024374
1 10422U 77102  A 85331.99999999  .00000435 +00000-0 +99999-4 0  9999
2 10422 030.6643 237.8035 8453132 162.0800 279.0620 00.41847357024397
1 10422U 77102  A 85334.99999999  .00000435 +00000-0 +99999-4 0  9992
2 10422 030.4809 237.8065 8448480 162.2168 011.2267 00.41856622024401
1 10422U 77102  A 85338.99999999  .00000435 +00000-0 +99999-4 0  9996
2 10422 030.3445 237.8262 8443079 162.2310 253.9437 00.41856544024422
1 10422U 77102  A 85345.99999999  .00000435 +00000-0 +99999-4 0  9994
2 10422 030.1088 237.8017 8449476 162.6440 227.5235 00.41830234024450
1 10422U 77102  A 85352.99999999  .00000435 +00000-0 +99999-4 0  9992
2 10422 029.8672 237.7000 8443586 162.8214 202.1823 00.41847452024487
1 10422U 77102  A 85355.99999999  .00000435 +00000-0 +99999-4 0  9995
2 10422 029.8314 237.6640 8445110 162.9425 293.9495 00.41856286024500
1 10422U 77102  A 85362.99999999  .00000435 +00000-0 +99999-4 0  9993
2 10422 029.4376 237.7477 8430636 163.0581 268.3379 00.41845366024521
1 10422U 77102A   86001.99999999  .00000435 +00000-0 +99999-4 0  9994
2 10422 029.3828 237.6148 8428236 163.1818 151.1452 00.41855798024546
1 10422U 77102A   86004.99999999  .00000435 +00000-0 +99999-4 0  9997
2 10422 029.4915 237.4711 8440348 163.3994 242.8294 00.41850651024560
1 10422U 77102A   86015.99999999  .00000435 +00000-0 +99999-4 0  9999
2 10422 028.9683 237.4316 8430479 163.6790 100.0068 00.41847032024617
1 10422U 77102A   86018.99999999  .00000435 +00000-0 +99999-4 0  9992
2 10422 028.9697 237.3771 8432786 163.7916 191.8688 00.41845029024632
1 10422U 77102A   86022.99999999  .00000435 +00000-0 +99999-4 0  9997
2 10422 028.8323 237.3361 8429395 163.9293 074.3991 00.41859461024653
1 10422U 77102A   86036.99999999  .00000436 +00000-0 +99999-4 0  9993
2 10422 028.4854 237.0711 8436168 164.4279 023.3977 00.41844628025120
1 10422U 77102A   86039.99999999  .00000436 +00000-0 +99999-4 0  9996
2 10422 028.4590 236.9923 8435195 164.4607 115.6543 00.41854157025148
1 10422U 77102A   86046.99999999  .00000437 +00000-0 +99999-4 0  9995
2 10422 028.6600 236.6922 8450722 164.8380 090.3159 00.41848759025179
1 10422U 77102A   86053.99999999  .00000437 +00000-0 +99999-4 0  9993
2 10422 028.5155 236.5703 8449427 165.0432 064.9053 00.41848155025204
1 10422U 77102A   86057.99999999  .00000438 +00000-0 +99999-4 0  9998
2 10422 028.7509 236.3426 8465110 165.2289 307.8233 00.41874543025229
1 10422U 77102A   86064.99999999  .00000439 +00000-0 +99999-4 0  9997
2 10422 028.5030 236.2567 8476757 165.5913 281.7769 00.41849247025246
1 10422U 77102A   86067.99999999  .00000439 +00000-0 +99999-4 0  9990
2 10422 028.5661 236.0923 8481844 165.7662 013.9224 00.41842456025253
1 10422U 77102A   86078.99999999  .00000441 +00000-0 +99999-4 0  9995
2 10422 028.7616 235.7327 8505664 166.3588 230.6601 00.41850735025302
1 10422U 77102A   86081.99999999  .00000441 +00000-0 +99999-4 0  9999
2 10422 028.7348 235.6680 8507222 166.4380 322.7350 00.41846480025326
1 10422U 77102A   86088.99999999  .00000444 +00000-0 +99999-4 0  9999
2 10422 028.9222 235.3374 8541808 167.0336 296.4621 00.41862395025356
1 10422U 77102A   86095.99999999  .00000444 +00000-0 +99999-4 0  9997
2 10422 028.8101 235.1781 8547866 167.3278 271.0887 00.41863785025378
1 10422U 77102A   86099.99999999  .00000445 +00000-0 +99999-4 0  9992
2 10422 028.9443 234.9965 8559558 167.6335 153.4592 00.41834950025386
1 10422U 77102A   86102.99999999  .00000446 +00000-0 +99999-4 0  9998
2 10422 028.9285 234.9552 8565696 167.7981 245.0643 00.41845754025402
1 10422U 77102A   86106.99999999  .00000446 +00000-0 +99999-4 0  9992
2 10422 028.8082 234.8947 8565905 168.0053 127.5036 00.41851985025425
1 10422U 77102A   86109.99999999  .00000446 +00000-0 +99999-4 0  9995
2 10422 028.7707 234.8306 8567638 168.1002 219.4723 00.41858562025441
1 10422U 77102A   86123.99999999  .00000449 +00000-0 +99999-4 0  9994
2 10422 028.5231 234.4846 8598704 168.9698 167.5179 00.41843267025504
1 10422U 77102A   86127.99999999  .00000449 +00000-0 +99999-4 0  9998
2 10422 028.5637 234.3605 8608155 169.2685 049.8572 00.41862276025520
1 10422U 77102A   86134.99999999  .00000450 +00000-0 +99999-4 0  9998
2 10422 028.2113 234.3123 8605407 169.5919 023.8468 00.41857084025551
1 10422U 77102A   86141.99999999  .00000452 +00000-0 +99999-4 0  9998
2 10422 028.2779 234.0870 8626311 169.9790 358.1785 00.41831626025586
1 10422U 77102A   86144.99999999  .00000451 +00000-0 +99999-4 0  9990
2 10422 027.9057 234.1345 8625904 170.1972 089.4723 00.41864340025598
1 10422U 77102A   86151.99999999  .00000452 +00000-0 +99999-4 0  9999
2 10422 027.5772 234.0179 8622301 170.4575 064.0721 00.41848554025622
1 10422U 77102A   86155.99999999  .00000452 +00000-0 +99999-4 0  9993
2 10422 027.4919 233.9775 8626792 170.6320 306.2786 00.41862448025644
1 10422U 77102A   86158.99999999  .00000452 +00000-0 +99999-4 0  9996
2 10422 027.3326 233.9108 8624181 170.8427 038.0802 00.41871958025651
1 10422U 77102A   86165.99999999  .00000452 +00000-0 +00000-0 0  9995
2 10422 026.9684 233.8271 8614048 171.0597 012.7415 00.41847029025689
1 10422U 77102A   86247.00069444  .00000458 +00000-0 +99999-4 0  9996
2 10422 024.6811 231.7588 8662300 174.7493 335.5885 00.41841759026270
1 10422U 77102A   86247.00138888  .00000458 +00000-0 +99999-4 0  9995
2 10422 024.6811 231.7588 8662326 174.7493 335.5885 00.41841759026278
1 10422U 77102A   86247.00208333  .00000458 +00000-0 +99999-4 0  9998
2 10422 024.6811 231.7588 8662300 174.7493 335.5885 00.41841759026270
1 10422U 77102A   86247.00347222  .00000458 +00000-0 +99999-4 0  9999
2 10422 024.6811 231.7588 8662300 174.7493 335.5885 00.41841759026270
1 10422U 77102A   86256.99999999  .00000461 +00000-0 +99999-4 0  9995
2 10422 024.4330 231.3600 8692755 175.4790 041.7004 00.41844434026317
1 10422U 77102A   86260.99999999  .00000461 +00000-0 +99999-4 0  9990
2 10422 024.6295 231.2195 8705892 175.6208 284.5370 00.41865099026335
1 10422U 77102A   86274.99999999  .00000464 +00000-0 +00000-0 0  9999
2 10422 024.6475 230.7196 8732472 176.4791 233.4747 00.41867763026397
1 10422U 77102A   86281.99999999  .00000467 +00000-0 +99999-4 0  9999
2 10422 024.4037 230.5373 8763374 177.0139 207.3106 00.41845751026473
1 10422U 77102A   86284.99999999  .00000467 +00000-0 +99999-4 0  9992
2 10422 024.2607 230.4177 8764924 177.1769 299.3753 00.41853667026482
1 10422U 77102A   86285.00026620  .00000466 +00000-0 +00000-4 0  9991
2 10422 024.2607 230.4176 8764924 177.1769 299.3753 00.41853668026482
1 10422U 77102A   86291.99999999  .00000469 +00000-0 +99999-4 0  9992
2 10422 024.4380 230.1377 8788866 177.6834 273.6035 00.41857149026511
1 10422U 77102A   86292.00026620  .00000468 +00000-0 +00000-4 0  9991
2 10422 024.4380 230.1377 8788866 177.6833 273.6035 00.41857149026510
1 10422U 77102A   86298.99999999  .00000470 +00000-0 +99999-4 0  9991
2 10422 024.1370 229.9367 8793181 178.1748 247.8101 00.41854045026540
1 10422U 77102A   86299.00026620  .00000469 +00000-0 +00000-4 0  9999
2 10422 024.1370 229.9367 8793181 178.1748 247.8101 00.41854045026540
1 10422U 77102A   86302.99999999  .00000471 +00000-0 +99999-4 0  9998
2 10422 024.1549 229.7211 8799746 178.4795 130.4552 00.41844642026552
1 10422U 77102A   86303.00026620  .00000470 +00000-0 +00000-4 0  9997
2 10422 024.1549 229.7210 8799746 178.4795 130.4552 00.41844642026551
1 10422U 77102A   86309.99999999  .00000473 +00000-0 +99999-4 0  9997
2 10422 023.6489 229.4979 8825860 179.1211 104.1624 00.41858039026581
1 10422U 77102A   86310.00026620  .00000472 +00000-0 +00000-4 0  9997
2 10422 023.6489 229.4978 8825860 179.1211 104.1624 00.41858040026582
1 10422U 77102A   86312.99999999  .00000473 +00000-0 +99999-4 0  9991
2 10422 023.4836 229.3847 8825616 179.2819 196.1799 00.41855226026604
1 10422U 77102A   86313.00026620  .00000472 +00000-0 +00000-4 0  9990
2 10422 023.4836 229.3846 8825616 179.2818 196.1799 00.41855226026602
1 10422U 77102A   86316.99999999  .00000474 +00000-0 +99999-4 0  9996
2 10422 023.5204 229.2057 8835434 179.6225 078.7279 00.41847822026612
1 10422U 77102A   86317.00026620  .00000474 +00000-0 +00000-4 0  9996
2 10422 023.5204 229.2057 8835434 179.6225 078.7279 00.41847823026613
1 10422U 77102A   86323.99999999  .00000475 +00000-0 +99999-4 0  9995
2 10422 023.1683 228.9494 8842243 180.2282 052.6544 00.41865491026648
1 10422U 77102A   86324.00026620  .00000474 +00000-0 +00000-4 0  9994
2 10422 023.1683 228.9493 8842243 180.2282 052.6544 00.41865491026647
1 10422U 77102A   86326.99999999  .00000475 +00000-0 +99999-4 0  9998
2 10422 022.9546 228.8709 8838298 180.3957 144.5501 00.41857835026665
1 10422U 77102A   86327.00026620  .00000474 +00000-0 +00000-4 0  9997
2 10422 022.9546 228.8709 8838298 180.3956 144.5501 00.41857836026665
1 10422U 77102A   86330.99999999  .00000476 +00000-0 +99999-4 0  9994
2 10422 022.8729 228.6585 8842046 180.7268 027.2618 00.41853821026681
1 10422U 77102A   86331.00026620  .00000475 +00000-0 +00000-4 0  9993
2 10422 022.8729 228.6585 8842046 180.7268 027.2618 00.41853822026682
1 10422U 77102A   86341.99999999  .00000477 +00000-0 +99999-4 0  9997
2 10422 021.9259 228.1815 8853979 181.6381 093.0846 00.41852055026731
1 10422U 77102A   86347.99999999  .00000478 +00000-0 +99999-4 0  9994
2 10422 021.7362 227.8839 8862859 182.2345 067.3655 00.41861319026768
1 10422U 77102A   86354.99999999  .00000478 +00000-0 +99999-4 0  9992
2 10422 021.1639 227.5112 8850074 182.8482 041.7688 00.41853203026916
1 10422U 77102A   86355.00026620  .00000478 +00000-0 +00000-4 0  9992
2 10422 021.1639 227.5112 8850074 182.8482 041.7688 00.41853204026917
1 10422U 77102A   86365.99999999  .00000479 +00000-0 +99999-4 0  9995
2 10422 020.2013 226.9217 8856954 183.8007 258.7538 00.41852741026963
1 10422U 77102  A 87001.00026620  .00000479 +00000-0 +00000-4 0  9992
2 10422 020.2013 226.9217 8856954 183.8006 258.7538 00.41852741026962
1 10422U 77102  A 87003.99999999  .00000479 +00000-0 +99999-4 0  9995
2 10422 020.1442 226.7445 8856591 183.9964 350.9162 00.41843075026978
1 10422U 77102  A 87004.00026620  .00000479 +00000-0 +00000-4 0  9995
2 10422 020.1442 226.7445 8856591 183.9963 350.9162 00.41843075026977
1 10422U 77102  A 87012.08333332  .00000481 +00000-0 +99999-4 0  9991
2 10422 019.5817 225.7395 8858830 185.4926 182.9316 00.41852562027002
1 10422U 77102  A 87012.08359958  .00000480 +00000-0 +00000-4 0  9997
2 10422 019.5817 225.7395 8858830 185.4926 182.9316 00.41852562027002
1 10422U 77102  A 87025.00026620  .00000481 +00000-0 +00000-4 0  9991
2 10422 019.2250 225.5344 8868000 185.8403 274.5981 00.41840000027040
1 10422U 77102  A 87032.00026620  .00000481 +00000-0 +00000-4 0  9999
2 10422 018.8640 225.0209 8863000 186.4817 249.7180 00.41863000027077
1 10422U 77102  A 87046.00026620  .00000482 +00000-0 +00000-4 0  9995
2 10422 018.5902 224.2338 8869273 187.6306 199.2806 00.41871921027135
1 10422U 77102  A 87080.99999999  .00000492 +00000-0 +99999-4 0  9995
2 10422 017.7364 222.0157 8957210 191.0106 072.4374 00.41864008027285
1 10422U 77102  A 87081.00026620  .00000491 +00000-0 +00000-4 0  9994
2 10422 017.7364 222.0156 8957209 191.0105 072.4374 00.41864009027282
1 10422U 77102  A 87091.99999999  .00000495 +00000-0 +99999-4 0  9990
2 10422 017.6053 221.4213 8985422 191.9585 289.6890 00.41861398027331
1 10422U 77102  A 87092.00026620  .00000494 +00000-0 +00000-4 0  9999
2 10422 017.6053 221.4212 8985422 191.9584 289.6890 00.41861398027339
1 10422U 77102  A 87094.99999999  .00000496 +00000-0 +99999-4 0  9994
2 10422 017.4761 221.0942 8988803 192.5075 021.5517 00.41865850027344
1 10422U 77102  A 87095.00026620  .00000495 +00000-0 +00000-4 0  9993
2 10422 017.4761 221.0942 8988803 192.5074 021.5517 00.41865851027344
1 10422U 77102  A 87098.99999999  .00000496 +00000-0 +99999-4 0  9998
2 10422 017.3115 220.8570 8990275 192.8391 264.2077 00.41855991027364
1 10422U 77102  A 87105.99999999  .00000499 +00000-0 +99999-4 0  9990
2 10422 017.1463 220.3706 9024013 193.6327 238.4949 00.41851805027384
1 10422U 77102  A 87112.99999999  .00000500 +00000-0 +99999-4 0  9991
2 10422 016.5644 219.4155 9030027 194.9241 213.0881 00.41865628027401
1 10422U 77102  A 87122.99999999  .00000503 +00000-0 +99999-4 0  9995
2 10422 016.1688 218.5246 9052065 196.3781 279.0771 00.41857613027446
1 10422U 77102  A 87128.99999999  .00000504 +00000-0 +99999-4 0  9992
2 10422 015.9419 217.8432 9059492 197.3717 253.7621 00.41870774027463
1 10422U 77102  A 87143.99999999  .00000509 +00000-0 +99999-4 0  9994
2 10422 014.7763 215.4991 9085239 200.5137 202.4055 00.41851191027528
1 10422U 77102  A 87157.99999999  .00000511 +00000-0 +99999-4 0  9992
2 10422 013.9135 213.2056 9087073 203.5913 151.3253 00.41853722027572
1 10422U 77102  A 87164.99999999  .00000512 +00000-0 +99999-4 0  9991
2 10422 012.8954 210.6906 9092958 206.5547 125.5839 00.41872062027603
1 10422U 77102  A 87168.99999999  .00000513 +00000-0 +99999-4 0  9996
2 10422 012.7544 209.9974 9092673 207.4571 008.4666 00.41846040027619
1 10422U 77102  A 87171.99999999  .00000514 +00000-0 +99999-4 0  9991
2 10422 012.6638 209.6468 9097346 207.9489 100.3824 00.41855091027627
1 10422U 77102  A 87217.99999999  .00000517 +00000-0 +99999-4 0  9995
2 10422 009.8680 196.2533 9089901 223.5633 191.5112 00.41858716027819
1 10422U 77102  A 87224.99999999  .00000517 +00000-0 +99999-4 0  9993
2 10422 009.7215 194.5998 9089006 225.4582 166.6777 00.41861639027849
1 10422U 77102  A 87227.99999999  .00000518 +00000-0 +99999-4 0  9997
2 10422 009.6466 193.9863 9094829 226.2056 258.6704 00.41862446027854
1 10422U 77102  A 87255.99999999  .00000551 +00000-0 +99999-4 0  9995
2 10422 008.8721 185.9161 9124062 235.6081 158.4013 00.41860120027965
1 10422U 77102  A 87259.99999999  .00000562 +00000-0 +99999-4 0  9991
2 10422 008.7580 184.3620 9125463 237.4472 041.1835 00.41875243027973
1 10422U 77102  A 87264.99999999  .00000563 +00000-0 +99999-4 0  9998
2 10422 008.7080 183.4537 9125640 238.5692 075.1621 00.41874656027997
