1 39501U 14002B   14006.28405268 -.00000587  00000-0  00000+0 0  9991
2 39501 022.4749 267.6280 8683520 179.4447 184.0566 00.74698513    00
1 39501U 14002B   14006.98329896 -.00000644  00000-0  00000+0 0  9994
2 39501 022.3862 267.8782 8695612 179.8453 011.7150 00.72374857    05
1 39501U 14002B   14006.98329896 -.00000644  00000-0  00000+0 0  9994
2 39501 022.3862 267.8782 8695612 179.8453 011.7150 00.72374857    05
1 39501U 14002B   14006.98329896 -.00000644  00000-0  00000+0 0  9994
2 39501 022.3862 267.8782 8695612 179.8453 011.7150 00.72374857    05
1 39501U 14002B   14007.04791019 -.00000622  00000-0  00000+0 0  9998
2 39501 022.4575 267.5526 8683734 179.5868 029.4528 00.74692110    01
1 39501U 14002B   14009.60000000 -.00000651  00000-0  00000+0 0  9997
2 39501 022.4430 267.4220 8684107 179.9170 354.8780 00.74614476    11
1 39501U 14002B   14014.28932286  .00000923  00000-0  15177-1 0  9991
2 39501 022.3272 266.7586 8685971 181.0031 174.0676 00.74610890    57
1 39501U 14002B   14015.61865659  .00000921  00000-0  14321-1 0  9996
2 39501 022.2966 266.6285 8686151 181.2395 171.1092 00.74613931    67
1 39501U 14002B   14017.60000000 -.00000310  00000-0  00000+0 0  9998
2 39501 022.2750 266.5270 8687189 181.4770 343.4430 00.74622215    78
1 39501U 14002B   14018.28894365  .00000693  00000-0  10153-1 0  9993
2 39501 022.2443 266.3104 8687403 181.7707 168.3235 00.74616388    85
1 39501U 14002B   14023.00000000 -.00000312  00000-0  00000+0 0  9991
2 39501 022.1130 265.7400 8689548 182.7300 353.8220 00.74614398   119
1 39501U 14002B   14027.61861047  .00000078  00000-0  27877-2 0  9990
2 39501 022.0373 265.3350 8689839 183.4945 154.3203 00.74620116   157
1 39501U 14002B   14034.28935504  .00000196  00000-0  34617-2 0  9992
2 39501 021.8772 264.4608 8693666 184.9663 146.2957 00.74628354   203
1 39501U 14002B   14038.28500068  .00000681  00000-0  14023-2 0  9997
2 39501 021.7164 264.0656 8715471 185.5277 139.6561 00.74648387   231
1 39501U 14002B   14042.28723175 -.00000392  00000-0 -16081-2 0  9995
2 39501 021.6418 263.6682 8695416 186.4366 134.9791 00.74645214   252
1 39501U 14002B   14046.28680385 -.00000133  00000-0 -64071-3 0  9990
2 39501 021.5229 263.2047 8696863 187.2323 129.6841 00.74641165   271
1 39501U 14002B   14048.95434870 -.00000125  00000-0 -53358-3 0  9999
2 39501 021.5250 262.8909 8697403 187.7878 126.4154 00.74639292   290
1 39501U 14002B   14050.28630600 -.00000003  00000-0  00000+0 0  9993
2 39501 021.1902 262.6755 8698488 188.0895 124.3314 00.74641592   307
1 39501U 14002B   14050.28772180 -.00000296  00000-0 -12052-2 0  9991
2 39501 021.4911 262.7409 8698309 188.0491 124.6691 00.74637885   302
1 39501U 14002B   14054.28870747  .00000200  00000-0  11932-2 0  9992
2 39501 021.2920 262.2666 8700839 188.8491 119.7225 00.74637075   321
1 39501U 14002B   14054.28870826  .00000171  00000-0  11826-2 0  9999
2 39501 021.4051 262.2962 8699723 188.8221 119.7228 00.74642448   320
1 39501U 14002B   14058.28953070  .00000959  00000-0  13172-2 0  9996
2 39501 021.2049 261.8072 8701815 189.6464 114.7068 00.74639532   345
1 39501U 14002B   14059.62329160  .00000660  00000-0  74881-3 0  9996
2 39501 021.1733 261.6461 8702302 189.9216 113.1265 00.74642452   352
1 39501U 14002B   14059.62357469  .00000535  00000-0  33170-3 0  9996
2 39501 021.1732 261.6461 8702302 189.9217 113.1995 00.74641607   353
1 39501U 14002B   14060.95565081  .00001174  00000-0  28893-2 0  9990
2 39501 021.2055 261.4117 8704492 190.2760 111.0414 00.74643752   365
1 39501U 14002B   14060.95743251  .00001152  00000-0  28171-2 0  9992
2 39501 021.2069 261.4039 8704541 190.2837 111.5180 00.74643535   367
1 39501U 14002B   14063.62425733  .00000385  00000-0  23459-2 0  9992
2 39501 021.0896 261.1270 8705522 190.8006 108.0913 00.74647405   388
1 39501U 14002B   14063.62485714  .00000114  00000-0  16289-2 0  9990
2 39501 021.0781 261.1371 8705852 190.7839 108.2610 00.74646089   385
1 39501U 14002B   14067.62698877 -.00000241  00000-0  45365-3 0  9990
2 39501 021.0080 260.6475 8703758 191.6274 103.7228 00.74644153   411
1 39501U 14002B   14070.29498407  .00000471  00000-0  55777-3 0  9996
2 39501 020.9409 260.3448 8704544 192.1637 100.6370 00.74645070   439
1 39501U 14002B   14071.62755068  .00000002  00000-0  38551-5 0  9996
2 39501 020.6269 260.0753 8707491 192.4887 098.7825 00.74645415   446
1 39501U 14002B   14071.62771241  .00000002  00000-0  47401-5 0  9991
2 39501 020.6307 260.0844 8707640 192.4810 098.8167 00.74647945   442
1 39501U 14002B   14071.62944057  .00000793  00000-0  79712-3 0  9993
2 39501 020.9067 260.1991 8704855 192.4286 099.2333 00.74646995   448
1 39501U 14002B   14072.96395650  .00000793  00000-0  62382-3 0  9995
2 39501 020.8721 260.0532 8705248 192.6927 097.8399 00.74647306   459
1 39501U 14002B   14075.63343918  .00000136  00000-0 -92590-4 0  9999
2 39501 020.8044 259.7598 8706453 193.2031 095.2361 00.74648487   470
1 39501U 14002B   14076.96888340 -.00000322  00000-0 -45843-3 0  9995
2 39501 020.8534 259.5698 8707446 193.4845 094.1319 00.74645912   483
1 39501U 14002B   14079.63876337  .00000246  00000-0  77224-3 0  9996
2 39501 020.6602 259.2548 8711020 193.9772 091.6758 00.74647553   498
1 39501U 14002B   14080.97325819  .00001253  00000-0  22765-2 0  9997
2 39501 020.7228 259.0912 8709433 194.2900 090.3041 00.74659462   503
1 39501U 14002B   14082.30706846  .00001247  00000-0  13510-2 0  9990
2 39501 020.6679 258.9333 8711880 194.5543 088.7478 00.74660702   517
1 39501U 14002B   14087.64613064  .00000934  00000-0  53879-3 0  9996
2 39501 020.4686 258.2495 8713751 195.6724 083.5720 00.74656423   548
1 39501U 14002B   14092.98519238  .00000000  00000-0  34670-6 0  9992
2 39501 020.2588 257.4851 8714993 196.9031 078.4350 00.74658490   579
1 39501U 14002B   14092.98607865 -.00000157  00000-0  31307-3 0  9991
2 39501 020.2945 257.5106 8717646 196.8769 078.6854 00.74656282   584
1 39501U 14002B   14094.32025580 -.00000730  00000-0 -99750-4 0  9994
2 39501 020.2600 257.3277 8718040 197.1812 077.2233 00.74652725   596
1 39501U 14002B   14098.32579039  .00000739  00000-0  24035-3 0  9991
2 39501 020.2147 256.8919 8718080 197.9390 074.0096 00.74666167   612
1 39501U 14002B   14099.66069190  .00001532 -10724-5  88419-4 0  9990
2 39501 020.2007 256.6978 8720063 198.2674 072.8005 00.74665894   626
1 39501U 14002B   14100.99523846  .00002139 -22438-5 -35909-4 0  9998
2 39501 020.1759 256.5132 8720515 198.5713 071.5118 00.74665685   639
1 39501U 14002B   14102.33049658  .00002352 -26267-5  97617-6 0  9998
2 39501 020.1423 256.3322 8720978 198.8704 070.4142 00.74665856   648
1 39501U 14002B   14106.33658910  .00000367  13781-5  57299-3 0  9998
2 39501 019.9658 255.7524 8722114 199.7494 067.3968 00.74661070   668
1 39501U 14002B   14106.33861495  .00000003  00000-0  88276-6 0  9996
2 39501 020.1385 255.9243 8722530 199.5985 067.8646 00.74679261   663
1 39501U 14002B   14110.34146635  .00000983  16420-5  35856-3 0  9992
2 39501 019.9335 255.2389 8724949 200.6369 063.9710 00.74689354   689
1 39501U 14002B   14110.34146853  .00000936  16428-5  39992-3 0  9995
2 39501 019.8461 255.1732 8724434 200.6918 063.8839 00.74678323   683
1 39501U 14002B   14111.67639328 -.00001729 -21752-6 -39338-3 0  9991
2 39501 019.8597 255.0681 8724882 200.9486 062.7547 00.74667212   695
1 39501U 14002B   14114.34639492  .00004867 -28984-5  27668-3 0  9990
2 39501 019.8006 254.6386 8726082 201.6011 060.6413 00.74693484   704
1 39501U 14002B   14114.34639580  .00003437 -28978-5  12150-3 0  9993
2 39501 019.7327 254.5812 8724954 201.6361 060.6516 00.74697279   706
1 39501U 14002B   14114.34697413  .00000000  00000-0  31759-7 0  9995
2 39501 019.8179 254.6741 8726134 201.5557 060.8192 00.74695090   714
1 39501U 14002B   14115.68197957  .00003685 -26685-5  96099-4 0  9991
2 39501 019.7767 254.4265 8727885 201.9300 059.7508 00.74694276   712
1 39501U 14002B   14117.01708696  .00001860 -14766-5  11378-3 0  9994
2 39501 019.7152 254.2149 8726678 202.2911 058.7175 00.74693765   722
1 39501U 14002B   14118.35227119 -.00000017  18522-6  79460-4 0  9993
2 39501 019.6818 254.0150 8727018 202.6134 057.7326 00.74694850   734
1 39501U 14002B   14121.02257608  .00002856  28486-5  29936-3 0  9990
2 39501 019.5848 253.6431 8728308 203.1526 056.0563 00.74712591   746
1 39501U 14002B   14121.02458439 -.00000003  00000-0  00000+0 0  9992
2 39501 019.7985 253.8834 8729260 202.9395 056.6108 00.74717201   753
1 39501U 14002B   14122.35714330  .00014149  31988-5  38173-3 0  9999
2 39501 019.5392 253.4162 8730190 203.5174 055.0152 00.74745147   751
1 39501U 14002B   14123.69034930  .00008689  27954-5  41785-3 0  9991
2 39501 019.5496 253.2128 8728802 203.8109 053.7141 00.74736629   763
1 39501U 14002B   14125.02550214  .00024145  17555-5  41785-3 0  9999
2 39501 019.4906 253.0563 8731154 204.1133 052.9552 00.74743029   763
1 39501U 14002B   14126.35957326  .00011883  34186-6  23075-3 0  9998
2 39501 019.4793 252.8758 8730073 204.4153 052.0814 00.74792321   787
1 39501U 14002B   14126.35984503  .00035207  34284-6  98877-3 0  9992
2 39501 019.5061 252.8803 8729468 204.4295 052.1268 00.74744535   788
1 39501U 14002B   14127.68886527  .00007537 -10414-5  10000-3 0  9992
2 39501 019.4808 252.6661 8730789 204.7265 049.9225 00.74793522   781
1 39501U 14002B   14127.69642196  .00000000  00000-0  00000+0 0  9992
2 39501 019.6535 252.9546 8731135 204.4634 051.9608 00.74806255   795
1 39501U 14002B   14129.02768136  .00049120 -19232-5  67518-3 0  9994
2 39501 019.4503 252.4944 8729154 205.0287 050.5326 00.74958297   790
1 39501U 14002B   14130.35798177 -.00002733 -19136-5 -64960-4 0  9993
2 39501 019.4039 252.2989 8730477 205.3708 048.7276 00.74808431   812
1 39501U 14002B   14131.69540068  .00067065 -84734-4  37546-3 0  9996
2 39501 019.3530 252.1057 8733525 205.6623 048.9529 00.74809360   824
1 39501U 14002B   14133.02787229  .00063931  80914-6  63037-3 0  9996
2 39501 019.3296 251.9022 8730594 205.9717 048.1352 00.74953305   838
1 39501U 14002B   14134.36444004 -.00003475  97397-5  39185-7 0  9996
2 39501 019.3099 251.6859 8732673 206.3309 048.2563 00.74869949   842
1 39501U 14002B   14134.36454032  .00000000  00000-0  00000+0 0  9994
2 39501 019.5879 252.1088 8732480 205.8978 048.3301 00.74956087   843
1 39501U 14002B   14135.69321784  .00045312  33504-5  17368-2 0  9991
2 39501 019.2628 251.4656 8726042 206.7491 046.6830 00.74985293   852
1 39501U 14002B   14135.69539240 -.00000003  00000-0  00000+0 0  9990
2 39501 019.5653 251.9114 8733428 206.2275 047.4176 00.74934939   851
1 39501U 14002B   14148.59798124  .01958819 -12495-4  10000-3 0  9999
2 39501 019.1657 249.0100 4656983 210.8048 005.1257 06.52590019   949
