1 05367U 71064  A 71213.60489650  .00000000 +00000-0 +00000-0 0  9991
2 05367 065.3742 334.9190 7392620 285.0554 009.9845 02.04265308000215
1 05367U 71064  A 71235.31916968  .00000497 +00000-0 +00000-0 0  9990
2 05367 065.4695 332.1410 7418080 284.6857 009.9154 02.00697279000549
1 05367U 71064  A 71236.81396828  .00000497 +00000-0 +00000-0 0  9993
2 05367 065.4528 331.9242 7417880 284.6736 009.9192 02.00698781000571
1 05367U 71064  A 71237.31223109  .00000497 +00000-0 +00000-0 0  9990
2 05367 065.4666 331.8610 7417180 284.6250 009.9336 02.00699472000585
1 05367U 71064  A 71238.80702832  .00000497 +00000-0 +00000-0 0  9990
2 05367 065.4674 331.6515 7417550 284.5893 009.9392 02.00699806000616
1 05367U 71064  A 71241.79663634  .00000497 +00000-0 +00000-0 0  9998
2 05367 065.4702 331.2276 7417340 284.5093 009.9576 02.00700474000671
1 05367U 71064  A 71244.28803612  .00000497 +00000-0 +00000-0 0  9997
2 05367 065.4803 330.8716 7416930 284.4492 009.9729 02.00697589000721
1 05367U 71064  A 71246.28117244 -.00000249 +00000-0 +00000-0 0  9994
2 05367 065.4726 330.5970 7416510 284.4117 009.9835 02.00692010000768
1 05367U 71064  A 71248.27416060  .00000497 +00000-0 +00000-0 0  9997
2 05367 065.4614 330.3124 7416080 284.3729 009.9943 02.00701928000807
1 05367U 71064  A 71249.76908091 -.00000106 +00000-0 +00000-0 0  9990
2 05367 065.4803 330.1068 7415580 284.3235 010.0079 02.00693274000838
1 05367U 71064  A 71251.26387851  .00000061 +00000-0 +00000-0 0  9992
2 05367 065.4734 329.8876 7415270 284.2967 010.0155 02.00695348000862
1 05367U 71064  A 71252.26038875  .00000235 +00000-0 +00000-0 0  9995
2 05367 065.4636 329.7438 7415581 284.2726 010.0190 02.00697851000886
1 05367U 71064  A 71255.74840491 -.00008003 +00000-0 +00000-0 0  9998
2 05367 065.4995 329.2326 7414550 284.1764 010.0458 02.00661635000957
1 05367U 71064  A 71259.23762924 -.00000819 +00000-0 +00000-0 0  9997
2 05367 065.5371 328.7390 7412050 284.0854 010.0802 02.00620484001022
1 05367U 71064  A 71261.23139887  .00000235 +00000-0 +00000-0 0  9997
2 05367 065.5200 328.4606 7412160 284.0384 010.0898 02.00625300001061
1 05367U 71064  A 71262.22825499  .00000631 +00000-0 +00000-0 0  9998
2 05367 065.5161 328.3247 7410650 284.0051 010.1059 02.00629568001082
1 05367U 71064  A 71263.22514628  .00000418 +00000-0 +00000-0 0  9991
2 05367 065.5179 328.1846 7410460 283.9795 010.1126 02.00628638001101
1 05367U 71064  A 71265.21891014  .00000525 +00000-0 +00000-0 0  9998
2 05367 065.5097 327.8997 7407500 283.9308 010.1406 02.00629926001140
1 05367U 71064  A 71266.21580573 -.00000035 +00000-0 +00000-0 0  9991
2 05367 065.4947 327.7519 7407850 283.9069 010.1437 02.00626731001161
1 05367U 71064  A 71268.20960400 -.00000360 +00000-0 +00000-0 0  9994
2 05367 065.4932 327.4770 7408740 283.8382 010.1536 02.00623584001205
1 05367U 71064  A 71269.20650470 -.00000360 +00000-0 +00000-0 0  9998
2 05367 065.4931 327.3395 7408740 283.8150 010.1587 02.00622869001222
1 05367U 71064  A 71270.20340895 -.00000360 +00000-0 +00000-0 0  9997
2 05367 065.4930 327.2020 7408740 283.7918 010.1638 02.00622153001241
1 05367U 71064  A 71273.19413459  .00000080 +00000-0 +00000-0 0  9993
2 05367 065.4868 326.7408 7409160 283.7356 010.1737 02.00621605001306
1 05367U 71064  A 71275.18792523  .00000463 +00000-0 +00000-0 0  9991
2 05367 065.5415 326.4684 7407970 283.6927 010.1901 02.00625110001340
1 05367U 71064  A 71276.18482657  .00000550 +00000-0 +00000-0 0  9993
2 05367 065.5177 326.3145 7406752 283.6771 010.2008 02.00625396001367
1 05367U 71064  A 71277.68014802  .00001304 +00000-0 +00000-0 0  9990
2 05367 065.5049 326.1121 7406280 283.6258 010.2149 02.00630093001392
1 05367U 71064  A 71279.17543360  .00001304 +00000-0 +00000-0 0  9992
2 05367 065.5048 325.9063 7406240 283.5909 010.2228 02.00634003001428
1 05367U 71064  A 71279.67392894 -.00003745 +00000-0 +00000-0 0  9993
2 05367 065.5050 325.8262 7407230 283.5527 010.2253 02.00618267001430
1 05367U 71064  A 71279.67393069 -.00000402 +00000-0 +00000-0 0  9995
2 05367 065.5015 325.8371 7406530 283.5620 010.2275 02.00623965001433
1 05367U 71064  A 71281.16927937 -.00000820 +00000-0 +00000-0 0  9993
2 05367 065.4889 325.6115 7407173 283.5277 010.2313 02.00620890001467
1 05367U 71064  A 71282.16617644 -.00000576 +00000-0 +00000-0 0  9993
2 05367 065.5108 325.4706 7407045 283.5098 010.2360 02.00621128001484
1 05367U 71064  A 71283.16311469 -.00001069 +00000-0 +00000-0 0  9998
2 05367 065.5359 325.3445 7408025 283.4791 010.2370 02.00616932001500
1 05367U 71064  A 71285.15694580  .00000095 +00000-0 +00000-0 0  9994
2 05367 065.4784 325.0139 7408150 283.4513 010.2424 02.00619721001542
1 05367U 71064  A 71287.64920484  .00000455 +00000-0 +00000-0 0  9995
2 05367 065.4979 324.6573 7407380 283.3991 010.2585 02.00623727001592
1 05367U 71064  A 71289.14455157  .00000475 +00000-0 +00000-0 0  9994
2 05367 065.5220 324.4491 7406578 283.3670 010.2704 02.00625253001624
1 05367U 71064  A 71293.13214050  .00000290 +00000-0 +00000-0 0  9998
2 05367 065.5455 323.8878 7405720 283.2656 010.2980 02.00625825001707
1 05367U 71064  A 71294.12906066 -.00000354 +00000-0 +00000-0 0  9995
2 05367 065.5218 323.7155 7405750 283.2672 010.2975 02.00622201001723
1 05367U 71064  A 71295.12596829 -.00000354 +00000-0 +00000-0 0  9998
2 05367 065.5217 323.5784 7405750 283.2437 010.3027 02.00621486001742
1 05367U 71064  A 71296.62134641 -.00000571 +00000-0 +00000-0 0  9995
2 05367 065.4644 323.3320 7408868 283.1546 010.3040 02.00618243001777
1 05367U 71064  A 71299.61214853  .00000110 +00000-0 +00000-0 0  9999
2 05367 065.4997 322.9149 7408730 283.0983 010.3173 02.00617552001830
1 05367U 71064  A 71301.10754343  .00000381 +00000-0 +00000-0 0  9990
2 05367 065.5352 322.7026 7408730 283.0820 010.3210 02.00618720001861
1 05367U 71064  A 71303.10137209  .00000676 +00000-0 +00000-0 0  9995
2 05367 065.5221 322.4075 7407749 283.0515 010.3337 02.00621891001905
1 05367U 71064  A 71304.09827309  .00000935 +00000-0 +00000-0 0  9999
2 05367 065.4932 322.2397 7407599 283.0210 010.3414 02.00623941001929
1 05367U 71064  A 71306.09207282  .00000367 +00000-0 +00000-0 0  9992
2 05367 065.4673 321.9391 7409175 282.9430 010.3494 02.00623751001966
1 05367U 71064  A 71310.07980772 -.00001343 +00000-0 +00000-0 0  9993
2 05367 065.4644 321.3495 7406415 282.9287 010.3691 02.00610948002040
1 05367U 71064  A 71311.07673325 -.00000516 +00000-0 +00000-0 0  9998
2 05367 065.4744 321.2142 7407470 282.8874 010.3720 02.00613952002065
1 05367U 71064  A 71313.56907058 -.00000693 +00000-0 +00000-0 0  9993
2 05367 065.4731 320.8710 7406840 282.8640 010.3810 02.00613713002119
1 05367U 71064  A 71315.06445712  .00000463 +00000-0 +00000-0 0  9998
2 05367 065.5063 320.6279 7406230 282.8226 010.3940 02.00618625002143
1 05367U 71064  A 71317.05828001  .00000645 +00000-0 +00000-0 0  9997
2 05367 065.5773 320.3781 7405467 282.7835 010.4074 02.00623059002182
1 05367U 71064  A 71318.05517878  .00000645 +00000-0 +00000-0 0  9995
2 05367 065.5772 320.2413 7405449 282.7594 010.4129 02.00624347002209
1 05367U 71064  A 71319.05208600  .00000256 +00000-0 +00000-0 0  9994
2 05367 065.5864 320.1033 7405745 282.7094 010.4224 02.00622559002223
1 05367U 71064  A 71320.04902962 -.00000046 +00000-0 +00000-0 0  9995
2 05367 065.5837 319.9600 7405931 282.6856 010.4267 02.00619626002241
1 05367U 71064  A 71322.04288543  .00000145 +00000-0 +00000-0 0  9998
2 05367 065.4970 319.6535 7405999 282.6622 010.4314 02.00620222002288
1 05367U 71064  A 71324.03679062 -.00000009 +00000-0 +00000-0 0  9999
2 05367 065.4680 319.3511 7405059 282.6326 010.4438 02.00617671002321
1 05367U 71064  A 71326.03067341 -.00000167 +00000-0 +00000-0 0  9997
2 05367 065.4965 319.0822 7406459 282.5747 010.4484 02.00615239002363
1 05367U 71064  A 71328.52302981 -.00000167 +00000-0 +00000-0 0  9995
2 05367 065.4964 318.7390 7406459 282.5168 010.4615 02.00614405002411
1 05367U 71064  A 71330.01844868 -.00000167 +00000-0 +00000-0 0  9997
2 05367 065.4963 318.5331 7406459 282.4820 010.4694 02.00613904002440
1 05367U 71064  A 71332.51076341 -.00000040 +00000-0 +00000-0 0  9997
2 05367 065.4934 318.1327 7405499 282.4489 010.4827 02.00615525002497
1 05367U 71064  A 71334.50458200  .00000196 +00000-0 +00000-0 0  9997
2 05367 065.4913 317.8311 7404879 282.4161 010.4938 02.00619125002539
1 05367U 71064  A 71336.99694416  .00000035 +00000-0 +00000-0 0  9995
2 05367 065.5315 317.4647 7403589 282.3639 010.5135 02.00615835002589
1 05367U 71064  A 71339.98779317 -.00000138 +00000-0 +00000-0 0  9996
2 05367 065.5463 317.0477 7403949 282.2956 010.5268 02.00614285002643
1 05367U 71064  A 71342.48017891 -.00000273 +00000-0 +00000-0 0  9997
2 05367 065.5311 316.6757 7402579 282.2564 010.5441 02.00611973002693
1 05367U 71064  A 71344.47397663  .00000169 +00000-0 +00000-0 0  9999
2 05367 065.5322 316.3752 7402429 282.2214 010.5530 02.00617790002730
1 05367U 71064  A 71345.96938448  .00000319 +00000-0 +00000-0 0  9993
2 05367 065.5881 316.1482 7400691 282.1956 010.5695 02.00619435002762
1 05367U 71064  A 71346.96626319  .00000382 +00000-0 +00000-0 0  9995
2 05367 065.5235 315.9921 7401529 282.1851 010.5667 02.00621295002783
1 05367U 71064  A 71348.46170166  .00000309 +00000-0 +00000-0 0  9995
2 05367 065.5262 315.7607 7399659 282.1671 010.5822 02.00620198002810
1 05367U 71064  A 71349.95713383  .00000054 +00000-0 +00000-0 0  9991
2 05367 065.5253 315.5497 7399379 282.1322 010.5918 02.00617409002847
1 05367U 71064  A 71350.95410458 -.00000146 +00000-0 +00000-0 0  9993
2 05367 065.5303 315.4031 7398842 282.1045 010.6015 02.00614882002865
1 05367U 71064  A 71354.44339250  .00000104 +00000-0 +00000-0 0  9994
2 05367 065.5290 314.8973 7397359 282.0281 010.6280 02.00616884002937
1 05367U 71064  A 71356.93572059  .00000103 +00000-0 +00000-0 0  9995
2 05367 065.5289 314.5566 7397349 281.9696 010.6415 02.00617409002986
1 05367U 71064  A 71359.42804225  .00000103 +00000-0 +00000-0 0  9995
2 05367 065.5288 314.2159 7397339 281.9111 010.6550 02.00617933003030
1 05367U 71064  A 71361.42190507  .00000170 +00000-0 +00000-0 0  9993
2 05367 065.5600 313.9024 7394439 281.8693 010.6824 02.00619626003076
1 05367U 71064  A 71362.91728181  .00000170 +00000-0 +00000-0 0  9993
2 05367 065.5599 313.6986 7394429 281.8338 010.6906 02.00620127003105
1 05367U 71064  A 71364.41275875 -.00000166 +00000-0 +00000-0 0  9993
2 05367 065.5612 313.4610 7391322 281.7975 010.7181 02.00615907003137
1 05367U 71064  A 71365.90822659 -.00000014 +00000-0 +00000-0 0  9998
2 05367 065.5967 313.2608 7389421 281.7843 010.7329 02.00614905003160
1 05367U 71064  A 72002.40358512  .00000079 +00000-0 +00000-0 0  9994
2 05367 065.5272 313.0261 7389759 281.7650 010.7352 02.00617079003196
1 05367U 71064  A 72005.39431653  .00000387 +00000-0 +00000-0 0  9995
2 05367 065.5271 312.6159 7388919 281.7123 010.7525 02.00622125003255
1 05367U 71064  A 72007.38812216  .00000387 +00000-0 +00000-0 0  9994
2 05367 065.5270 312.3448 7388899 281.6658 010.7635 02.00623667003299
1 05367U 71064  A 72008.88355775  .00000302 +00000-0 +00000-0 0  9999
2 05367 065.5384 312.1332 7386679 281.6168 010.7886 02.00622705003329
1 05367U 71064  A 72009.88053932 -.00000042 +00000-0 +00000-0 0  9992
2 05367 065.5630 311.9819 7384829 281.5978 010.8044 02.00619112003340
1 05367U 71064  A 72012.37284473 -.00000042 +00000-0 +00000-0 0  9996
2 05367 065.5629 311.6445 7384829 281.5389 010.8182 02.00618898003394
1 05367U 71064  A 72013.86822922 -.00000042 +00000-0 +00000-0 0  9998
2 05367 065.5628 311.4420 7384829 281.5035 010.8264 02.00618770003426
1 05367U 71064  A 72018.35459255  .00000558 +00000-0 +00000-0 0  9993
2 05367 065.5746 310.7790 7382029 281.4541 010.8553 02.00619871003514
1 05367U 71064  A 72019.84996336  .00000558 +00000-0 +00000-0 0  9994
2 05367 065.5745 310.5768 7382009 281.4186 010.8637 02.00621541003542
1 05367U 71064  A 72022.34238940  .00000348 +00000-0 +00000-0 0  9990
2 05367 065.6302 310.1666 7379039 281.4041 010.8855 02.00619460003598
1 05367U 71064  A 72024.33612823  .00000227 +00000-0 +00000-0 0  9993
2 05367 065.5791 309.9423 7378539 281.3471 010.9020 02.00621455003633
1 05367U 71064  A 72026.32994402  .00000227 +00000-0 +00000-0 0  9990
2 05367 065.5790 309.6736 7378529 281.2998 010.9132 02.00622361003673
1 05367U 71064  A 72030.81609451 -.00000157 +00000-0 +00000-0 0  9999
2 05367 065.6219 309.0206 7369689 281.1282 011.0088 02.00619504003765
1 05367U 71064  A 72033.30839924 -.00000157 +00000-0 +00000-0 0  9996
2 05367 065.6218 308.6871 7369689 281.0683 011.0230 02.00618721003816
1 05367U 71064  A 72035.30212910  .00000653 +00000-0 +00000-0 0  9998
2 05367 065.6217 308.4203 7369689 281.0204 011.0344 02.00627681003856
1 05367U 71064  A 72038.29298243  .00000267 +00000-0 +00000-0 0  9993
2 05367 065.6128 308.0289 7364189 280.9121 011.0947 02.00622942003914
1 05367U 71064  A 72039.78835052  .00000190 +00000-0 +00000-0 0  9998
2 05367 065.6066 307.8204 7364119 280.8689 011.1055 02.00622482003943
1 05367U 71064  A 72043.27759109  .00000864 +00000-0 +00000-0 0  9993
2 05367 065.5863 307.3651 7363229 280.7945 011.1290 02.00626435004015
1 05367U 71064  A 72045.27149587 -.00000114 +00000-0 +00000-0 0  9997
2 05367 065.5756 307.0919 7361199 280.7438 011.1539 02.00618483004055
1 05367U 71064  A 72047.26529506  .00000384 +00000-0 +00000-0 0  9999
2 05367 065.5705 306.8183 7360089 280.7135 011.1682 02.00624404004093
1 05367U 71064  A 72050.75443298  .00000504 +00000-0 +00000-0 0  9994
2 05367 065.5666 306.3559 7357789 280.6070 011.2084 02.00627987004165
1 05367U 71064  A 72052.24980663  .00000106 +00000-0 +00000-0 0  9990
2 05367 065.5644 306.1563 7357539 280.5763 011.2174 02.00624921004193
1 05367U 71064  A 72054.24369139 -.00000221 +00000-0 +00000-0 0  9990
2 05367 065.5531 305.8830 7356599 280.5207 011.2368 02.00620249004238
1 05367U 71064  A 72056.23752794 -.00000221 +00000-0 +00000-0 0  9994
2 05367 065.5530 305.6178 7356599 280.4746 011.2479 02.00619367004273
1 05367U 71064  A 72058.23132884  .00000149 +00000-0 +00000-0 0  9996
2 05367 065.5821 305.3518 7353999 280.3955 011.2837 02.00623826004311
1 05367U 71064  A 72060.22509704  .00000222 +00000-0 +00000-0 0  9999
2 05367 065.5820 305.0873 7353989 280.3489 011.2951 02.00625783004357
1 05367U 71064  A 72062.21887019  .00000222 +00000-0 +00000-0 0  9998
2 05367 065.5819 304.8228 7353979 280.3023 011.3065 02.00626669004394
1 05367U 71064  A 72064.21270818  .00000068 +00000-0 +00000-0 0  9991
2 05367 065.5897 304.5383 7351479 280.2537 011.3343 02.00625490004436
1 05367U 71064  A 72066.20651454 -.00000060 +00000-0 +00000-0 0  9994
2 05367 065.5911 304.2518 7351689 280.2059 011.3446 02.00623910004475
1 05367U 71064  A 72067.70186979 -.00000181 +00000-0 +00000-0 0  9999
2 05367 065.6437 304.0844 7351682 280.1785 011.3515 02.00622738004505
1 05367U 71064  A 72068.69880526 -.00000315 +00000-0 +00000-0 0  9996
2 05367 065.5779 303.9071 7351745 280.1466 011.3589 02.00620166004525
1 05367U 71064  A 72070.19414721 -.00000173 +00000-0 +00000-0 0  9996
2 05367 065.5591 303.7070 7351348 280.1050 011.3716 02.00621566004552
1 05367U 71064  A 72073.18481040  .00000147 +00000-0 +00000-0 0  9996
2 05367 065.5593 303.3006 7350906 280.0360 011.3913 02.00625329004618
1 05367U 71064  A 72074.68014027  .00000320 +00000-0 +00000-0 0  9992
2 05367 065.5841 303.0840 7349647 279.9816 011.4128 02.00627808004646
1 05367U 71064  A 72079.16606258  .00000320 +00000-0 +00000-0 0  9993
2 05367 065.5840 302.4906 7349619 279.8769 011.4387 02.00630679004733
1 05367U 71064  A 72081.15984398  .00000076 +00000-0 +00000-0 0  9997
2 05367 065.6125 302.2169 7348809 279.8201 011.4579 02.00628667004771
1 05367U 71064  A 72083.65202811  .00000076 +00000-0 +00000-0 0  9997
2 05367 065.6124 301.8877 7348799 279.7612 011.4726 02.00629049004829
1 05367U 71064  A 72085.64592312 -.00000281 +00000-0 +00000-0 0  9995
2 05367 065.6792 301.6347 7348739 279.6838 011.4921 02.00622753004869
1 05367U 71064  A 72086.64284940 -.00000285 +00000-0 +00000-0 0  9995
2 05367 065.6596 301.4768 7348776 279.6868 011.4912 02.00621650004887
1 05367U 71064  A 72100.59910489  .00001529 +00000-0 +00000-0 0  9991
2 05367 065.6225 299.4648 7343619 279.3844 011.5997 02.00632723005160
1 05367U 71064  A 72102.09439505  .00000127 +00000-0 +00000-0 0  9996
2 05367 065.6224 299.2680 7343569 279.3490 011.6089 02.00628160005190
1 05367U 71064  A 72105.08492897  .00000442 +00000-0 +00000-0 0  9991
2 05367 065.5805 298.8374 7345088 279.2956 011.6126 02.00634175005255
1 05367U 71064  A 72106.58023030  .00000401 +00000-0 +00000-0 0  9991
2 05367 065.6466 298.6492 7344039 279.2441 011.6321 02.00634411005285
1 05367U 71064  A 72107.57713201 -.00000238 +00000-0 +00000-0 0  9996
2 05367 065.6509 298.5187 7344819 279.2227 011.6325 02.00628707005309
1 05367U 71064  A 72109.57087666 -.00000216 +00000-0 +00000-0 0  9993
2 05367 065.6791 298.2532 7344479 279.1617 011.6500 02.00628417005344
1 05367U 71064  A 72111.06620657 -.00000313 +00000-0 +00000-0 0  9991
2 05367 065.6715 298.0441 7344201 279.1276 011.6606 02.00626603005376
1 05367U 71064  A 72114.05678424 -.00000037 +00000-0 +00000-0 0  9991
2 05367 065.6258 297.6027 7343154 279.0954 011.6755 02.00629553005430
1 05367U 71064  A 72115.55205262  .00000330 +00000-0 +00000-0 0  9998
2 05367 065.6111 297.3749 7342759 279.0940 011.6783 02.00633727005463
1 05367U 71064  A 72117.04733933  .00000248 +00000-0 +00000-0 0  9993
2 05367 065.6108 297.1724 7342734 279.0572 011.6878 02.00633494005493
1 05367U 71064  A 72119.53953680 -.00000203 +00000-0 +00000-0 0  9994
2 05367 065.6795 296.8436 7340739 278.9580 011.7258 02.00630513005549
1 05367U 71064  A 72121.03483231 -.00000245 +00000-0 +00000-0 0  9998
2 05367 065.6918 296.5979 7340917 278.9349 011.7307 02.00629808005579
1 05367U 71064  A 72122.53015343 -.00000270 +00000-0 +00000-0 0  9997
2 05367 065.6945 296.4381 7340779 278.8891 011.7431 02.00628491005601
1 05367U 71064  A 72125.52076598 -.00000143 +00000-0 +00000-0 0  9997
2 05367 065.6927 296.0118 7341219 278.8284 011.7556 02.00628197005668
1 05367U 71064  A 72127.01602309  .00000050 +00000-0 +00000-0 0  9994
2 05367 065.6819 295.8031 7339809 278.7960 011.7730 02.00631502005692
1 05367U 71064  A 72131.00338181  .00000370 +00000-0 +00000-0 0  9997
2 05367 065.6348 295.2416 7338709 278.7459 011.7930 02.00636974005770
1 05367U 71064  A 72132.99709430  .00000370 +00000-0 +00000-0 0  9995
2 05367 065.6535 294.9767 7337057 278.7135 011.8122 02.00637890005816
1 05367U 71064  A 72134.99086708 -.00000942 +00000-0 +00000-0 0  9999
2 05367 065.6260 294.6740 7336514 278.6528 011.8313 02.00626946005857
1 05367U 71064  A 72136.48613320 -.00000173 +00000-0 +00000-0 0  9997
2 05367 065.6259 294.4780 7336529 278.6176 011.8400 02.00631471005881
1 05367U 71064  A 72138.47989789 -.00000407 +00000-0 +00000-0 0  9993
2 05367 065.6291 294.2025 7335966 278.5763 011.8544 02.00627999005926
1 05367U 71064  A 72139.47675296 -.00000290 +00000-0 +00000-0 0  9999
2 05367 065.6382 294.0557 7335489 278.5501 011.8642 02.00629012005944
1 05367U 71064  A 72141.47046678 -.00000101 +00000-0 +00000-0 0  9999
2 05367 065.6494 293.7822 7334978 278.4964 011.8814 02.00630621005986
1 05367U 71064  A 72142.46724542  .00000417 +00000-0 +00000-0 0  9991
2 05367 065.6660 293.6248 7334309 278.4764 011.8909 02.00637008006003
1 05367U 71064  A 72144.46091860  .00000356 +00000-0 +00000-0 0  9995
2 05367 065.6908 293.3498 7334169 278.4245 011.9051 02.00637776006045
1 05367U 71064  A 72145.45774392  .00000351 +00000-0 +00000-0 0  9998
2 05367 065.6882 293.1967 7333319 278.4078 011.9150 02.00638551006069
1 05367U 71064  A 72146.45458398  .00000108 +00000-0 +00000-0 0  9994
2 05367 065.7140 293.0772 7331379 278.3486 011.9432 02.00637155006080
1 05367U 71064  A 72147.45145983 -.00000106 +00000-0 +00000-0 0  9997
2 05367 065.7207 292.9414 7330929 278.3239 011.9525 02.00634304006100
1 05367U 71064  A 72148.44831119 -.00000270 +00000-0 +00000-0 0  9992
2 05367 065.5788 292.7291 7334859 278.2740 011.9393 02.00632211006125
1 05367U 71064  A 72149.94360753 -.00000283 +00000-0 +00000-0 0  9993
2 05367 065.6671 292.5611 7327179 278.3358 011.9743 02.00631409006154
1 05367U 71064  A 72150.94046726 -.00000289 +00000-0 +00000-0 0  9992
2 05367 065.6744 292.4312 7326819 278.2947 011.9873 02.00630902006178
1 05367U 71064  A 72153.43260176 -.00000153 +00000-0 +00000-0 0  9996
2 05367 065.6759 292.1029 7327129 278.2292 012.0022 02.00631508006221
1 05367U 71064  A 72155.42630990 -.00000063 +00000-0 +00000-0 0  9992
2 05367 065.6796 291.8404 7326969 278.1767 012.0169 02.00632067006269
1 05367U 71064  A 72157.41994836  .00000296 +00000-0 +00000-0 0  9992
2 05367 065.7262 291.5826 7326299 278.1059 012.0398 02.00637019006304
1 05367U 71064  A 72159.91193208  .00000607 +00000-0 +00000-0 0  9999
2 05367 065.6890 291.2399 7325109 278.0819 012.0539 02.00643493006359
1 05367U 71064  A 72163.89938954  .00000094 +00000-0 +00000-0 0  9996
2 05367 065.6910 290.6757 7316939 278.0228 012.1239 02.00636195006436
1 05367U 71064  A 72165.39463861  .00000101 +00000-0 +00000-0 0  9992
2 05367 065.6727 290.4542 7316449 278.0056 012.1317 02.00636560006463
1 05367U 71064  A 72166.88986847  .00000378 +00000-0 +00000-0 0  9997
2 05367 065.6800 290.2631 7315392 277.9670 012.1490 02.00639952006491
1 05367U 71064  A 72168.88351635  .00000385 +00000-0 +00000-0 0  9998
2 05367 065.7141 290.0046 7314499 277.9223 012.1666 02.00641303006532
1 05367U 71064  A 72170.87714680  .00000316 +00000-0 +00000-0 0  9997
2 05367 065.7250 289.7446 7313739 277.8713 012.1851 02.00642138006578
1 05367U 71064  A 72172.87078662  .00000282 +00000-0 +00000-0 0  9994
2 05367 065.7197 289.4808 7313282 277.8305 012.1990 02.00642284006618
1 05367U 71064  A 72176.85815260 -.00000241 +00000-0 +00000-0 0  9995
2 05367 065.7168 288.9527 7311929 277.7296 012.2346 02.00636308006696
1 05367U 71064  A 72178.35341492 -.00000174 +00000-0 +00000-0 0  9998
2 05367 065.6424 288.7652 7307587 277.6228 012.2923 02.00637680006725
1 05367U 71064  A 72180.84544019  .00000239 +00000-0 +00000-0 0  9996
2 05367 065.7036 288.4392 7309000 277.6261 012.2817 02.00641373006773
1 05367U 71064  A 72182.34071557  .00000010 +00000-0 +00000-0 0  9992
2 05367 065.6577 288.2276 7306219 277.5483 012.3213 02.00638863006800
1 05367U 71064  A 72184.33437294 -.00000011 +00000-0 +00000-0 0  9999
2 05367 065.7123 287.9504 7306010 277.5657 012.3180 02.00638075006842
1 05367U 71064  A 72185.33112714  .00000414 +00000-0 +00000-0 0  9993
2 05367 065.6875 287.8318 7304790 277.5174 012.3391 02.00643873006862
1 05367U 71064  A 72186.32795166 -.00000047 +00000-0 +00000-0 0  9994
2 05367 065.6875 287.7041 7304780 277.4937 012.3455 02.00640227006882
1 05367U 71064  A 72187.32478342 -.00000164 +00000-0 +00000-0 0  9999
2 05367 065.6875 287.5764 7304780 277.4700 012.3518 02.00638787006901
1 05367U 71064  A 72188.82001447  .00000076 +00000-0 +00000-0 0  9994
2 05367 065.7050 287.3630 7305310 277.4567 012.3517 02.00640919006930
1 05367U 71064  A 72192.30891730 -.00000530 +00000-0 +00000-0 0  9990
2 05367 065.7042 286.8983 7300080 277.3426 012.4178 02.00634554007009
1 05367U 71064  A 72193.80415653 -.00000100 +00000-0 +00000-0 0  9995
2 05367 065.6910 286.6933 7298920 277.3102 012.4343 02.00637233007039
1 05367U 71064  A 72196.29616258  .00000266 +00000-0 +00000-0 0  9997
2 05367 065.6997 286.3717 7298440 277.2500 012.4538 02.00641910007087
1 05367U 71064  A 72199.28656212  .00000420 +00000-0 +00000-0 0  9995
2 05367 065.6947 285.9823 7298020 277.1654 012.4794 02.00645256007146
1 05367U 71064  A 72201.28018227  .00000210 +00000-0 +00000-0 0  9994
2 05367 065.7111 285.7306 7297400 277.1104 012.4985 02.00644109007187
1 05367U 71064  A 72202.27701631 -.00000024 +00000-0 +00000-0 0  9996
2 05367 065.7148 285.6050 7296740 277.0796 012.5113 02.00641466007204
1 05367U 71064  A 72203.77223813 -.00000123 +00000-0 +00000-0 0  9993
2 05367 065.6677 285.3873 7292880 277.0949 012.5335 02.00640231007239
1 05367U 71064  A 72205.26750871 -.00000327 +00000-0 +00000-0 0  9994
2 05367 065.6874 285.2018 7291490 277.0414 012.5575 02.00637007007267
1 05367U 71064  A 72206.26430873 -.00000162 +00000-0 +00000-0 0  9999
2 05367 065.6713 285.0695 7291260 277.0188 012.5653 02.00638718007280
1 05367U 71064  A 72207.75951908  .00000193 +00000-0 +00000-0 0  9994
2 05367 065.6843 284.8830 7290200 276.9836 012.5821 02.00642069007318
1 05367U 71064  A 72209.25474702  .00000179 +00000-0 +00000-0 0  9997
2 05367 065.6913 284.6956 7289760 276.9360 012.5980 02.00642121007342
1 05367U 71064  A 72210.25155489  .00000179 +00000-0 +00000-0 0  9997
2 05367 065.6913 284.5691 7289750 276.9124 012.6045 02.00642478007364
1 05367U 71064  A 72212.74352836  .00000436 +15788-8 +00000-0 0  9991
2 05367 065.7069 284.2598 7288541 276.8256 012.6365 02.00646956007418
1 05367U 71064  A 72214.23873405  .00000307 +00000-0 +00000-0 0  9997
2 05367 065.7134 284.0700 7288170 276.7833 012.6506 02.00646404007440
1 05367U 71064  A 72215.23555848  .00000082 +00000-0 +00000-0 0  9996
2 05367 065.7108 283.9394 7287430 276.7508 012.6645 02.00644244007461
1 05367U 71064  A 72217.22920375 -.00000147 +00000-0 +00000-0 0  9991
2 05367 065.7105 283.6806 7286790 276.7068 012.6810 02.00641312007504
1 05367U 71064  A 72218.22605069 -.00000400 +15276-8 +00000-0 0  9993
2 05367 065.6702 283.5468 7285573 276.6799 012.6968 02.00638383007527
1 05367U 71064  A 72220.21970473 -.00000318 +20201-8 +00000-0 0  9991
2 05367 065.7225 283.3160 7284508 276.6271 012.7186 02.00638048007562
1 05367U 71064  A 72221.21648397 -.00000183 +16632-8 +00000-0 0  9992
2 05367 065.7074 283.1794 7284717 276.5900 012.7274 02.00639688007586
1 05367U 71064  A 72222.71170369  .00000832 +00000-0 +00000-0 0  9991
2 05367 065.6811 282.9287 7280860 276.5724 012.7589 02.00645980007612
1 05367U 71064  A 72225.20369875  .00000287 +00000-0 +00000-0 0  9994
2 05367 065.6784 282.6185 7282520 276.5240 012.7607 02.00644842007665
1 05367U 71064  A 72226.20049924  .00000296 +00000-0 +00000-0 0  9995
2 05367 065.6829 282.4895 7282300 276.4921 012.7710 02.00645355007689
1 05367U 71064  A 72227.69573181  .00000097 +15451-8 +00000-0 0  9999
2 05367 065.6845 282.2924 7281828 276.4523 012.7853 02.00643447007712
1 05367U 71064  A 72230.18782314 -.00000468 +18442-8 +00000-0 0  9993
2 05367 065.6680 281.9689 7281624 276.3507 012.8148 02.00636482007762
1 05367U 71064  A 72232.18147236 -.00000280 +16787-8 +00000-0 0  9995
2 05367 065.6818 281.7151 7280938 276.3024 012.8329 02.00637203007806
1 05367U 71064  A 72233.17830332 -.00000340 +15089-8 +00000-0 0  9992
2 05367 065.6905 281.5920 7280272 276.2976 012.8389 02.00636617007827
1 05367U 71064  A 72234.17512994 -.00000186 +16643-8 +00000-0 0  9999
2 05367 065.7078 281.4697 7280076 276.2635 012.8497 02.00637528007847
1 05367U 71064  A 72236.16876108 -.00000001 +16586-8 +00000-0 0  9992
2 05367 065.7124 281.2118 7279342 276.2154 012.8682 02.00639478007881
1 05367U 71064  A 72238.66078575  .00000342 +18559-8 +00000-0 0  9990
2 05367 065.7256 280.8967 7277967 276.1524 012.8953 02.00643355007931
1 05367U 71064  A 72241.65121188  .00000158 +18494-8 +00000-0 0  9995
2 05367 065.7143 280.5110 7278566 276.0322 012.9246 02.00642708007997
1 05367U 71064  A 72243.64485359  .00000037 +00000-0 +00000-0 0  9991
2 05367 065.6627 280.2306 7277170 276.0386 012.9326 02.00641493008032
1 05367U 71064  A 72245.14012578 -.00000166 +00000-0 +00000-0 0  9991
2 05367 065.6578 280.0402 7276950 276.0000 012.9449 02.00638617008063
1 05367U 71064  A 72246.13701882 -.00000579 +18684-8 +00000-0 0  9997
2 05367 065.6320 279.8948 7276839 275.9642 012.9557 02.00633181008088
1 05367U 71064  A 72247.63225965 -.00000390 +15698-8 +00000-0 0  9999
2 05367 065.6289 279.6937 7276282 275.9386 012.9668 02.00634399008114
1 05367U 71064  A 72249.12751131 -.00000163 +00000-0 +00000-0 0  9995
2 05367 065.6454 279.5043 7275320 275.9028 012.9835 02.00636087008145
1 05367U 71064  A 72250.62272093  .00000063 +00000-0 +00000-0 0  9995
2 05367 065.6461 279.3094 7275000 275.8727 012.9942 02.00639092008178
1 05367U 71064  A 72252.11796624  .00000203 +17962-8 +00000-0 0  9991
2 05367 065.7033 279.1268 7273580 275.8271 013.0171 02.00640577008200
1 05367U 71064  A 72254.11166420 -.00000265 +24261-8 +00000-0 0  9997
2 05367 065.7232 278.8791 7272769 275.7710 013.0386 02.00636366008246
1 05367U 71064  A 72257.60064001 -.00000343 +15400-8 +00000-0 0  9998
2 05367 065.7204 278.4229 7272750 275.6901 013.0615 02.00633107008311
1 05367U 71064  A 72259.09590817 -.00000309 +15165-8 +00000-0 0  9992
2 05367 065.6832 278.2053 7272484 275.6575 013.0726 02.00632796008340
1 05367U 71064  A 72260.59118026 -.00000254 +14052-8 +00000-0 0  9990
2 05367 065.6592 277.9987 7272566 275.6421 013.0763 02.00632471008370
1 05367U 71064  A 72262.08646539 -.00000113 +16488-8 +00000-0 0  9990
2 05367 065.6691 277.8052 7271971 275.6239 013.0857 02.00633176008409
1 05367U 71064  A 72264.08012906  .00000061 +13964-8 +00000-0 0  9994
2 05367 065.6428 277.5401 7272045 275.5727 013.0996 02.00635108008441
1 05367U 71064  A 72267.56907957  .00000100 +13938-8 +00000-0 0  9994
2 05367 065.6529 277.0944 7271279 275.4816 013.1309 02.00636107008513
1 05367U 71064  A 72269.06436693  .00000110 +16395-8 +00000-0 0  9996
2 05367 065.7116 276.9162 7270545 275.4371 013.1487 02.00636005008544
1 05367U 71064  A 72272.55340564 -.00000308 +14077-8 +00000-0 0  9990
2 05367 065.6534 276.4468 7270250 275.3671 013.1707 02.00630190008618
1 05367U 71064  A 72275.04560826 -.00000328 +95592-9 +00000-0 0  9996
2 05367 065.6786 276.1261 7269258 275.2905 013.1996 02.00628299008662
1 05367U 71064  A 72285.51278460 -.00000316 +00000-0 +00000-0 0  9997
2 05367 065.6321 274.6810 7265280 275.0642 013.2927 02.00625762008888
1 05367U 71064  A 72289.00191186 -.00000255 +00000-0 +00000-0 0  9996
2 05367 065.6335 274.1797 7263290 275.0194 013.3198 02.00624183008958
1 05367U 71064  A 72291.99258376 -.00000035 +00000-0 +00000-0 0  9998
2 05367 065.6465 273.7861 7261979 274.9500 013.3492 02.00625407009015
1 05367U 71064  A 72293.98627524  .00000517 +00000-0 +00000-0 0  9998
2 05367 065.6278 273.5495 7261359 274.9039 013.3670 02.00632238009059
1 05367U 71064  A 72294.98323886  .00000107 +00000-0 +00000-0 0  9998
2 05367 065.6277 273.4249 7261339 274.8814 013.3736 02.00627071009076
1 05367U 71064  A 72297.47546129  .00000067 +13808-8 +00000-0 0  9995
2 05367 065.6417 273.0935 7260791 274.8175 013.3961 02.00627017009127
1 05367U 71064  A 72299.46927301 -.00000142 +13843-8 +00000-0 0  9995
2 05367 065.6269 272.8404 7259613 274.7726 013.4176 02.00624351009163
1 05367U 71064  A 72300.96470653 -.00000376 +13852-8 +00000-0 0  9995
2 05367 065.6396 272.6383 7258511 274.7592 013.4294 02.00619892009193
1 05367U 71064  A 72304.45382011 -.00000224 +00000-0 +00000-0 0  9998
2 05367 065.6375 272.2098 7258439 274.6178 013.4710 02.00620904009264
1 05367U 71064  A 72307.44447128  .00000392 +00000-0 +00000-0 0  9996
2 05367 065.6966 271.7761 7255839 274.5280 013.5160 02.00628502009324
1 05367U 71064  A 72310.43530961 -.00000306 +13974-8 +00000-0 0  9995
2 05367 065.6300 271.3823 7253722 274.5374 013.5286 02.00619678009383
1 05367U 71064  A 72310.93380112 -.00000369 +00000-0 +00000-0 0  9998
2 05367 065.6596 271.3031 7253029 274.5281 013.5362 02.00618072009380
1 05367U 71064  A 72313.92463098 -.00000424 +00000-0 +00000-0 0  9997
2 05367 065.6738 270.9154 7251099 274.4247 013.5806 02.00614952009448
1 05367U 71064  A 72315.41996227 -.00000106 +00000-0 +00000-0 0  9995
2 05367 065.6566 270.7306 7250559 274.4281 013.5835 02.00619761009470
1 05367U 71064  A 72321.40162025 -.00000211 +00000-0 +00000-0 0  9999
2 05367 065.6658 269.9416 7244989 274.3110 013.6584 02.00617563009597
1 05367U 71064  A 72323.89397039 -.00000123 +00000-0 +00000-0 0  9991
2 05367 065.6700 269.6086 7243159 274.2478 013.6904 02.00617152009645
1 05367U 71064  A 72326.88481720 -.00000355 +00000-0 +00000-0 0  9991
2 05367 065.6731 269.2286 7242019 274.1954 013.7142 02.00614022009704
1 05367U 71064  A 72332.36783676  .00000060 +00000-0 +00000-0 0  9998
2 05367 065.6610 268.5324 7241839 274.0874 013.7477 02.00619535009800
1 05367U 71064  A 72356.79393113 -.00000337 +00000-0 +00000-0 0  9992
2 05367 065.6710 265.4439 7213769 273.4575 014.1445 02.00608482010290
1 05367U 71064  A 72363.27428285 -.00000528 +00000-0 +00000-0 0  9994
2 05367 065.6526 264.6256 7215279 273.2760 014.1889 02.00601143010429
1 05367U 71064  A 73004.75177617  .00000477 +00000-0 +00000-0 0  9992
2 05367 065.6497 263.7178 7207329 273.1110 014.2991 02.00611024010574
1 05367U 71064  A 73005.74876519  .00000376 +13213-8 +00000-0 0  9995
2 05367 065.6523 263.5976 7207563 273.0729 014.3092 02.00609572010593
1 05367U 71064  A 73006.74579298 -.00000074 +13730-8 +00000-0 0  9990
2 05367 065.6531 263.4777 7207093 273.0613 014.3163 02.00605763010610
1 05367U 71064  A 73010.73379284  .00000008 +16656-8 +00000-0 0  9993
2 05367 065.6796 263.0081 7205768 272.9238 014.3690 02.00605487010691
1 05367U 71064  A 73014.22334506 -.00000552 +15057-8 +00000-0 0  9998
2 05367 065.6580 262.5763 7204649 272.8630 014.3963 02.00598824010762
1 05367U 71064  A 73016.21726540  .00000157 +14492-8 +00000-0 0  9994
2 05367 065.6571 262.3380 7204531 272.7754 014.4245 02.00606495010804
1 05367U 71064  A 73018.70987946 -.00000314 +13967-8 +00000-0 0  9991
2 05367 065.6756 262.0288 7202132 272.6863 014.4705 02.00600090010859
1 05367U 71064  A 73020.20523805 -.00000061 +21234-8 +00000-0 0  9994
2 05367 065.6302 261.8521 7204352 272.6760 014.4570 02.00604852010888
1 05367U 71064  A 73022.19926068 -.00000027 +14361-8 +00000-0 0  9997
2 05367 065.6253 261.6020 7203598 272.6586 014.4681 02.00604319010928
1 05367U 71064  A 73024.19347578  .00000003 +18715-8 +00000-0 0  9992
2 05367 065.6188 261.3660 7195652 272.6079 014.5441 02.00603795010966
1 05367U 71064  A 73029.17845540 -.00000093 +17351-8 +00000-0 0  9992
2 05367 065.5849 260.7667 7197848 272.4687 014.5714 02.00601513011062
1 05367U 71064  A 73031.17246531  .00000047 +13045-8 +00000-0 0  9994
2 05367 065.5849 260.5267 7197852 272.4263 014.5847 02.00602682011101
1 05367U 71064  A 73032.16952252  .00000100 +00000-0 +00000-0 0  9997
2 05367 065.6148 260.3723 7194719 272.3764 014.6243 02.00602924011125
1 05367U 71064  A 73038.15160302  .00000057 +00000-0 +00000-0 0  9990
2 05367 065.6000 259.6571 7194039 272.2374 014.6736 02.00602216011249
1 05367U 71064  A 73039.64710365 -.00000068 +00000-0 +00000-0 0  9998
2 05367 065.6211 259.4671 7194319 272.2130 014.6792 02.00601261011277
1 05367U 71064  A 73043.63525414 -.00000210 +00000-0 +00000-0 0  9990
2 05367 065.6421 258.9687 7192609 272.1260 014.7200 02.00598124011351
1 05367U 71064  A 73045.62913873  .00000000 +31706-8 +00000-0 0  9992
2 05367 065.6499 258.7248 7192239 272.0179 014.7574 02.00602395011398
1 05367U 71064  A 73052.60834646 -.00000048 +22588-8 +00000-0 0  9999
2 05367 065.6813 257.8827 7190466 271.8177 014.8352 02.00600352011538
1 05367U 71064  A 73069.55767581 -.00000219 +12745-8 +00000-0 0  9998
2 05367 065.6314 255.7730 7183578 271.3254 015.0481 02.00594936011874
1 05367U 71064  A 73071.55165498  .00000041 +16234-8 +00000-0 0  9999
2 05367 065.6466 255.5161 7183051 271.3167 015.0549 02.00599449011911
1 05367U 71064  A 73072.54872252 -.00000255 +13700-8 +00000-0 0  9995
2 05367 065.6304 255.3658 7182882 271.3048 015.0602 02.00595280011931
1 05367U 71064  A 73080.52497354  .00000955 +16691-8 +00000-0 0  9996
2 05367 065.5599 254.3648 7181375 271.1976 015.1069 02.00604932012099
1 05367U 71064  A 73111.93035218  .00000209 +11894-8 +00000-0 0  9995
2 05367 065.5902 250.4831 7165159 270.4985 015.4664 02.00609172012727
1 05367U 71064  A 73115.91830499  .00000086 +45317-9 +00000-0 0  9992
2 05367 065.6010 250.0142 7165139 270.4231 015.4921 02.00608020012807
1 05367U 71064  A 73117.41395843  .00000076 +45317-9 +00000-0 0  9997
2 05367 065.6053 249.8126 7161825 270.4287 015.5164 02.00605694012838
1 05367U 71064  A 73118.90938937  .00000394 +50109-9 +00000-0 0  9997
2 05367 065.6010 249.6410 7157904 270.3684 015.5679 02.00612162012860
1 05367U 71064  A 73120.90333776  .00000308 +54171-9 +00000-0 0  9998
2 05367 065.6234 249.3979 7157152 270.3098 015.5938 02.00611589012904
1 05367U 71064  A 73122.39883436  .00000210 +54171-9 +00000-0 0  9998
2 05367 065.6599 249.2136 7155817 270.2402 015.6280 02.00610024012933
1 05367U 71064  A 73123.39584792 -.00000066 +54171-9 +00000-0 0  9992
2 05367 065.6771 249.0791 7154813 270.2021 015.6490 02.00607392012951
1 05367U 71064  A 73124.39283876 -.00000111 +54171-9 +00000-0 0  9993
2 05367 065.6733 248.9613 7154754 270.1811 015.6565 02.00606667012979
1 05367U 71064  A 73126.38681298 -.00000110 +54171-9 +00000-0 0  9993
2 05367 065.6734 248.7281 7154758 270.1383 015.6711 02.00606224013015
1 05367U 71064  A 73128.38073558  .00000044 +54171-9 +00000-0 0  9994
2 05367 065.6828 248.4926 7153123 270.0740 015.7061 02.00608959013053
1 05367U 71064  A 73130.37463271  .00000166 +54171-9 +00000-0 0  9996
2 05367 065.6775 248.2515 7153046 270.0266 015.7229 02.00611471013096
1 05367U 71064  A 73132.36857317  .00000127 +54171-9 +00000-0 0  9992
2 05367 065.6925 248.0162 7152931 269.9782 015.7404 02.00611351013138
1 05367U 71064  A 73136.35643908  .00000115 +54171-9 +00000-0 0  9991
2 05367 065.7008 247.5479 7152741 269.8876 015.7730 02.00611822013212
1 05367U 71064  A 73138.84874539  .00000177 +54171-9 +00000-0 0  9991
2 05367 065.6735 247.2436 7150707 269.8683 015.7959 02.00614747013261
1 05367U 71064  A 73141.34122635  .00000134 +54171-9 +00000-0 0  9996
2 05367 065.6702 246.9409 7145401 269.8457 015.8463 02.00613320013318
1 05367U 71064  A 73143.83358827  .00000182 +54171-9 +00000-0 0  9999
2 05367 065.6916 246.6466 7143413 269.7567 015.8930 02.00615287013365
1 05367U 71064  A 73145.32902856  .00000160 +54171-9 +00000-0 0  9998
2 05367 065.6940 246.4728 7142657 269.7031 015.9176 02.00615148013398
1 05367U 71064  A 73149.31687360  .00000218 +54171-9 +00000-0 0  9995
2 05367 065.7011 246.0080 7140487 269.5883 015.9750 02.00615905013475
1 05367U 71064  A 73154.79992947  .00000148 +54171-9 +00000-0 0  9995
2 05367 065.6958 245.3521 7137299 269.4489 016.0494 02.00619131013588
1 05367U 71064  A 73156.29534508  .00000083 +54171-9 +00000-0 0  9995
2 05367 065.7002 245.1793 7136451 269.4033 016.0722 02.00618373013617
1 05367U 71064  A 73157.79071411  .00000199 +54171-9 +00000-0 0  9998
2 05367 065.6972 245.0016 7135269 269.3624 016.0961 02.00620671013642
1 05367U 71064  A 73160.78147995  .00000196 +54171-9 +00000-0 0  9999
2 05367 065.6813 244.6450 7133593 269.3080 016.1288 02.00621433013704
1 05367U 71064  A 73162.27687250  .00000233 +54171-9 +00000-0 0  9990
2 05367 065.6875 244.4717 7132349 269.2727 016.1513 02.00622067013739
1 05367U 71064  A 73163.77226085  .00000206 +54171-9 +00000-0 0  9991
2 05367 065.6776 244.2893 7131722 269.2321 016.1707 02.00621968013763
1 05367U 71064  A 73165.76611266  .00000110 +54171-9 +00000-0 0  9995
2 05367 065.6628 244.0511 7130745 269.1734 016.1994 02.00621351013804
1 05367U 71064  A 73167.75993373  .00000113 +54171-9 +00000-0 0  9991
2 05367 065.6523 243.8223 7130493 269.1317 016.2161 02.00622015013841
1 05367U 71064  A 73171.24915989  .00000064 +54171-9 +00000-0 0  9992
2 05367 065.6545 243.4156 7129647 269.0462 016.2532 02.00621593013915
1 05367U 71064  A 73172.74448027  .00000177 +54171-9 +00000-0 0  9997
2 05367 065.6486 243.2419 7128899 269.0112 016.2718 02.00624194013948
1 05367U 71064  A 73174.23982654  .00000238 +54171-9 +00000-0 0  9990
2 05367 065.6420 243.0710 7128273 268.9701 016.2914 02.00625648013972
1 05367U 71064  A 73175.73518420  .00000263 +54171-9 +00000-0 0  9990
2 05367 065.6505 242.8972 7127254 268.9244 016.3161 02.00626577014005
1 05367U 71064  A 73177.23055570  .00000195 +54171-9 +00000-0 0  9993
2 05367 065.6426 242.7235 7126007 268.8664 016.3469 02.00626147014035
1 05367U 71064  A 73180.22127772  .00000108 +54171-9 +00000-0 0  9994
2 05367 065.6426 242.3771 7124800 268.7876 016.3849 02.00625441014093
1 05367U 71064  A 73181.71659730  .00000149 +54171-9 +00000-0 0  9998
2 05367 065.6288 242.2057 7124193 268.7488 016.4037 02.00626828014123
1 05367U 71064  A 73184.70727557  .00000152 +54171-9 +00000-0 0  9997
2 05367 065.6297 241.8568 7122676 268.6639 016.4467 02.00627765014180
1 05367U 71064  A 73187.69794023  .00000155 +54171-9 +00000-0 0  9993
2 05367 065.6163 241.5097 7121509 268.5850 016.4846 02.00628536014249
1 05367U 71064  A 73189.69173577  .00000068 +54171-9 +00000-0 0  9993
2 05367 065.6157 241.2724 7120603 268.5373 016.5093 02.00627539014281
1 05367U 71064  A 73193.18085839  .00000023 +54171-9 +00000-0 0  9996
2 05367 065.6115 240.8610 7119232 268.4536 016.5508 02.00627114014358
1 05367U 71064  A 73196.66995624  .00000124 +54171-9 +00000-0 0  9996
2 05367 065.5813 240.4601 7117559 268.3581 016.5992 02.00628834014422
1 05367U 71064  A 73198.66371185  .00000170 +54171-9 +00000-0 0  9999
2 05367 065.5938 240.2277 7116872 268.3094 016.6225 02.00629927014461
1 05367U 71064  A 73200.15902499  .00000173 +54171-9 +00000-0 0  9998
2 05367 065.6028 240.0545 7116517 268.2718 016.6390 02.00630417014498
1 05367U 71064  A 73204.64496359  .00000118 +54171-9 +00000-0 0  9998
2 05367 065.6098 239.5355 7115298 268.1625 016.6890 02.00630853014587
1 05367U 71064  A 73211.62302798  .00000095 +54171-9 +00000-0 0  9991
2 05367 065.5963 238.7334 7114534 268.0111 016.7506 02.00631909014720
1 05367U 71064  A 73217.60421970  .00000059 +54171-9 +00000-0 0  9999
2 05367 065.5844 238.0268 7113708 267.8709 016.8089 02.00632047014843
1 05367U 71064  A 73221.59172074  .00000034 +54171-9 +00000-0 0  9993
2 05367 065.5841 237.5609 7111472 267.7457 016.8736 02.00631900014923
1 05367U 71064  A 73223.58549178 -.00000017 +54171-9 +00000-0 0  9999
2 05367 065.5661 237.3266 7110347 267.6858 016.9052 02.00630895014962
1 05367U 71064  A 73225.08082038 -.00000012 +54171-9 +00000-0 0  9998
2 05367 065.5660 237.1487 7108618 267.6226 016.9432 02.00631029014996
1 05367U 71064  A 73229.06825362  .00000063 +54171-9 +00000-0 0  9990
2 05367 065.5954 236.6769 7107957 267.5267 016.9843 02.00632720015073
1 05367U 71064  A 73232.55726650  .00000057 +041710  +00000-0 0  9996
2 05367 065.6040 236.2721 7107688 267.4529 017.0140 02.00632739015145
1 05367U 71064  A 73234.55097363  .00000059 +041710  +00000-0 0  9992
2 05367 065.6134 236.0349 7106878 267.4072 017.0379 02.00633383015180
1 05367U 71064  A 73237.54151863  .00000074 +041710  +00000-0 0  9997
2 05367 065.5950 235.6907 7106842 267.3496 017.0596 02.00634122015240
1 05367U 71064  A 73240.03368659  .00000022 +041710  +00000-0 0  9991
2 05367 065.6162 235.4040 7106546 267.2883 017.0850 02.00633216015293
1 05367U 71064  A 73247.00174462 -.00000382 +041710  +00000-0 0  9992
2 05367 065.5565 234.5692 7105044 267.1302 017.1570 02.00631690015439
1 05367U 71064  A 73248.50703740 -.00000047 +041710  +00000-0 0  9993
2 05367 065.5426 234.3859 7104441 267.0992 017.1738 02.00631499015468
1 05367U 71064  A 73250.00234619 -.00000056 +041710  +00000-0 0  9995
2 05367 065.5441 234.2071 7103111 267.0559 017.2014 02.00631332015499
1 05367U 71064  A 73252.99294341 -.00000051 +041710  +00000-0 0  9998
2 05367 065.5723 233.8384 7101157 266.9735 017.2492 02.00631475015551
1 05367U 71064  A 73260.96783332 -.00000020 +041710  +00000-0 0  9993
2 05367 065.5840 232.9088 7099752 266.7986 017.3274 02.00631809015713
1 05367U 71064  A 73262.46311274 -.00000005 +041710  +00000-0 0  9995
2 05367 065.5690 232.7383 7099541 266.7728 017.3390 02.00632143015746
1 05367U 71064  A 73266.45059122 -.00000065 +041710  +00000-0 0  9995
2 05367 065.5702 232.2762 7097372 266.6699 017.3968 02.00630999015829
1 05367U 71064  A 73270.43802020  .00000017 +041710  +00000-0 0  9997
2 05367 065.5463 231.8015 7095916 266.5910 017.4394 02.00632358015900
1 05367U 71064  A 73279.90839101  .00000072 +041710  +00000-0 0  9999
2 05367 065.5959 230.6464 7086843 266.3512 017.6097 02.00632167016091
1 05367U 71064  A 73282.89896742  .00000072 +041710  +00000-0 0  9995
2 05367 065.5958 230.3089 7086838 266.2913 017.6329 02.00632596016159
1 05367U 71064  A 73298.35047994  .00000080 +041710  +00000-0 0  9999
2 05367 065.5855 228.5454 7083706 265.8879 017.8170 02.00631928016465
1 05367U 71064  A 73300.34426027  .00000057 +041710  +00000-0 0  9994
2 05367 065.5796 228.3176 7082954 265.8396 017.8424 02.00631142016501
1 05367U 71064  A 73302.33800017  .00000048 +041710  +00000-0 0  9990
2 05367 065.5741 228.0911 7082940 265.7987 017.8586 02.00631070016548
1 05367U 71064  A 73304.33182744 -.00000062 +041710  +00000-0 0  9999
2 05367 065.5737 227.8603 7081354 265.7460 017.8931 02.00628471016581
1 05367U 71064  A 73306.32558521 -.00000062 +041710  +00000-0 0  9990
2 05367 065.5736 227.6358 7081356 265.7066 017.9086 02.00628209016625
1 05367U 71064  A 73311.31022787  .00000008 +041710  +00000-0 0  9994
2 05367 065.5868 227.0566 7076818 265.5448 018.0122 02.00626636016721
1 05367U 71064  A 73314.30095289 -.00000056 +041710  +00000-0 0  9997
2 05367 065.5842 226.7189 7076392 265.4930 018.0366 02.00624824016785
1 05367U 71064  A 73315.79641513 -.00000030 +041710  +00000-0 0  9990
2 05367 065.5734 226.5618 7071829 265.4055 018.1114 02.00624585016818
1 05367U 71064  A 73323.27332763 -.00000257 +041710  +00000-0 0  9997
2 05367 065.5644 225.7260 7066576 265.1949 018.2419 02.00619864016963
1 05367U 71064  A 73332.74412988 -.00000199 +041710  +00000-0 0  9992
2 05367 065.5681 224.6242 7063898 264.9810 018.3518 02.00617075017155
1 05367U 71064  A 73336.23338155 -.00000012 +041710  +00000-0 0  9997
2 05367 065.5836 224.2219 7061609 264.8964 018.4064 02.00619507017221
1 05367U 71064  A 73339.22412510 -.00000023 +041710  +00000-0 0  9999
2 05367 065.5807 223.9018 7061737 264.8075 018.4413 02.00619674017286
1 05367U 71064  A 73343.71039894 -.00000127 +041710  +00000-0 0  9993
2 05367 065.5705 223.4099 7061065 264.6887 018.4956 02.00616097017378
1 05367U 71064  A 73343.71041414 -.00000065 +00000-0 +00000-0 0  9993
2 05367 065.5725 223.4069 7061316 264.6709 018.5006 02.00617290017372
1 05367U 71064  A 73346.20271345 -.00000086 +00000-0 +00000-0 0  9991
2 05367 065.5669 223.1302 7060969 264.6275 018.5214 02.00616574017428
1 05367U 71064  A 73350.19050356 -.00000167 +00000-0 +00000-0 0  9991
2 05367 065.5700 222.6834 7061373 264.5490 018.5499 02.00614071017500
1 05367U 71064  A 73352.18419969 -.00000365 +00000-0 +00000-0 0  9991
2 05367 065.5562 222.6587 7060027 264.5489 018.5620 02.00610685017507
1 05367U 71064  A 73353.67991137 -.00000167 +00000-0 +00000-0 0  9998
2 05367 065.5826 222.2792 7056954 264.3823 018.6579 02.00613308017574
1 05367U 71064  A 73354.67687177 -.00000157 +00000-0 +00000-0 0  9994
2 05367 065.5811 222.1636 7056558 264.3451 018.6768 02.00613236017593
1 05367U 71064  A 73357.16926177 -.00000128 +00000-0 +00000-0 0  9995
2 05367 065.5789 221.8799 7056000 264.2909 018.7042 02.00612998017648
1 05367U 71064  A 73361.65557822 -.00000139 +00000-0 +00000-0 0  9993
2 05367 065.5691 221.3793 7055853 264.2018 018.7423 02.00611663017736
1 05367U 71064  A 73364.14804098 -.00000176 +00000-0 +00000-0 0  9991
2 05367 065.5691 221.1027 7055860 264.1534 018.7624 02.00609541017784
1 05367U 71064  A 74001.14195538 -.00000141 +00000-0 +00000-0 0  9994
2 05367 065.5690 220.8815 7055866 264.1147 018.7782 02.00609660017822
1 05367U 71064  A 74006.12669179 -.00000050 +00000-0 +00000-0 0  9993
2 05367 065.5589 220.3163 7055418 263.9949 018.8320 02.00611544017924
1 05367U 71064  A 74024.57107134 -.00000058 +00000-0 +00000-0 0  9998
2 05367 065.5504 218.2393 7051278 263.4547 019.0963 02.00605154018298
1 05367U 71064  A 74025.56805113 -.00000023 +00000-0 +00000-0 0  9992
2 05367 065.5462 218.1224 7050775 263.4269 019.1126 02.00605941018314
1 05367U 71064  A 74045.00971938 -.00000290 +00000-0 +00000-0 0  9998
2 05367 065.5397 215.9906 7046705 262.9427 019.3562 02.00598025018704
1 05367U 71064  A 74059.96523284  .00000417 +00000-0 +00000-0 0  9995
2 05367 065.5374 214.2536 7046377 262.6697 019.4769 02.00599122019004
1 05367U 71064  A 74061.95947075  .00000093 +00000-0 +00000-0 0  9995
2 05367 065.5373 214.0332 7046360 262.6317 019.4934 02.00593328019046
1 05367U 71064  A 74063.45470666  .00000353 +00000-0 +00000-0 0  9998
2 05367 065.5476 213.9127 7043105 262.6511 019.5153 02.00604606019079
1 05367U 71064  A 74070.43399619  .00000044 +00000-0 +00000-0 0  9999
2 05367 065.5236 213.0891 7042044 262.3751 019.6452 02.00597334019214
1 05367U 71064  A 74072.92661237  .00000045 +00000-0 +00000-0 0  9994
2 05367 065.5174 212.8148 7041240 262.2794 019.6945 02.00596595019260
1 05367U 71064  A 74074.42216396  .00000049 +00000-0 +00000-0 0  9997
2 05367 065.5251 212.6479 7040589 262.2404 019.7177 02.00596595019295
1 05367U 71064  A 74075.41928815  .00000177 +00000-0 +00000-0 0  9995
2 05367 065.5449 212.5350 7040164 262.2108 019.7347 02.00593448019317
1 05367U 71064  A 74077.41337919  .00000132 +00000-0 +00000-0 0  9997
2 05367 065.5358 212.2896 7039766 262.1818 019.7512 02.00594020019356
1 05367U 71064  A 74078.90894603  .00000070 +00000-0 +00000-0 0  9991
2 05367 065.5364 212.1216 7039690 262.1413 019.7697 02.00594664019386
1 05367U 71064  A 74084.89120626  .00000040 +00000-0 +00000-0 0  9990
2 05367 065.5655 211.4714 7037931 261.9622 019.8652 02.00596166019504
1 05367U 71064  A 74095.85873174  .00000000 +00000-0 +00000-0 0  9997
2 05367 065.5623 210.2610 7036885 261.7081 019.9878 02.00594777019726
1 05367U 71064  A 74097.85291099  .00000106 +00000-0 +00000-0 0  9996
2 05367 065.5622 210.0420 7036884 261.6699 020.0049 02.00595133019769
1 05367U 71064  A 74099.84694290  .00000128 +00000-0 +00000-0 0  9991
2 05367 065.5628 209.8157 7035780 261.6288 020.0337 02.00596500019800
1 05367U 71064  A 74101.34256695  .00000064 +00000-0 +00000-0 0  9992
2 05367 065.5629 209.6544 7036846 261.5824 020.0443 02.00595190019833
1 05367U 71064  A 74104.83218572  .00000183 +00000-0 +00000-0 0  9993
2 05367 065.5684 209.2653 7034392 261.4159 020.1423 02.00596787019905
1 05367U 71064  A 74109.31892867  .00000073 +00000-0 +00000-0 0  9994
2 05367 065.5709 208.7681 7033072 261.3069 020.2039 02.00595268019997
1 05367U 71064  A 74111.31302878  .00000298 +00000-0 +00000-0 0  9994
2 05367 065.5519 208.5225 7032217 261.2408 020.2419 02.00596363020030
1 05367U 71064  A 74113.30712219  .00000018 +00000-0 +00000-0 0  9999
2 05367 065.5578 208.3215 7032946 261.2228 020.2431 02.00594963020073
1 05367U 71064  A 74115.30121369  .00000018 +00000-0 +00000-0 0  9991
2 05367 065.5577 208.1030 7032945 261.1847 020.2603 02.00595038020110
1 05367U 71064  A 74116.29829212  .00000106 +00000-0 +00000-0 0  9990
2 05367 065.5579 207.9914 7032409 261.1417 020.2849 02.00593295020135
1 05367U 71064  A 74118.29237313  .00000010 +00000-0 +00000-0 0  9991
2 05367 065.5576 207.7713 7032413 261.0928 020.3070 02.00594900020173
1 05367U 71064  A 74120.28647132  .00000010 +00000-0 +00000-0 0  9997
2 05367 065.5620 207.5535 7032187 261.0414 020.3325 02.00594963020218
1 05367U 71064  A 74124.77317138  .00000009 +00000-0 +00000-0 0  9993
2 05367 065.5556 207.0612 7031470 260.9349 020.3878 02.00594945020309
1 05367U 71064  A 74126.26867910  .00000298 +00000-0 +00000-0 0  9997
2 05367 065.5555 206.8974 7031470 260.9064 020.4008 02.00600180020338
1 05367U 71064  A 74128.26274009  .00000168 +00000-0 +00000-0 0  9996
2 05367 065.5379 206.6643 7030078 260.8765 020.4278 02.00599077020378
1 05367U 71064  A 74130.75539917  .00000021 +00000-0 +00000-0 0  9993
2 05367 065.5467 206.3896 7030525 260.7998 020.4586 02.00596198020426
1 05367U 71064  A 74133.74656293  .00000033 +00000-0 +00000-0 0  9995
2 05367 065.5484 206.0574 7031335 260.7003 020.4964 02.00594727020484
1 05367U 71064  A 74137.73475453  .00000033 +00000-0 +00000-0 0  9995
2 05367 065.5484 205.6206 7031337 260.6246 020.5311 02.00594458020568
1 05367U 71064  A 74141.72283170  .00000014 +42793-9 +89883-2 0  9993
2 05367 065.5296 205.1802 7031806 260.5025 020.5828 02.00596511020645
1 05367U 71064  A 74141.72295137  .00000033 +00000-0 +00000-0 0  9998
2 05367 065.5483 205.1838 7031339 260.5488 020.5659 02.00594188020646
1 05367U 71064  A 74147.20647188  .00000239 +40442-9 +14112-0 0  9994
2 05367 065.5567 204.5833 7029458 260.3046 020.6971 02.00601910020756
1 05367U 71064  A 74148.20349216  .00000223 +40406-9 +13138-0 0  9996
2 05367 065.5461 204.4755 7029275 260.2781 020.7111 02.00602070020770
1 05367U 71064  A 74149.69907712  .00000054 +40194-9 +32451-1 0  9997
2 05367 065.5385 204.3091 7029085 260.2475 020.7272 02.00599115020803
1 05367U 71064  A 74156.67824744  .00000006 +40766-9 +42678-2 0  9991
2 05367 065.5367 203.5404 7029634 260.0843 020.7978 02.00599122020945
1 05367U 71064  A 74160.66633840  .00000024 +39997-9 +15079-1 0  9998
2 05367 065.5385 203.1026 7029852 259.9727 020.8479 02.00599712021023
1 05367U 71064  A 74165.65148252  .00000014 +27936-9 +89716-2 0  9999
2 05367 065.5222 202.5574 7028961 259.8603 020.9093 02.00599673021126
1 05367U 71064  A 74167.64552210  .00000028 +23699-9 +17170-1 0  9994
2 05367 065.5284 202.3381 7028849 259.8039 020.9369 02.00600172021163
1 05367U 71064  A 74173.62763924  .00000028 +15663-9 +17169-1 0  9995
2 05367 065.5284 201.6832 7028844 259.6914 020.9900 02.00600513021284
1 05367U 71064  A 74178.61261271  .00000074 +00000-0 +43996-1 0  9995
2 05367 065.5432 201.1348 7029147 259.5664 021.0461 02.00603062021381
1 05367U 71064  A 74183.59760852  .00000077 +00000-0 +45537-1 0  9993
2 05367 065.5391 200.5820 7029782 259.4588 021.0909 02.00604021021486
1 05367U 71064  A 74185.59160991  .00000077 +00000-0 +45536-1 0  9992
2 05367 065.5391 200.3637 7029778 259.4210 021.1088 02.00604328021521
1 05367U 71064  A 74187.58560845  .00000077 +00000-0 +45536-1 0  9995
2 05367 065.5391 200.1454 7029774 259.3832 021.1268 02.00604636021567
1 05367U 71064  A 74194.56461095  .00000078 +17906-9 +46257-1 0  9992
2 05367 065.5226 199.3503 7029431 259.1497 021.2417 02.00605825021707
1 05367U 71064  A 74199.05109831  .00000090 +18074-9 +51120-1 0  9994
2 05367 065.5097 198.8512 7028529 259.0113 021.3170 02.00606812021791
1 05367U 71064  A 74200.54657361  .00000091 +22136-9 +54054-1 0  9991
2 05367 065.5097 198.6808 7028765 258.9740 021.3327 02.00607168021826
1 05367U 71064  A 74202.54055305  .00000103 +35269-9 +61603-1 0  9996
2 05367 065.4953 198.4609 7028298 258.9121 021.3672 02.00607880021865
1 05367U 71064  A 74206.02999161  .00000146 +42328-9 +87377-1 0  9997
2 05367 065.4971 198.0768 7027456 258.8151 021.4225 02.00609557021930
1 05367U 71064  A 74207.52547454  .00000135 +55993-9 +80894-1 0  9994
2 05367 065.4938 197.9061 7027298 258.7601 021.4506 02.00609657021966
1 05367U 71064  A 74209.51943821  .00000118 +55829-9 +71121-1 0  9995
2 05367 065.4840 197.6860 7027173 258.7007 021.4807 02.00609827022003
1 05367U 71064  A 74213.50733994  .00000050 +71591-9 +30729-1 0  9995
2 05367 065.4897 197.2454 7027470 258.6069 021.5233 02.00609642022084
1 05367U 71064  A 74230.45574850  .00000084 +55824-9 +00000-0 3  9991
2 05367 065.5175 195.3528 7028781 258.1393 021.7389 02.00610841022421
1 05367U 71064  A 74242.41918657  .00000081 +55822-9 +00000-0 3  9992
2 05367 065.5035 194.0294 7028124 257.8183 021.9048 02.00613512022664
1 05367U 71064  A 74249.39770984  .00000076 +17473-9 +45320-1 0  9991
2 05367 065.5233 193.2946 7029467 257.7597 021.9202 02.00616716022805
1 05367U 71064  A 74256.37627311  .00000225 +19939-8 +13233-0 0  9993
2 05367 065.5158 192.5252 7030705 257.5019 022.0364 02.00619458022949
1 05367U 71064  A 74268.33944412  .00000097 +17940-9 +57857-1 0  9995
2 05367 065.5309 191.2104 7028847 257.2075 022.2037 02.00620685023182
1 05367U 71064  A 74275.31791449  .00000061 +20413-9 +36199-1 0  9997
2 05367 065.5350 190.4434 7029403 257.0554 022.2751 02.00620659023324
1 05367U 71064  A 74282.79481123  .00000061 +20412-9 +36198-1 0  9990
2 05367 065.5416 189.6177 7030205 256.8738 022.3592 02.00621419023479
1 05367U 71064  A 74303.72993275  .00000060 +20411-9 +36197-1 0  9990
2 05367 065.5049 187.3193 7035361 256.3147 022.5931 02.00623558023892
1 05367U 71064  A 74317.18812894  .00000017 +20410-9 +00000-0 3  9999
2 05367 065.5153 185.7757 7042673 255.8141 022.7772 02.00622702024164
1 05367U 71064  A 74321.17571210  .00000012 +20409-9 +00000-0 3  9990
2 05367 065.4881 185.3354 7043095 255.7136 022.8253 02.00622898024242
1 05367U 71064  A 74359.55634067  .00000031 +20405-9 +00000-0 3  9990
2 05367 065.4726 181.0377 7049664 254.7621 023.2615 02.00620364025013
1 05367U 71064  A 75018.98052882  .00000057 +20402-9 +00000-0 3  9994
2 05367 065.4726 178.3299 7053729 254.1298 023.5612 02.00618394025500
1 05367U 71064  A 75022.46972846  .00000060 +20401-9 +00000-0 3  9996
2 05367 065.4827 177.9346 7054805 254.0320 023.6032 02.00618007025576
1 05367U 71064  A 75032.93735408  .00000070 +20400-9 +00000-0 3  9990
2 05367 065.4855 176.7816 7057904 253.7545 023.7225 02.00616577025782
1 05367U 71064  A 75039.91582393  .00000075 +20399-9 +00000-0 3  9990
2 05367 065.4929 176.0021 7059540 253.5776 023.8028 02.00615542025926
1 05367U 71064  A 75047.89128637  .00000081 +20398-9 +00000-0 3  9999
2 05367 065.4899 175.1414 7063600 253.3551 023.8824 02.00614247026082
1 05367U 71064  A 75054.86984443 -.00000084 +20397-9 +00000-0 3  9992
2 05367 065.4984 174.3612 7065826 253.1734 023.9598 02.00612954026229
1 05367U 71064  A 75059.85454654  .00000086 +20396-9 +00000-0 3  9992
2 05367 065.4896 173.8035 7069282 253.0356 023.9989 02.00612048026322
1 05367U 71064  A 75078.29812908 -.00000089 +20393-9 +00000-0 3  9992
2 05367 065.4943 171.7245 7079561 252.6004 024.1313 02.00608833026692
1 05367U 71064  A 75086.77229261  .00000089 +00000-0 +00000-0 3  9991
2 05367 065.5022 170.7747 7083469 252.3678 024.2202 02.00607598026867
1 05367U 71064  A 75099.73284482  .00000088 +00000-0 +00000-0 3  9996
2 05367 065.5191 169.3080 7090342 252.0048 024.3518 02.00606235027122
1 05367U 71064  A 75102.72377345  .00000087 +00000-0 +00000-0 3  9990
2 05367 065.5224 168.9695 7092543 251.9260 024.3724 02.00605653027183
1 05367U 71064  A 75112.69358108  .00000082 +00000-0 +00000-0 3  9998
2 05367 065.5170 167.8122 7097192 251.6680 024.4697 02.00603733027383
1 05367U 71064  A 75117.67850111  .00000078 +00000-0 +00000-0 3  9997
2 05367 065.5054 167.2206 7099848 251.5536 024.5059 02.00603000027481
1 05367U 71064  A 75120.66945881  .00000076 +00000-0 +00000-0 3  9997
2 05367 065.4945 166.8712 7100520 251.4889 024.5363 02.00602619027546
1 05367U 71064  A 75127.64843506  .00000071 +00000-0 +00000-0 3  9998
2 05367 065.4765 166.0647 7103623 251.3126 024.6043 02.00601639027687
1 05367U 71064  A 75138.61541938  .00000061 +00000-0 +00000-0 3  9990
2 05367 065.4669 164.7843 7107898 251.0741 024.6957 02.00599940027901
1 05367U 71064  A 75141.60642906  .00000058 +00000-0 +00000-0 3  9996
2 05367 065.4684 164.4315 7109916 250.9965 024.7185 02.00599554027969
1 05367U 71064  A 75146.59143635  .00000052 +00000-0 +00000-0 3  9998
2 05367 065.4673 163.8358 7111489 250.8974 024.7591 02.00599021028066
1 05367U 71064  A 75152.57349249  .00000047 +00000-0 +00000-0 3  9996
2 05367 065.4585 163.1501 7113667 250.7578 024.8167 02.00598505028189
1 05367U 71064  A 75166.53175349  .00000031 +00000-0 +00000-0 3  9998
2 05367 065.4398 161.5365 7117089 250.3789 025.0038 02.00597389028463
1 05367U 71064  A 75170.51982542  .00000026 +00000-0 +00000-0 3  9996
2 05367 065.4339 161.0596 7119110 250.2725 025.0440 02.00597189028549
1 05367U 71064  A 75177.49894235  .00000018 +00000-0 +00000-0 3  9992
2 05367 065.4426 160.2532 7120535 250.1169 025.1215 02.00596976028680
1 05367U 71064  A 75180.49003265  .00000014 +00000-0 +00000-0 3  9997
2 05367 065.4376 159.9147 7121728 250.0149 025.1691 02.00596968028749
1 05367U 71064  A 75194.44833707  .00000002 +00000-0 +00000-0 3  9996
2 05367 065.4395 158.3054 7127750 249.6562 025.3174 02.00596843029026
1 05367U 71064  A 75204.41850658  .00000013 +00000-0 +00000-0 3  9991
2 05367 065.4596 157.1493 7132430 249.4218 025.4067 02.00597203029225
1 05367U 71064  A 75209.40362405  .00000020 +00000-0 +00000-0 3  9991
2 05367 065.4570 156.5747 7135987 249.2896 025.4464 02.00597436029322
1 05367U 71064  A 75215.38573928  .00000027 +00000-0 +00000-0 3  9996
2 05367 065.4629 155.8781 7138740 249.1367 025.5085 02.00597815029443
1 05367U 71064  A 75217.37977262  .00000029 +00000-0 +00000-0 3  9998
2 05367 065.4662 155.6524 7139560 249.0893 025.5283 02.00597885029488
1 05367U 71064  A 75223.36185071  .00000036 +00000-0 +00000-0 3  9991
2 05367 065.4767 154.9627 7145413 248.9303 025.5582 02.00598330029600
1 05367U 71064  A 75225.85439629  .00000040 +00000-0 +00000-0 3  9993
2 05367 065.4654 154.6711 7146775 248.8434 025.5957 02.00598609029652
1 05367U 71064  A 75229.34392926  .00000043 +00000-0 +00000-0 3  9992
2 05367 065.4571 154.2671 7148120 248.7542 025.6356 02.00599049029727
1 05367U 71064  A 75235.32597109  .00000050 +00000-0 +00000-0 3  9995
2 05367 065.4608 153.5766 7153472 248.6124 025.6608 02.00599944029843
1 05367U 71064  A 75239.31401968  .00000056 +00000-0 +00000-0 3  9991
2 05367 065.4608 153.0970 7156475 248.5134 025.6871 02.00600283029921
1 05367U 71064  A 75245.79455039  .00000063 +00000-0 +00000-0 3  9996
2 05367 065.4635 152.3342 7159933 248.3554 025.7452 02.00600976030053
1 05367U 71064  A 75251.27802276  .00000069 +00000-0 +00000-0 3  9991
2 05367 065.4723 151.6786 7166151 248.2198 025.7568 02.00601866030167
1 05367U 71064  A 75261.24791003  .00000079 +00000-0 +00000-0 3  9995
2 05367 065.4732 150.4735 7172997 247.9953 025.8170 02.00603815030366
1 05367U 71064  A 75264.23890778  .00000083 +00000-0 +00000-0 3  9991
2 05367 065.4998 150.1006 7175042 247.8957 025.8556 02.00604373030420
1 05367U 71064  A 75266.23287820  .00000085 +00000-0 +00000-0 3  9993
2 05367 065.5019 149.8479 7176362 247.8545 025.8660 02.00604715030463
1 05367U 71064  A 75270.22076316  .00000089 +00000-0 +00000-0 3  9997
2 05367 065.4774 149.3561 7178595 247.7914 025.8795 02.00605540030541
1 05367U 71064  A 75275.20564937  .00000092 +00000-0 +00000-0 3  9995
2 05367 065.4788 148.7631 7182297 247.6521 025.9237 02.00606546030644
1 05367U 71064  A 75278.19655224  .00000095 +00000-0 +00000-0 3  9999
2 05367 065.4745 148.3929 7185393 247.5784 025.9332 02.00607218030703
1 05367U 71064  A 75286.17220831  .00000098 +00000-0 +00000-0 3  9991
2 05367 065.4376 147.4316 7189501 247.4131 025.9898 02.00609383030862
1 05367U 71064  A 75294.14783860  .00000103 +00000-0 +00000-0 3  9990
2 05367 065.4389 146.4235 7194927 247.2383 026.0364 02.00611415031028
1 05367U 71064  A 75295.14477489  .00000104 +00000-0 +00000-0 3  9999
2 05367 065.4379 146.2972 7195241 247.2210 026.0441 02.00611762031045
1 05367U 71064  A 75299.13258552  .00000104 +00000-0 +00000-0 3  9990
2 05367 065.4370 145.8083 7195378 247.1017 026.1193 02.00612665031126
1 05367U 71064  A 75302.12337349  .00000104 +00000-0 +00000-0 3  9996
2 05367 065.4350 145.4457 7198240 247.0437 026.1220 02.00613454031185
1 05367U 71064  A 75314.08641766  .00000103 +00000-0 +00000-0 3  9994
2 05367 065.3944 143.9706 7204471 246.7817 026.2166 02.00617049031426
1 05367U 71064  A 75329.04007291  .00000095 +00000-0 +00000-0 3  9995
2 05367 065.3926 142.1282 7209637 246.4077 026.3984 02.00621177031729
1 05367U 71064  A 75341.99960704  .00000084 +00000-0 +00000-0 3  9998
2 05367 065.3911 140.5383 7215631 246.0731 026.5462 02.00624610031987
1 05367U 71064  A 75343.99337763  .00000082 +00000-0 +00000-0 3  9991
2 05367 065.3928 140.2953 7217083 246.0227 026.5615 02.00625067032021
1 05367U 71064  A 75347.98089409  .00000078 +00000-0 +00000-0 3  9990
2 05367 065.3829 139.8009 7218700 245.9256 026.6063 02.00626178032105
1 05367U 71064  A 75351.96838853  .00000073 +00000-0 +00000-0 3  9993
2 05367 065.4076 139.3022 7219334 245.8253 026.6653 02.00626940032180
1 05367U 71064  A 75364.92758890  .00000055 +00000-0 +00000-0 3  9995
2 05367 065.4134 137.7154 7228080 245.4965 026.7774 02.00629484032447
1 05367U 71064  A 76005.90871095  .00000046 +00000-0 +00000-0 3  9999
2 05367 065.3811 137.0013 7233227 245.3495 026.8125 02.00630546032566
1 05367U 71064  A 76021.85829400  .00000021 +00000-0 +00000-0 3  9997
2 05367 065.4016 135.0525 7247224 244.9915 026.8798 02.00632335032883
1 05367U 71064  A 76027.83938503  .00000011 +00000-0 +00000-0 3  9995
2 05367 065.4351 134.3077 7250218 244.8187 026.9604 02.00632810033006
1 05367U 71064  A 76035.31574010  .00000000 +00000-0 +00000-0 3  9994
2 05367 065.4548 133.3728 7258600 244.6410 026.9763 02.00633180033159
1 05367U 71064  A 76047.77629613 -.00000017 +00000-0 +00000-0 3  9996
2 05367 065.4658 131.8000 7269489 244.3474 027.0404 02.00633467033401
1 05367U 71064  A 76053.75732564 -.00000025 +00000-0 +00000-0 3  9990
2 05367 065.4710 131.0019 7273670 244.2241 027.0724 02.00633517033524
1 05367U 71064  A 76055.75100278 -.00000029 +00000-0 +00000-0 3  9997
2 05367 065.4703 130.7566 7275225 244.1707 027.0899 02.00633552033569
1 05367U 71064  A 76059.73836564 -.00000034 +00000-0 +00000-0 3  9999
2 05367 065.4641 130.2527 7279792 244.0822 027.0927 02.00633729033649
1 05367U 71064  A 76062.72890520 -.00000037 +00000-0 +00000-0 3  9997
2 05367 065.4590 129.8505 7282633 244.0230 027.0980 02.00633558033709
1 05367U 71064  A 76070.70368337 -.00000047 +00000-0 +00000-0 3  9991
2 05367 065.4531 128.7983 7286357 243.8343 027.1819 02.00633133033869
1 05367U 71064  A 76074.69108056 -.00000051 +00000-0 +00000-0 3  9998
2 05367 065.4446 128.2736 7290939 243.7467 027.1841 02.00632801033947
1 05367U 71064  A 76077.68161773 -.00000053 +00000-0 +00000-0 3  9997
2 05367 065.4445 127.8522 7293253 243.6934 027.1918 02.00632529034004
1 05367U 71064  A 76080.67215919 -.00000056 +00000-0 +00000-0 3  9995
2 05367 065.4194 127.4451 7294083 243.6267 027.2280 02.00632138034068
1 05367U 71064  A 76084.65956544 -.00000061 +00000-0 +00000-0 3  9999
2 05367 065.4146 126.9356 7296986 243.5304 027.2581 02.00631656034145
1 05367U 71064  A 76090.64071750 -.00000066 +00000-0 +00000-0 3  9997
2 05367 065.3957 126.1427 7301600 243.4157 027.2796 02.00630923034267
1 05367U 71064  A 76092.63443517 -.00000068 +00000-0 +00000-0 3  9994
2 05367 065.3906 125.8679 7302031 243.3758 027.3022 02.00630675034303
1 05367U 71064  A 76095.62501382 -.00000071 +00000-0 +00000-0 3  9995
2 05367 065.3819 125.4684 7302622 243.3141 027.3378 02.00630172034362
1 05367U 71064  A 76102.60306403 -.00000076 +00000-0 +00000-0 3  9994
2 05367 065.3629 124.5485 7308276 243.1625 027.3720 02.00629161034509
1 05367U 71064  A 76109.58112619 -.00000081 +00000-0 +00000-0 3  9998
2 05367 065.3591 123.5907 7309976 243.0105 027.4581 02.00628052034644
1 05367U 71064  A 76116.55927891 -.00000085 +00000-0 +00000-0 3  9993
2 05367 065.3370 122.6679 7314960 242.8563 027.5035 02.00626801034789
1 05367U 71064  A 76122.54058691 -.00000087 +00000-0 +00000-0 3  9994
2 05367 065.3145 121.8632 7315530 242.7253 027.5900 02.00625548034900
1 05367U 71064  A 76125.53125235 -.00000090 +00000-0 +00000-0 3  9999
2 05367 065.3066 121.4831 7317067 242.6486 027.6252 02.00624913034965
1 05367U 71064  A 76130.51570462 -.00000090 +00000-0 +00000-0 3  9999
2 05367 065.2969 120.8114 7321527 242.5496 027.6380 02.00623913035062
1 05367U 71064  A 76132.50947761 -.00000090 +00000-0 +00000-0 3  9990
2 05367 065.2954 120.5307 7322263 242.5156 027.6531 02.00623520035105
1 05367U 71064  A 76137.49395700 -.00000092 +00000-0 +00000-0 3  9995
2 05367 065.2955 119.8770 7323547 242.3856 027.7305 02.00622498035206
1 05367U 71064  A 76141.48158021 -.00000093 +00000-0 +00000-0 3  9993
2 05367 065.2976 119.3535 7327230 242.2976 027.7457 02.00621664035288
1 05367U 71064  A 76145.46923968 -.00000091 +00000-0 +00000-0 3  9993
2 05367 065.2977 118.8052 7328791 242.2091 027.7892 02.00620817035369
1 05367U 71064  A 76147.46306894 -.00000091 +00000-0 +00000-0 3  9998
2 05367 065.3012 118.5351 7329074 242.1637 027.8190 02.00620360035409
1 05367U 71064  A 76155.43845365 -.00000091 +00000-0 +00000-0 3  9995
2 05367 065.3034 117.5092 7333974 241.9568 027.9054 02.00618498035564
1 05367U 71064  A 76158.42921729 -.00000089 +00000-0 +00000-0 3  9993
2 05367 065.3050 117.0949 7336705 241.9074 027.9055 02.00617852035626
1 05367U 71064  A 76162.41687868 -.00000088 +00000-0 +00000-0 3  9999
2 05367 065.3029 116.5577 7338644 241.8394 027.9297 02.00616953035709
1 05367U 71064  A 76179.36504265 -.00000077 +00000-0 +00000-0 3  9998
2 05367 065.3107 114.3511 7349083 241.3705 028.1377 02.00613275036044
1 05367U 71064  A 76187.34073493 -.00000066 +00000-0 +00000-0 3  9997
2 05367 065.3175 113.2626 7356415 241.1970 028.1691 02.00611631036204
1 05367U 71064  A 76189.33468387 -.00000064 +00000-0 +00000-0 3  9996
2 05367 065.3158 112.9995 7356725 241.1285 028.2161 02.00611224036248
1 05367U 71064  A 76196.31346128 -.00000056 +00000-0 +00000-0 3  9991
2 05367 065.3080 112.0872 7364814 240.9689 028.2267 02.00610058036386
1 05367U 71064  A 76207.28016349 -.00000037 +00000-0 +00000-0 3  9998
2 05367 065.3111 110.5877 7372995 240.7560 028.2772 02.00608529036600
1 05367U 71064  A 76218.24690067 -.00000015 +00000-0 +00000-0 3  9997
2 05367 065.3257 109.0392 7382727 240.5638 028.2906 02.00607678036821
1 05367U 71064  A 76222.23484595 -.00000008 +00000-0 +00000-0 3  9990
2 05367 065.3261 108.4973 7387481 240.4777 028.2916 02.00607527036902
1 05367U 71064  A 76224.22882535 -.00000003 +00000-0 +00000-0 3  9992
2 05367 065.3299 108.2134 7389299 240.4415 028.2942 02.00607492036942
1 05367U 71064  A 76228.21675424  .00000005 +00000-0 +00000-0 3  9993
2 05367 065.3304 107.6354 7391221 240.3752 028.3184 02.00607484037027
1 05367U 71064  A 76231.20769275  .00000011 +00000-0 +00000-0 3  9991
2 05367 065.3269 107.2168 7392440 240.3131 028.3491 02.00607517037085
1 05367U 71064  A 76234.19865071  .00000016 +00000-0 +00000-0 3  9998
2 05367 065.3112 106.8148 7394786 240.2416 028.3717 02.00607541037140
1 05367U 71064  A 76239.18353812  .00000029 +00000-0 +00000-0 3  9991
2 05367 065.3091 106.0893 7400158 240.1769 028.3480 02.00607875037244
1 05367U 71064  A 76244.16839504  .00000039 +00000-0 +00000-0 3  9993
2 05367 065.2998 105.3560 7401458 240.0821 028.4026 02.00608379037342
1 05367U 71064  A 76256.13205065  .00000064 +00000-0 +00000-0 3  9990
2 05367 065.2751 103.6296 7408217 239.8495 028.4887 02.00610264037586
1 05367U 71064  A 76260.11986535  .00000069 +00000-0 +00000-0 3  9996
2 05367 065.2560 103.0730 7410036 239.7710 028.5244 02.00611074037669
1 05367U 71064  A 76264.10771977  .00000077 +00000-0 +00000-0 3  9990
2 05367 065.2418 102.5048 7412940 239.6792 028.5554 02.00611970037740
1 05367U 71064  A 76266.10164402  .00000081 +00000-0 +00000-0 3  9996
2 05367 065.2441 102.1987 7413749 239.6460 028.5701 02.00612407037788
1 05367U 71064  A 76272.08327206  .00000089 +00000-0 +00000-0 3  9991
2 05367 065.2347 101.3200 7414487 239.5267 028.6523 02.00614089037901
1 05367U 71064  A 76278.06488640  .00000098 +00000-0 +00000-0 3  9995
2 05367 065.2267 100.4574 7418983 239.4056 028.6846 02.00615935038029
1 05367U 71064  A 76281.05565108  .00000102 +00000-0 +00000-0 3  9999
2 05367 065.2208 100.0082 7419708 239.3611 028.7091 02.00616959038082
1 05367U 71064  A 76287.03716735  .00000105 +00000-0 +00000-0 3  9990
2 05367 065.1919 099.1649 7420250 239.2201 028.8119 02.00618840038202
1 05367U 71064  A 76298.99994610  .00000110 +00000-0 +00000-0 3  9993
2 05367 065.1666 097.4370 7425178 238.9448 028.9603 02.00623530038443
1 05367U 71064  A 76301.99059558  .00000110 +00000-0 +00000-0 3  9991
2 05367 065.1578 097.0248 7428199 238.8880 028.9632 02.00624391038505
1 05367U 71064  A 76305.97809856  .00000111 +00000-0 +00000-0 3  9998
2 05367 065.1557 096.4454 7431332 238.8153 028.9769 02.00626087038583
1 05367U 71064  A 76316.94363499  .00000104 +00000-0 +00000-0 3  9997
2 05367 065.1532 094.8989 7434121 238.5173 029.1754 02.00630693038809
1 05367U 71064  A 76323.92137547  .00000000 +00000-0 +00000-0 3  9991
2 05367 065.1537 093.9078 7440084 238.4415 029.1526 02.00636447038941
1 05367U 71064  A 76325.91512364  .00000097 +00000-0 +00000-0 3  9992
2 05367 065.1678 093.5948 7439607 238.3832 029.2060 02.00634374038985
1 05367U 71064  A 76333.88971671  .00000088 +00000-0 +00000-0 3  9997
2 05367 065.1715 092.4797 7448320 238.1990 029.2311 02.00637570039141
1 05367U 71064  A 76340.86745526  .00000077 +00000-0 +00000-0 3  9999
2 05367 065.1771 091.4838 7450646 238.0174 029.3452 02.00639945039285
1 05367U 71064  A 76343.85786695  .00000072 +00000-0 +00000-0 3  9998
2 05367 065.1937 091.0734 7453844 237.9426 029.3606 02.00641159039349
1 05367U 71064  A 76347.84505285  .00000067 +00000-0 +00000-0 3  9999
2 05367 065.2044 090.4800 7457513 237.8897 029.3516 02.00642961039425
1 05367U 71064  A 76351.83222380  .00000059 +00000-0 +00000-0 3  9996
2 05367 065.1992 089.8976 7458914 237.7901 029.4127 02.00644167039501
1 05367U 71064  A 76365.78734431 -.00000077 +00000-0 +00000-0 0  9998
2 05367 065.1541 087.8010 7468814 237.6054 029.8296 02.00653110039785
1 05367U 71064  A 77003.77388526 -.00000093 +00000-0 +00000-0 0  9995
2 05367 065.1364 087.2150 7473440 237.5688 029.6370 02.00659242039862
1 05367U 71064  A 77011.74806477 -.00000079 +00000-0 +00000-0 0  9995
2 05367 065.1338 086.0138 7475293 237.3819 029.8941 02.00659521040024
1 05367U 71064  A 77013.74099425 -.00000123 +00000-0 +00000-0 0  9994
2 05367 065.1321 085.7165 7476209 237.3479 029.5445 02.00659847040063
1 05367U 71064  A 77015.73443144  .00000047 +00000-0 +24650-3 0  9990
2 05367 065.1288 085.4156 7476573 237.2859 029.7165 02.00666983040102
1 05367U 71064  A 77026.69775636  .00000070 +00000-0 +24650-3 0  9997
2 05367 065.1138 083.7705 7482098 237.0623 029.6892 02.00674409040325
1 05367U 71064  A 77034.67089727  .00001107 +00000-0 +90797-3 0  9990
2 05367 065.0888 082.5534 7488482 236.9089 029.9187 02.00692806040488
1 05367U 71064  A 77038.65672170  .00000429 +00000-0 +41574-3 0  9997
2 05367 065.0958 081.9618 7488990 236.8344 029.5766 02.00692949040565
1 05367U 71064  A 77044.63614697  .00000460 +00000-0 +42224-3 0  9990
2 05367 065.0890 081.0577 7492387 236.7186 029.8391 02.00702894040684
1 05367U 71064  A 77049.61857222  .00000606 +00000-0 +44355-3 0  9995
2 05367 065.0817 080.2999 7494827 236.6090 029.8702 02.00713059040788
1 05367U 71064  A 77052.60782357  .00000633 +00000-0 +45682-3 0  9998
2 05367 065.0733 079.8471 7495957 236.5426 029.8792 02.00719741040841
1 05367U 71064  A 77057.58980940  .00000779 +00000-0 +47150-3 0  9991
2 05367 065.0677 079.0857 7498827 236.4570 030.0103 02.00732591040945
1 05367U 71064  A 77068.54916052  .00000676 +00000-0 +32757-3 0  9995
2 05367 065.0452 077.4132 7504821 236.2571 029.9675 02.00750578041166
1 05367U 71064  A 77073.53044952  .00000676 +00000-0 +27605-3 0  9997
2 05367 065.0363 076.6488 7508312 236.1715 030.0559 02.00759336041266
1 05367U 71064  A 77075.52283428  .00000766 +00000-0 +28464-3 0  9995
2 05367 065.0354 076.3395 7509152 236.1463 030.0616 02.00764941041300
1 05367U 71064  A 77077.51515343  .00000826 +00000-0 +28711-3 0  9992
2 05367 065.0402 076.0289 7510234 236.1251 030.0892 02.00771098041342
1 05367U 71064  A 77080.50351497  .00001225 +00000-0 +36364-3 0  9990
2 05367 065.0281 075.5656 7511421 236.0346 030.2046 02.00786346041404
1 05367U 71064  A 77091.45971486  .00001106 +00000-0 +24006-3 0  9990
2 05367 065.0091 073.8754 7517144 235.8565 030.1511 02.00812084041620
1 05367U 71064  A 77095.44351519  .00001086 +00000-0 +21461-3 0  9991
2 05367 065.0031 073.2570 7519409 235.7936 030.3236 02.00824024041703
1 05367U 71064  A 77098.43103534  .00001251 +00000-0 +22958-3 0  9991
2 05367 064.9937 072.8036 7520088 235.7072 030.3321 02.00835721041761
1 05367U 71064  A 77102.41432368  .00004703 +00000-0 +44827-3 0  9999
2 05367 064.9541 072.1846 7523831 235.6331 030.8570 02.00890241041848
1 05367U 71064  A 77111.37220125  .00003924 +00000-0 +30566-3 0  9999
2 05367 064.9573 070.7726 7526625 235.5032 030.4885 02.00964859042028
1 05367U 71064  A 77115.35266071  .00005284 +00000-0 +28465-3 0  9997
2 05367 064.9389 070.1591 7529603 235.4863 030.7374 02.01019600042108
1 05367U 71064  A 77118.33678373  .00005038 +00000-0 +27176-3 0  9995
2 05367 064.9344 069.6883 7529526 235.3924 030.4530 02.01050994042165
1 05367U 71064  A 77119.33156103  .00005177 +00000-0 +21568-3 0  9991
2 05367 064.9325 069.5211 7531957 235.4164 030.5191 02.01064318042187
1 05367U 71064  A 77120.32610170  .00005406 +00000-0 +20520-3 0  9993
2 05367 064.9494 069.3408 7532678 235.4076 030.4876 02.01079617042203
1 05367U 71064  A 77123.30965973  .00005781 +00000-0 +18073-3 0  9994
2 05367 064.9543 068.8767 7534120 235.4243 030.5964 02.01122544042263
1 05367U 71064  A 77127.28663934  .00012296 +00000-0 +28503-3 0  9995
2 05367 064.9279 068.2740 7534707 235.3170 031.2527 02.01247233042348
1 05367U 71064  A 77133.24596606  .00014330 +00000-0 +33328-3 0  9991
2 05367 064.8688 067.3419 7533125 235.1453 030.6704 02.01426214042460
1 05367U 71064  A 77136.22408789  .00017798 +00000-0 +36863-3 0  9994
2 05367 064.8801 066.8632 7532897 235.0982 030.9955 02.01548305042523
1 05367U 71064  A 77138.70396583  .00018959 +00000-0 +52745-3 0  9994
2 05367 064.8907 066.4601 7529466 234.9427 030.9016 02.01651536042576
1 05367U 71064  A 77142.66981317  .00023562 +00000-0 +68362-4 0  9998
2 05367 064.8636 065.8271 7542375 235.3720 031.4921 02.01858909042659
1 05367U 71064  A 77145.63919955  .00027064 +00000-0 +93783-4 0  9993
2 05367 064.8618 065.3594 7539949 235.1551 030.5391 02.02038726042711
1 05367U 71064  A 77145.63961571  .00026744 +00000-0 +93246-4 0  9992
2 05367 064.8618 065.3594 7539949 235.1551 030.8134 02.02035381042713
1 05367U 71064  A 77166.23436594  .00219708 +00000-0 +00000-0 0  9999
2 05367 064.8526 062.1210 7510483 234.8855 031.6719 02.07255044043125
1 05367U 71064  A 77170.55672916  .00219782 +00000-0 +00000-0 0  9991
2 05367 064.8526 061.4155 7495296 234.8048 031.4427 02.09154361043219
1 05367U 71064  A 77178.70978871  .01314367 +00000-0 +00000-0 1  9992
2 05367 064.8002 060.0013 7341050 234.5893 033.8713 02.28871059043393
