1 02822U 67052  A 67145.50307513  .00000000 +00000-0 +00000-0 0  9991
2 02822 064.6838 259.8714 7418940 284.9514 009.6994 02.01398700000011
1 02822U 67052  A 67215.18913714  .00003428 +00000-0 +00000-0 0  9996
2 02822 064.7448 249.9392 7393483 283.5492 010.3058 02.02497176001429
1 02822U 67052  A 67230.00477560 -.00000712 +00000-0 +00000-0 0  9992
2 02822 064.7448 247.8131 7393638 283.3253 010.3548 02.02479035001723
1 02822U 67052  A 67234.94366725 -.00000884 +00000-0 +00000-0 0  9999
2 02822 064.7801 247.2410 7350061 283.8274 010.5007 02.02469464001829
1 02822U 67052  A 67278.90153207 -.00001015 +00000-0 +00000-0 0  9999
2 02822 064.7978 240.9282 7360575 282.5005 010.7413 02.02491632002714
1 02822U 67052  A 68004.25421129  .00001282 +00000-0 +00000-0 0  9991
2 02822 064.8382 228.6311 7271397 281.2304 011.6002 02.02583955004548
1 02822U 67052  A 68016.59401190  .00000990 +00000-0 +00000-0 0  9992
2 02822 064.8505 226.9856 7273385 281.0334 011.6367 02.02607849004790
1 02822U 67052  A 68027.45297947  .00000051 +00000-0 +00000-0 0  9990
2 02822 064.8556 225.5435 7268510 280.8058 011.7249 02.02599220005017
1 02822U 67052  A 68053.12449553 -.00000717 +00000-0 +00000-0 0  9995
2 02822 064.8438 222.1304 7269055 280.4612 011.8084 02.02545322005530
1 02822U 67052  A 68078.79259156 -.00003290 +00000-0 +00000-0 0  9992
2 02822 064.8447 218.7419 7241077 279.8961 012.1050 02.02560297006054
1 02822U 67052  A 68113.84353093  .00000784 +00000-0 +00000-0 0  9997
2 02822 064.8529 214.1920 7218096 279.2814 012.4329 02.02594593006764
1 02822U 67052  A 68126.18357941  .00000000 +00000-0 +00000-0 0  9995
2 02822 064.9266 212.5777 7212420 279.0430 012.5502 02.02593246007019
1 02822U 67052  A 68181.96679580  .00000382 +00000-0 +00000-0 0  9991
2 02822 064.9260 205.6430 7183082 278.0106 013.0314 02.02596157008148
1 02822U 67052  A 68217.01827256 -.00000503 +00000-0 +00000-0 0  9998
2 02822 064.9094 201.2191 7190010 277.4369 013.1446 02.02543413008854
1 02822U 67052  A 68221.95488284 -.00000417 +00000-0 +00000-0 0  9994
2 02822 064.9094 200.6003 7189987 277.3632 013.1655 02.02545736008955
1 02822U 67052  A 68238.73781641 -.00001569 +00000-0 +00000-0 0  9990
2 02822 064.8844 198.4571 7175350 276.7872 013.4318 02.02551113009292
1 02822U 67052  A 68266.87766476  .00001278 +00000-0 +00000-0 0  9991
2 02822 064.8923 194.9445 7159561 276.2515 013.6991 02.02593418009862
1 02822U 67052  A 68294.51265746 -.00001094 +00000-0 +00000-0 0  9994
2 02822 064.8653 191.6067 7152281 275.6258 013.9365 02.02652188010427
1 02822U 67052  A 68301.42057140 -.00000220 +00000-0 +00000-0 0  9990
2 02822 064.9091 190.7098 7154910 275.5597 013.9374 02.02661583010568
1 02822U 67052  A 68315.23557465  .00000854 +00000-0 +00000-0 0  9991
2 02822 064.9205 189.0378 7139753 275.0796 014.1921 02.02693363010844
1 02822U 67052  A 68316.71562650  .00001399 +00000-0 +00000-0 0  9992
2 02822 064.8860 188.8199 7145507 275.1419 014.1312 02.02701112010874
1 02822U 67052  A 68321.15570693  .00001135 +00000-0 +00000-0 0  9990
2 02822 064.8951 188.3083 7144138 275.1338 014.1437 02.02708591010967
1 02822U 67052  A 68333.49052589 -.00001034 +00000-0 +00000-0 0  9998
2 02822 064.9070 186.8149 7140225 274.8796 014.2496 02.02668869011211
1 02822U 67052  A 68343.35980871 -.00002518 +00000-0 +00000-0 0  9996
2 02822 064.8947 185.6086 7138530 274.8297 014.2773 02.02623193011413
1 02822U 67052  A 68363.58962875  .00001039 +00000-0 +00000-0 0  9993
2 02822 064.8763 183.1914 7142772 274.2249 014.4326 02.02687868011826
1 02822U 67052  A 69056.30309935  .00000075 +00000-0 +00000-0 0  9994
2 02822 064.9104 176.0375 7132625 272.9885 014.9027 02.02701947013016
1 02822U 67052  A 69061.23677251 -.00000714 +00000-0 +00000-0 0  9992
2 02822 064.9091 175.4374 7132483 272.9178 014.9264 02.02688026013116
1 02822U 67052  A 69069.62488792 -.00001634 +00000-0 +00000-0 0  9995
2 02822 064.9048 174.4253 7131436 272.7755 014.9804 02.02655589013285
1 02822U 67052  A 69082.45438145  .00000371 +00000-0 +00000-0 0  9994
2 02822 064.8553 172.8393 7131680 272.4727 015.0725 02.02661796013549
1 02822U 67052  A 69089.36209531  .00000892 +00000-0 +00000-0 0  9994
2 02822 064.9192 172.0626 7131475 272.3341 015.1193 02.02678818013681
1 02822U 67052  A 69089.36209533  .00000892 +00000-0 +00000-0 0  9996
2 02822 064.9193 172.0627 7131476 272.3342 015.1193 02.02678818013685
1 02822U 67052  A 69096.76246314  .00001252 +00000-0 +00000-0 0  9997
2 02822 064.9191 171.1628 7131258 272.2262 015.1562 02.02701768013830
1 02822U 67052  A 69103.17574309  .00000569 +00000-0 +00000-0 0  9999
2 02822 064.9202 170.3826 7130545 272.0413 015.2222 02.02704936013966
1 02822U 67052  A 69138.20832737  .00001074 +00000-0 +00000-0 0  9995
2 02822 064.9162 166.1327 7136500 271.2411 015.4453 02.02682194014674
1 02822U 67052  A 69153.99542126 -.00000031 +00000-0 +00000-0 0  9991
2 02822 064.8945 164.1789 7135590 270.7927 015.6032 02.02690764014998
1 02822U 67052  A 69197.90833650  .00000191 +00000-0 +00000-0 0  9991
2 02822 064.8643 158.8054 7143140 270.1026 015.7737 02.02698302015879
1 02822U 67052  A 69208.76271964 -.00000985 +00000-0 +00000-0 0  9994
2 02822 064.8762 157.4906 7143580 270.1170 015.7654 02.02676371016095
1 02822U 67052  A 69223.56544620  .00000863 +00000-0 +00000-0 0  9995
2 02822 064.8844 155.6854 7147409 269.8072 015.8028 02.02666799016390
1 02822U 67052  A 69251.75576734  .00000640 +00000-0 +00000-0 0  9991
2 02822 064.8861 152.2206 7163319 269.0209 015.9852 02.02353236016963
1 02822U 67052  A 69253.23845750  .00000342 +00000-0 +00000-0 0  9992
2 02822 064.8879 152.0341 7163209 268.9963 015.9947 02.02349464016999
1 02822U 67052  A 69259.16887369  .00000081 +00000-0 +00000-0 0  9992
2 02822 064.9022 151.2847 7163918 268.9145 016.0174 02.02348370017115
1 02822U 67052  A 69264.60559993 -.00000864 +00000-0 +00000-0 0  9996
2 02822 064.9000 150.6226 7166759 268.8357 016.0218 02.02327508017226
1 02822U 67052  A 69274.49184541 -.00002224 +00000-0 +00000-0 0  9999
2 02822 064.8568 149.3769 7172469 268.6698 016.0357 02.02279386017428
1 02822U 67052  A 69278.44613320 -.00000874 +00000-0 +00000-0 0  9999
2 02822 064.8668 148.8833 7173609 268.4172 016.1152 02.02290661017509
1 02822U 67052  A 69278.44641867 -.00001444 +00000-0 +00000-0 0  9990
2 02822 064.8302 148.8990 7174278 268.5586 016.0599 02.02280493017507
1 02822U 67052  A 69288.33235613  .00000424 +00000-0 +00000-0 0  9993
2 02822 064.8177 147.6725 7188819 268.3270 016.0220 02.02299007017708
1 02822U 67052  A 69292.28681082  .00000777 +00000-0 +00000-0 0  9998
2 02822 064.8237 147.1697 7186529 268.2419 016.0708 02.02308532017781
1 02822U 67052  A 69300.68915305  .00001815 +00000-0 +00000-0 0  9994
2 02822 064.8329 146.0937 7187149 268.0966 016.1170 02.02340924017956
1 02822U 67052  A 69303.16028267  .00001671 +00000-0 +00000-0 0  9992
2 02822 064.8328 145.7833 7187059 268.0615 016.1302 02.02346011018004
1 02822U 67052  A 69314.52698365  .00000525 +00000-0 +00000-0 0  9993
2 02822 064.8327 144.3559 7186698 267.9008 016.1901 02.02353049018234
1 02822U 67052  A 69316.50375213 -.00000063 +00000-0 +00000-0 0  9995
2 02822 064.8809 144.0675 7185409 267.7839 016.2426 02.02346361018270
1 02822U 67052  A 69319.46910224 -.00000548 +00000-0 +00000-0 0  9998
2 02822 064.8905 143.6956 7189289 267.6813 016.2470 02.02335587018339
1 02822U 67052  A 69322.43458025 -.00001106 +00000-0 +00000-0 0  9996
2 02822 064.8904 143.3235 7189319 267.6377 016.2624 02.02326422018399
1 02822U 67052  A 69338.25219059 -.00000708 +00000-0 +00000-0 0  9992
2 02822 064.8353 141.3388 7193269 267.2592 016.3652 02.02294176018716
1 02822U 67052  A 69341.21823458  .00000320 +00000-0 +00000-0 0  9995
2 02822 064.8599 140.9442 7196839 267.2418 016.3416 02.02295972018776
1 02822U 67052  A 69349.62161161  .00001149 +00000-0 +00000-0 0  9994
2 02822 064.8602 139.8723 7199039 267.0947 016.3762 02.02312265018948
1 02822U 67052  A 69361.97787402  .00001415 +00000-0 +00000-0 0  9994
2 02822 064.8289 138.2655 7201389 266.9278 016.4169 02.02345231019192
1 02822U 67052  A 70001.42569413  .00001415 +00000-0 +00000-0 0  9997
2 02822 064.8430 137.7176 7201039 266.8366 016.4529 02.02356337019280
1 02822U 67052  A 70011.30975702 -.00000436 +00000-0 +00000-0 0  9990
2 02822 064.8457 136.4660 7209969 266.5426 016.4844 02.02341048019482
1 02822U 67052  A 70012.29818505 -.00000741 +00000-0 +00000-0 0  9995
2 02822 064.8799 136.3741 7207179 266.5290 016.5130 02.02337898019500
1 02822U 67052  A 70014.27510500 -.00000741 +00000-0 +00000-0 0  9999
2 02822 064.8798 136.1232 7207199 266.4998 016.5234 02.02334967019541
1 02822U 67052  A 70018.22916595 -.00001099 +00000-0 +00000-0 0  9999
2 02822 064.8769 135.6230 7208169 266.4296 016.5408 02.02322427019620
1 02822U 67052  A 70020.20628381 -.00001205 +00000-0 +00000-0 0  9992
2 02822 064.8769 135.3720 7208199 266.4005 016.5513 02.02316083019664
1 02822U 67052  A 70027.12670168 -.00001282 +00000-0 +00000-0 0  9995
2 02822 064.8703 134.4669 7214919 266.3151 016.5254 02.02295137019806
1 02822U 67052  A 70029.10400488 -.00001229 +00000-0 +00000-0 0  9992
2 02822 064.8362 134.1798 7224929 266.2010 016.4821 02.02291401019845
1 02822U 67052  A 70031.57565989 -.00001019 +00000-0 +00000-0 0  9991
2 02822 064.8362 133.8625 7224979 266.1651 016.4948 02.02289385019898
1 02822U 67052  A 70034.54175722 -.00000961 +00000-0 +00000-0 0  9998
2 02822 064.8542 133.5154 7225589 266.1073 016.5108 02.02284358019959
1 02822U 67052  A 70035.53022863 -.00000314 +00000-0 +00000-0 0  9997
2 02822 064.8692 133.4119 7223639 266.0616 016.5441 02.02293497019977
1 02822U 67052  A 70038.49618111 -.00000020 +00000-0 +00000-0 0  9996
2 02822 064.8661 133.0296 7225349 266.0141 016.5470 02.02296519020037
1 02822U 67052  A 70039.48482272  .00000134 +00000-0 +00000-0 0  9998
2 02822 064.8672 132.9024 7226409 265.9847 016.5486 02.02297753020055
1 02822U 67052  A 70042.45069110  .00000715 +00000-0 +00000-0 0  9996
2 02822 064.8610 132.5110 7226659 265.9338 016.5654 02.02304699020113
1 02822U 67052  A 70043.43930005  .00000707 +00000-0 +00000-0 0  9996
2 02822 064.8626 132.3823 7226359 265.9357 016.5672 02.02306070020134
1 02822U 67052  A 70045.41643525  .00000992 +00000-0 +00000-0 0  9990
2 02822 064.8630 132.1294 7227229 265.8995 016.5731 02.02312883020172
1 02822U 67052  A 70047.39356170  .00001003 +00000-0 +00000-0 0  9990
2 02822 064.8628 131.8762 7227039 265.8836 016.5806 02.02316953020218
1 02822U 67052  A 70049.37054624  .00001224 +00000-0 +00000-0 0  9994
2 02822 064.8720 131.6236 7228729 265.8334 016.5846 02.02325324020255
1 02822U 67052  A 70054.31287452  .00001397 +00000-0 +00000-0 0  9992
2 02822 064.8678 130.9775 7230169 265.7481 016.6038 02.02341127020354
1 02822U 67052  A 70057.27797677  .00001621 +00000-0 +00000-0 0  9995
2 02822 064.8703 130.5866 7230449 265.6993 016.6194 02.02354639020410
1 02822U 67052  A 70060.24323756  .00001262 +00000-0 +00000-0 0  9990
2 02822 064.8716 130.1993 7231378 265.6822 016.6177 02.02355970020470
1 02822U 67052  A 70062.21997023  .00001194 +00000-0 +00000-0 0  9997
2 02822 064.8586 129.9304 7233759 265.6321 016.6158 02.02359387020516
1 02822U 67052  A 70063.20832839  .00000945 +00000-0 +00000-0 0  9993
2 02822 064.8558 129.7946 7239419 265.5598 016.5939 02.02358420020534
1 02822U 67052  A 70064.19670132  .00000578 +00000-0 +00000-0 0  9990
2 02822 064.8705 129.6758 7239649 265.5392 016.5996 02.02357143020551
1 02822U 67052  A 70067.16189439  .00000000 +00000-0 +00000-0 0  9995
2 02822 064.8716 129.2900 7240239 265.4955 016.6106 02.02351732020618
1 02822U 67052  A 70070.12710631  .00000021 +00000-0 +00000-0 0  9992
2 02822 064.8743 128.9038 7239819 265.4254 016.6402 02.02350704020673
1 02822U 67052  A 70095.33625743 -.00000139 +00000-0 +00000-0 0  9992
2 02822 064.8514 125.5230 7264748 264.8919 016.6229 02.02294144021185
1 02822U 67052  A 70103.24520719  .00000738 +00000-0 +00000-0 0  9993
2 02822 064.8549 124.4644 7263879 264.7937 016.6670 02.02309612021348
1 02822U 67052  A 70111.64757414  .00001346 +00000-0 +00000-0 0  9996
2 02822 064.8419 123.3414 7266069 264.6946 016.6850 02.02336170021518
1 02822U 67052  A 70119.06054732  .00001244 +00000-0 +00000-0 0  9990
2 02822 064.8516 122.3356 7269488 264.5805 016.6980 02.02355430021661
1 02822U 67052  A 70120.54314298  .00000847 +00000-0 +00000-0 0  9999
2 02822 064.8555 122.1436 7270379 264.5355 016.7071 02.02352640021697
1 02822U 67052  A 70123.50831416  .00000453 +00000-0 +00000-0 0  9997
2 02822 064.8362 121.7453 7270650 264.4762 016.7268 02.02352701021753
1 02822U 67052  A 70127.46189494 -.00000146 +00000-0 +00000-0 0  9998
2 02822 064.8289 121.2160 7271380 264.4152 016.7433 02.02348744021830
1 02822U 67052  A 70131.41561063 -.00000452 +00000-0 +00000-0 0  9994
2 02822 064.8296 120.6882 7272089 264.3533 016.7605 02.02341983021919
1 02822U 67052  A 70134.38117940 -.00001437 +00000-0 +00000-0 0  9998
2 02822 064.8345 120.2863 7273110 264.3093 016.7681 02.02323898021971
1 02822U 67052  A 70137.34685828 -.00001705 +00000-0 +00000-0 0  9990
2 02822 064.8335 119.8881 7273440 264.2546 016.7859 02.02311631022039
1 02822U 67052  A 70138.33541958 -.00001649 +00000-0 +00000-0 0  9992
2 02822 064.8251 119.7592 7273650 264.2368 016.7907 02.02309372022054
1 02822U 67052  A 70144.76124432 -.00001185 +00000-0 +00000-0 0  9995
2 02822 064.8227 118.8934 7280149 264.1461 016.7679 02.02297292022188
1 02822U 67052  A 70151.68194761 -.00000112 +00000-0 +00000-0 0  9995
2 02822 064.8174 117.9512 7281390 263.9674 016.8247 02.02292586022322
1 02822U 67052  A 70153.65926149  .00000047 +00000-0 +00000-0 0  9993
2 02822 064.8175 117.6838 7281650 263.9381 016.8335 02.02294331022367
1 02822U 67052  A 70158.60243658  .00000375 +00000-0 +00000-0 0  9994
2 02822 064.8274 117.0263 7284003 263.8935 016.8297 02.02300126022460
1 02822U 67052  A 70171.45322485  .00001631 +00000-0 +00000-0 0  9994
2 02822 064.8163 115.3132 7293200 263.7142 016.8165 02.02341754022726
1 02822U 67052  A 70175.40708461  .00000826 +00000-0 +00000-0 0  9990
2 02822 064.8419 114.7766 7290630 263.6271 016.8724 02.02343281022809
1 02822U 67052  A 70175.90127503  .00000932 +00000-0 +00000-0 0  9995
2 02822 064.8512 114.7088 7290230 263.5984 016.8868 02.02345805022810
1 02822U 67052  A 70181.33717018  .00001064 +00000-0 +00000-0 0  9992
2 02822 064.8523 113.9766 7298390 263.4932 016.8546 02.02358331022926
1 02822U 67052  A 70182.32554821  .00000360 +00000-0 +00000-0 0  9991
2 02822 064.8406 113.8526 7299860 263.4504 016.8579 02.02353555022948
1 02822U 67052  A 70186.27922233 -.00000289 +00000-0 +00000-0 0  9996
2 02822 064.8557 113.3197 7299210 263.3573 016.8992 02.02346275023028
1 02822U 67052  A 70188.25615856 -.00000902 +00000-0 +00000-0 0  9998
2 02822 064.8658 113.0514 7298510 263.3157 016.9213 02.02337969023061
1 02822U 67052  A 70189.24464485 -.00001212 +00000-0 +00000-0 0  9993
2 02822 064.8692 112.9184 7299310 263.3076 016.9173 02.02332508023080
1 02822U 67052  A 70210.49961737  .00000188 +00000-0 +00000-0 0  9997
2 02822 064.8931 109.9722 7308629 262.8134 017.0240 02.02292683023517
1 02822U 67052  A 70213.46574494 -.00000296 +00000-0 +00000-0 0  9998
2 02822 064.8855 109.5790 7307709 262.7426 017.0596 02.02287416023572
1 02822U 67052  A 70220.38581993  .00000907 +00000-0 +00000-0 0  9997
2 02822 064.8119 108.6755 7329820 262.8136 016.8343 02.02302564023718
1 02822U 67052  A 70222.36293927  .00001414 +00000-0 +00000-0 0  9998
2 02822 064.8456 108.3723 7331200 262.7802 016.8348 02.02311997023757
1 02822U 67052  A 70225.32855491  .00001550 +00000-0 +00000-0 0  9998
2 02822 064.8509 107.9544 7332399 262.7477 016.8365 02.02322340023810
1 02822U 67052  A 70227.30572277  .00001292 +00000-0 +00000-0 0  9999
2 02822 064.8532 107.6769 7328499 262.6439 016.9113 02.02325012023850
1 02822U 67052  A 70236.20149740  .00001761 +00000-0 +00000-0 0  9994
2 02822 064.8645 106.4209 7337689 262.5286 016.8732 02.02355731024039
1 02822U 67052  A 70239.16664531  .00000705 +00000-0 +00000-0 0  9999
2 02822 064.8582 105.9922 7340118 262.4207 016.8929 02.02353149024093
1 02822U 67052  A 70243.12026402 -.00000291 +00000-0 +00000-0 0  9990
2 02822 064.8844 105.4338 7342079 262.3533 016.9012 02.02345545024173
1 02822U 67052  A 70249.54510042 -.00000569 +00000-0 +00000-0 0  9998
2 02822 064.8428 104.5166 7343799 262.2548 016.9239 02.02336976024309
1 02822U 67052  A 70252.01630016 -.00000790 +00000-0 +00000-0 0  9994
2 02822 064.8405 104.1599 7345419 262.2303 016.9187 02.02330522024358
1 02822U 67052  A 70252.51057939 -.00001013 +00000-0 +00000-0 0  9995
2 02822 064.8441 104.0844 7346048 262.2236 016.9154 02.02326702024364
1 02822U 67052  A 70258.44202933 -.00001564 +00000-0 +00000-0 0  9990
2 02822 064.8617 103.2265 7347299 262.1337 016.9390 02.02304097024485
1 02822U 67052  A 70263.38531407 -.00001045 +00000-0 +00000-0 0  9994
2 02822 064.8260 102.5052 7354019 261.9580 016.9464 02.02293926024581
1 02822U 67052  A 70294.52541275  .00001665 +00000-0 +00000-0 0  9995
2 02822 064.8513 097.9810 7365090 261.5689 016.9971 02.02356611025213
1 02822U 67052  A 70298.47895805  .00000507 +00000-0 +00000-0 0  9998
2 02822 064.8624 097.3914 7368549 261.5461 016.9746 02.02352490025294
1 02822U 67052  A 70301.93827147  .00000302 +00000-0 +00000-0 0  9991
2 02822 064.8533 096.8730 7370468 261.4779 016.9837 02.02353311025369
1 02822U 67052  A 70305.89189181 -.00000441 +00000-0 +00000-0 0  9994
2 02822 064.8513 096.3077 7370779 261.4085 017.0079 02.02346325025447
1 02822U 67052  A 70306.88032606 -.00000538 +00000-0 +00000-0 0  9990
2 02822 064.8538 096.1662 7370609 261.3934 017.0154 02.02344203025465
1 02822U 67052  A 70310.33998883 -.00001270 +00000-0 +00000-0 0  9997
2 02822 064.8542 095.6778 7371239 261.3369 017.0318 02.02330375025539
1 02822U 67052  A 70312.31702933 -.00001414 +00000-0 +00000-0 0  9996
2 02822 064.8602 095.3997 7371299 261.3028 017.0446 02.02323246025579
1 02822U 67052  A 70341.48140446  .00000923 +00000-0 +00000-0 0  9994
2 02822 064.8461 091.1902 7386719 260.8168 017.0941 02.02314758026168
1 02822U 67052  A 70343.45843336  .00001797 +00000-0 +00000-0 0  9991
2 02822 064.8485 090.8897 7391049 260.7557 017.0784 02.02327561026202
1 02822U 67052  A 70349.88343194  .00001371 +00000-0 +00000-0 0  9999
2 02822 064.8314 089.9627 7393180 260.6379 017.1053 02.02344799026338
1 02822U 67052  A 70361.74368834 -.00000243 +00000-0 +00000-0 0  9994
2 02822 064.8791 088.2948 7403200 260.3975 017.1079 02.02355719026577
1 02822U 67052  A 71003.16842204 -.00001210 +00000-0 +00000-0 0  9997
2 02822 064.8710 087.3595 7407770 260.2711 017.1157 02.02335295026708
1 02822U 67052  A 71007.61643926 -.00002517 +00000-0 +00000-0 0  9992
2 02822 064.8527 086.6540 7414307 260.2139 017.0777 02.02322132026796
1 02822U 67052  A 71008.60497874 -.00000874 +00000-0 +00000-0 0  9995
2 02822 064.8604 086.5330 7412439 260.2041 017.0989 02.02327256026814
1 02822U 67052  A 71018.98509821  .00000918 +00000-0 +00000-0 0  9991
2 02822 064.8349 084.9638 7432220 260.0255 016.9859 02.02309490027026
1 02822U 67052  A 71023.43388766  .00000125 +00000-0 +00000-0 0  9990
2 02822 064.8287 084.2813 7427680 259.9796 017.0463 02.02305428027116
1 02822U 67052  A 71024.42251228 -.00000145 +00000-0 +00000-0 0  9995
2 02822 064.8111 084.1262 7430936 259.9625 017.0229 02.02303226027134
1 02822U 67052  A 71026.39974308 -.00000002 +00000-0 +00000-0 0  9996
2 02822 064.8141 083.8331 7430790 259.9431 017.0318 02.02304546027172
1 02822U 67052  A 71027.38835615  .00000009 +00000-0 +00000-0 0  9999
2 02822 064.8160 083.6838 7430669 259.9335 017.0368 02.02304743027197
1 02822U 67052  A 71029.36552976  .00000688 +00000-0 +00000-0 0  9998
2 02822 064.8197 083.3780 7430160 259.9224 017.0459 02.02310404027230
1 02822U 67052  A 71030.35410244  .00000900 +00000-0 +00000-0 0  9997
2 02822 064.8202 083.2294 7429780 259.9198 017.0505 02.02313404027259
1 02822U 67052  A 71032.33118733  .00001209 +00000-0 +00000-0 0  9998
2 02822 064.8232 082.9355 7429310 259.9028 017.0617 02.02320539027292
1 02822U 67052  A 71033.31969272  .00001380 +00000-0 +00000-0 0  9999
2 02822 064.8279 082.7893 7429250 259.8933 017.0660 02.02325057027316
1 02822U 67052  A 71034.30817640  .00001516 +00000-0 +00000-0 0  9991
2 02822 064.8196 082.6354 7428180 259.9032 017.0720 02.02329671027332
1 02822U 67052  A 71035.29664055  .00001639 +00000-0 +00000-0 0  9996
2 02822 064.8251 082.4865 7428580 259.8994 017.0699 02.02334264027350
1 02822U 67052  A 71037.27349273  .00002017 +00000-0 +00000-0 0  9999
2 02822 064.8062 082.1680 7434593 259.8296 017.0415 02.02344928027396
1 02822U 67052  A 71039.74449671  .00001952 +00000-0 +00000-0 0  9993
2 02822 064.8018 081.7877 7437993 259.7652 017.0355 02.02353695027442
1 02822U 67052  A 71041.22705528  .00001870 +00000-0 +00000-0 0  9994
2 02822 064.7994 081.5528 7442570 259.6985 017.0192 02.02358181027477
1 02822U 67052  A 71043.20372385  .00001763 +00000-0 +00000-0 0  9996
2 02822 064.8153 081.2486 7443089 259.6792 017.0220 02.02364771027516
1 02822U 67052  A 71044.68616440  .00001993 +00000-0 +00000-0 0  9997
2 02822 064.8276 081.0259 7442958 259.6722 017.0261 02.02372549027545
1 02822U 67052  A 71046.66275788  .00001737 +00000-0 +00000-0 0  9999
2 02822 064.8527 080.7292 7443359 259.6986 017.0118 02.02376820027586
1 02822U 67052  A 71049.13334143  .00001770 +00000-0 +00000-0 0  9992
2 02822 064.8494 080.3447 7443967 259.6654 017.0194 02.02386074027636
1 02822U 67052  A 71051.60394868  .00000350 +00000-0 +00000-0 0  9990
2 02822 064.8234 079.9502 7444950 259.6328 017.0229 02.02381974027683
1 02822U 67052  A 71053.58044017  .00000336 +00000-0 +00000-0 0  9991
2 02822 064.8228 079.6592 7445501 259.5968 017.0322 02.02382282027726
1 02822U 67052  A 71055.55689821  .00000196 +00000-0 +00000-0 0  9992
2 02822 064.8186 079.3496 7446470 259.5804 017.0297 02.02382324027766
1 02822U 67052  A 71057.03928088 -.00000149 +00000-0 +00000-0 0  9997
2 02822 064.8064 079.1128 7448560 259.5425 017.0253 02.02378592027799
1 02822U 67052  A 71061.98051117 -.00000054 +00000-0 +00000-0 0  9991
2 02822 064.7904 078.3372 7450579 259.4894 017.0273 02.02378368027899
1 02822U 67052  A 71063.95708137 -.00000456 +00000-0 +00000-0 0  9997
2 02822 064.7920 078.0323 7451180 259.4591 017.0338 02.02373275027932
1 02822U 67052  A 71066.42797148 -.00001664 +00000-0 +00000-0 0  9994
2 02822 064.7997 077.6410 7451420 259.4197 017.0474 02.02356864027988
1 02822U 67052  A 71070.38158202 -.00001834 +00000-0 +00000-0 0  9995
2 02822 064.7985 077.0407 7451780 259.3506 017.0717 02.02341313028060
1 02822U 67052  A 71073.34679857 -.00001395 +00000-0 +00000-0 0  9990
2 02822 064.7833 076.5966 7452360 259.2992 017.0867 02.02338217028121
1 02822U 67052  A 71075.32345336 -.00001088 +00000-0 +00000-0 0  9991
2 02822 064.7913 076.2697 7460221 259.3664 016.9861 02.02337540028164
1 02822U 67052  A 71079.27697591  .00000347 +00000-0 +00000-0 0  9998
2 02822 064.7799 075.5937 7456270 259.2720 017.0609 02.02350314028241
1 02822U 67052  A 71082.24218702  .00000224 +00000-0 +00000-0 0  9996
2 02822 064.7580 075.1351 7456046 259.2428 017.0748 02.02349622028302
1 02822U 67052  A 71084.21892997  .00000490 +00000-0 +00000-0 0  9994
2 02822 064.7724 074.8433 7459347 259.1776 017.0698 02.02353771028349
1 02822U 67052  A 71088.17233142  .00000692 +00000-0 +00000-0 0  9998
2 02822 064.7603 074.2227 7458440 259.1258 017.0990 02.02360916028421
1 02822U 67052  A 71089.16061413  .00001517 +00000-0 +00000-0 0  9995
2 02822 064.7645 074.0682 7458111 259.1353 017.0984 02.02371023028447
1 02822U 67052  A 71091.63130501  .00001361 +00000-0 +00000-0 0  9992
2 02822 064.7785 073.6861 7458769 259.0919 017.1095 02.02376711028490
1 02822U 67052  A 71096.57236482  .00001589 +00000-0 +00000-0 0  9997
2 02822 064.7690 072.9402 7459225 258.9797 017.1505 02.02394353028597
1 02822U 67052  A 71100.52470781  .00002796 +00000-0 +00000-0 0  9991
2 02822 064.7660 072.3148 7459826 258.9273 017.1660 02.02423095028678
1 02822U 67052  A 71102.50062838  .00002725 +00000-0 +00000-0 0  9993
2 02822 064.7677 072.0067 7464550 258.9630 017.1068 02.02432928028712
1 02822U 67052  A 71106.45258471  .00001667 +00000-0 +00000-0 0  9995
2 02822 064.7657 071.4130 7463486 258.8926 017.1453 02.02441455028799
1 02822U 67052  A 71107.93449957  .00001458 +00000-0 +00000-0 0  9998
2 02822 064.7702 071.1900 7465352 258.8497 017.1450 02.02443443028829
1 02822U 67052  A 71109.41640505  .00001271 +00000-0 +00000-0 0  9998
2 02822 064.7785 070.9590 7466063 258.8173 017.1512 02.02445532028856
1 02822U 67052  A 71110.89831718  .00000967 +00000-0 +00000-0 0  9991
2 02822 064.7880 070.7244 7466670 258.7937 017.1552 02.02445601028881
1 02822U 67052  A 71114.35604496  .00000804 +00000-0 +00000-0 0  9997
2 02822 064.7723 070.1943 7466775 258.7302 017.1797 02.02449992028955
1 02822U 67052  A 71116.33188554  .00000542 +00000-0 +00000-0 0  9998
2 02822 064.8434 069.9036 7467099 258.6909 017.1927 02.02449932028999
1 02822U 67052  A 71118.30777881 -.00000038 +00000-0 +00000-0 0  9995
2 02822 064.8433 069.5954 7467661 258.6607 017.1996 02.02444735029031
1 02822U 67052  A 71120.28379486 -.00001224 +00000-0 +00000-0 0  9992
2 02822 064.7655 069.2827 7467419 258.6248 017.2163 02.02431894029077
1 02822U 67052  A 71133.12831943 -.00000699 +00000-0 +00000-0 0  9995
2 02822 064.8042 067.2809 7474278 258.4124 017.2372 02.02411886029338
1 02822U 67052  A 71142.02030064  .00005645 +00000-0 +00000-0 0  9994
2 02822 064.7473 065.9332 7480459 258.2326 017.2548 02.02454699029515
1 02822U 67052  A 71151.40464933  .00002643 +00000-0 +00000-0 0  9997
2 02822 064.7928 064.4499 7487299 258.1125 017.2352 02.02486995029701
1 02822U 67052  A 71152.88606795  .00003119 +00000-0 +00000-0 0  9993
2 02822 064.7737 064.2406 7491319 258.1290 017.1900 02.02499577029737
1 02822U 67052  A 71156.34260918  .00004009 +00000-0 +00000-0 0  9990
2 02822 064.7814 063.6972 7490002 258.0578 017.2318 02.02531057029802
1 02822U 67052  A 71158.31751694  .00003555 +00000-0 +00000-0 0  9990
2 02822 064.7634 063.4130 7493992 258.0499 017.1967 02.02541646029847
1 02822U 67052  A 71160.29235896  .00003260 +00000-0 +00000-0 0  9994
2 02822 064.7588 063.1191 7496879 258.0314 017.1766 02.02551440029886
1 02822U 67052  A 71162.26715781  .00002936 +00000-0 +00000-0 0  9998
2 02822 064.7695 062.8067 7497777 257.9914 017.1844 02.02559944029924
1 02822U 67052  A 71164.24182138  .00002723 +00000-0 +00000-0 0  9996
2 02822 064.7885 062.4855 7500029 257.9759 017.1691 02.02569095029960
1 02822U 67052  A 71166.21645954  .00002775 +00000-0 +00000-0 0  9992
2 02822 064.8077 062.1730 7498492 257.8934 017.2175 02.02580428030005
1 02822U 67052  A 71211.55311053  .00025579 +00000-0 +00000-0 0  9997
2 02822 064.7559 054.7595 7515319 257.3035 017.2977 02.03738949030925
1 02822U 67052  A 71214.00628528  .00027850 +00000-0 +00000-0 0  9992
2 02822 064.7827 054.3502 7515879 257.2766 017.3035 02.03884185030973
1 02822U 67052  A 71232.08376731  .00069749 +00000-0 +00000-0 0  9999
2 02822 064.7537 051.2082 7508809 257.1690 017.4171 02.05675459031348
1 02822U 67052  A 71234.99817618  .00069867 +00000-0 +00000-0 0  9996
2 02822 064.7295 050.7790 7505417 257.1021 017.4783 02.06083059031405
1 02822U 67052  A 71236.45337480  .00067704 +00000-0 +00000-0 0  9991
2 02822 064.7615 050.5264 7501262 257.0316 017.5483 02.06270409031433
1 02822U 67052  A 71237.90720522  .00066334 +00000-0 +00000-0 0  9993
2 02822 064.7677 050.2937 7501032 257.0110 017.5592 02.06454277031463
1 02822U 67052  A 71240.32751431  .00062635 +00000-0 +00000-0 0  9996
2 02822 064.7907 049.9034 7497629 256.9611 017.6134 02.06745601031515
1 02822U 67052  A 71244.67421892  .00065227 +00000-0 +00000-0 0  9993
2 02822 064.7709 049.1887 7493259 256.8829 017.6895 02.07333064031609
1 02822U 67052  A 71248.04402098  .00084519 +00000-0 +00000-0 0  9990
2 02822 064.6834 048.5702 7487729 256.9569 017.7123 02.08015060031679
1 02822U 67052  A 71249.96541650  .00084463 +00000-0 +00000-0 0  9998
2 02822 064.7075 048.2486 7486409 256.8803 017.7578 02.08343506031715
1 02822U 67052  A 71253.32134104  .00079808 +00000-0 +00000-0 0  9992
2 02822 064.7433 047.6481 7487299 256.9393 017.7277 02.08854747031781
1 02822U 67052  A 71253.32152652  .00076301 +00000-0 +00000-0 0  9995
2 02822 064.6916 047.7023 7483139 256.8350 017.8092 02.08837748031788
1 02822U 67052  A 71257.62149626  .00109159 +00000-0 +00000-0 0  9997
2 02822 064.6831 046.9054 7475269 256.8702 017.8717 02.09780240031874
1 02822U 67052  A 71261.90170944  .00111908 +00000-0 +00000-0 0  9995
2 02822 064.7797 046.1428 7467829 256.7223 018.0086 02.10754299031962
1 02822U 67052  A 71262.85011999  .00115045 +00000-0 +00000-0 0  9990
2 02822 064.6497 046.0495 7468719 256.6494 018.0311 02.10989833031986
1 02822U 67052  A 71264.27060256  .00117978 +00000-0 +00000-0 0  9995
2 02822 064.7047 045.8024 7468149 256.6849 018.0215 02.11347365032011
1 02822U 67052  A 71265.21646294  .00114059 +00000-0 +00000-0 0  9999
2 02822 064.7125 045.6539 7462999 256.5819 018.1169 02.11562586032035
1 02822U 67052  A 71266.63352981  .00113207 +00000-0 +00000-0 0  9997
2 02822 064.6935 045.3997 7460889 256.5774 018.1398 02.11877346032064
1 02822U 67052  A 71269.46045274  .00126810 +00000-0 +00000-0 0  9999
2 02822 064.6569 044.9136 7462389 256.4337 018.1875 02.12612605032121
1 02822U 67052  A 71273.20938953  .00180161 +00000-0 +00000-0 0  9990
2 02822 064.7907 044.2593 7439619 256.5960 018.3430 02.14067245032205
1 02822U 67052  A 71287.48105486  .00285506 +00000-0 +00000-0 0  9991
2 02822 064.7067 041.7014 7394539 256.3292 018.9123 02.20927525032511
1 02822U 67052  A 71288.83691913  .00277330 +00000-0 +00000-0 0  9992
2 02822 064.6892 041.4565 7389839 256.2137 019.0118 02.21650958032541
1 02822U 67052  A 71291.08699681  .00270611 +00000-0 +00000-0 0  9998
2 02822 064.6694 041.0265 7377689 256.1366 019.1729 02.22841001032593
1 02822U 67052  A 71292.43231686  .00254138 +00000-0 +00000-0 0  9991
2 02822 064.7068 040.8129 7368609 256.1396 019.2597 02.23441958032626
1 02822U 67052  A 71293.77391175  .00221455 +00000-0 +00000-0 0  9995
2 02822 064.6364 040.5756 7372749 256.0660 019.2515 02.23928356032655
1 02822U 67052  A 71297.32128725  .00497600 +00000-0 +00000-0 0  9996
2 02822 064.7046 039.9530 7352140 256.1303 019.4349 02.27297020032730
1 02822U 67052  A 71299.50952889  .00522284 +00000-0 +00000-0 0  9991
2 02822 064.6981 039.5265 7334510 256.0327 019.6556 02.29645228032780
1 02822U 67052  A 71305.37989703  .01099882 +00000-0 +00000-0 0  9993
2 02822 064.7042 038.4460 7223910 255.9923 020.8122 02.44696355032928
1 02822U 67052  A 71308.20382291  .01125622 +00000-0 +00000-0 0  9999
2 02822 064.6504 037.8254 7162080 255.4328 021.7331 02.51163340032998
1 02822U 67052  A 71308.20386330  .01098580 +00000-0 +00000-0 0  9999
2 02822 064.6707 037.8148 7167580 255.7418 021.5161 02.51074243032990
