1 40943U 15054D   19273.77988297 +.00694522 +48767-6 +59996-2 0  9990
2 40943 006.3431 229.3105 5755320 349.7185 002.2027 04.53569864049416
1 40943U 15054D   19274.22042001  .00693284  41792-6  59896-2 0  9999
2 40943   6.3427 228.8609 5751504 350.6073   2.0113  4.54175341 49419
1 40943U 15054D   19274.44047545  .00661802  37899-6  56730-2 0  9999
2 40943   6.3419 228.6363 5749858 351.0513   1.9154  4.54457024 49423
1 40943U 15054D   19275.09981064  .00683330  25240-6  57619-2 0  9998
2 40943   6.3408 227.9619 5744608 352.3842   1.6274  4.55333591 49450
1 40943U 15054D   19275.09981389  .00622616  25242-6  53041-2 0  9995
2 40943   6.3413 227.9611 5744679 352.3841   1.6273  4.55295819 49454
1 40943U 15054D   19275.97697627  .00616787  78847-7  51863-2 0  9993
2 40943   6.3400 227.0600 5737757 354.1634   1.2408  4.56430038 49493
1 40943U 15054D   19276.41476823  .00625496 -22293-8  51740-2 0  9993
2 40943   6.3393 226.6087 5734471 355.0542   1.0462  4.56995208 49512
1 40943U 15054D   19277.07050464  .00603024 -10895-6  49983-2 0  9997
2 40943   6.3385 225.9320 5729600 356.3913   0.7524  4.57765292 49546
1 40943U 15054D   19277.28882743  .00655540 -13962-6  53782-2 0  9993
2 40943   6.3380 225.7062 5727923 356.8375   0.6541  4.58058928 49556
1 40943U 15054D   19277.50701226  .00632078 -16759-6  51672-2 0  9998
2 40943   6.3376 225.4807 5726182 357.2837   0.5555  4.58345508 49567
1 40943U 15054D   19277.72506578 +.00588031 -19269-6 +47798-2 0  9997
2 40943 006.3373 225.2551 5724683 357.7262 000.4574 04.58599045049599
1 40943U 15054D   19277.94300082  .00637836 -21464-6  51854-2 0  9999
2 40943   6.3370 225.0293 5723024 358.1725   0.3583  4.58863126 49586
1 40943U 15054D   19278.37848051  .00620874 -24958-6  49707-2 0  9999
2 40943   6.3371 224.5781 5719857 359.0658   0.1594  4.59407663 49601
1 40943U 15054D   19278.59603028  .00640733 -26237-6  50851-2 0  9996
2 40943   6.3369 224.3529 5718288 359.5098   0.0602  4.59680454 49617
1 40943U 15054D   19278.81344789 +.00639499 -27206-6 +50761-2 0  9991
2 40943 006.3364 224.1265 5716569 359.9564 359.9602 04.59954316049649
1 40943U 15054D   19279.03073808  .00695772 -27863-6  55229-2 0  9996
2 40943   6.3359 223.9004 5714762   0.4044 359.8597  4.60242685 49637
1 40943U 15054D   19279.24788499  .00657939 -28238-6  51565-2 0  9997
2 40943   6.3357 223.6742 5713139   0.8530 359.7588  4.60534542 49648
1 40943U 15054D   19279.68178463  .00606373 -28103-6  47493-2 0  9991
2 40943   6.3351 223.2221 5709798   1.7447 359.5578  4.61069672 49660
1 40943U 15054D   19280.11517916  .00653784 -26861-6  51175-2 0  9990
2 40943   6.3349 222.7695 5706309   2.6388 359.3554  4.61628707 49689
1 40943U 15054D   19280.33166668  .00640431 -25870-6  49398-2 0  9996
2 40943   6.3341 222.5430 5704706   3.0873 359.2537  4.61922792 49691
1 40943U 15054D   19280.76425928 +.00672484 -23163-6 +51859-2 0  9991
2 40943 006.3334 222.0905 5701211 003.9791 359.0508 04.62482160049733
1 40943U 15054D   19281.19629410  .00746786 -19621-6  57235-2 0  9996
2 40943   6.3329 221.6366 5697318   4.8769 358.8457  4.63120766 49732
1 40943U 15054D   19281.19629507  .00715997 -19631-6  54048-2 0  9993
2 40943   6.3324 221.6370 5697616   4.8777 358.8456  4.63112169 49739
1 40943U 15054D   19281.62776121  .00644614 -15364-6  48807-2 0  9998
2 40943   6.3319 221.1836 5694040   5.7695 358.6414  4.63676680 49759
1 40943U 15054D   19282.05871751  .00653259 -10484-6  48751-2 0  9992
2 40943   6.3313 220.7282 5690798   6.6690 358.4350  4.64232992 49778
1 40943U 15054D   19282.27399587  .00707443 -78455-7  52921-2 0  9990
2 40943   6.3309 220.5010 5688869   7.1175 358.3317  4.64535798 49783
1 40943U 15054D   19282.70414522  .00677668 -22753-7  50317-2 0  9997
2 40943   6.3304 220.0470 5685425   8.0120 358.1254  4.65106792 49808
1 40943U 15054D   19282.91902024  .00708592  63093-8  52242-2 0  9991
2 40943   6.3301 219.8185 5683650   8.4635 358.0210  4.65409460 49817
1 40943U 15054D   19283.13375192  .00725809  35940-7  53072-2 0  9997
2 40943   6.3297 219.5919 5681828   8.9126 357.9170  4.65722711 49829
1 40943U 15054D   19283.56278765  .00747098  96532-7  54644-2 0  9996
2 40943   6.3293 219.1371 5678019   9.8077 357.7092  4.66332819 49846
1 40943U 15054D   19283.77709191 +.00772019 +12698-6 +56081-2 0  9999
2 40943 006.3287 218.9079 5676097 010.2607 357.6037 04.66658745049870
1 40943U 15054D   19283.99124518  .00777574  15737-6  56083-2 0  9997
2 40943   6.3287 218.6807 5674139  10.7109 357.4987  4.66991235 49868
1 40943U 15054D   19284.41909766  .00723858  21739-6  52015-2 0  9997
2 40943   6.3282 218.2245 5670243  11.6105 357.2884  4.67626217 49885
1 40943U 15054D   19284.63281270  .00694105  24673-6  50050-2 0  9993
2 40943   6.3281 217.9962 5668348  12.0596 357.1832  4.67921640 49899
1 40943U 15054D   19284.84639186  .00775230  27540-6  55510-2 0  9990
2 40943   6.3275 217.7680 5666473  12.5089 357.0778  4.68240668 49901
1 40943U 15054D   19285.27309943  .00771088  32947-6  54223-2 0  9997
2 40943   6.3266 217.3111 5662676  13.4123 356.8652  4.68897189 49922
1 40943U 15054D   19285.48623191  .00744357  35476-6  52153-2 0  9993
2 40943   6.3267 217.0839 5660779  13.8604 356.7595  4.69211459 49934
1 40943U 15054D   19285.91206917 +.00739733 +40085-6 +51724-2 0  9991
2 40943 006.3262 216.6261 5656908 014.7616 356.5461 04.69839049049970
1 40943U 15054D   19286.12476080  .00756323  42112-6  52288-2 0  9998
2 40943   6.3257 216.3957 5654974  15.2166 356.4380  4.70179136 49964
1 40943U 15054D   19286.33730825  .00750146  43941-6  51295-2 0  9996
2 40943   6.3248 216.1658 5653128  15.6713 356.3299  4.70504204 49979
1 40943U 15054D   19286.54970996  .00769940  45565-6  52551-2 0  9996
2 40943   6.3246 215.9367 5651126  16.1228 356.2221  4.70831076 49989
1 40943U 15054D   19286.76196471 +.00767764 +46952-6 +52117-2 0  9999
2 40943 006.3251 215.7090 5649194 016.5728 356.1144 04.71156009050013
1 40943U 15054D   19287.18602324  .00807200  48960-6  54705-2 0  9991
2 40943   6.3249 215.2510 5645015  17.4763 355.8970  4.71832969 50018
1 40943U 15054D   19287.39782938  .00758612  49547-6  50938-2 0  9992
2 40943   6.3241 215.0209 5643216  17.9299 355.7879  4.72146491 50020
1 40943U 15054D   19287.60949507  .00775481  49856-6  52061-2 0  9998
2 40943   6.3239 214.7916 5641247  18.3812 355.6787  4.72464149 50037
1 40943U 15054D   19288.03238281  .00825340  49537-6  54211-2 0  9991
2 40943   6.3239 214.3330 5637383  19.2872 355.4587  4.73142575 50050
1 40943U 15054D   19289.08689781  .00810821  43116-6  52560-2 0  9992
2 40943   6.3222 213.1831 5626945  21.5473 354.9020  4.74859856 50100
1 40943U 15054D   19289.29734450  .00845424  40863-6  53981-2 0  9990
2 40943   6.3215 212.9517 5625003  22.0042 354.7885  4.75211810 50113
1 40943U 15054D   19289.50763358  .00846293  38306-6  54360-2 0  9999
2 40943   6.3213 212.7210 5622726  22.4578 354.6747  4.75564255 50127
1 40943U 15054D   19289.92775766  .00800451  32313-6  51117-2 0  9996
2 40943   6.3213 212.2617 5618646  23.3625 354.4472  4.76238111 50147
1 40943U 15054D   19289.92775766 +.00800451 +32313-6 +51117-2 0  9996
2 40943 006.3213 212.2617 5618646 023.3625 354.4472 04.76238111050169
1 40943U 15054D   19290.55677551  .00882729  21414-6  54979-2 0  9997
2 40943   6.3200 211.5673 5612264  24.7302 354.0991  4.77333261 50172
1 40943U 15054D   19290.97531689  .00841298  13158-6  52585-2 0  9997
2 40943   6.3197 211.1064 5607776  25.6363 353.8652  4.78050077 50191
1 40943U 15054D   19291.18434149  .00892039  88263-7  55411-2 0  9994
2 40943   6.3193 210.8751 5605473  26.0941 353.7461  4.78438545 50204
1 40943U 15054D   19291.81048860  .00867362 -45916-7  52225-2 0  9995
2 40943   6.3185 210.1809 5599406  27.4610 353.3888  4.79499963 50232
1 40943U 15054D   19291.81048860 +.00867362 -45917-7 +52225-2 0  9996
2 40943 006.3185 210.1809 5599406 027.4610 353.3888 04.79499963050254
1 40943U 15054D   19292.22711712  .00903470 -13510-6  52648-2 0  9998
2 40943   6.3186 209.7204 5595152  28.3723 353.1470  4.80271927 50252
1 40943U 15054D   19292.64309888  .00821908 -22038-6  47521-2 0  9995
2 40943   6.3179 209.2568 5590984  29.2825 352.9034  4.80967367 50278
1 40943U 15054D   19293.05846186  .00920449 -29843-6  55040-2 0  9994
2 40943   6.3179 208.7955 5585814  30.1917 352.6547  4.81720756 50299
1 40943U 15054D   19293.26589535  .00876586 -33416-6  52251-2 0  9993
2 40943   6.3179 208.5635 5583562  30.6465 352.5302  4.82094197 50307
1 40943U 15054D   19294.50718723  .00839195 -48095-6  49030-2 0  9999
2 40943   6.3165 207.1717 5570470  33.3871 351.7678  4.84271508 50361
1 40943U 15054D   19294.91972123 +.00879787 -49953-6 +51388-2 0  9994
2 40943 006.3165 206.7091 5566088 034.2974 351.5093 04.84984701050405
1 40943U 15054D   19294.91972164  .00881239 -49955-6  51120-2 0  9990
2 40943   6.3163 206.7074 5566208  34.3010 351.5087  4.84982758 50380
1 40943U 15054D   19295.33164669  .00844811 -50207-6  48274-2 0  9993
2 40943   6.3157 206.2439 5561933  35.2181 351.2462  4.85716627 50400
1 40943U 15054D   19295.53737447  .00870277 -49728-6  49534-2 0  9996
2 40943   6.3149 206.0083 5559772  35.6770 351.1138  4.86078402 50413
1 40943U 15054D   19295.74295148 +.00824589 -48868-6 +46775-2 0  9999
2 40943 006.3148 205.7759 5557724 036.1334 350.9819 04.86420400050440
1 40943U 15054D   19295.94838328  .00901630 -47627-6  50715-2 0  9998
2 40943   6.3146 205.5437 5555603  36.5907 350.8489  4.86787401 50431
1 40943U 15054D   19296.97320406  .00885400 -36702-6  49130-2 0  9992
2 40943   6.3137 204.3777 5544607  38.8829 350.1717  4.88614220 50487
1 40943U 15054D   19296.97320406  .00885400 -36702-6  49130-2 0  9992
2 40943   6.3137 204.3777 5544607  38.8829 350.1717  4.88614220 50487
1 40943U 15054D   19297.38207979  .00854800 -30651-6  47040-2 0  9992
2 40943   6.3130 203.9094 5540468  39.8034 349.8964  4.89310603 50508
1 40943U 15054D   19297.99428214  .00982598 -20615-6  53317-2 0  9995
2 40943   6.3125 203.2091 5533806  41.1820 349.4779  4.90434084 50534
1 40943U 15054D   19299.01102370  .01079698 -38187-7  57428-2 0  9992
2 40943   6.3109 202.0363 5520292  43.4926 348.7539  4.92693679 50582
1 40943U 15054D   19299.61874100  .01183477  49525-7  62518-2 0  9999
2 40943   6.3110 201.3332 5511414  44.8803 348.3070  4.94164019 50610
1 40943U 15054D   19300.62765161  .01174515  15513-6  58379-2 0  9991
2 40943   6.3073 200.1469 5497554  47.1947 347.5489  4.96590290 50665
1 40943U 15054D   19301.02986327  .01210492  18068-6  60068-2 0  9996
2 40943   6.3094 199.6883 5491942  48.1073 347.2431  4.97515323 50687
1 40943U 15054D   19302.03200294  .01190602  20111-6  57712-2 0  9994
2 40943   6.3091 198.5136 5477732  50.4182 346.4518  4.99909101 50737
1 40943U 15054D   19302.43151953  .01253174  19348-6  60448-2 0  9999
2 40943   6.3098 198.0467 5471919  51.3434 346.1269  5.00877546 50759
1 40943U 15054D   19303.02934598  .01276370  16794-6  61069-2 0  9994
2 40943   6.3096 197.3394 5463216  52.7337 345.6306  5.02330652 50789
1 40943U 15054D   19304.02178467  .01296319  97397-7  60597-2 0  9999
2 40943   6.3092 196.1580 5448405  55.0582 344.7754  5.04831004 50832
1 40943U 15054D   19304.02178467  .01296319  97397-7  60597-2 0  9999
2 40943   6.3092 196.1580 5448405  55.0582 344.7754  5.04831004 50832
1 40943U 15054D   19304.61479844  .01279472  44928-7  59181-2 0  9997
2 40943   6.3095 195.4484 5439014  56.4562 344.2434  5.06407899 50865
1 40943U 15054D   19305.40256679  .01197751 -28920-7  53637-2 0  9998
2 40943   6.3094 194.5022 5426817  58.3144 343.5192  5.08506040 50904
1 40943U 15054D   19305.99141753  .01272066 -82784-7  55961-2 0  9991
2 40943   6.3099 193.7925 5418468  59.7052 342.9676  5.09932777 50932
1 40943U 15054D   19306.96910641  .01191623 -16365-6  51240-2 0  9995
2 40943   6.3093 192.6052 5404454  62.0423 342.0132  5.12312736 50988
1 40943U 15054D   19307.16408538  .01308367 -17796-6  56007-2 0  9995
2 40943   6.3094 192.3682 5401241  62.5099 341.8155  5.12857132 50997
1 40943U 15054D   19307.94225658  .01161327 -22737-6  49305-2 0  9998
2 40943   6.3091 191.4205 5390521  64.3799 341.0234  5.14657444 51032
1 40943U 15054D   19308.33027445  .01213136 -24725-6  50106-2 0  9992
2 40943   6.3080 190.9401 5385025  65.3291 340.6119  5.15618024 51054
1 40943U 15054D   19308.71760668  .01121014 -26363-6  46844-2 0  9992
2 40943   6.3080 190.4665 5379763  66.2636 340.2019  5.16482214 51074
1 40943U 15054D   19309.10430407  .01161920 -27651-6  48707-2 0  9992
2 40943   6.3076 189.9870 5374560  67.2028 339.7844  5.17343184 51090
1 40943U 15054D   19310.06778231  .01260780 -29423-6  50814-2 0  9994
2 40943   6.3076 188.7941 5360009  69.5532 338.7010  5.19830608 51148
1 40943U 15054D   19311.02685476  .01245478 -29103-6  46835-2 0  9999
2 40943   6.3077 187.6003 5346392  71.9039 337.5824  5.22199904 51190
1 40943U 15054D   19311.02685476  .01245478 -29103-6  46835-2 0  9999
2 40943   6.3077 187.6003 5346392  71.9039 337.5824  5.22199904 51190
1 40943U 15054D   19312.36228617  .01279392 -25412-6  45315-2 0  9990
2 40943   6.3075 185.9210 5327041  75.2105 335.9323  5.25525287 51264
1 40943U 15054D   19313.68904787  .01345953 -18589-6  45915-2 0  9995
2 40943   6.3073 184.2394 5306437  78.5248 334.1736  5.29040489 51334
1 40943U 15054D   19314.06650966  .01275629 -16185-6  42858-2 0  9990
2 40943   6.3080 183.7636 5301165  79.4605 333.6627  5.29948758 51356
1 40943U 15054D   19314.25498702  .01279527 -14939-6  43037-2 0  9995
2 40943   6.3077 183.5182 5298370  79.9394 333.3971  5.30418286 51369
1 40943U 15054D   19315.19477339  .01363020 -84822-7  44120-2 0  9997
2 40943   6.3079 182.3119 5283998  82.3137 332.0417  5.32893879 51415
1 40943U 15054D   19315.38220691  .01419958 -71834-7  45338-2 0  9998
2 40943   6.3081 182.0691 5281312  82.7915 331.7632  5.33365853 51429
1 40943U 15054D   19316.13010685  .01445628 -22705-7  46013-2 0  9999
2 40943   6.3084 181.1046 5268867  84.6889 330.6181  5.35472944 51460
1 40943U 15054D   19317.06031630  .01709974  25084-7  52044-2 0  9995
2 40943   6.3089 179.8948 5250849  87.0766 329.0948  5.38583589 51512
1 40943U 15054D   19317.43102030  .01558434  38679-7  45163-2 0  9990
2 40943   6.3090 179.4019 5245148  88.0408 328.4738  5.39617631 51538
1 40943U 15054D   19318.17015578  .01603826  51599-7  46253-2 0  9995
2 40943   6.3096 178.4390 5232177  89.9423 327.1988  5.41824800 51578
1 40943U 15054D   19318.53855761  .01569477  49761-7  45046-2 0  9991
2 40943   6.3097 177.9520 5225488  90.9038 326.5343  5.42967390 51592
1 40943U 15054D   19319.82192039  .01487673 -48494-8  40677-2 0  9992
2 40943   6.3101 176.2507 5203308  94.2520 324.1293  5.46808183 51669
1 40943U 15054D   19320.55121448  .01598209 -70390-7  42802-2 0  9999
2 40943   6.3112 175.2738 5190145  96.1804 322.6661  5.49080747 51692
1 40943U 15054D   19320.55121733  .01603328 -70423-7  42431-2 0  9990
2 40943   6.3112 175.2788 5190258  96.1726 322.6727  5.49078605 51698
1 40943U 15054D   19321.09616622  .01624407 -13368-6  42324-2 0  9992
2 40943   6.3114 174.5449 5180251  97.6188 321.5363  5.50808328 51729
1 40943U 15054D   19322.54095902  .01612592 -33765-6  40300-2 0  9992
2 40943   6.3124 172.5831 5153570 101.4838 318.3346  5.55429789 51802
1 40943U 15054D   19322.72070774  .01556921 -36417-6  38831-2 0  9998
2 40943   6.3125 172.3388 5150414 101.9646 317.9207  5.55973019 51816
1 40943U 15054D   19323.61679157  .01531082 -48955-6  37573-2 0  9990
2 40943   6.3137 171.1119 5134661 104.3819 315.7811  5.58696461 51861
1 40943U 15054D   19323.61679157 +.01531082 -48955-6 +37573-2 0  9990
2 40943 006.3137 171.1119 5134661 104.3819 315.7811 05.58696461051894
1 40943U 15054D   19324.33046257  .01590823 -57237-6  36922-2 0  9997
2 40943   6.3139 170.1243 5122284 106.3251 313.9886  5.60903977 51903
1 40943U 15054D   19325.04127615  .01645881 -63087-6  38526-2 0  9991
2 40943   6.3145 169.1465 5109147 108.2582 312.1271  5.63148799 51944
1 40943U 15054D   19325.04127615  .01645881 -63087-6  38526-2 0  9991
2 40943   6.3145 169.1465 5109147 108.2582 312.1271  5.63148799 51944
1 40943U 15054D   19325.57252110  .01548238 -65559-6  36125-2 0  9995
2 40943   6.3150 168.4066 5099744 109.7156 310.6817  5.64771363 51975
1 40943U 15054D   19326.63036589  .01590564 -65363-6  35532-2 0  9996
2 40943   6.3164 166.9257 5080936 112.6377 307.6553  5.68078261 52038
1 40943U 15054D   19326.98154203  .01704627 -63864-6  37518-2 0  9995
2 40943   6.3167 166.4354 5074089 113.6080 306.6028  5.69282476 52052
1 40943U 15054D   19327.50682649  .01819639 -60453-6  39661-2 0  9996
2 40943   6.3169 165.6942 5063190 115.0688 304.9715  5.71179711 52086
1 40943U 15054D   19328.20459618  .01852526 -54120-6  38999-2 0  9991
2 40943   6.3174 164.7075 5049470 117.0209 302.7270  5.73606108 52129
1 40943U 15054D   19329.41828968  .01724217 -40317-6  34516-2 0  9992
2 40943   6.3188 162.9676 5024760 120.4506 298.5557  5.77966657 52193
1 40943U 15054D   19329.76336931  .01780902 -36207-6  35082-2 0  9999
2 40943   6.3193 162.4705 5017958 121.4315 297.3121  5.79172719 52214
1 40943U 15054D   19329.76337113  .01748803 -36201-6  35096-2 0  9995
2 40943   6.3190 162.4751 5017797 121.4260 297.3172  5.79171020 52212
1 40943U 15054D   19330.27960296  .01804019 -30251-6  34763-2 0  9998
2 40943   6.3198 161.7255 5007453 122.9038 295.3966  5.81032720 52246
1 40943U 15054D   19330.62283387  .01755217 -26506-6  34197-2 0  9990
2 40943   6.3202 161.2282 5000422 123.8872 294.0864  5.82237314 52264
1 40943U 15054D   19330.79419649 +.01719723 -24713-6 +32779-2 0  9994
2 40943 006.3204 160.9807 4997392 124.3732 293.4345 05.82799683052300
1 40943U 15054D   19330.96537777  .01797231 -23021-6  33914-2 0  9999
2 40943   6.3206 160.7293 4994106 124.8706 292.7587  5.83387702 52288
1 40943U 15054D   19331.30721830  .01664471 -19836-6  31142-2 0  9992
2 40943   6.3210 160.2311 4987644 125.8545 291.4038  5.84526456 52302
1 40943U 15054D   19331.64839543  .01693537 -17023-6  32492-2 0  9990
2 40943   6.3216 159.7315 4980938 126.8419 290.0157  5.85653789 52325
1 40943U 15054D   19331.64840434  .01728443 -17025-6  31877-2 0  9994
2 40943   6.3213 159.7338 4981395 126.8389 290.0250  5.85638458 52321
1 40943U 15054D   19331.64840434  .01728443 -17025-6  31877-2 0  9994
2 40943   6.3213 159.7338 4981395 126.8389 290.0250  5.85638458 52321
1 40943U 15054D   19332.32869707  .01763868 -12646-6  31688-2 0  9998
2 40943   6.3220 158.7377 4968016 128.8087 287.1752  5.88014391 52368
1 40943U 15054D   19332.66779796  .01734835 -11079-6  30977-2 0  9994
2 40943   6.3223 158.2373 4961418 129.7959 285.7083  5.89176084 52381
1 40943U 15054D   19332.83709145  .01786666 -10468-6  31563-2 0  9996
2 40943   6.3225 157.9855 4958165 130.2934 284.9594  5.89761877 52398
1 40943U 15054D   19333.17513126  .01938059 -96104-7  33640-2 0  9991
2 40943   6.3229 157.4852 4950972 131.2844 283.4381  5.91047954 52410
1 40943U 15054D   19333.68082323  .01744295 -90199-7  30922-2 0  9992
2 40943   6.3233 156.7350 4940466 132.7670 281.1150  5.92850020 52449
1 40943U 15054D   19334.01714567  .01738911 -91176-7  30382-2 0  9996
2 40943   6.3236 156.2343 4934309 133.7553 279.5430  5.93951793 52463
1 40943U 15054D   19334.52027126  .01868658 -10075-6  32267-2 0  9994
2 40943   6.3241 155.4809 4923476 135.2480 277.0956  5.95869044 52494
1 40943U 15054D   19334.52027236  .01805703 -10069-6  30224-2 0  9992
2 40943   6.3240 155.4816 4923851 135.2444 277.1055  5.95855794 52496
1 40943U 15054D   19335.18866319  .01833459 -12486-6  29915-2 0  9997
2 40943   6.3250 154.4764 4910353 137.2320 273.7614  5.98266425 52534
1 40943U 15054D   19335.68814325  .01817152 -15080-6  29734-2 0  9996
2 40943   6.3257 153.7216 4899912 138.7271 271.1689  6.00094819 52560
1 40943U 15054D   19336.02028879  .01794554 -17121-6  28977-2 0  9992
2 40943   6.3258 153.2184 4893355 139.7199 269.4167  6.01269815 52589
1 40943U 15054D   19336.35175292  .01826709 -19404-6  29454-2 0  9995
2 40943   6.3261 152.7148 4886419 140.7161 267.6263  6.02491965 52605
1 40943U 15054D   19336.35175292  .01826709 -19404-6  29454-2 0  9995
2 40943   6.3261 152.7148 4886419 140.7161 267.6263  6.02491965 52605
1 40943U 15054D   19336.35175292  .01826709 -19404-6  29454-2 0  9995
2 40943   6.3261 152.7148 4886419 140.7161 267.6263  6.02491965 52605
1 40943U 15054D   19336.35175383  .01782537 -19395-6  28434-2 0  9992
2 40943   6.3260 152.7144 4886634 140.7170 267.6272  6.02472663 52603
1 40943U 15054D   19336.68257352 +.01712168 -21830-6 +27819-2 0  9991
2 40943 006.3263 152.2102 4880055 141.7128 265.8138 06.03598638052658
1 40943U 15054D   19337.67112092 +.01833566 -30161-6 +28311-2 0  9993
2 40943 006.3273 150.6949 4860397 144.7077 260.1931 06.07150381052712
1 40943U 15054D   19338.65377647 +.01800835 -39248-6 +27760-2 0  9996
2 40943 006.3284 149.1763 4840482 147.7135 254.3026 06.10668896052777
1 40943U 15054D   19338.98001205  .01863189 -42374-6  27532-2 0  9998
2 40943   6.3291 148.6685 4833733 148.7186 252.2771  6.11936369 52767
1 40943U 15054D   19339.95472658  .01846343 -51423-6  26769-2 0  9999
2 40943   6.3309 147.1458 4813480 151.7272 246.0569  6.15555051 52828
1 40943U 15054D   19340.43995871  .01799947 -55617-6  25924-2 0  9999
2 40943   6.3313 146.3842 4803702 153.2393 242.8508  6.17300159 52857
1 40943U 15054D   19340.60138408  .01888031 -56965-6  27717-2 0  9995
2 40943   6.3317 146.1284 4800000 153.7432 241.7648  6.17922674 52862
1 40943U 15054D   19340.76265899  .01842491 -58250-6  26441-2 0  9999
2 40943   6.3318 145.8742 4796976 154.2433 240.6875  6.18499865 52874
1 40943U 15054D   19341.08471351  .01997623 -60735-6  28289-2 0  9998
2 40943   6.3317 145.3668 4789974 155.2492 238.4946  6.19766806 52890
1 40943U 15054D   19341.56651790  .02052990 -64030-6  28778-2 0  9993
2 40943   6.3320 144.6019 4779181 156.7639 235.1480  6.21702910 52924
1 40943U 15054D   19342.04680465  .01902776 -66687-6  26759-2 0  9990
2 40943   6.3327 143.8353 4768589 158.2798 231.7529  6.23580875 52951
1 40943U 15054D   19342.84409971  .01928679 -69596-6  26016-2 0  9997
2 40943   6.3334 142.5608 4751694 160.8107 225.9910  6.26665853 53009
1 40943U 15054D   19342.84409971 +.01928679 -69596-6 +26016-2 0  9997
2 40943 006.3334 142.5608 4751694 160.8107 225.9910 06.26665853053032
1 40943U 15054D   19343.63731841  .01966607 -70258-6  25711-2 0  9990
2 40943   6.3342 141.2797 4734149 163.3453 220.1005  6.29853566 53051
1 40943U 15054D   19344.11134667  .01996372 -69462-6  25751-2 0  9998
2 40943   6.3351 140.5089 4723931 164.8727 216.5079  6.31703950 53081
1 40943U 15054D   19344.11134832  .02120374 -69492-6  27193-2 0  9999
2 40943   6.3349 140.5095 4723818 164.8703 216.5121  6.31734952 53087
1 40943U 15054D   19344.58388320  .02105522 -67848-6  26709-2 0  9996
2 40943   6.3353 139.7391 4712730 166.3983 212.8815  6.33738213 53118
1 40943U 15054D   19345.05495615  .02025548 -65314-6  25370-2 0  9993
2 40943   6.3363 138.9665 4702278 167.9261 209.2299  6.35633101 53147
1 40943U 15054D   19345.52461462  .02099931 -62068-6  26087-2 0  9994
2 40943   6.3364 138.1956 4691550 169.4538 205.5559  6.37570938 53178
1 40943U 15054D   19345.99280830  .02162225 -58230-6  26399-2 0  9992
2 40943   6.3372 137.4200 4680648 170.9897 201.8434  6.39559411 53202
1 40943U 15054D   19345.99280830  .02162225 -58230-6  26399-2 0  9992
2 40943   6.3372 137.4200 4680648 170.9897 201.8434  6.39559411 53202
1 40943U 15054D   19346.45948325  .02160900 -72867-6  26863-2 0  9990
2 40943   6.3288 136.6297 4668748 172.5047 198.1666  6.41661786 53237
1 40943U 15054D   19347.07946717  .02238162 -74035-6  27773-2 0  9998
2 40943   6.3302 135.5907 4654182 174.5573 193.1906  6.44283943 53277
1 40943U 15054D   19347.38848718  .02271003 -74653-6  27327-2 0  9996
2 40943   6.3307 135.0709 4646852 175.5871 190.6929  6.45661943 53294
1 40943U 15054D   19347.38849040  .02243190 -74646-6  27372-2 0  9993
2 40943   6.3305 135.0732 4646708 175.5836 190.7008  6.45661074 53293
1 40943U 15054D   19347.85075222 +.02314874 -75612-6 +27782-2 0  9995
2 40943 006.3314 134.2928 4634970 177.1280 186.9566 06.47807337053359
1 40943U 15054D   19348.00450323  .02202787 -75892-6  26051-2 0  9999
2 40943   6.3320 134.0300 4631458 177.6454 185.7045  6.48468773 53339
1 40943U 15054D   19348.46481329  .02167735 -76801-6  25327-2 0  9998
2 40943   6.3325 133.2507 4620444 179.1904 181.9709  6.50479114 53366
1 40943U 15054D   19348.61792715  .02286828 -77149-6  26740-2 0  9990
2 40943   6.3331 132.9894 4616435 179.7096 180.7191  6.51201258 53377
1 40943U 15054D   19349.07632017  .02328569 -78098-6  26851-2 0  9995
2 40943   6.3341 132.2053 4605289 181.2615 176.9884  6.53241901 53409
1 40943U 15054D   19349.68520501  .02379004 -79442-6  26495-2 0  9994
2 40943   6.3353 131.1619 4589725 183.3312 172.0463  6.56125350 53447
1 40943U 15054D   19349.98866052  .02307755 -80083-6  25490-2 0  9992
2 40943   6.3359 130.6376 4582131 184.3684 169.5860  6.57516742 53468
1 40943U 15054D   19350.74436319  .02283752 -81792-6  25149-2 0  9996
2 40943   6.3367 129.3285 4562193 186.9657 163.4883  6.61137488 53510
1 40943U 15054D   19350.74436373 +.02391954 -81819-6 +26214-2 0  9994
2 40943 006.3369 129.3276 4562151 186.9669 163.4856 06.61154722053542
1 40943U 15054D   19351.04552396  .02472439 -82533-6  26571-2 0  9990
2 40943   6.3374 128.8033 4554342 188.0084 161.0673  6.62611457 53534
1 40943U 15054D   19351.49597926  .02576798 -83668-6  27496-2 0  9997
2 40943   6.3377 128.0156 4541600 189.5742 157.4691  6.64941121 53563
1 40943U 15054D   19351.79541275  .02520454 -84402-6  26853-2 0  9997
2 40943   6.3384 127.4909 4533149 190.6155 155.1003  6.66481354 53583
1 40943U 15054D   19351.94488085  .02460868 -84748-6  26181-2 0  9992
2 40943   6.3383 127.2266 4529173 191.1369 153.9204  6.67207789 53590
1 40943U 15054D   19352.68994770  .02424643 -86459-6  25872-2 0  9995
2 40943   6.3396 125.9092 4510289 193.7480 148.0861  6.70642027 53648
1 40943U 15054D   19352.98690179  .02629210 -87242-6  28118-2 0  9998
2 40943   6.3400 125.3798 4502090 194.7969 145.7852  6.72133003 53662
1 40943U 15054D   19353.13516240  .02534170 -87564-6  26728-2 0  9994
2 40943   6.3402 125.1154 4498622 195.3229 144.6360  6.72794020 53674
1 40943U 15054D   19353.43115005  .02605693 -88362-6  27617-2 0  9995
2 40943   6.3405 124.5885 4489989 196.3710 142.3759  6.74360467 53698
1 40943U 15054D   19353.57889398  .02537154 -88725-6  26919-2 0  9996
2 40943   6.3404 124.3218 4485942 196.8972 141.2485  6.75097695 53702
1 40943U 15054D   19354.02115760  .02608621 -89903-6  27324-2 0  9990
2 40943   6.3406 123.5245 4473607 198.4757 137.9072  6.77379165 53733
1 40943U 15054D   19354.46195546  .02508246 -91043-6  26515-2 0  9999
2 40943   6.3410 122.7289 4461251 200.0535 134.6269  6.79622031 53763
1 40943U 15054D   19354.75504150  .02439898 -91782-6  25768-2 0  9991
2 40943   6.3410 122.1948 4453449 201.1100 132.4604  6.81053309 53789
1 40943U 15054D   19355.04753697  .02520154 -92550-6  26488-2 0  9996
2 40943   6.3414 121.6616 4445728 202.1632 130.3278  6.82478661 53801
1 40943U 15054D   19355.19355199  .02521111 -92935-6  26286-2 0  9994
2 40943   6.3414 121.3949 4441869 202.6937 129.2639  6.83202994 53816
1 40943U 15054D   19355.63068147  .02476640 -94084-6  25830-2 0  9994
2 40943   6.3414 120.5926 4430050 204.2808 126.1261  6.85371838 53843
1 40943U 15054D   19356.06646747  .02533292 -95267-6  26192-2 0  9993
2 40943   6.3418 119.7895 4418291 205.8695 123.0492  6.87550514 53873
1 40943U 15054D   19356.50089100  .02474376 -96434-6  25455-2 0  9991
2 40943   6.3421 118.9859 4406577 207.4641 120.0262  6.89715594 53900
1 40943U 15054D   19356.64540604  .02408371 -96803-6  24929-2 0  9994
2 40943   6.3423 118.7173 4402745 207.9928 119.0381  6.90408189 53917
1 40943U 15054D   19357.07808129  .02563187 -98024-6  26109-2 0  9997
2 40943   6.3429 117.9107 4391158 209.5876 116.1023  6.92575849 53940
1 40943U 15054D   19357.36577944 +.02531424 -98828-6 +25632-2 0  9998
2 40943 006.3433 117.3724 4383301 210.6553 114.1756 06.94036800053997
1 40943U 15054D   19357.36578090  .02535973 -98829-6  25889-2 0  9999
2 40943   6.3431 117.3730 4383202 210.6548 114.1774  6.94038001 53968
1 40943U 15054D   19358.08251986  .02590608 -10083-5  25632-2 0  9998
2 40943   6.3437 116.0256 4364364 213.3181 109.4938  6.97580687 54015
1 40943U 15054D   19358.36818677  .02608774 -10168-5  25726-2 0  9997
2 40943   6.3441 115.4867 4356249 214.3894 107.6685  6.99087401 54035
1 40943U 15054D   19358.65327238  .02556114 -10249-5  25187-2 0  9998
2 40943   6.3445 114.9467 4348540 215.4560 105.8769  7.00514702 54053
1 40943U 15054D   19359.22176933  .02635419 -10413-5  25080-2 0  9997
2 40943   6.3453 113.8648 4333706 217.5996 102.3580  7.03334760 54099
1 40943U 15054D   19359.64664578  .02484308 -10536-5  23416-2 0  9996
2 40943   6.3458 113.0529 4322162 219.2104  99.7965  7.05494874 54123
1 40943U 15054D   19360.07030531  .02557631 -10657-5  23588-2 0  9995
2 40943   6.3456 112.2384 4311491 220.8188  97.2937  7.07521495 54151
1 40943U 15054D   19360.07030531  .02557631 -10657-5  23588-2 0  9995
2 40943   6.3456 112.2384 4311491 220.8188  97.2937  7.07521495 54151
1 40943U 15054D   19360.63322473  .02473757 -10826-5  22481-2 0  9991
2 40943   6.3465 111.1538 4296154 222.9738  94.0548  7.10402104 54198
1 40943U 15054D   19360.91386446  .02549417 -10911-5  23154-2 0  9992
2 40943   6.3472 110.6097 4288538 224.0513  92.4775  7.11819541 54216
1 40943U 15054D   19361.47339226  .02756553 -11099-5  24180-2 0  9997
2 40943   6.3480 109.5211 4272325 226.2158  89.4052  7.14913293 54256
1 40943U 15054D   19361.61290074  .02729245 -11144-5  23909-2 0  9997
2 40943   6.3483 109.2496 4268267 226.7550  88.6575  7.15672174 54265
1 40943U 15054D   19362.03056164  .02761906 -11283-5  23619-2 0  9996
2 40943   6.3488 108.4314 4256280 228.3760  86.4476  7.17960166 54295
1 40943U 15054D   19362.44692279  .02785109 -11422-5  23470-2 0  9995
2 40943   6.3486 107.6076 4244284 230.0105  84.2788  7.20231655 54327
1 40943U 15054D   19362.58542190  .02635721 -11463-5  21974-2 0  9992
2 40943   6.3487 107.3350 4240683 230.5516  83.5692  7.20928109 54334
1 40943U 15054D   19363.00012448  .02825396 -11604-5  22932-2 0  9999
2 40943   6.3487 106.5132 4229038 232.1804  81.4825  7.23164697 54367
1 40943U 15054D   19363.13806544  .02758342 -11651-5  22062-2 0  9993
2 40943   6.3489 106.2392 4225086 232.7256  80.7976  7.23936917 54372
1 40943U 15054D   19363.55105023  .02602993 -11786-5  20991-2 0  9991
2 40943   6.3495 105.4167 4213240 234.3610  78.7808  7.26135224 54401
1 40943U 15054D   19364.09977633  .02882008 -11983-5  22683-2 0  9991
2 40943   6.3500 104.3189 4197111 236.5425  76.1805  7.29212690 54445
1 40943U 15054D   19364.50978806  .02883174 -12134-5  22501-2 0  9993
2 40943   6.3500 103.4910 4184560 238.1896  74.2852  7.31586705 54479
1 40943U 15054D   19365.59679862  .02896195 -12537-5  22136-2 0  9991
2 40943   6.3504 101.2582 4151514 242.5974  69.4588  7.37846610 54554
1 40943U 15054D   20001.00211942  .02820019 -12684-5  21306-2 0  9990
2 40943   6.3491 100.4372 4139607 244.2340  67.7511  7.40115976 54580
1 40943U 15054D   20001.67489666  .02907018 -12940-5  22026-2 0  9993
2 40943   6.3505  99.0511 4119121 246.9967  64.9761  7.43972977 54634
1 40943U 15054D   20002.07694559  .02911449 -13089-5  21579-2 0  9997
2 40943   6.3524  98.2225 4107578 248.6485  63.3672  7.46204451 54660
1 40943U 15054D   20002.61110806  .02877611 -13296-5  21186-2 0  9991
2 40943   6.3525  97.1020 4091376 250.8755  61.2727  7.49283651 54700
1 40943U 15054D   20003.40828614  .02903443 -13612-5  21186-2 0  9997
2 40943   6.3512  95.4168 4067012 254.2153  58.2680  7.53919411 54765
1 40943U 15054D   20003.54067978  .03041046 -13668-5  22530-2 0  9998
2 40943   6.3520  95.1384 4062541 254.7728  57.7865  7.54731318 54775
1 40943U 15054D   20004.06883447  .02998706 -13889-5  21731-2 0  9993
2 40943   6.3558  93.9852 4045943 257.0266  55.8638  7.57933948 54810
1 40943U 15054D   20004.59480990  .03157376 -14116-5  22675-2 0  9990
2 40943   6.3516  92.8718 4029018 259.2574  54.0300  7.61172450 54853
1 40943U 15054D   20004.98778320  .03208339 -14296-5  22813-2 0  9999
2 40943   6.3510  92.0220 4015695 260.9368  52.6957  7.63731782 54889
1 40943U 15054D   20005.37941072  .03460161 -14492-5  24268-2 0  9996
2 40943   6.3525  91.1751 4001413 262.6257  51.3963  7.66486054 54912
1 40943U 15054D   20005.63972884  .03366873 -14619-5  23309-2 0  9991
2 40943   6.3518  90.6111 3992264 263.7523  50.5425  7.68262353 54930
1 40943U 15054D   20006.15859093  .03374005 -14872-5  23403-2 0  9997
2 40943   6.3516  89.4745 3973838 266.0028  48.8787  7.71775928 54975
1 40943U 15054D   20006.28792818  .03501633 -14942-5  24180-2 0  9992
2 40943   6.3524  89.1868 3968911 266.5696  48.4708  7.72728468 54987
1 40943U 15054D   20006.67509619  .03464576 -15132-5  23996-2 0  9990
2 40943   6.3524  88.3337 3955275 268.2683  47.2547  7.75329262 55018
1 40943U 15054D   20007.44548181  .03313262 -15517-5  22361-2 0  9990
2 40943   6.3549  86.6162 3928481 271.6704  44.8943  7.80526054 55065
1 40943U 15054D   20007.57339850  .03291353 -15579-5  22256-2 0  9992
2 40943   6.3552  86.3317 3924163 272.2377  44.5091  7.81349640 55071
1 40943U 15054D   20008.21082537  .03351518 -15912-5  22046-2 0  9999
2 40943   6.3564  84.9059 3901525 275.0769  42.6319  7.85765497 55128
1 40943U 15054D   20008.59163387  .03349324 -16102-5  22265-2 0  9990
2 40943   6.3581  84.0360 3888451 276.7952  41.5205  7.88253813 55159
1 40943U 15054D   20009.22358252  .03700446 -16447-5  24472-2 0  9998
2 40943   6.3530  82.5953 3865377 279.6527  39.7334  7.92711056 55207
1 40943U 15054D   20009.22358252  .03700446 -16447-5  24472-2 0  9998
2 40943   6.3530  82.5953 3865377 279.6527  39.7334  7.92711056 55207
1 40943U 15054D   20009.47534808  .03755707 -16593-5  24425-2 0  9998
2 40943   6.3542  82.0265 3855877 280.7968  39.0362  7.94585176 55227
1 40943U 15054D   20009.60099983 +.03812043 -16670-5 +24861-2 0  9990
2 40943 006.3558 081.7342 3850794 281.3746 038.6900 07.95559076055279
1 40943U 15054D   20009.97703009  .03791059 -16902-5  24225-2 0  9996
2 40943   6.3555  80.8518 3835929 283.1065  37.6615  7.98481414 55262
1 40943U 15054D   20010.60073024  .03739880 -17290-5  23843-2 0  9995
2 40943   6.3525  79.4087 3811134 285.9856  35.9919  8.03283828 55314
1 40943U 15054D   20011.22080728  .03905339 -17676-5  24267-2 0  9996
2 40943   6.3527  77.9494 3787033 288.8791  34.3531  8.08020788 55368
1 40943U 15054D   20011.59114780  .03830957 -17903-5  23672-2 0  9997
2 40943   6.3534  77.0783 3773041 290.6157  33.3862  8.10751405 55398
1 40943U 15054D   20012.32791428  .03882802 -18390-5  22948-2 0  9991
2 40943   6.3520  75.2979 3743953 294.1263  31.4817  8.16523325 55456
1 40943U 15054D   20012.57234839  .04023243 -18558-5  23572-2 0  9993
2 40943   6.3541  74.7154 3733906 295.2888  30.8662  8.18503033 55479
1 40943U 15054D   20013.18090815  .04044015 -18979-5  23181-2 0  9998
2 40943   6.3501  73.2279 3709364 298.2258  29.3283  8.23347458 55523
1 40943U 15054D   20013.30219176  .04016496 -19063-5  22679-2 0  9993
2 40943   6.3500  72.9304 3704641 298.8155  29.0220  8.24309593 55530
1 40943U 15054D   20013.66520470  .03969989 -19316-5  22354-2 0  9998
2 40943   6.3518  72.0465 3690070 300.5730  28.1198  8.27164631 55560
1 40943U 15054D   20014.14727782  .04020196 -19658-5  22283-2 0  9996
2 40943   6.3512  70.8573 3670749 302.9307  26.9242  8.30987630 55604
1 40943U 15054D   20014.14727782  .04020196 -19658-5  22283-2 0  9996
2 40943   6.3512  70.8573 3670749 302.9307  26.9242  8.30987630 55604
1 40943U 15054D   20016.28987642  .04247622 -21240-5  18290-2 0  9994
2 40943   6.3569  65.5761 3587260 313.5075  21.7302  8.48095674 55787
1 40943U 15054D   20016.28987642 +.04247622 -21240-5 +18290-2 0  9994
2 40943 006.3569 065.5761 3587260 313.5075 021.7302 08.48095674055822
1 40943U 15054D   20016.64267513  .04094564 -21543-5  20490-2 0  9998
2 40943   6.3520  64.5969 3569904 315.4009  20.8398  8.51095335 55813
1 40943U 15054D   20017.11121653  .04290474 -21928-5  20997-2 0  9992
2 40943   6.3520  63.3848 3550237 317.8018  19.7061  8.55043054 55854
1 40943U 15054D   20017.22803213 +.04055921 -22016-5 +19764-2 0  9998
2 40943 006.3518 063.0809 3546035 318.4027 019.4200 08.55885997055901
1 40943U 15054D   20017.34472017  .04039683 -22108-5  19489-2 0  9998
2 40943   6.3519  62.7825 3541508 319.0002  19.1379  8.56809596 55878
1 40943U 15054D   20018.50479352 +.04173085 -23038-5 +20440-2 0  9993
2 40943 006.3489 059.7088 3495033 325.0789 016.2953 08.65978517056014
1 40943U 15054D   20018.62011892  .04139476 -23136-5  20250-2 0  9991
2 40943   6.3495  59.4008 3490358 325.6881  16.0126  8.66910433 55983
1 40943U 15054D   20019.19496048  .03884794 -23604-5  19111-2 0  9997
2 40943   6.3503  57.8632 3468095 328.7256  14.6029  8.71320198 56033
1 40943U 15054D   20019.42408070  .04218784 -23798-5  20462-2 0  9997
2 40943   6.3522  57.2452 3458710 329.9507  14.0375  8.73228235 56054
1 40943U 15054D   20019.53844220 +.04229563 -23905-5 +20146-2 0  9996
2 40943 006.3503 056.9441 3453968 330.5591 013.7573 08.74224053056105
1 40943U 15054D   20019.65267516  .04161893 -24011-5  19893-2 0  9993
2 40943   6.3504  56.6357 3449111 331.1692  13.4768  8.75181675 56075
1 40943U 15054D   20020.10843506  .04061581 -24408-5  19467-2 0  9994
2 40943   6.3498  55.3976 3430926 333.6155  12.3486  8.78799644 56119
1 40943U 15054D   20020.33558624  .04226853 -24617-5  19580-2 0  9996
2 40943   6.3485  54.7823 3421674 334.8467  11.7815  8.80744097 56134
1 40943U 15054D   20020.56224723  .04070353 -24829-5  19131-2 0  9990
2 40943   6.3486  54.1634 3412209 336.0740  11.2171  8.82592800 56158
1 40943U 15054D   20021.12672598  .04352282 -25386-5  20249-2 0  9995
2 40943   6.3484  52.6105 3387584 339.1513   9.8031  8.87547026 56200
1 40943U 15054D   20021.23922511 +.04539528 -25511-5 +20973-2 0  9994
2 40943 006.3481 052.2983 3382085 339.7721 009.5188 08.88668305056255
1 40943U 15054D   20021.35160710  .04278077 -25623-5  19875-2 0  9994
2 40943   6.3505  51.9821 3377511 340.3907   9.2330  8.89568354 56228
1 40943U 15054D   20021.46387570 +.04101825 -25733-5 +19062-2 0  9997
2 40943 006.3497 051.6714 3373006 341.0083 008.9474 08.90470069056271
1 40943U 15054D   20021.57602708  .04295480 -25844-5  20484-2 0  9996
2 40943   6.3500  51.3588 3367739 341.6225   8.6650  8.91451289 56246
1 40943U 15054D   20022.13491644  .04711563 -26435-5  21937-2 0  9990
2 40943   6.3493  49.7965 3342842 344.7209   7.2327  8.96516267 56295
1 40943U 15054D   20022.35757961  .04825571 -26688-5  22495-2 0  9996
2 40943   6.3505  49.1664 3332392 345.9694   6.6541  8.98612422 56315
1 40943U 15054D   20022.46870320 +.04880740 -26823-5 +22707-2 0  9999
2 40943 006.3507 048.8524 3326920 346.5952 006.3638 08.99718309056363
1 40943U 15054D   20022.57969070  .04736452 -26959-5  21781-2 0  9993
2 40943   6.3499  48.5386 3321807 347.2211   6.0725  9.00780502 56339
1 40943U 15054D   20023.13276633  .04664793 -27600-5  21560-2 0  9999
2 40943   6.3500  46.9637 3296555 350.3299   4.6187  9.05850206 56380
1 40943U 15054D   20023.35307478  .04875385 -27887-5  22080-2 0  9991
2 40943   6.3493  46.3331 3285560 351.5879   4.0277  9.08126660 56407
1 40943U 15054D   20023.46303743  .04744115 -28026-5  21459-2 0  9995
2 40943   6.3484  46.0176 3280436 352.2146   3.7321  9.09163999 56417
1 40943U 15054D   20023.68262924  .04616178 -28280-5  21231-2 0  9991
2 40943   6.3475  45.3855 3270710 353.4651   3.1400  9.11078198 56434
1 40943U 15054D   20024.12033944  .04638373 -28813-5  20800-2 0  9993
2 40943   6.3469  44.1177 3251072 355.9787   1.9428  9.15121027 56472
1 40943U 15054D   20024.44734730  .04594314 -29222-5  20283-2 0  9995
2 40943   6.3464  43.1641 3236342 357.8730   1.0337  9.18147713 56501
1 40943U 15054D   20024.66476481  .04451733 -29490-5  19796-2 0  9996
2 40943   6.3459  42.5270 3226718 359.1338   0.4251  9.20075139 56526
1 40943U 15054D   20025.42217064  .04391326 -30421-5  18898-2 0  9990
2 40943   6.3455  40.2869 3194216   3.5690 358.2603  9.26765346 56593
1 40943U 15054D   20025.63754243  .04697337 -30709-5  20338-2 0  9990
2 40943   6.3452  39.6442 3183943   4.8422 357.6308  9.28834028 56615
1 40943U 15054D   20026.38760399  .04599974 -31754-5  19102-2 0  9998
2 40943   6.3446  37.3897 3149772   9.3045 355.3954  9.35913462 56687
1 40943U 15054D   20028.39475404  .05079003 -34922-5  19023-2 0  9990
2 40943   6.3428  31.1990 3054167  21.5521 348.9650  9.55780417 56877
1 40943U 15054D   20028.70777415  .05266269 -35498-5  19690-2 0  9993
2 40943   6.3375  30.2124 3037987  23.5191 347.8828  9.59107366 56902
1 40943U 15054D   20028.91584640  .05370841 -35898-5  20686-2 0  9995
2 40943   6.3401  29.5576 3026560  24.8151 347.1591  9.61361465 56926
1 40943U 15054D   20029.33052586  .05865550 -36730-5  22224-2 0  9993
2 40943   6.3386  28.2358 3004084  27.4310 345.6790  9.66037052 56960
1 40943U 15054D   20030.15357799  .06188858 -38624-5  22575-2 0  9992
2 40943   6.3375  25.5752 2956402  32.7077 342.5919  9.75991976 57047
1 40943U 15054D   20030.25583738  .06314331 -38896-5  22916-2 0  9994
2 40943   6.3376  25.2413 2949793  33.3703 342.1922  9.77373970 57058
1 40943U 15054D   20030.25583738  .06314331 -38896-5  22916-2 0  9994
2 40943   6.3376  25.2413 2949793  33.3703 342.1922  9.77373970 57058
1 40943U 15054D   20031.37196953  .06702013 -41897-5  23561-2 0  9997
2 40943   6.3391  21.5516 2881111  40.6675 337.6557  9.91706715 57164
1 40943U 15054D   20031.37196953  .06702013 -41897-5  23561-2 0  9997
2 40943   6.3391  21.5516 2881111  40.6675 337.6557  9.91706715 57164
1 40943U 15054D   20032.17334834 +.06808213 -44360-5 +22725-2 0  9996
2 40943 006.3365 018.8378 2830114 046.0407 334.1215 10.02487743057287
1 40943U 15054D   20032.47162246  .06534843 -45321-5  21411-2 0  9999
2 40943   6.3377  17.8237 2811366  48.0446 332.7604 10.06459822 57272
1 40943U 15054D   20032.86751145  .06688977 -46631-5  22055-2 0  9992
2 40943   6.3376  16.4484 2786041  50.7618 330.8748 10.11728285 57313
1 40943U 15054D   20033.26131733  .06767963 -47994-5  21744-2 0  9992
2 40943   6.3370  15.0740 2761082  53.4793 328.9435 10.17037979 57353
1 40943U 15054D   20034.33353582  .07144578 -52149-5  22275-2 0  9999
2 40943   6.3323  11.3187 2690191  60.9694 323.3409 10.32021788 57460
1 40943U 15054D   20034.33353582 +.07144578 -52149-5 +22275-2 0  9999
2 40943 006.3323 011.3187 2690191 060.9694 323.3409 10.32021788057505
1 40943U 15054D   20036.42873003  .08302044 -63083-5  23216-2 0  9996
2 40943   6.3364   3.5484 2535167  76.3075 310.4357 10.65195320 57675
1 40943U 15054D   20037.26642015  .08337308 -68698-5  23192-2 0  9997
2 40943   6.3413   0.3421 2468248  82.6697 304.4717 10.79474043 57761
1 40943U 15054D   20037.26642015 +.08337308 -68698-5 +23192-2 0  9997
2 40943 006.3413 000.3421 2468248 082.6697 304.4717 10.79474043057817
1 40943U 15054D   20037.91008023  .09039971 -73772-5  24573-2 0  9993
2 40943   6.3429 357.8183 2413736  87.6860 299.4939 10.91219740 57834
1 40943U 15054D   20037.91008023 +.09039971 -73772-5 +24573-2 0  9993
2 40943 006.3429 357.8183 2413736 087.6860 299.4939 10.91219740057889
1 40943U 15054D   20038.36537888  .09873569 -78095-5  27316-2 0  9999
2 40943   6.3472 355.9874 2370550  91.3157 295.7064 11.00423574 57881
1 40943U 15054D   20039.88552757  .10161055 -94919-5  23818-2 0  9997
2 40943   6.3346 349.7302 2229908 103.7369 281.9120 11.31405752 58053
1 40943U 15054D   20041.87405398  .11653604 -12779-4  20337-2 0  9990
2 40943   6.3287 340.9296 2028312 121.2018 260.2667 11.76590849 58286
1 40943U 15054D   20042.96320908  .12476700 -14017-4  21994-2 0  9992
2 40943   6.3304 335.8280 1904801 131.3064 246.7312 12.03776202 58400
1 40943U 15054D   20043.95349398  .13917626 -14952-4  24679-2 0  9995
2 40943   6.3339 331.0952 1781763 140.7149 266.3935 12.31072063 58527
1 40943U 15054D   20044.48147010  .14758864 -15560-4  13086-2 0  9995
2 40943   6.3106 328.3517 1726044 146.0817 101.4014 12.46737813 58598
1 40943U 15054D   20044.90685508  .15123847 -15991-4  22779-2 0  9996
2 40943   6.3261 326.2027 1658618 150.4356 220.0715 12.59323559 58656
1 40943U 15054D   20045.15294728  .15462408 -16288-4  19071-2 0  9994
2 40943   6.3212 324.9829 1628984 152.8981 259.1137 12.66895370 58687
1 40943U 15054D   20045.40684056  .14942407 -16553-4  23687-2 0  9993
2 40943   6.3278 323.6429 1590519 155.5557 340.3915 12.74409866 58713
1 40943U 15054D   20045.85351981  .16720962 -17149-4  21178-2 0  9997
2 40943   6.3258 321.1698 1530287 160.4594 241.2596 12.89024292 58776
1 40943U 15054D   20045.94192924  .15937387 -17247-4  19654-2 0  9992
2 40943   6.3212 320.6347 1519324 161.4020 291.9773 12.91628961 58781
1 40943U 15054D   20046.12202546  .19084412 -17543-4  28046-2 0  9995
2 40943   6.3209 319.6663 1484935 163.3207  51.6410 12.98604925 58806
1 40943U 15054D   20046.33162267  .16130332 -17764-4  20846-2 0  9998
2 40943   6.3312 318.6689 1460650 165.5293 313.4992 13.04702724 58836
1 40943U 15054D   20046.51888271  .18714267 -18053-4  28250-2 0  9994
2 40943   6.3332 317.3204 1428413 167.9805 115.0449 13.11311356 58853
1 40943U 15054D   20046.77022345  .19782729 -18496-4  22763-2 0  9997
2 40943   6.3075 316.1085 1389726 170.6232 226.1609 13.21380056 58899
1 40943U 15054D   20046.83854009  .18301822 -18561-4  22346-2 0  9994
2 40943   6.3256 315.7309 1379139 171.3454 191.3167 13.23507845 58896
1 40943U 15054D   20046.91378874 +.18231645 -18676-4 +21706-2 0  9995
2 40943 006.3244 315.2967 1367726 172.1953 190.1872 13.26230151058975
1 40943U 15054D   20047.06059997  .19460326 -18928-4  22066-2 0  9995
2 40943   6.3291 314.4694 1344021 173.8070 172.6277 13.31874513 58927
1 40943U 15054D   20047.13855579  .19009116 -19047-4  22632-2 0  9991
2 40943   6.3244 313.9956 1330090 174.7739 186.7819 13.34821436 58931
1 40943U 15054D   20047.31493769  .17859142 -19299-4  21148-2 0  9990
2 40943   6.3199 312.9732 1303428 176.8011 316.2549 13.40943540 58963
1 40943U 15054D   20047.80426423  .19642006 -20225-4  20692-2 0  9992
2 40943   6.3249 310.0490 1215978 182.6885 176.6087 13.61568838 59024
1 40943U 15054D   20047.81987705  .22075245 -20305-4  20826-2 0  9995
2 40943   6.3195 309.8871 1213970 183.0366 253.0709 13.62585273 59037
1 40943U 15054D   20047.95036573  .20804577 -20523-4  21928-2 0  9990
2 40943   6.3194 309.1809 1188305 184.3623 174.5176 13.67930755 59043
1 40943U 15054D   20047.97450493  .24679083 -20636-4  25198-2 0  9997
2 40943   6.3251 309.0699 1182185 184.6859 293.3712 13.69497933 59052
1 40943U 15054D   20048.09987683  .23801188 -20895-4  22485-2 0  9992
2 40943   6.3268 308.3041 1158441 186.1934 192.7859 13.75359776 59077
1 40943U 15054D   20048.33860229 +.24351551 -21399-4 +23144-2 0  9993
2 40943 006.3175 306.7419 1111712 189.2207 299.0745 13.86111093059101
1 40943U 15054D   20048.67460991  .33512611 -22386-4  32181-2 0  9996
2 40943   6.3206 304.5136 1030001 193.7780 186.5408 14.04969600 59152
1 40943U 15054D   20048.82544185  .26639711 -22680-4  23961-2 0  9997
2 40943   6.3289 303.5866 0998621 195.5692 231.5653 14.12585979 59171
1 40943U 15054D   20048.87212377  .24046164 -22743-4  22023-2 0  9997
2 40943   6.3258 303.3328 0990198 196.1013 109.0977 14.14448627 59171
1 40943U 15054D   20048.97706124  .30418886 -23120-4  23704-2 0  9994
2 40943   6.3361 302.6839 0967235 197.4588 284.5201 14.20633456 59196
1 40943U 15054D   20048.97706124  .32671593 -23156-4  26715-2 0  9996
2 40943   6.3230 302.6522 0965331 197.6498 284.3369 14.20819802 59191
1 40943U 15054D   20049.02234019  .33973135 -23323-4  28316-2 0  9995
2 40943   6.3226 302.2934 0951480 198.3588 156.1157 14.23940350 59194
1 40943U 15054D   20049.17381573  .26864471 -23645-4  21913-2 0  9996
2 40943   6.3146 301.2682 0918084 200.2027 214.8973 14.31829706 59220
1 40943U 15054D   20049.40515694  .31334035 -24436-4  20088-2 0  9990
2 40943   6.3161 299.8742 0862178 203.3252 333.1120 14.46182509 59253
1 40943U 15054D   20049.78045148  .34381621 -25995-4  18617-2 0  9995
2 40943   6.3170 297.0569 0743958 208.8186 146.8778 14.74808341 59304
1 40943U 15054D   20049.84792470  .34564509 -26285-4  16730-2 0  9994
2 40943   6.3203 296.5248 0724753 209.9778 145.6844 14.79974680 59317
1 40943U 15054D   20049.84793843 +.34673867 -26282-4 +18536-2 0  9990
2 40943 006.3133 296.5599 0722316 209.8033 145.8968 14.79957946059319
1 40943U 15054D   20049.86643802  .37774642 -26404-4  21370-2 0  9993
2 40943   6.3199 296.3750 0713529 210.1594 244.4984 14.81690958 59326
1 40943U 15054D   20049.86643802  .38045354 -26419-4  18140-2 0  9992
2 40943   6.3319 296.4271 0717274 209.8973 244.7681 14.81818988 59328
1 40943U 15054D   20049.86643802  .38803060 -26422-4  21914-2 0  9995
2 40943   6.3179 296.3894 0713061 210.1779 244.4613 14.81810646 59326
1 40943U 15054D   20049.86643802 +.37768582 -26404-4 +21394-2 0  9995
2 40943 006.3199 296.3751 0713502 210.1596 244.4978 14.81689625059322
