1 14301U 83038H   83238.46610474 -.00000560 +00000-0 +00000-0 0  9999
2 14301 063.6255 077.9875 7292367 319.8687 004.6004 02.00511975002476
1 14301U 83038H   83245.94727528 -.00000485 +00000-0 +00000-0 0  9995
2 14301 063.6447 076.9530 7287126 319.8490 004.6364 02.00494450002629
1 14301U 83038H   83253.92785454 -.00000399 +00000-0 +00000-0 0  9998
2 14301 063.6495 075.8345 7282632 319.8338 004.5880 02.00473067002782
1 14301U 83038H   83256.92081552 -.00000368 +00000-0 +00000-0 0  9995
2 14301 063.6606 075.4399 7282706 319.7971 004.5801 02.00464532002842
1 14301U 83038H   83263.40591925 -.00000297 +00000-0 +00000-0 0  9997
2 14301 063.6619 074.4947 7278493 319.7998 004.6009 02.00448011002970
1 14301U 83038H   83280.36983598 -.00000114 +00000-0 +00000-0 0  9990
2 14301 063.7612 072.1755 7269541 319.6903 004.6256 02.00400694003313
1 14301U 83038H   83289.35203794  .00000378 +00000-0 +31955-1 0  9996
2 14301 063.8009 070.9278 7266517 319.6543 004.6654 02.00385919003493
1 14301U 83038H   83289.35217030  .00000436 +00000-0 +36794-1 0  9995
2 14301 063.8009 070.9278 7266517 319.6543 004.7609 02.00386687003497
1 14301U 83038H   83289.35240559  .00000012 +00000-0 +00000-0 0  9997
2 14301 063.8009 070.9277 7266517 319.6543 004.8351 02.00339510003494
1 14301U 83038H   83305.30880362  .00000736 +00000-0 +31955-1 0  9990
2 14301 063.4328 068.1850 7297699 320.1572 004.5991 02.00371500003812
1 14301U 83038H   83310.29960495  .00000807 +00000-0 +31955-1 0  9999
2 14301 063.4640 067.5075 7298934 320.0884 004.4140 02.00352979003914
1 14301U 83038H   83312.29639469  .00000809 +00000-0 +31955-1 0  9997
2 14301 063.4963 067.2427 7297520 320.0832 004.6219 02.00348961003952
1 14301U 83038H   83313.29466211  .00000807 +00000-0 +31955-1 0  9999
2 14301 063.4391 067.0848 7295686 320.1661 004.6150 02.00345193003974
1 14301U 83038H   83313.29466951  .00000249 +00000-0 +93425-3 0  9992
2 14301 063.5096 067.1121 7297346 320.0819 004.6238 02.00343542003974
1 14301U 83038H   83315.29124609  .00000379 +00000-0 +68938-2 0  9999
2 14301 063.4688 066.8116 7296472 320.1041 004.6206 02.00338806004015
1 14301U 83038H   83316.28955275  .00000384 +00000-0 +66542-2 0  9995
2 14301 063.4788 066.6711 7296242 320.0993 004.6199 02.00336344004033
1 14301U 83038H   83317.28787288  .00000401 +00000-0 +70312-2 0  9993
2 14301 063.4867 066.5301 7296033 320.0937 004.6205 02.00333980004054
1 14301U 83038H   83318.28620914  .00000409 +00000-0 +70312-2 0  9994
2 14301 063.3976 066.3602 7294177 320.1904 004.6129 02.00331414004075
1 14301U 83038H   83323.27811086  .00000475 +00000-0 +81481-2 0  9993
2 14301 063.4257 065.6491 7293268 320.1657 004.6650 02.00320374004174
1 14301U 83038H   83324.27652507  .00000489 +00000-0 +84104-2 0  9995
2 14301 063.4276 065.5062 7292976 320.1657 004.6768 02.00318328004191
1 14301U 83038H   83325.27494581  .00000509 +00000-0 +90353-2 0  9998
2 14301 063.4422 065.3669 7293107 320.1446 004.6882 02.00316425004214
1 14301U 83038H   83326.27336864  .00000517 +00000-0 +90353-2 0  9997
2 14301 063.4122 065.2174 7292225 320.1797 004.6900 02.00314452004231
1 14301U 83038H   83327.27179727  .00000524 +00000-0 +88372-2 0  9997
2 14301 063.4331 065.0832 7292489 320.1524 004.6908 02.00312437004253
1 14301U 83038H   83329.26866654  .00000541 +00000-0 +88372-2 0  9999
2 14301 063.4011 064.7887 7291696 320.1757 004.6843 02.00308807004299
1 14301U 83038H   83331.26554545  .00000581 +00000-0 +10231-1 0  9997
2 14301 063.3483 064.4812 7290453 320.2222 004.6587 02.00305680004330
1 14301U 83038H   83334.26099178  .00000612 +00000-0 +10231-1 0  9991
2 14301 063.4086 064.0732 7291983 320.1158 004.6785 02.00301045004390
1 14301U 83038H   83335.25948097  .00000728 +00000-0 +16307-1 0  9992
2 14301 063.4811 063.9534 7293139 320.0399 004.6912 02.00301160004418
1 14301U 83038H   83337.25649980  .00000758 +00000-0 +17053-1 0  9995
2 14301 063.5498 063.6906 7293381 319.9922 004.7138 02.00298885004452
1 14301U 83038H   83341.25054982  .00000791 +00000-0 +17285-1 0  9996
2 14301 063.5309 063.1114 7292058 320.0032 004.7171 02.00294895004537
1 14301U 83038H   83341.25055431  .00000786 +00000-0 +17053-1 0  9993
2 14301 063.5241 063.1106 7291970 320.0066 004.7192 02.00294850004536
1 14301U 83038H   83342.24906762  .00000803 +00000-0 +17427-1 0  9990
2 14301 063.5697 062.9811 7292420 319.9677 004.7146 02.00294074004556
1 14301U 83038H   83343.24759016  .00000806 +00000-0 +17427-1 0  9992
2 14301 063.5167 062.8195 7291137 320.0225 004.7062 02.00293193004578
1 14301U 83038H   83344.24611380  .00000851 +00000-0 +19522-1 0  9992
2 14301 063.4784 062.6611 7291302 320.0277 004.7001 02.00292851004599
1 14301U 83038H   83344.24611763  .00000813 +00000-0 +17427-1 0  9997
2 14301 063.4435 062.6499 7290598 320.0574 004.7019 02.00292464004591
1 14301U 83038H   83345.24464811  .00000839 +00000-0 +18290-1 0  9995
2 14301 063.4536 062.5082 7291310 320.0238 004.6989 02.00291977004616
1 14301U 83038H   83345.24464861  .00000839 +00000-0 +18322-1 0  9996
2 14301 063.4708 062.5162 7291277 320.0217 004.6991 02.00291984004616
1 14301U 83038H   83349.23884546  .00000871 +00000-0 +18290-1 0  9995
2 14301 063.4027 061.9130 7291409 319.9942 004.7176 02.00290004004693
1 14301U 83038H   83350.23741078  .00000884 +00000-0 +18290-1 0  9993
2 14301 063.4407 061.7794 7292519 319.9391 004.7279 02.00289439004717
1 14301U 83038H   83351.23598045  .00000887 +00000-0 +18290-1 0  9991
2 14301 063.4726 061.6498 7291758 319.9535 004.7379 02.00289039004734
1 14301U 83038H   83353.23309820  .00000900 +00000-0 +18290-1 0  9990
2 14301 063.4001 061.3285 7291082 319.9768 004.7434 02.00288651004774
1 14301U 83038H   83354.23165043  .00000906 +00000-0 +18290-1 0  9994
2 14301 063.5443 061.2503 7290970 319.9461 004.7330 02.00288097004793
1 14301U 83038H   83355.23021044  .00000912 +00000-0 +18290-1 0  9994
2 14301 063.5497 061.1092 7290675 319.9451 004.7356 02.00288148004813
1 14301U 83038H   83356.22876636  .00000769 +00000-0 +93848-2 0  9992
2 14301 063.6025 060.9929 7290068 319.9427 004.7155 02.00286390004832
1 14301U 83038H   83357.22731179  .00000825 +00000-0 +12236-1 0  9999
2 14301 063.5722 060.8346 7290382 319.9316 004.7121 02.00287038004858
1 14301U 83038H   83357.22732355  .00000777 +00000-0 +93848-2 0  9991
2 14301 063.5679 060.8323 7290010 319.9447 004.7154 02.00286480004853
1 14301U 83038H   83359.22441011  .00000839 +00000-0 +12236-1 0  9999
2 14301 063.5400 060.5323 7290127 319.9261 004.6970 02.00287303004899
1 14301U 83038H   83360.22296588  .00000846 +00000-0 +12236-1 0  9996
2 14301 063.5489 060.3930 7289797 319.9256 004.6733 02.00286941004910
1 14301U 83038H   83361.22152831  .00000873 +00000-0 +13561-1 0  9991
2 14301 063.6049 060.2773 7289706 319.9062 004.6980 02.00288102004939
1 14301U 83038H   83362.22009868  .00000863 +00000-0 +12616-1 0  9992
2 14301 063.6169 060.1416 7289351 319.9049 004.7030 02.00288192004954
1 14301U 83038H   83365.21578100  .00000884 +00000-0 +12868-1 0  9996
2 14301 063.6593 059.7314 7288426 319.8955 004.7158 02.00289703005011
1 14301U 83038H   84001.21432812  .00000887 +00000-0 +12649-1 0  9993
2 14301 063.6604 059.5895 7288533 319.8805 004.7154 02.00290304005036
1 14301U 83038H   84001.21432814  .00000888 +00000-0 +12669-1 0  9998
2 14301 063.6603 059.5894 7288532 319.8805 004.7155 02.00290310005031
1 14301U 83038H   84002.21286691  .00000892 +00000-0 +12604-1 0  9993
2 14301 063.6726 059.4529 7288301 319.8743 004.7102 02.00290996005050
1 14301U 83038H   84003.21139757  .00000897 +00000-0 +12604-1 0  9999
2 14301 063.7279 059.3380 7287983 319.8609 004.7018 02.00291783005077
1 14301U 83038H   84005.20845664  .00000913 +00000-0 +12604-1 0  9990
2 14301 063.7329 059.0495 7288712 319.8092 004.6893 02.00293424005113
1 14301U 83038H   84007.70475586  .00000923 +00000-0 +12604-1 0  9990
2 14301 063.7639 058.7171 7286820 319.8413 004.6602 02.00295623005165
1 14301U 83038H   84010.20108201  .00000931 +00000-0 +12604-1 0  9995
2 14301 063.7713 058.3671 7285329 319.8639 004.7143 02.00299042005218
1 14301U 83038H   84011.19963465  .00000890 +00000-0 +95557-2 0  9998
2 14301 063.7566 058.2146 7284827 319.8711 004.6793 02.00298360005237
1 14301U 83038H   84012.19814668  .00000892 +00000-0 +95557-2 0  9991
2 14301 063.7784 058.0855 7282945 319.9361 004.6630 02.00299117005258
1 14301U 83038H   84019.18759573  .00000825 +00000-0 +24956-2 0  9991
2 14301 063.8087 057.1046 7282040 319.8622 004.6448 02.00306104005399
1 14301U 83038H   84020.18606890  .00000796 +00000-0 +23359-3 0  9990
2 14301 063.8309 056.9823 7281444 319.8735 004.6308 02.00306687005412
1 14301U 83038H   84021.18452330  .00000796 +00000-0 -13485-3 0  9999
2 14301 063.8345 056.8417 7281302 319.8668 004.6212 02.00308022005439
1 14301U 83038H   84022.18297971  .00000794 +00000-0 -62575-3 0  9990
2 14301 063.8492 056.7094 7281242 319.8514 004.6179 02.00309354005458
1 14301U 83038H   84022.18297971 +.00000895 +00000-0 +10000-3 0  9997
2 14301 063.8492 056.7094 7281242 319.8514 004.6179 02.00309354006099
1 14301U 83038H   84022.18297971 +.00000895 +00000-0 +10000-3 0  9997
2 14301 063.8492 056.7094 7281242 319.8514 004.6179 02.00309354006099
1 14301U 83038H   85005.41683960 -.00000405 +00000-0 +10000-3 0  9990
2 14301 066.9692 349.3610 7658993 311.7035 035.1486 01.82373719012463
