1 06426U 73019  C 73145.57750675  .00000643 +00000-0 +00000-0 0  9993
2 06426 035.4180 015.3852 8806784 156.4881 308.7897 00.62548699000257
1 06426U 73019  C 73153.55227999  .00000025 +00000-0 +00000-0 0  9992
2 06426 035.4848 014.5394 8808866 158.0372 304.1969 00.62539910000308
1 06426U 73019  C 73169.51664557  .00000631 +00000-0 +00000-0 0  9993
2 06426 035.4848 013.3848 8808855 159.6785 298.7314 00.62558069000401
1 06426U 73019  C 73190.26346813  .00000308 +00000-0 +00000-0 0  9992
2 06426 035.5700 012.1444 8815631 162.1620 289.6020 00.62545575000530
1 06426U 73019  C 73198.23952289  .00000214 +00000-0 +00000-0 0  9993
2 06426 036.1424 011.3418 8816137 163.1656 285.4204 00.62546342000580
1 06426U 73019  C 73209.39983038  .00000062 +00000-0 +00000-0 0  9990
2 06426 036.5684 010.9044 8822568 164.8931 277.8445 00.62540634000659
1 06426U 73019  C 73210.99521667  .00000010 +00000-0 +00000-0 0  9997
2 06426 036.5684 010.7880 8822565 165.0541 277.0769 00.62540338000665
1 06426U 73019  C 73217.37726357 -.00000031 +00000-0 +00000-0 0  9993
2 06426 036.5684 010.3227 8822563 165.6987 273.9383 00.62539238000703
1 06426U 73019  C 73225.35476010  .00001089 +24321-9 +00000-0 0  9992
2 06426 036.9575 009.1523 8841655 166.5991 270.0603 00.62556176000757
1 06426U 73019  C 73246.05346138  .00002430 +02444-9 +00000-0 0  9992
2 06426 037.3518 007.2624 8857732 169.4367 254.7507 00.62660486000888
1 06426U 73019  C 73302.91237921  .00002325 +00000-0 +00000-0 0  9999
2 06426 038.2071 002.4253 8805147 176.0863 209.0472 00.65558875001241
1 06426U 73019  C 73305.95555580  .00001811 +00000-0 +00000-0 0  9999
2 06426 038.1334 002.1742 8805296 176.3621 207.0556 00.65557832001267
1 06426U 73019  C 73313.55731281  .00001405 +00000-0 +00000-0 0  9997
2 06426 038.1862 001.6481 8797572 177.1353 201.3411 00.65577030001310
1 06426U 73019  C 73331.80306363  .00000769 +00000-0 +00000-0 0  9996
2 06426 038.1183 000.0707 8771974 179.2478 185.6925 00.65561444001438
1 06426U 73019  C 73331.83444519  .00000051 +00000-0 +00000-0 0  9999
2 06426 038.1183 000.0684 8768755 178.2436 193.0159 00.65543228001430
1 06426U 73019  C 73345.48421253  .00000097 +00000-0 +00000-0 0  9995
2 06426 038.0045 359.0889 8770718 180.8581 173.8829 00.65547079001520
1 06426U 73019  C 73345.51637012  .00000416 +00000-0 +00000-0 0  9996
2 06426 037.9138 359.1281 8767378 179.7427 182.0566 00.65562797001526
1 06426U 73019  C 73353.09896387  .00000033 +00000-0 +00000-0 0  9995
2 06426 038.0615 358.5327 8768398 181.2866 170.7582 00.65547693001575
1 06426U 73019  C 74013.93829072 -.00000686 +00000-0 +00000-0 0  9994
2 06426 038.3200 356.7886 8787403 184.3990 148.0985 00.65539455001749
