1 00838U 64040  C 64199.22300999  .00000000 +00000-0 +00000-0 0  9996
2 00838 036.7310 211.4180 8878800 147.0340 330.9772 00.60857865000002
1 00838U 64040  C 64304.75434276  .00000050 +00000-0 +00000-0 0  9993
2 00838 038.2960 201.8101 8856236 158.9090 303.0637 00.61273084000645
1 00838U 64040  C 65059.26836369  .00000049 +00000-0 +00000-0 0  9994
2 00838 038.2959 193.1548 8856085 170.3578 249.0522 00.61285161001385
1 00838U 64040  C 65119.46115014  .00000049 +00000-0 +00000-0 0  9990
2 00838 038.2959 188.8270 8856010 176.0770 209.8428 00.61291186001757
1 00838U 64040  C 65179.62914821  .00000049 +00000-0 +00000-0 0  9997
2 00838 038.2958 184.4994 8855935 181.7946 166.4713 00.61297196002128
1 00838U 64040  C 65241.42661616  .00000049 +00000-0 +00000-0 0  9996
2 00838 038.2958 180.0547 8855858 187.6676 124.0118 00.61303366002501
