1 19037U 88028  F 88093.48086083  .00000276 +00000-0 +99999-4 0  9995
2 19037 047.4109 261.9473 7314934 000.4606 359.7797 02.22389860000081
1 19037U 88028  F 88094.82981817  .00000545 +00000-0 +23043-3 0  9998
2 19037 047.4059 261.5788 7315472 000.8141 359.7604 02.22391493000112
1 19037U 88028  F 88094.83009627  .00000544 +00000-0 +23043-3 0  9998
2 19037 047.4059 261.5787 7315472 000.8141 359.7604 02.22391493000111
1 19037U 88028  F 88100.67513560  .00001388 +00000-0 +59958-3 0  9995
2 19037 047.3860 259.9949 7317014 002.3480 359.7802 02.22409290000247
1 19037U 88028  F 88100.67541371  .00001387 +00000-0 +59958-3 0  9995
2 19037 047.3860 259.9948 7317014 002.3480 359.7802 02.22409291000247
1 19037U 88028  F 88114.61109154  .00001748 +00000-0 +59497-3 0  9992
2 19037 047.3118 256.1553 7321956 006.0091 359.2037 02.22458098000551
1 19037U 88028  F 88114.61136901  .00001748 +00000-0 +59497-3 0  9992
2 19037 047.3118 256.1552 7321956 006.0091 359.2037 02.22458099000551
1 19037U 88028  F 88116.40910041  .00001862 +00000-0 +58852-3 0  9997
2 19037 047.3002 255.7231 7323371 006.4262 359.2377 02.22477298000592
1 19037U 88028  F 88116.40937820  .00001982 +00000-0 +63093-3 0  9997
2 19037 047.3007 255.7221 7323294 006.4288 359.2372 02.22477422000592
1 19037U 88028  F 88122.70120178  .00002280 +00000-0 +63577-3 0  9996
2 19037 047.2684 253.9889 7325807 008.0831 359.0138 02.22505194000738
1 19037U 88028  F 88122.70147988  .00002279 +00000-0 +63577-3 0  9992
2 19037 047.2684 253.9889 7325807 008.0830 359.0138 02.22505194000737
1 19037U 88028  F 88125.39785570  .00002745 +00000-0 +73197-3 0  9992
2 19037 047.2623 253.2543 7326680 008.7798 358.9607 02.22522391000793
1 19037U 88028  F 88133.93441273  .00000470 +00000-0 +00000-4 0  9997
2 19037 047.3005 250.8711 7327371 010.9169 358.8673 02.22604906000990
1 19037U 88028  F 88142.91698594  .00000747 +00000-0 +00000-4 0  9992
2 19037 047.2740 248.4074 7335447 013.1197 358.6385 02.22786472001199
1 19037U 88028  F 88151.89381839  .00000907 +00000-0 +00000-4 0  9998
2 19037 047.2775 245.9386 7338304 015.6208 358.3732 02.22854714001402
1 19037U 88028  F 88156.82801546  .00008076 -46700-4 +00000-4 0  9995
2 19037 047.2492 244.5533 7344053 016.8938 358.2420 02.22989383001514
1 19037U 88028  F 88161.31079116  .00008211 -46900-4 +00000-4 0  9998
2 19037 047.2004 243.2739 7343879 018.0544 358.1165 02.23133942001618
1 19037U 88028  F 88170.26580477  .00008223 -47500-4 +00000-4 0  9999
2 19037 047.2317 240.9070 7339635 021.2157 357.7658 02.23574715001819
1 19037U 88028  F 88178.30761475  .00010113 -47800-4 +00000-4 0  9995
2 19037 047.1391 238.5351 7345820 022.7298 357.6069 02.24088887001984
1 19037U 88028  F 88185.00033569  .00056217 +48036-4 +25660-2 0  9999
2 19037 047.0540 236.5991 7334382 024.7155 006.1340 02.24795042002136
