1 28260U 89001U   04144.87292079 +.00077990 +00000-0 +12805-0 0  9991
2 28260 065.4818 348.4152 5713799 060.6298 344.3325 04.30685597007278
1 28260U 89001U   04146.96188674 +.00071101 +00000-0 +11706-0 0  9995
2 28260 065.4635 347.6131 5711614 060.5934 344.2748 04.30978556007361
1 28260U 89001U   04147.88995627 +.00094112 +00000-0 +15611-0 0  9997
2 28260 065.4639 347.2467 5710236 060.5585 344.3142 04.31101360007400
1 28260U 89001U   04148.81779245  .00065916  00000-0  10973+0 0  9992
2 28260  65.4685 346.8949 5709161  60.5304 344.4313  4.31207922  7452
1 28260U 89001U   04149.74544392  .00055266  00000-0  94638-1 0  9997
2 28260  65.4550 346.5708 5706903  60.5542 344.4051  4.31272364  7482
1 28260U 89001U   04149.97730207  .00054179  00000-0  92362-1 0  9998
2 28260  65.4509 346.4761 5707053  60.5409 344.3932  4.31295918  7491
1 28260U 89001U   04150.90464411  .00065443  00000-0  11342+0 0  9997
2 28260  65.4386 346.1303 5704941  60.5629 344.4843  4.31430987  7534
1 28260U 89001U   04151.36812255  .00067655  00000-0  11837+0 0  9997
2 28260  65.4451 345.9597 5703804  60.5035 344.4100  4.31498266  7559
1 28260U 89001U   04152.75832452  .00065672  00000-0  11382+0 0  9994
2 28260  65.4351 345.4033 5703192  60.4057 344.4036  4.31680183  7617
1 28260U 89001U   04153.68483199  .00062648  00000-0  10877+0 0  9995
2 28260  65.4235 345.0558 5702301  60.4070 344.3877  4.31789453  7658
1 28260U 89001U   04154.61111854  .00055121  00000-0  95786-1 0  9997
2 28260  65.4283 344.7156 5701625  60.2773 344.3833  4.31877500  7694
1 28260U 89001U   04155.53724819  .00057833  00000-0  10068+0 0  9990
2 28260  65.4329 344.3403 5700647  60.2390 344.4937  4.31991493  7733
1 28260U 89001U   04155.53725966  .00051544  00000-0  91395-1 0  9991
2 28260  65.4144 344.3333 5699579  60.3974 344.4200  4.31968477  7739
1 28260U 89001U   04156.46315416  .00048768  00000-0  87026-1 0  9999
2 28260  65.4121 343.9826 5698557  60.4365 344.3649  4.32052186  7778
1 28260U 89001U   04157.85168493  .00040151  00000-0  73223-1 0  9996
2 28260  65.3756 343.4437 5696361  60.2286 344.3147  4.32152676  7830
1 28260U 89001U   04158.54592647  .00037141  00000-0  70924-1 0  9995
2 28260  65.3897 343.1745 5692740  60.2923 344.4318  4.32204737  7860
1 28260U 89001U   04159.47132490  .00046234  00000-0  88371-1 0  9992
2 28260  65.3874 342.8231 5692040  60.2633 344.4509  4.32296438  7908
1 28260U 89001U   04159.70260993  .00043587  00000-0  83782-1 0  9997
2 28260  65.3787 342.7396 5691552  60.2609 344.3817  4.32310360  7915
1 28260U 89001U   04160.85907004  .00036062  00000-0  69796-1 0  9995
2 28260  65.3661 342.2989 5690594  60.1676 344.3448  4.32385188  7962
1 28260U 89001U   04161.55290946  .00036259  00000-0  71564-1 0  9997
2 28260  65.3641 342.0177 5688837  60.1762 344.4245  4.32435945  7996
1 28260U 89001U   04162.24660777  .00036069  00000-0  71608-1 0  9995
2 28260  65.3685 341.7512 5688075  60.1279 344.4163  4.32485466  8027
1 28260U 89001U   04163.63379284  .00032942  00000-0  67464-1 0  9990
2 28260  65.3579 341.2399 5685220  60.0886 344.3790  4.32571339  8085
1 28260U 89001U   04164.55846768  .00027913  00000-0  58461-1 0  9997
2 28260  65.3377 340.8436 5683275  60.1521 344.3806  4.32615895  8122
1 28260U 89001U   04165.48303464  .00022993  00000-0  49429-1 0  9998
2 28260  65.3403 340.4937 5681090  60.0579 344.3876  4.32653648  8168
1 28260U 89001U   04166.63864905  .00016066  00000-0  35704-1 0  9993
2 28260  65.3336 340.0779 5678489  59.9982 344.3007  4.32674244  8213
1 28260U 89001U   04166.86984367  .00016635  00000-0  37082-1 0  9996
2 28260  65.3192 339.9648 5678172  59.9688 344.4287  4.32683372  8221
1 28260U 89001U   04167.56317726  .00021626  00000-0  50230-1 0  9999
2 28260  65.3256 339.7094 5674683  59.9945 344.4734  4.32725964  8258
1 28260U 89001U   04168.25638986  .00031620  00000-0  74322-1 0  9993
2 28260  65.3213 339.4339 5673343  60.0603 344.4285  4.32779088  8286
1 28260U 89001U   04168.71846752  .00029070  00000-0  69646-1 0  9995
2 28260  65.3240 339.2632 5671728  60.0018 344.3650  4.32800766  8301
1 28260U 89001U   04169.64263818  .00025336  00000-0  61448-1 0  9997
2 28260  65.3131 338.9104 5670518  60.0167 344.3230  4.32839249  8347
1 28260U 89001U   04169.64265067  .00029518  00000-0  71301-1 0  9990
2 28260  65.3270 338.9181 5670605  59.9518 344.4042  4.32854987  8348
1 28260U 89001U   04170.10471982  .00021983  00000-0  52947-1 0  9991
2 28260 065.3091 338.7375 5670967 059.8315 344.3868 04.32852866  8368
1 28260U 89001U   04170.79780237 +.00017813 +00000-0 +43749-1 0  9999
2 28260 065.3030 338.4841 5669370 059.7291 344.4169 04.32869599008393
1 28260U 89001U   04171.25985073  .00018104  00000-0  45191-1 0  9993
2 28260 065.3062 338.2982 5667988 059.7517 344.4517 04.32887609  8418
1 28260U 89001U   04171.49084417 +.00018344 +00000-0 +47004-1 0  9992
2 28260 065.3041 338.2135 5665892 059.8854 344.4009 04.32895756008421
1 28260U 89001U   04172.41480830 +.00018240 +00000-0 +46770-1 0  9998
2 28260 065.3014 337.8674 5665623 059.8243 344.3871 04.32929224008466
1 28260U 89001U   04172.87677364  .00014501  00000-0  38198-1 0  9999
2 28260  65.2942 337.6945 5663558  59.7883 344.3247  4.32927823  8480
1 28260U 89001U   04174.26267436  .00014993  00000-0  40339-1 0  9994
2 28260  65.2958 337.1794 5661598  59.6385 344.4315  4.32970187  8547
1 28260U 89001U   04174.72459076  .00008852  00000-0  24606-1 0  9994
2 28260  65.2815 336.9812 5659163  59.7473 344.3642  4.32966152  8562
1 28260U 89001U   04175.18652475  .00012743  00000-0  36072-1 0  9997
2 28260  65.2867 336.8203 5657452  59.7364 344.3971  4.32986433  8581
1 28260U 89001U   04175.64840969  .00009240  00000-0  26756-1 0  9991
2 28260  65.2817 336.6243 5655694  59.6910 344.3539  4.32986597  8604
1 28260U 89001U   04176.57222666  .00006532  00000-0  19462-1 0  9999
2 28260  65.2605 336.3226 5653370  59.7484 344.3456  4.32997471  8648
1 28260U 89001U   04176.57223226  .00007641  00000-0  22590-1 0  9990
2 28260  65.2806 336.2831 5653574  59.6974 344.3729  4.32999362  8645
1 28260U 89001U   04176.80316969  .00005937  00000-0  17590-1 0  9993
2 28260  65.2526 336.2165 5653851  59.6063 344.3667  4.32998507  8653
1 28260U 89001U   04177.49602627  .00009195  00000-0  27887-1 0  9998
2 28260  65.2628 335.9645 5651608  59.6136 344.4180  4.33017700  8686
1 28260U 89001U   04178.41973852  .00008020  00000-0  24977-1 0  9995
2 28260  65.2663 335.5798 5649310  59.6678 344.3443  4.33028093  8721
1 28260U 89001U   04178.65066957  .00007624  00000-0  23922-1 0  9998
2 28260  65.2602 335.4879 5648659  59.5822 344.3620  4.33030693  8735
1 28260U 89001U   04179.57439012  .00007834  00000-0  25195-1 0  9993
2 28260  65.2532 335.1629 5646434  59.5157 344.3891  4.33044834  8773
1 28260U 89001U   04179.80530683  .00006577  00000-0  21250-1 0  9996
2 28260  65.2455 335.0562 5646043  59.4776 344.3880  4.33046176  8784
1 28260U 89001U   04180.72899308  .00009152  00000-0  30574-1 0  9992
2 28260  65.2512 334.7112 5643015  59.4773 344.4195  4.33066516  8823
1 28260U 89001U   04181.19078491  .00009861  00000-0  33320-1 0  9995
2 28260  65.2526 334.5383 5641960  59.4862 344.3807  4.33077605  8844
1 28260U 89001U   04181.42167900  .00008967  00000-0  31257-1 0  9998
2 28260  65.2489 334.4355 5639302  59.5839 344.3370  4.33078771  8853
1 28260U 89001U   04182.57617103  .00006435  00000-0  23029-1 0  9996
2 28260  65.2402 334.0309 5637004  59.4557 344.3065  4.33087767  8908
1 28260U 89001U   04183.26889131  .00011254  00000-0  41286-1 0  9995
2 28260  65.2261 333.7697 5634690  59.4117 344.3850  4.33111512  8938
1 28260U 89001U   04183.73063420 +.00009989 +00000-0 +36974-1 0  9992
2 28260 065.2306 333.5826 5633903 059.2509 344.3670 04.33117138008951
1 28260U 89001U   04183.73063420  .00009989  00000-0  36974-1 0  9992
2 28260  65.2306 333.5826 5633903  59.2509 344.3670  4.33117138  8951
1 28260U 89001U   04183.73068493  .00006958  00000-0  24796-1 0  9999
2 28260  65.2344 333.5695 5637163  59.3769 344.3816  4.33106029  8957
1 28260U 89001U   04184.42329354  .00011473  00000-0  43742-1 0  9992
2 28260  65.2220 333.3033 5631225  59.3910 344.3630  4.33134343  8982
1 28260U 89001U   04191.58219543 -.00014847  00000-0  00000+0 0  9992
2 28260  65.1990 330.6145 5618410  58.9644 344.3937  4.32924888  9294
1 28260U 89001U   04192.50224537 -.00013202  00000-0 -67093-1 0  9996
2 28260  65.1922 330.2742 5606309  59.0744 338.2735  4.32903134  9339
1 28260U 89001U   04196.43358504 -.00012121  00000-0 -71928-1 0  9995
2 28260  65.1830 328.8783 5591937  59.1634 344.4043  4.32811313  9501
1 28260U 89001U   04200.59280704 -.00009129  00000-0 -61305-1 0  9996
2 28260  65.1454 327.3159 5580097  58.6836 344.2343  4.32711738  9687
1 28260U 89001U   04206.37109837  .00000192  00000-0  15759-2 0  9997
2 28260  65.1266 325.2161 5560228  58.4120 343.3669  4.32537510  9939
1 28260U 89001U   04211.45894072 -.00012496  00000-0  00000+0 0  9995
2 28260  65.1299 323.3835 5551280  57.6544 344.4439  4.32391084 10169
1 28260U 89001U   04215.39105470 -.00017775  00000-0 -19569+0 0  9995
2 28260  65.1185 322.0024 5528733  58.0183 344.1185  4.32253564 10323
1 28260U 89001U   04216.54788276  .00002584  00000-0  30350-1 0  9997
2 28260  65.1092 321.5592 5522589  57.9360 344.2366  4.32236403 10372
1 28260U 89001U   04218.63031206 -.00015329  00000-0  00000+0 0  9992
2 28260 065.1206 320.8136 5521757 057.7286 344.2531 04.32154089 10469
1 28260U 89001U   04220.48081817 -.00014172 +00000-0 -18009-0 0  9996
2 28260 065.1040 320.1784 5512557 057.6354 342.9886 04.32096117010544
1 28260U 89001U   04221.40736815 -.00008871 +00000-0 -11970-0 0  9993
2 28260 065.1208 319.8980 5505127 057.7372 344.2298 04.32080247010582
1 28260U 89001U   04225.57360307 -.00000011  00000-0  10000-3 0  9997
2 28260 065.1134 318.3799 5494871 057.1264 344.0573 04.31983445 10764
1 28260U 89001U   04225.57375486  .00000004  00000-0  50963-4 0  9995
2 28260 065.1156 318.3702 5497646 057.2580 344.2862 04.32003267 10766
1 28260U 89001U   04232.51853970 -.00012290  00000-0 -19228+0 0  9992
2 28260 065.1053 315.9801 5488553 056.9282 341.6125 04.31786558 11064
1 28260U 89001U   04234.37318309  .00000003  00000-0  10000-3 0  9990
2 28260 065.1818 315.4770 5466496 056.9705 344.4759 04.31775733 11141
1 28260U 89001U   04237.37988422 -.00000002  00000-0  10000-3 0  9992
2 28260 065.1021 314.2300 5466555 056.5574 337.5919 04.31705629 11271
1 28260U 89001U   04239.46901344  .00000004  00000-0  81071-4 0  9990
2 28260 065.1254 313.5886 5449702 056.8592 344.1744 04.31698489 11374
1 28260U 89001U   04242.48034601 -.00000022 +00000-0 +10000-3 0  9993
2 28260 065.1420 312.5746 5440764 056.2607 343.1571 04.31591304011491
1 28260U 89001U   04242.48034601 -.00000022  00000-0  10000-3 0  9993
2 28260 065.1420 312.5746 5440764 056.2607 343.1571 04.31591304 11491
1 28260U 89001U   04255.22476069 -.00000009  00000-0  10000-3 0  9992
2 28260 065.2150 308.4191 5405400 055.5712 338.8964 04.31397017 12041
1 28260U 89001U   04279.10445693 -.00000001  00000-0  10000-3 0  9996
2 28260 065.1685 300.2797 5404932 054.6800 334.6632 04.31279419 13077
1 28260U 89001U   04287.22823053  .00000020  00000-0  00000+0 0  9993
2 28260 065.4587 297.9836 5391277 052.5315 345.4434 04.31168834 13429
1 28260U 89001U   04290.01136047  .00000025  00000-0  10000-3 0  9994
2 28260 065.4721 297.0754 5393405 052.2263 345.3961 04.31158020 13546
1 28260U 89001U   04293.25852967  .00000021  00000-0  10000-3 0  9995
2 28260 065.5040 296.0300 5394804 051.9586 345.4274 04.31148007 13682
1 28260U 89001U   04296.27387383  .00000016  00000-0  10000-3 0  9999
2 28260 065.4799 295.0124 5397083 052.0545 345.2751 04.31127143 13815
1 28260U 89001U   04299.05749571  .00000014  00000-0  10000-3 0  9997
2 28260 065.5368 294.1531 5401018 051.5931 345.5049 04.31112937 13938
1 28260U 89001U   04302.30509153  .00000012  00000-0  10000-3 0  9998
2 28260 065.5592 293.1088 5410063 051.3474 345.6167 04.31100166 14072
1 28260U 89001U   04306.24868925  .00000018  00000-0  10000-3 0  9996
2 28260 065.6017 291.8506 5421522 050.9398 345.6701 04.31073502 14243
1 28260U 89001U   04309.03271140 -.00002028  00000-0 -51567-1 0  9999
2 28260 065.5834 290.8845 5427816 050.7023 346.0484 04.31062035 14364
1 28260U 89001U   04311.12069195  .00000135  00000-0  25673-2 0  9992
2 28260 065.6221 290.2539 5431267 050.6287 346.1957 04.31060144 14450
1 28260U 89001U   04322.95207002  .00011257  00000-0  21919+0 0  9999
2 28260 065.6521 286.3036 5462810 049.5553 349.2924 04.31243890 14967
1 28260U 89001U   04324.10979582  .00023194  00000-0  42494+0 0  9991
2 28260 065.6963 285.9951 5471062 049.6555 346.6753 04.31289810 15010
1 28260U 89001U   04324.57351627 +.00020701 +00000-0 +37918-0 0  9993
2 28260 065.6972 285.8369 5470957 049.6166 346.6837 04.31306297015036
1 28260U 89001U   04325.03722234  .00012837  00000-0  22057+0 0  9999
2 28260 065.6948 285.5963 5479532 049.3185 346.7120 04.31305067 15054
1 28260U 89001U   04325.73285071  .00013117  00000-0  22862+0 0  9995
2 28260 065.6888 285.4241 5477508 049.4338 346.7904 04.31323122 15082
1 28260U 89001U   04326.89203654  .00012770  00000-0  21684+0 0  9995
2 28260 065.7165 285.0918 5480794 049.2631 346.8280 04.31356122 15133
1 28260U 89001U   04326.89203654 +.00012770 +00000-0 +21684-0 0  9996
2 28260 065.7165 285.0918 5480794 049.2631 346.8280 04.31356122015133
1 28260U 89001U   04327.12387547 +.00019934 +00000-0 +33651-0 0  9993
2 28260 065.7175 285.0106 5481519 049.3518 346.8347 04.31373495015141
1 28260U 89001U   04328.05110553  .00015100  00000-0  25065+0 0  9997
2 28260 065.7187 284.6792 5483600 049.3791 346.7653 04.31393105 15189
1 28260U 89001U   04328.74655114  .00010020  00000-0  16599+0 0  9998
2 28260 065.7185 284.4411 5483735 049.3609 346.8025 04.31401941 15216
1 28260U 89001U   04328.97836835  .00014717  00000-0  23135+0 0  9995
2 28260 065.6869 284.3039 5490580 049.1033 346.9116 04.31420519 15229
1 28260U 89001U   04329.67375113 +.00014722 +00000-0 +23135-0 0  9997
2 28260 065.6862 284.0661 5490483 049.0579 346.9489 04.31440972015257
1 28260U 89001U   04330.13731053  .00018054  00000-0  28107+0 0  9994
2 28260 065.7124 283.9866 5491580 049.2354 346.9007 04.31459920 15277
1 28260U 89001U   04330.83260781 +.00015750 +00000-0 +24133-0 0  9992
2 28260 065.7176 283.7603 5493482 049.1170 346.9183 04.31480536015305
1 28260U 89001U   04331.06438311  .00019662  00000-0  29826+0 0  9993
2 28260 065.7299 283.6690 5494701 049.1100 346.9545 04.31495023 15314
1 28260U 89001U   04331.99135861  .00018887  00000-0  28034+0 0  9997
2 28260 065.7454 283.3410 5497242 048.9798 346.9730 04.31528550 15359
1 28260U 89001U   04332.22311043  .00016065  00000-0  23774+0 0  9994
2 28260 065.7355 283.2946 5497576 049.1508 346.9448 04.31532772 15362
1 28260U 89001U   04333.15001837  .00013994  00000-0  19763+0 0  9995
2 28260 065.7310 282.9776 5503261 049.0245 346.9917 04.31566578 15403
1 28260U 89001U   04333.84516593  .00015159  00000-0  21228+0 0  9995
2 28260 065.7349 282.7522 5504152 048.8819 347.0599 04.31590072 15433
1 28260U 89001U   04333.84516741  .00016012  00000-0  22345+0 0  9990
2 28260 065.7394 282.7558 5504585 048.8745 347.0690 04.31592541 15435
1 28260U 89001U   04335.93032767  .00017386  00000-0  25597+0 0  9990
2 28260 065.7077 281.9767 5497169 048.4804 347.2525 04.31666491 15522
1 28260U 89001U   04337.78334459  .00023418  00000-0  30683+0 0  9993
2 28260 065.7357 281.3774 5511302 048.7961 347.1458 04.31770608 15607
1 28260U 89001U   04340.79423345  .00021486  00000-0  24045+0 0  9999
2 28260 065.7443 280.3877 5529336 048.4333 347.8736 04.31903216 15735
1 28260U 89001U   04341.02541224  .00017819  00000-0  19758+0 0  9993
2 28260 065.7494 280.2973 5530352 048.4701 347.3138 04.31908722 15745
1 28260U 89001U   04341.95150881  .00018362  00000-0  19803+0 0  9995
2 28260 065.7626 279.9434 5533353 048.3555 347.3672 04.31947428 15782
1 28260U 89001U   04342.64602155  .00024624  00000-0  26485+0 0  9990
2 28260 065.7392 279.7194 5533438 048.4635 347.3559 04.31987061 15812
1 28260U 89001U   04343.10897350  .00026455  00000-0  27377+0 0  9990
2 28260 065.7492 279.5862 5537756 048.3478 347.3589 04.32015793 15834
1 28260U 89001U   04343.80338519  .00020036  00000-0  20231+0 0  9995
2 28260 065.7505 279.3447 5540409 048.2069 347.3780 04.32035855 15867
1 28260U 89001U   04344.03488553  .00027704  00000-0  27489+0 0  9996
2 28260 065.7633 279.2476 5542306 048.2100 347.4585 04.32060259 15875
1 28260U 89001U   04345.88626673  .00022841  00000-0  24525+0 0  9992
2 28260 065.7592 278.6341 5532536 048.1921 347.3626 04.32136969 15953
1 28260U 89001U   04346.11770042  .00023216  00000-0  25773+0 0  9992
2 28260 065.7482 278.5733 5528496 048.4048 347.3785 04.32150919 15966
1 28260U 89001U   04347.04322794  .00024916  00000-0  22226+0 0  9990
2 28260 065.7650 278.2326 5553363 048.0096 347.3552 04.32196292 16000
1 28260U 89001U   04347.73746248 +.00024928 +00000-0 +22226-0 0  9994
2 28260 065.7644 277.9902 5553169 047.9616 347.5657 04.32230848016036
1 28260U 89001U   04347.96881964  .00024000  00000-0  21217+0 0  9993
2 28260 065.7641 277.9037 5554042 048.0139 347.5519 04.32240652 16047
1 28260U 89001U   04349.12552176  .00028628  00000-0  24343+0 0  9996
2 28260 065.7422 277.4995 5557874 048.0154 347.5802 04.32309711 16097
1 28260U 89001U   04351.90089813  .00027278  00000-0  22203+0 0  9991
2 28260 065.7459 276.4722 5561668 047.7918 347.6789 04.32458285 16214
1 28260U 89001U   04352.59448934  .00030507  00000-0  21888+0 0  9997
2 28260 065.7163 276.1970 5574788 047.6081 347.5548 04.32502199 16244
1 28260U 89001U   04352.82584083  .00021378  00000-0  15402+0 0  9990
2 28260 065.7488 276.1992 5574295 047.6510 347.7521 04.32507059 16252
1 28260U 89001U   04353.51945794  .00024677  00000-0  17671+0 0  9992
2 28260 065.7485 275.9550 5574681 047.5452 347.8019 04.32545147 16285
1 28260U 89001U   04353.98182291  .00027420  00000-0  19583+0 0  9991
2 28260 065.7835 275.8202 5574748 047.8878 347.7292 04.32576735 16308
1 28260U 89001U   04354.90644229  .00029321  00000-0  19731+0 0  9995
2 28260 065.7552 275.3911 5580557 047.6597 347.7501 04.32630748 16349
1 28260U 89001U   04355.59986828  .00025951  00000-0  16616+0 0  9999
2 28260 065.7311 275.1869 5585419 047.4125 347.8069 04.32663093 16371
1 28260U 89001U   04355.83103876  .00025896  00000-0  16521+0 0  9993
2 28260 065.7386 275.1248 5585698 047.3549 347.8885 04.32675143 16388
1 28260U 89001U   04356.75548133  .00028100  00000-0  17638+0 0  9995
2 28260 065.7468 274.8183 5586953 047.2603 347.9369 04.32730661 16428
1 28260U 89001U   04356.98656515  .00031509  00000-0  19479+0 0  9996
2 28260 065.7547 274.7314 5588354 047.5013 347.8821 04.32750572 16432
1 28260U 89001U   04357.67976393  .00031329  00000-0  19295+0 0  9998
2 28260 065.7518 274.4902 5588423 047.5482 347.8485 04.32792896 16461
1 28260U 89001U   04357.91081979  .00031702  00000-0  19277+0 0  9997
2 28260 065.7583 274.4019 5589600 047.5044 347.8582 04.32807211 16471
1 28260U 89001U   04358.83497101  .00032740  00000-0  18208+0 0  9993
2 28260 065.7180 274.0117 5597991 047.1407 347.9470 04.32868504 16514
1 28260U 89001U   04359.75902634  .00025607  00000-0  14141+0 0  9993
2 28260 065.7542 273.7608 5598359 047.1957 347.9536 04.32910352 16552
1 28260U 89001U   04359.99005021  .00038407  00000-0  21070+0 0  9994
2 28260 065.7680 273.6919 5598799 047.3236 347.9790 04.32941113 16561
1 28260U 89001U   04360.91388806  .00030045  00000-0  16089+0 0  9997
2 28260 065.7536 273.3430 5600825 047.3654 347.8780 04.32982578 16607
1 28260U 89001U   04361.14489774  .00033079  00000-0  17708+0 0  9998
2 28260 065.7473 273.2581 5600720 047.3669 347.9691 04.33001543 16611
1 28260U 89001U   04362.06862309  .00032850  00000-0  16561+0 0  9991
2 28260 065.7362 272.9167 5606004 047.1953 348.0118 04.33066540 16657
1 28260U 89001U   04362.53045296  .00027517  00000-0  13648+0 0  9998
2 28260 065.7327 272.7529 5607404 047.1340 348.0304 04.33084220 16677
1 28260U 89001U   04362.99227138  .00028626  00000-0  14175+0 0  9993
2 28260 065.7383 272.5953 5607350 047.1796 348.0683 04.33113613 16694
1 28260U 89001U   04363.68489707  .00025592  00000-0  12391+0 0  9999
2 28260 065.7372 272.3309 5609215 047.1216 348.0554 04.33146200 16723
1 28260U 89001U   04363.91578216  .00025604  00000-0  12149+0 0  9994
2 28260 065.7356 272.2153 5611013 047.0719 348.0998 04.33159190 16732
1 28260U 89001U   04365.07002950  .00034547  00000-0  16015+0 0  9992
2 28260 065.7199 271.8599 5612565 047.1134 348.1738 04.33249188 16786
1 28260U 89001U   04365.53159977  .00032156  00000-0  14321+0 0  9997
2 28260 065.7031 271.7096 5616073 046.9790 348.1126 04.33274814 16803
1 28260U 89001U   04365.76242815  .00033076  00000-0  14342+0 0  9991
2 28260 065.7110 271.5772 5618395 046.9053 348.1820 04.33292093 16812
1 28260U 89001U   05002.76210628  .00039721  00000-0  15315+0 0  9991
2 28260 065.7176 270.4761 5627533 046.6971 348.2248 04.33490956 16947
1 28260U 89001U   05002.99283356  .00042280  00000-0  16173+0 0  9991
2 28260 065.7070 270.3902 5628055 046.8286 348.2704 04.33516099 16952
1 28260U 89001U   05003.68480063  .00034032  00000-0  12870+0 0  9998
2 28260 065.7118 270.1500 5628773 046.8444 348.2136 04.33554118 16986
1 28260U 89001U   05004.83799215  .00031096  00000-0  10644+0 0  9992
2 28260 065.6925 269.6509 5636884 046.5745 348.2904 04.33624528 17039
1 28260U 89001U   05005.06865562  .00027002  00000-0  93311-1 0  9993
2 28260 065.6930 269.6124 5635998 046.7340 348.3214 04.33632305 17044
1 28260U 89001U   05005.76046109 +.00028264 +00000-0 +97189-1 0  9996
2 28260 065.6924 269.3597 5636146 046.6765 348.3374 04.33671787017071
1 28260U 89001U   05005.99104853  .00035610  00000-0  12086+0 0  9996
2 28260 065.6885 269.3018 5637079 046.6818 348.3581 04.33700696 17083
1 28260U 89001U   05006.91326993  .00021495  00000-0  70526-1 0  9991
2 28260 065.6909 268.9420 5639679 046.6409 348.2596 04.33727765 17122
1 28260U 89001U   05007.83554068  .00019533  00000-0  58647-1 0  9999
2 28260 065.6684 268.5515 5646775 046.4013 348.4074 04.33763966 17167
1 28260U 89001U   05008.75770894  .00026801  00000-0  80803-1 0  9993
2 28260 065.6567 268.2290 5646084 046.4859 348.4934 04.33820559 17207
1 28260U 89001U   05009.91014467  .00020023  00000-0  57402-1 0  9998
2 28260 065.6665 267.8301 5649765 046.4546 348.4129 04.33873276 17251
1 28260U 89001U   05012.90606229  .00039601  00000-0  10341+0 0  9995
2 28260 065.6540 266.7036 5656358 046.4484 348.4181 04.34016675 17388
1 28260U 89001U   05013.59733779  .00023318  00000-0  64210-1 0  9996
2 28260 065.6592 266.4609 5652108 046.4634 348.4983 04.34030554 17421
1 28260U 89001U   05013.82766922 +.00024113 +00000-0 +57261-1 0  9990
2 28260 065.6312 266.3103 5663403 046.1756 348.5139 04.34062504017425
1 28260U 89001U   05013.82766922  .00024113  00000-0  57261-1 0  9990
2 28260 065.6312 266.3103 5663403 046.1756 348.5139 04.34062504 17425
1 28260U 89001U   05013.82772579  .00025584  00000-0  67335-1 0  9991
2 28260 065.6589 266.3940 5655549 046.2737 348.5680 04.34053551 17436
1 28260U 89001U   05014.51885483  .00026685  00000-0  63285-1 0  9990
2 28260 065.6241 266.0867 5663262 046.1521 348.6240 04.34102189 17454
1 28260U 89001U   05014.97956143  .00030183  00000-0  71187-1 0  9990
2 28260 065.6278 265.9396 5663479 046.2434 348.6086 04.34135297 17479
1 28260U 89001U   05015.67055076  .00030183  00000-0  70275-1 0  9990
2 28260 065.6390 265.7034 5664188 046.1328 348.6164 04.34177377 17506
1 28260U 89001U   05015.90087484  .00042835  00000-0  98282-1 0  9999
2 28260 065.6296 265.5943 5665094 046.1959 348.6324 04.34211484 17512
1 28260U 89001U   05019.82521667  .00092366  00000-0  18558+0 0  9990
2 28260 065.6011 264.0727 5670818 046.0179 006.7020 04.34822785 17689
1 28260U 89001U   05022.80157237  .00100754  00000-0  17350+0 0  9990
2 28260 065.5548 262.9224 5678801 045.8014 347.7770 04.35270549 17818
1 28260U 89001U   05023.72099945  .00081054  00000-0  13830+0 0  9993
2 28260 065.5429 262.6059 5678525 045.7531 348.6801 04.35402052 17850
1 28260U 89001U   05023.95074530  .00054004  00000-0  94323-1 0  9994
2 28260 065.5448 262.5386 5676838 045.8928 348.7565 04.35403727 17868
1 28260U 89001U   05025.55814489  .00050864  00000-0  86383-1 0  9994
2 28260 065.5353 261.8913 5677640 045.8518 348.7654 04.35571090 17934
1 28260U 89001U   05026.01730069  .00046673  00000-0  75012-1 0  9997
2 28260 065.5145 261.7057 5681258 045.7857 348.7636 04.35601447 17958
1 28260U 89001U   05026.70599104  .00049896  00000-0  77889-1 0  9990
2 28260 065.5141 261.4647 5682784 045.6675 348.8484 04.35672016 17983
1 28260U 89001U   05029.68889483  .00030775  00000-0  43874-1 0  9995
2 28260 065.4725 260.2959 5687337 045.5525 348.4752 04.35896521 18114
1 28260U 89001U   05031.75359400  .00045462  00000-0  69194-1 0  9999
2 28260 065.4959 259.6112 5681480 045.4677 349.4381 04.36115414 18201
1 28260U 89001U   05032.67036123  .00045689  00000-0  68818-1 0  9998
2 28260 065.5020 259.1530 5681588 045.4153 348.9640 04.36202232 18249
1 28260U 89001U   05032.89958033  .00048945  00000-0  64929-1 0  9992
2 28260 065.4448 259.0616 5689662 045.4254 349.0252 04.36261354 18251
1 28260U 89001U   05033.81632579  .00065937  00000-0  86039-1 0  9995
2 28260 065.4379 258.7074 5689998 045.4452 348.9552 04.36372317 18297
1 28260U 89001U   05034.96193949  .00129805  00000-0  15951+0 0  9993
2 28260 065.4129 258.2607 5692661 045.3321 348.7890 04.36555905 18347
1 28260U 89001U   05037.70862494  .00042614  00000-0  50637-1 0  9990
2 28260 065.4059 257.1844 5693741 045.1730 345.6728 04.36690359 18464
1 28260U 89001U   05038.85562376  .00046271  00000-0  59097-1 0  9995
2 28260 065.4375 256.7490 5688298 045.1877 349.1620 04.36811668 18514
1 28260U 89001U   05051.86077073  .00099257  00000-0  99466-1 0  9992
2 28260 065.1935 251.4903 5683667 044.5771 349.1589 04.39752893 19078
1 28260U 89001U   05057.76533600  .00068208  00000-0  77833-1 0  9996
2 28260 065.2129 249.1879 5670340 044.3992 344.6431 04.40525709 19349
1 28260U 89001U   05061.85163553  .00055140  00000-0  61511-1 0  9994
2 28260 065.1346 247.5880 5669294 044.0039 347.0161 04.40881656 19521
1 28260U 89001U   05062.76035532  .00047181  00000-0  50619-1 0  9993
2 28260 065.0576 247.1447 5671538 044.1029 349.2443 04.40929635 19554
1 28260U 89001U   05071.59441215  .00047255  00000-0  61341-1 0  9999
2 28260 064.9616 243.6034 5653093 043.9016 345.6654 04.41837351 19940
1 28260U 89001U   05072.50184868  .00034895  00000-0  46837-1 0  9998
2 28260 064.9386 243.2112 5650538 043.8970 349.0947 04.41882678 19996
1 28260U 89001U   05073.40705442  .00031404  00000-0  41859-1 0  9997
2 28260 064.9102 242.8330 5650614 043.6958 349.2001 04.41936168 20032
1 28260U 89001U   05073.85961393  .00059210  00000-0  79995-1 0  9992
2 28260 064.8986 242.6466 5649222 043.6389 349.3089 04.42015814 20056
1 28260U 89001U   05074.53822012  .00056640  00000-0  81054-1 0  9995
2 28260 064.9034 242.3795 5644821 043.7586 349.2093 04.42090426 20082
1 28260U 89001U   05075.66903900  .00040855  00000-0  58392-1 0  9996
2 28260 064.8896 241.9221 5644286 043.6393 349.1074 04.42173001 20131
1 28260U 89001U   05077.47806444  .00039473  00000-0  60939-1 0  9996
2 28260 064.8443 241.1734 5637964 043.5373 349.2650 04.42317417 20213
1 28260U 89001U   05078.38229897  .00037844  00000-0  58221-1 0  9999
2 28260 064.8441 240.8200 5637731 043.4676 349.2346 04.42384771 20255
1 28260U 89001U   05079.28642917  .00040334  00000-0  62217-1 0  9999
2 28260 064.8428 240.4667 5637048 043.4360 349.2671 04.42459936 20295
1 28260U 89001U   05079.51242345  .00017021  00000-0  28057-1 0  9997
2 28260 064.8687 240.4270 5632278 043.5993 349.1766 04.42441954 20302
1 28260U 89001U   05081.54644374  .00101557  00000-0  18106+0 0  9991
2 28260 064.8316 239.5857 5625861 043.5043 349.3527 04.42611766 20393
1 28260U 89001U   05083.57995838  .00014653  00000-0  26380-1 0  9995
2 28260 064.8436 238.8169 5625304 043.4144 349.2177 04.42593582 20482
1 28260U 89001U   05084.48147346  .00011734  00000-0  21762-1 0  9995
2 28260 064.8007 238.3810 5622733 043.2175 345.6861 04.42605142 20520
1 28260U 89001U   05085.38742774  .00013972  00000-0  27237-1 0  9990
2 28260 064.7749 237.9994 5618957 043.2924 349.2150 04.42625618 20560
1 28260U 89001U   05086.51703445 +.00005114 +00000-0 +10115-1 0  9994
2 28260 064.7731 237.5848 5617121 043.0791 349.2562 04.42636721020617
1 28260U 89001U   05087.42070692  .00001934  00000-0  38126-2 0  9995
2 28260 064.7656 237.1522 5615265 043.0115 349.2923 04.42641868 20658
1 28260U 89001U   05088.32436035 -.00002367  00000-0 -50649-2 0  9999
2 28260 064.7598 236.8280 5614976 042.9016 349.2590 04.42630552 20698
1 28260U 89001U   05089.45401167  .00000653  00000-0  12686-2 0  9995
2 28260 064.7345 236.3751 5607517 043.1031 349.2674 04.42625704 20741
1 28260U 89001U   05089.45401167 +.00000653 +00000-0 +12686-2 0  9995
2 28260 064.7345 236.3751 5607517 043.1031 349.2674 04.42625704020741
1 28260U 89001U   05090.35768241  .00006070  00000-0  13807-1 0  9999
2 28260 064.7229 236.0048 5606173 043.0850 349.2526 04.42639838 20786
1 28260U 89001U   05091.26132340  .00001031  00000-0  21634-2 0  9995
2 28260 064.7055 235.6572 5606053 042.9851 349.2060 04.42635477 20829
1 28260U 89001U   05091.48726882  .00002221  00000-0  50758-2 0  9990
2 28260 064.7251 235.5961 5603701 042.7719 349.2883 04.42636582 20838
1 28260U 89001U   05092.16503200 -.00000899  00000-0 -23835-2 0  9990
2 28260 064.7401 235.3562 5602840 042.7482 349.2916 04.42632838 20860
1 28260U 89001U   05094.42426554 -.00013687  00000-0 -36932-1 0  9997
2 28260 064.6995 234.4243 5594470 042.8959 349.1511 04.42594862 20967
1 28260U 89001U   05096.45790596 -.00001963  00000-0 -46403-2 0  9991
2 28260 064.7728 233.7375 5605734 042.7546 349.4888 04.42602249 21057
1 28260U 89001U   05097.13559931 -.00002367  00000-0 -56685-2 0  9995
2 28260 064.7357 233.4414 5604390 042.7714 349.2709 04.42595804 21081
1 28260U 89001U   05098.71720831 -.00003044  00000-0 -73705-2 0  9994
2 28260 064.7213 232.7927 5603388 042.6880 349.2529 04.42580771 21157
1 28260U 89001U   05099.39509031 -.00003469  00000-0 -90230-2 0  9999
2 28260 064.7126 232.5035 5597800 042.9303 349.2541 04.42573298 21185
1 28260U 89001U   05102.33252144 -.00005801  00000-0 -19825-1 0  9990
2 28260 064.6419 231.2980 5575376 042.5223 349.0647 04.42521086 21313
1 28260U 89001U   05103.23656832 -.00000137  00000-0 -64619-3 0  9992
2 28260 064.6156 230.9478 5570434 042.2377 349.2953 04.42508850 21356
1 28260U 89001U   05106.62636868 -.00000140  00000-0 -64619-3 0  9999
2 28260 064.6064 229.5150 5566527 042.1509 348.9931 04.42475723 21500
1 28260U 89001U   05109.33860936 -.00008586  00000-0 -39051-1 0  9997
2 28260 064.6167 228.5979 5549982 042.1886 348.7416 04.42386327 21626
1 28260U 89001U   05109.79103197 -.00012655  00000-0 -57671-1 0  9996
2 28260 064.6139 228.4196 5549855 041.8940 349.3093 04.42365363 21648
1 28260U 89001U   05116.34799461 -.00012854  00000-0 -63206-1 0  9992
2 28260 064.5743 225.8650 5543961 041.8142 349.3243 04.42193770 21930
1 28260U 89001U   05119.51436051 -.00013530  00000-0 -64181-1 0  9992
2 28260 064.5729 224.6425 5547982 041.2999 349.3290 04.42100491 22078
1 28260U 89001U   05120.41928563 -.00016580  00000-0 -10729+0 0  9992
2 28260 064.5755 224.3193 5517076 041.3932 349.6122 04.42070337 22112
1 28260U 89001U   05122.22893765 -.00010190  00000-0 -68896-1 0  9999
2 28260 064.5880 223.6539 5512641 041.4741 349.4782 04.42038019 22198
1 28260U 89001U   05122.45507642 -.00010198 +00000-0 -68896-1 0  9998
2 28260 064.5880 223.5683 5512734 041.4657 349.3402 04.42033405022200
1 28260U 89001U   05123.13377179 -.00011993  00000-0 -81971-1 0  9997
2 28260 064.5890 223.3262 5511618 041.2369 349.3744 04.42011829 22238
1 28260U 89001U   05123.36002968 -.00012157  00000-0 -83653-1 0  9995
2 28260 064.6062 223.2645 5510935 041.1358 349.4220 04.42005461 22248
1 28260U 89001U   05124.26502732 -.00013229  00000-0 -91082-1 0  9995
2 28260 064.5813 222.9003 5511034 041.0038 349.4604 04.41980580 22283
1 28260U 89001U   05130.37506195 -.00009270  00000-0 -78256-1 0  9990
2 28260 064.6055 220.6427 5489947 040.9295 349.8951 04.41849933 22552
1 28260U 89001U   05132.41176455 -.00009213  00000-0 -77492-1 0  9997
2 28260 064.5924 219.7873 5490585 040.5583 349.5557 04.41810740 22649
1 28260U 89001U   05133.31714901 -.00008311  00000-0 -71522-1 0  9997
2 28260 064.5962 219.4789 5488081 040.6200 349.5531 04.41797632 22689
1 28260U 89001U   05133.99618730 -.00007649  00000-0 -69907-1 0  9991
2 28260 064.6003 219.2427 5481261 040.7396 349.5204 04.41787659 22712
1 28260U 89001U   05134.44886401 -.00008100  00000-0 -74327-1 0  9999
2 28260 064.6074 219.0964 5480839 040.5851 349.4958 04.41777560 22735
1 28260U 89001U   05135.35432284 -.00007678  00000-0 -70257-1 0  9993
2 28260 064.6083 218.7569 5481240 040.4322 349.5509 04.41764189 22771
1 28260U 89001U   05136.03343147 -.00005929  00000-0 -54494-1 0  9990
2 28260 064.6209 218.5069 5480798 040.3575 349.5973 04.41760530 22805
1 28260U 89001U   05136.25978560 -.00005033  00000-0 -46930-1 0  9999
2 28260 064.6207 218.4340 5479161 040.4363 349.5619 04.41760739 22811
1 28260U 89001U   05138.07075784 -.00006050  00000-0 -57624-1 0  9999
2 28260 064.6158 217.7439 5476952 040.4019 349.5299 04.41735633 22897
1 28260U 89001U   05138.97630605 -.00007310  00000-0 -69876-1 0  9999
2 28260 064.6041 217.3919 5476671 040.1738 349.5942 04.41719290 22931
1 28260U 89001U   05139.20271076 -.00007423  00000-0 -73692-1 0  9995
2 28260 064.6246 217.3112 5472277 040.1853 349.6172 04.41716293 22946
1 28260U 89001U   05140.33467982 -.00008711  00000-0 -87153-1 0  9992
2 28260 064.6308 216.9075 5471576 040.1261 349.6160 04.41695766 22995
1 28260U 89001U   05141.01389590 -.00008027  00000-0 -80546-1 0  9995
2 28260 064.6439 216.6585 5471387 040.0391 349.6600 04.41687535 23025
1 28260U 89001U   05141.24029385 -.00005615  00000-0 -56649-1 0  9990
2 28260 064.6508 216.5909 5470967 040.0583 349.6497 04.41689990 23039
1 28260U 89001U   05143.27798562 -.00005760  00000-0 -61578-1 0  9993
2 28260 064.6427 215.8243 5464451 040.2577 349.5651 04.41660536 23124
1 28260U 89001U   05144.18367701 -.00006242  00000-0 -67066-1 0  9995
2 28260 064.6480 215.4914 5463884 040.0231 349.6287 04.41648581 23164
1 28260U 89001U   05144.41010841 -.00012844  00000-0 -13793+0 0  9992
2 28260 064.6451 215.4049 5463596 039.9033 349.6611 04.41636581 23177
1 28260U 89001U   05145.08942384 -.00007510  00000-0 -80904-1 0  9996
2 28260 064.6439 215.1531 5463513 039.8462 349.7172 04.41633089 23207
1 28260U 89001U   05145.31583990 -.00007515 +00000-0 -80904-1 0  9991
2 28260 064.6439 215.0690 5463601 039.8377 349.6907 04.41629667023218
1 28260U 89001U   05145.99515350 -.00007282  00000-0 -78366-1 0  9990
2 28260 064.6677 214.8237 5463670 039.7412 349.7236 04.41620819 23240
1 28260U 89001U   05146.22159103 -.00005985  00000-0 -65636-1 0  9991
2 28260 064.6717 214.7623 5461497 039.8720 349.6946 04.41622188 23250
1 28260U 89001U   05146.90089982 -.00004331  00000-0 -47674-1 0  9999
2 28260 064.6712 214.5077 5461234 039.8436 349.6926 04.41619444 23281
1 28260U 89001U   05147.35377299 -.00004173  00000-0 -47159-1 0  9992
2 28260 064.6546 214.3210 5458009 039.9133 349.6518 04.41612743 23309
1 28260U 89001U   05148.03310324 -.00005688  00000-0 -63795-1 0  9990
2 28260 064.6561 214.0683 5458665 039.8579 349.6467 04.41602450 23338
1 28260U 89001U   05148.25956154 -.00008049  00000-0 -90897-1 0  9998
2 28260 064.6665 213.9952 5457729 039.8172 349.6540 04.41592628 23347
1 28260U 89001U   05148.93894071 -.00006197  00000-0 -69886-1 0  9998
2 28260 064.6707 213.7498 5457924 039.6634 349.7281 04.41589173 23372
1 28260U 89001U   05149.39184485 -.00001503  00000-0 -17268-1 0  9993
2 28260 064.7030 213.6079 5456483 039.6502 349.7393 04.41596400 23396
1 28260U 89001U   05150.29763741 -.00004015  00000-0 -45923-1 0  9992
2 28260 064.7054 213.2762 5456254 039.5483 349.6980 04.41582895 23439
1 28260U 89001U   05151.20352588 -.00006342  00000-0 -73172-1 0  9999
2 28260 064.7038 212.9543 5455200 039.5389 349.7342 04.41565343 23475
1 28260U 89001U   05151.88293916 -.00004050  00000-0 -47253-1 0  9997
2 28260 064.6982 212.7007 5454020 039.5417 349.7542 04.41564677 23501
1 28260U 89001U   05152.10939437 -.00003582  00000-0 -41798-1 0  9995
2 28260 064.6967 212.6137 5454123 039.4590 349.7550 04.41563951 23516
1 28260U 89001U   05152.33586522 -.00000676  00000-0 -81733-2 0  9998
2 28260 064.7167 212.5349 5452227 039.4118 349.7792 04.41568392 23525
1 28260U 89001U   05153.24172614 -.00002908  00000-0 -34482-1 0  9990
2 28260 064.7104 212.1981 5452594 039.3987 349.7483 04.41559039 23563
1 28260U 89001U   05154.37411086 -.00008453  00000-0 -10073+0 0  9993
2 28260 064.7303 211.7977 5451661 039.2874 349.7475 04.41531687 23618
1 28260U 89001U   05155.05361574 -.00004205  00000-0 -51304-1 0  9990
2 28260 064.7461 211.5661 5449271 039.2552 349.8724 04.41536642 23645
1 28260U 89001U   05155.28006070 -.00002541  00000-0 -31196-1 0  9990
2 28260 064.7547 211.4896 5449220 039.2048 349.8291 04.41538772 23659
1 28260U 89001U   05155.95950873 -.00001408  00000-0 -17626-1 0  9996
2 28260 064.7616 211.2385 5448498 039.1764 349.8536 04.41540012 23682
1 28260U 89001U   05156.18597805 -.00001404  00000-0 -17743-1 0  9990
2 28260 064.7610 211.1602 5447342 039.2337 349.8226 04.41539602 23691
1 28260U 89001U   05157.09190256 -.00003131  00000-0 -39258-1 0  9994
2 28260 064.7608 210.8257 5446514 039.2304 349.7997 04.41530058 23739
1 28260U 89001U   05158.22435337 -.00006623  00000-0 -82476-1 0  9991
2 28260 064.7662 210.4159 5446639 039.2190 349.7668 04.41508388 23788
1 28260U 89001U   05158.22438521 -.00004512  00000-0 -57232-1 0  9996
2 28260 064.7699 210.4203 5444637 039.1604 349.8401 04.41513910 23786
1 28260U 89001U   05158.90386620 -.00003386  00000-0 -43094-1 0  9992
2 28260 064.7657 210.1664 5444482 039.0335 349.8726 04.41512081 23818
1 28260U 89001U   05159.13035632 -.00002934  00000-0 -37583-1 0  9996
2 28260 064.8055 210.1186 5443863 039.0077 349.8709 04.41512198 23826
1 28260U 89001U   05160.26282784 -.00000529  00000-0 -70895-2 0  9996
2 28260 064.8050 209.7039 5443891 038.9562 349.8841 04.41513430 23872
1 28260U 89001U   05161.39529256  .00000112  00000-0  10691-2 0  9993
2 28260 064.8118 209.2970 5443853 038.8831 349.8982 04.41515182 23920
1 28260U 89001U   05161.39529256 +.00000112 +00000-0 +10691-2 0  9993
2 28260 064.8118 209.2970 5443853 038.8831 349.8982 04.41515182023920
1 28260U 89001U   05163.20724408  .00000779  00000-0  10003-1 0  9996
2 28260 064.8598 208.6651 5437504 038.7686 349.8207 04.41502876 24000
1 28260U 89001U   05164.11329783 -.00001882  00000-0 -25083-1 0  9996
2 28260 064.8479 208.3258 5439432 038.6876 349.8935 04.41493119 24041
1 28260U 89001U   05165.24585550 -.00000608  00000-0 -84511-2 0  9994
2 28260 064.8588 207.9264 5439510 038.6285 349.9546 04.41492157 24090
1 28260U 89001U   05165.92537371  .00002085  00000-0  26876-1 0  9995
2 28260 064.8741 207.6821 5439003 038.5382 350.0038 04.41500383 24125
1 28260U 89001U   05166.15185918  .00002211  00000-0  28546-1 0  9994
2 28260 064.8748 207.6027 5438830 038.5436 349.9779 04.41501770 24138
1 28260U 89001U   05166.83136023 +.00002168 +00000-0 +27962-1 0  9994
2 28260 064.8870 207.3664 5438572 038.5171 349.9860 04.41504808024166
1 28260U 89001U   05168.19035090 -.00001050  00000-0 -15047-1 0  9999
2 28260 064.8732 206.8416 5435218 038.7121 349.8963 04.41496431 24225
1 28260U 89001U   05169.09638525 -.00001419  00000-0 -20038-1 0  9996
2 28260 064.9158 206.5674 5435722 038.3819 350.0057 04.41493902 24263
1 28260U 89001U   05170.00241992 -.00004972  00000-0 -67433-1 0  9994
2 28260 064.9132 206.2360 5436980 038.1804 350.0783 04.41485205 24301
1 28260U 89001U   05170.22893509 -.00002243  00000-0 -31081-1 0  9994
2 28260 064.9144 206.1566 5436368 038.2377 350.0775 04.41489206 24314
1 28260U 89001U   05170.90845450  .00000050  00000-0 -27918-3 0  9990
2 28260 064.9287 205.9136 5435941 038.1744 350.1091 04.41494521 24346
1 28260U 89001U   05171.13494385 +.00000050 +00000-0 -27918-3 0  9993
2 28260 064.9287 205.8312 5436005 038.1642 350.0874 04.41494511024358
1 28260U 89001U   05172.04096320 -.00000144  00000-0 -28263-2 0  9999
2 28260 064.9042 205.4818 5438118 038.2616 350.0669 04.41495116 24391
1 28260U 89001U   05172.94697916  .00001036  00000-0  13140-1 0  9992
2 28260 064.9413 205.1878 5435412 038.0821 350.1196 04.41498566 24439
1 28260U 89001U   05173.17347155  .00001494  00000-0  19418-1 0  9997
2 28260 064.9523 205.1114 5434966 038.1108 350.0943 04.41499732 24442
1 28260U 89001U   05175.89146540 -.00005670  00000-0 -79221-1 0  9993
2 28260 064.9501 204.0727 5432308 038.0728 350.0779 04.41484701 24561
1 28260U 89001U   05176.11797507  .00000405  00000-0  50246-2 0  9990
2 28260 065.0226 204.1244 5432828 037.8933 350.1216 04.41501737 24571
1 28260U 89001U   05177.25048370 -.00002048  00000-0 -28526-1 0  9995
2 28260 065.0450 203.7214 5434036 037.8351 350.1178 04.41494463 24629
1 28260U 89001U   05178.15652528 -.00000394  00000-0 -58864-2 0  9992
2 28260 065.0450 203.3823 5434753 037.7831 350.1726 04.41495964 24669
1 28260U 89001U   05179.06253700  .00000170  00000-0  17226-2 0  9999
2 28260 065.0535 203.0673 5435396 037.7019 350.1873 04.41497145 24706
1 28260U 89001U   05180.19505704 -.00000069  00000-0 -16141-2 0  9993
2 28260 065.0665 202.6690 5435405 037.6587 350.1948 04.41495899 24756
1 28260U 89001U   05181.10108072  .00000693  00000-0  86026-2 0  9992
2 28260 065.0754 202.3466 5435484 037.5766 350.2382 04.41498998 24798
1 28260U 89001U   05183.13959610  .00001298  00000-0  16560-1 0  9996
2 28260 065.1127 201.6291 5436297 037.4287 350.2804 04.41504260 24880
1 28260U 89001U   05186.08406809 -.00000039  00000-0 -12126-2 0  9999
2 28260 065.0188 200.4741 5439367 037.3047 350.1961 04.41497266 25013
1 28260U 89001U   05193.10557373 -.00089961  00000-0 -11322+1 0  9999
2 28260 065.2736 198.1632 5445934 036.7939 350.4569 04.41330572 25323
1 28260U 89001U   05193.10575604 -.00079778  00000-0 -10040+1 0  9997
2 28260 065.2737 198.1633 5445796 036.7940 350.7461 04.41351188 25323
1 28260U 89001U   05193.10575604  .00000755  00000-0  88741-2 0  9999
2 28260 065.2098 198.1247 5443473 036.8653 350.7308 04.41513555 25324
1 28260U 89001U   05195.14402281  .00000947  00000-0  10884-1 0  9990
2 28260 065.2293 197.3992 5446005 036.7223 350.4942 04.41519388 25416
1 28260U 89001U   05196.04998492  .00002096  00000-0  24948-1 0  9997
2 28260 065.2999 197.1337 5446777 036.5701 350.5325 04.41526743 25458
1 28260U 89001U   05196.95593550 -.00005681  00000-0 -70511-1 0  9995
2 28260 065.3259 196.8400 5448012 036.4499 350.5085 04.41508919 25494
1 28260U 89001U   05198.08848029 -.00001242  00000-0 -15926-1 0  9993
2 28260 065.3545 196.4642 5449833 036.3972 350.6376 04.41514719 25548
1 28260U 89001U   05198.99443061 -.00000987  00000-0 -12708-1 0  9990
2 28260 065.3795 196.1493 5450773 036.4330 350.5841 04.41514719 25580
1 28260U 89001U   05199.22092104  .00000259  00000-0  22053-2 0  9990
2 28260 065.3828 196.0696 5451184 036.4876 350.5665 04.41516705 25595
1 28260U 89001U   05200.12689172  .00001376  00000-0  15508-1 0  9996
2 28260 065.3962 195.7455 5452024 036.4083 350.5896 04.41520832 25634
1 28260U 89001U   05201.03284892  .00001793  00000-0  20521-1 0  9991
2 28260 065.3997 195.4219 5452176 036.3768 350.5903 04.41524947 25678
1 28260U 89001U   05203.07123026  .00000543  00000-0  57362-2 0  9994
2 28260 065.4236 194.6755 5456418 036.2095 350.5530 04.41523239 25765
1 28260U 89001U   05203.97723896  .00000574  00000-0  59479-2 0  9999
2 28260 065.4607 194.4164 5460352 035.9949 350.6677 04.41525122 25806
1 28260U 89001U   05205.10970580 -.00001115  00000-0 -12619-1 0  9998
2 28260 065.4570 194.0089 5461584 036.0735 350.6753 04.41523105 25859
1 28260U 89001U   05206.01567417 -.00000086  00000-0 -13684-2 0  9990
2 28260 065.4615 193.6793 5462095 035.9458 350.7348 04.41526086 25890
1 28260U 89001U   05206.92162170  .00000489  00000-0  47743-2 0  9995
2 28260 065.4951 193.3780 5463768 035.8565 350.7431 04.41527676 25936
1 28260U 89001U   05208.96002231  .00000438  00000-0  40249-2 0  9990
2 28260 065.5252 192.6728 5466380 035.8454 350.7661 04.41530031 26020
1 28260U 89001U   05208.96002231 +.00000438 +00000-0 +40249-2 0  9990
2 28260 065.5252 192.6728 5466380 035.8454 350.7661 04.41530031026020
1 28260U 89001U   05209.41299621 +.00000439 +00000-0 +40249-2 0  9993
2 28260 065.5252 192.5102 5466505 035.8173 350.7726 04.41530376026048
1 28260U 89001U   05210.99840562 -.00000538  00000-0 -58136-2 0  9990
2 28260 065.5177 191.9296 5474120 035.4819 350.8466 04.41529278 26115
1 28260U 89001U   05211.90438435  .00000675  00000-0  61602-2 0  9996
2 28260 065.5516 191.6248 5475139 035.4402 350.9055 04.41532749 26151
1 28260U 89001U   05212.58383852  .00000443  00000-0  42179-2 0  9994
2 28260 065.4804 191.3381 5467501 035.4389 350.9199 04.41532998 26181
1 28260U 89001U   05213.03678049 +.00000439 +00000-0 +42179-2 0  9995
2 28260 065.4805 191.1752 5467625 035.4115 350.8804 04.41533363026208
1 28260U 89001U   05213.94272030  .00000332  00000-0  31331-2 0  9995
2 28260 065.5237 190.8807 5469575 035.4203 350.8676 04.41533266 26242
1 28260U 89001U   05215.07515320  .00003765  00000-0  34709-1 0  9997
2 28260 065.6269 190.5532 5481228 035.4000 350.9474 04.41553646 26290
1 28260U 89001U   05215.98102692  .00003371  00000-0  30964-1 0  9993
2 28260 065.6299 190.2397 5481692 035.4126 350.9029 04.41558678 26334
1 28260U 89001U   05215.98102692 +.00003371 +00000-0 +30964-1 0  9993
2 28260 065.6299 190.2397 5481692 035.4126 350.9029 04.41558678026334
1 28260U 89001U   05218.92511355  .00002072  00000-0  19452-1 0  9996
2 28260 065.5967 189.1462 5478450 034.8076 351.0299 04.41567916 26460
1 28260U 89001U   05220.96333438  .00002554  00000-0  23391-1 0  9999
2 28260 065.5897 188.4177 5480713 035.0728 351.1053 04.41584087 26556
1 28260U 89001U   05220.97435264  .00002554  00000-0  23391-1 0  9990
2 28260 065.5897 188.4138 5480716 035.0721 008.6210 04.41584143 26551
1 28260U 89001U   05228.88900882  .00001034  00000-0  74018-2 0  9996
2 28260 065.6875 185.6347 5508688 033.7558 350.8587 04.41596746 26901
1 28260U 89001U   05230.02164114 +.00001027 +00000-0 +74018-2 0  9997
2 28260 065.6875 185.2251 5508976 033.6800 351.4641 04.41599065026950
1 28260U 89001U   05233.87130164  .00002294  00000-0  15238-1 0  9996
2 28260 065.8298 183.9395 5517173 034.4143 351.3380 04.41616030 27124
1 28260U 89001U   05265.75284267  .00045521  00000-0  14886+0 0  9998
2 28260 066.0000 172.4437 5572474 032.4047 352.1099 04.43389485 28539
1 28260U 89001U   05274.16990682  .00001543  00000-0  97885-2 0  9997
2 28260 065.8110 169.3479 5523250 031.5420 347.6100 04.41740418 28900
1 28260U 89001U   05279.72136231  .00017121  00000-0  46626-1 0  9991
2 28260 065.9598 167.2241 5582353 031.5583 352.4116 04.44183596 29154
1 28260U 89001U   05286.69827736  .00017623  00000-0  43814-1 0  9995
2 28260 065.8742 164.5616 5587819 031.5028 352.4360 04.44460385 29465
1 28260U 89001U   05288.66039469  .00016476  00000-0  41461-1 0  9993
2 28260 065.9434 163.9709 5586464 031.4598 251.9851 04.44515560 29549
1 28260U 89001U   05293.67184296  .00014489  00000-0  31361-1 0  9999
2 28260 065.8675 161.9798 5597425 030.8666 352.6414 04.44645212 29776
1 28260U 89001U   05296.59467164  .00014804  00000-0  35114-1 0  9992
2 28260 065.9059 160.8544 5590050 030.3902 351.6313 04.44733086 29892
1 28260U 89001U   05309.63136524 +.00013650 +00000-0 +30272-1 0  9993
2 28260 065.8657 155.8409 5592613 029.9360 351.2290 04.45071456030471
1 28260U 89001U   05309.63136524 +.00013650 +00000-0 +30272-1 0  9993
2 28260 065.8657 155.8409 5592613 029.9360 351.2290 04.45071456030471
1 28260U 89001U   06137.84063693  .00068688  00000-0  74809-1 0  9997
2 28260 065.4736 078.7598 5584433 022.5904 117.9812 04.53694989 39063
1 28260U 89001U   06141.95037716  .00087359  00000-0  94987-1 0  9996
2 28260 065.4845 077.0520 5579526 022.4463 356.1718 04.54445504 39258
1 28260U 89001U   06146.78600667  .00106198  00000-0  10341+0 0  9996
2 28260 065.5392 075.2560 5579117 021.8067 357.9342 04.55569966 39464
1 28260U 89001U   06150.95065731  .00147529  00000-0  14298+0 0  9995
2 28260 065.5645 073.5195 5570823 022.2187 357.9937 04.56840927 39665
1 28260U 89001U   06153.79166944 +.00136826 +00000-0 +12283-0 0  9999
2 28260 065.5571 072.3780 5570540 021.8351 354.1858 04.57598027039791
1 28260U 89001U   06153.79166944 +.00136826 +00000-0 +12283-0 0  9999
2 28260 065.5571 072.3780 5570540 021.8351 354.1858 04.57598027039791
1 28260U 89001U   06153.79201657  .00143101  00000-0  13120+0 0  9994
2 28260 065.5516 072.3620 5569068 021.9810 354.7240 04.57615198 39797
1 28260U 89001U   06156.41236513  .00136752  00000-0  12387+0 0  9993
2 28260 065.5579 071.3195 5565225 021.6421 354.7792 04.58315610 39911
1 28260U 89001U   06158.81076374  .00100592  00000-0  96073-1 0  9995
2 28260 065.5808 070.3721 5560048 022.0248 351.2955 04.58603704 40021
1 28260U 89001U   06163.82258570  .00133452  00000-0  12327+0 0  9991
2 28260 065.5784 068.3175 5552702 021.6021 358.9101 04.60006670 40250
1 28260U 89001U   06171.84485937  .00066716  00000-0  67792-1 0  9997
2 28260 065.5793 065.0545 5539315 021.4914 339.7232 04.61123881 40627
1 28260U 89001U   06175.75529543  .00059459  00000-0  63002-1 0  9999
2 28260 065.5550 063.4811 5533731 021.3173 353.8426 04.61545384 40806
1 28260U 89001U   06176.83922651  .00039255  00000-0  41497-1 0  9992
2 28260 065.5726 063.0483 5533579 021.3189 354.8548 04.61593656 40855
1 28260U 89001U   06177.70575560  .00038711  00000-0  41866-1 0  9998
2 28260 065.5770 062.7042 5531600 021.3285 354.8832 04.61660097 40895
1 28260U 89001U   06180.73769326  .00043492  00000-0  54888-1 0  9990
2 28260 065.6154 061.4974 5519392 021.1652 354.9221 04.61906927 41037
1 28260U 89001U   06181.38702201  .00089958  00000-0  10144+0 0  9993
2 28260 065.5343 061.1733 5526214 021.1000 354.7665 04.62040934 41065
1 28260U 89001U   06182.68539068  .00033381  00000-0  37531-1 0  9996
2 28260 065.5414 060.6404 5526849 021.0063 353.9737 04.61998126 41127
1 28260U 89001U   06185.71566291  .00038610  00000-0  50144-1 0  9996
2 28260 065.5228 059.4421 5515086 021.1234 355.8143 04.62297004 41262
1 28260U 89001U   06186.79658619  .01121837  00000-0  15358+1 0  9993
2 28260 065.5103 058.9820 5502552 021.1102 355.0003 04.63573966 41317
1 28260U 89001U   06187.65757966  .00061743  00000-0  82392-1 0  9995
2 28260 065.5099 058.6355 5511459 021.0184 348.5044 04.62535307 41358
1 28260U 89001U   06187.66145316  .00061400  00000-0  79702-1 0  9997
2 28260 065.5160 058.6339 5513223 020.9419 354.9702 04.62535363 41353
1 28260U 89001U   06188.74229497  .00039546  00000-0  54085-1 0  9993
2 28260 065.4781 058.1567 5509304 021.0245 354.7665 04.62601316 41407
1 28260U 89001U   06189.60701776  .00032486  00000-0  44898-1 0  9991
2 28260 065.4698 057.7868 5508198 020.9737 354.9130 04.62650721 41444
1 28260U 89001U   06190.68770068  .00025142  00000-0  35198-1 0  9995
2 28260 065.4820 057.3756 5506915 020.9056 354.9033 04.62697260 41498
1 28260U 89001U   06194.79322383  .00025138  00000-0  36435-1 0  9994
2 28260 065.5192 055.8425 5502941 020.5894 355.0535 04.62904691 41687
1 28260U 89001U   06195.00924985  .00237466  00000-0  36079+0 0  9996
2 28260 065.4172 055.5488 5497412 020.7184 355.2107 04.63224995 41691
1 28260U 89001U   06197.59622970  .00019408  00000-0  29743-1 0  9997
2 28260 065.4943 054.5793 5498758 019.7046 346.5433 04.62984198 41810
1 28260U 89001U   06205.59048535  .00009942  00000-0  16139-1 0  9993
2 28260 065.5350 051.3664 5493242 019.7284 352.5046 04.63124725 42183
1 28260U 89001U   06208.61504571  .00007486  00000-0  15931-1 0  9996
2 28260 065.3121 050.0172 5472125 020.2820 355.0514 04.63146976 42334
1 28260U 89001U   06210.55789871  .00007325  00000-0  13156-1 0  9999
2 28260 065.3782 049.2406 5486014 020.3547 354.4779 04.63177677 42413
1 28260U 89001U   06212.71717531  .00006682  00000-0  12821-1 0  9996
2 28260 065.3489 048.3682 5480827 019.7515 355.0066 04.63197963 42513
1 28260U 89001U   06213.58083253  .00006681  00000-0  15676-1 0  9999
2 28260 065.3318 048.0771 5464387 020.1843 355.1136 04.63210317 42555
1 28260U 89001U   06215.52368118  .00007278  00000-0  19881-1 0  9996
2 28260 065.2885 047.2510 5450723 020.3103 354.9924 04.63239146 42648
1 28260U 89001U   06215.52371300  .00006824  00000-0  17315-1 0  9999
2 28260 065.3325 047.3214 5457209 020.3163 355.0308 04.63238111 42641
1 28260U 89001U   06216.60304121  .00007012  00000-0  18954-1 0  9996
2 28260 065.3017 046.8155 5451528 019.9446 355.0771 04.63249789 42695
1 28260U 89001U   06218.54580033  .00005974  00000-0  16271-1 0  9994
2 28260 065.3195 046.0409 5450557 019.9924 354.9600 04.63265506 42782
1 28260U 89001U   06219.62514944  .00004639  00000-0  12826-1 0  9991
2 28260 065.2673 045.5601 5449261 019.7908 355.0453 04.63265371 42834
1 28260U 89001U   06224.58972625 -.00000167  00000-0 -35009-3 0  9990
2 28260 065.1483 043.4647 5448704 019.5309 354.3349 04.63244568 43060
1 28260U 89001U   06228.47588235  .00005731  00000-0  21802-1 0  9996
2 28260 065.1075 041.8859 5420788 019.5425 355.4034 04.63277337 43248
1 28260U 89001U   06231.49754985  .00001093  00000-0  44231-2 0  9998
2 28260 065.0810 040.6412 5415286 020.6960 354.4692 04.63268609 43386
1 28260U 89001U   06233.44044777  .00001858  00000-0  79768-2 0  9998
2 28260 065.0458 039.8881 5409985 020.0728 354.9395 04.63278408 43472
1 28260U 89001U   06234.51969211 -.00000834  00000-0 -34956-2 0  9991
2 28260 064.9653 039.3876 5407658 018.7564 355.1942 04.63270349 43526
1 28260U 89001U   06236.46244230  .00000521  00000-0  26721-2 0  9996
2 28260 065.0050 038.6547 5398498 019.1819 355.1595 04.63276387 43617
1 28260U 89001U   06237.54167717 -.00003093  00000-0 -14765-1 0  9993
2 28260 064.9803 038.2088 5397137 018.9278 355.0943 04.63259742 43669
1 28260U 89001U   06239.48450696 -.00002881  00000-0 -14082-1 0  9995
2 28260 064.9709 037.4226 5395003 018.9430 355.1578 04.63249803 43751
1 28260U 89001U   06241.42733581 -.00004339  00000-0 -21191-1 0  9998
2 28260 064.9550 036.6249 5395920 018.5589 355.1890 04.63228568 43842
1 28260U 89001U   06241.42736834 -.00004796  00000-0 -23856-1 0  9999
2 28260 064.9577 036.6255 5394120 018.6584 355.2044 04.63225574 43841
1 28260U 89001U   06242.29090216 -.00006150  00000-0 -33410-1 0  9995
2 28260 064.9280 036.2672 5385290 019.1995 355.0506 04.63208923 43885
1 28260U 89001U   06244.44984635 -.00009147  00000-0 -50062-1 0  9992
2 28260 064.9398 035.4193 5385012 018.4736 355.1080 04.63159705 43983
1 28260U 89001U   06245.52950805 -.00012380  00000-0 -70355-1 0  9994
2 28260 064.9059 034.9865 5381301 018.3292 355.2491 04.63124378 44032
1 28260U 89001U   06246.39325440 -.00010402  00000-0 -60397-1 0  9999
2 28260 064.9441 034.6634 5379012 018.0314 355.4298 04.63116859 44072
1 28260U 89001U   06247.47288331 -.00007277  00000-0 -44391-1 0  9998
2 28260 064.8719 034.1767 5373612 018.2540 355.3425 04.63107140 44124
1 28260U 89001U   06250.49606264 -.00009283  00000-0 -57573-1 0  9998
2 28260 064.8338 032.9510 5372014 018.2263 355.1622 04.63047358 44266
1 28260U 89001U   06251.35998593 -.00009125  00000-0 -58866-1 0  9994
2 28260 064.8138 032.5904 5367722 018.1356 355.3442 04.63035576 44305
1 28260U 89001U   06252.43980730 -.00007445  00000-0 -52843-1 0  9990
2 28260 064.8344 032.2156 5356983 018.6882 355.1628 04.63025221 44351
1 28260U 89001U   06254.38359611 -.00010046  00000-0 -73338-1 0  9997
2 28260 064.7893 031.3820 5354388 018.4289 355.0943 04.62977639 44440
1 28260U 89001U   06255.46365151 -.00010716  00000-0 -80429-1 0  9996
2 28260 064.8007 030.9768 5351469 018.5114 355.1385 04.62951242 44497
1 28260U 89001U   06257.40782045 -.00011605  00000-0 -93841-1 0  9997
2 28260 064.8072 030.2308 5343188 018.5928 355.1047 04.62902629 44584
1 28260U 89001U   06263.45757969 -.00013874  00000-0 -12051+0 0  9998
2 28260 064.6627 027.7483 5335376 016.7252 355.7556 04.62765630 44864
1 28260U 89001U   06264.32187936 -.00014540  00000-0 -13238+0 0  9995
2 28260 064.6341 027.3795 5329927 017.0577 355.4968 04.62737658 44906
1 28260U 89001U   06265.40245068 -.00013416  00000-0 -12783+0 0  9991
2 28260 064.6322 026.9388 5324541 017.3070 355.4460 04.62710124 44957
1 28260U 89001U   06268.42838639 -.00006463  00000-0 -61968-1 0  9993
2 28260 064.5826 025.7093 5323467 017.0466 356.0907 04.62697688 45095
1 28260U 89001U   06269.29255197 -.00004166  00000-0 -40999-1 0  9990
2 28260 064.5963 025.3875 5319725 016.9219 355.6183 04.62701594 45135
1 28260U 89001U   06272.31832536 -.00014993  00000-0 -15320+0 0  9992
2 28260 064.5831 024.1550 5316802 016.9240 355.3370 04.62617941 45275
1 28260U 89001U   06275.34502266 -.00011283  00000-0 -12690+0 0  9998
2 28260 064.6232 023.0507 5304701 017.1215 355.6159 04.62556868 45415
1 28260U 89001U   06287.23890433 -.00003835  00000-0 -43635-1 0  9994
2 28260 064.6824 018.3296 5301009 014.4152 002.0203 04.62514044 45965
1 28260U 89001U   06290.26245438 -.00001203  00000-0 -13853-1 0  9996
2 28260 064.6196 017.1406 5290276 015.6841 356.3213 04.62538557 46106
1 28260U 89001U   06298.26175642  .00000765  00000-0  10247-1 0  9997
2 28260 064.5361 013.9275 5293212 014.9177 356.7473 04.62557639 46478
1 28260U 89001U   06298.90996001 -.00148356  00000-0 -18696+1 0  9994
2 28260 064.5294 013.6586 5291295 014.9725 356.1108 04.62452519 46507
1 28260U 89001U   06301.28869111  .00016205  00000-0  20279+0 0  9995
2 28260 064.5535 012.7329 5291542 014.8285 357.5344 04.62636137 46614
1 28260U 89001U   06306.25853658  .00004477  00000-0  57799-1 0  9993
2 28260 064.5927 010.8265 5288909 014.6642 354.6478 04.62655557 46843
1 28260U 89001U   06308.20474286  .00013796  00000-0  16544+0 0  9991
2 28260 064.5670 009.9875 5296794 014.2893 356.2524 04.62692551 46934
1 28260U 89001U   06308.20478460 +.00013986 +00000-0 +16727-0 0  9994
2 28260 064.5658 009.9851 5297125 014.2809 356.3262 04.62693303046936
1 28260U 89001U   06311.23029693  .00008099  00000-0  95042-1 0  9998
2 28260 064.5651 008.7858 5299737 014.0613 356.0760 04.62731356 47072
1 28260U 89001U   06316.20057013  .00007168  00000-0  83726-1 0  9999
2 28260 064.5353 006.7628 5300412 013.9971 356.4015 04.62804410 47307
1 28260U 89001U   06318.14519378  .00007123  00000-0  76277-1 0  9995
2 28260 064.6462 006.0724 5311084 013.6891 356.6022 04.62850952 47395
1 28260U 89001U   06320.08955064  .00009480  00000-0  87710-1 0  9999
2 28260  64.6552   5.1364 5328331  12.3027 356.9350  4.62893219 47485
1 28260U 89001U   06320.08955064 +.00009480 +00000-0 +87710-1 0  9999
2 28260 064.6552 005.1364 5328331 012.3027 356.9350 04.62893219047485
1 28260U 89001U   06320.08955064  .00009480  00000-0  87710-1 0  9999
2 28260  64.6552   5.1364 5328331  12.3027 356.9350  4.62893219 47485
1 28260U 89001U   06320.08955064 +.00009480 +00000-0 +87710-1 0  9999
2 28260 064.6552 005.1364 5328331 012.3027 356.9350 04.62893219047485
1 28260U 89001U   06320.08955064  .00009480  00000-0  87710-1 0  9999
2 28260  64.6552   5.1364 5328331  12.3027 356.9350  4.62893219 47485
1 28260U 89001U   06320.08955064  .00009480  00000-0  87710-1 0  9999
2 28260  64.6552   5.1364 5328331  12.3027 356.9350  4.62893219 47485
1 28260U 89001U   06320.08955064  .00009480  00000-0  87710-1 0  9999
2 28260  64.6552   5.1364 5328331  12.3027 356.9350  4.62893219 47485
1 28260U 89001U   06320.08955064  .00009480  00000-0  87710-1 0  9999
2 28260  64.6552   5.1364 5328331  12.3027 356.9350  4.62893219 47485
1 28260U 89001U   06320.08956531  .00009273  00000-0  92318-1 0  9999
2 28260 064.6540 005.2977 5319356 012.9400 356.7736 04.62893169 47481
1 28260U 89001U   06337.36625255  .00008743  00000-0  88993-1 0  9999
2 28260 064.5831 358.3854 5313923 012.8849 355.9487 04.63193123 48286
1 28260U 89001U   06337.36625255 +.00008743 +00000-0 +88993-1 0  9999
2 28260 064.5831 358.3854 5313923 012.8849 355.9487 04.63193123048286
1 28260U 89001U   06337.36625255  .00008743  00000-0  88993-1 0  9999
2 28260 064.5831 358.3854 5313923 012.8849 355.9487 04.63193123 48286
1 28260U 89001U   06337.36625255  .00008743  00000-0  88993-1 0  9999
2 28260 064.5831 358.3854 5313923 012.8849 355.9487 04.63193123 48286
1 28260U 89001U   06337.36625255  .00008743  00000-0  88993-1 0  9999
2 28260 064.5831 358.3854 5313923 012.8849 355.9487 04.63193123 48286
1 28260U 89001U   06337.36625255 +.00008743 +00000-0 +88993-1 0  9999
2 28260 064.5831 358.3854 5313923 012.8849 355.9487 04.63193123048286
1 28260U 89001U   06337.36625255  .00008743  00000-0  88993-1 0  9999
2 28260  64.5831 358.3854 5313923  12.8849 355.9487  4.63193123 48286
1 28260U 89001U   06337.36625255 +.00008743 +00000-0 +88993-1 0  9999
2 28260 064.5831 358.3854 5313923 012.8849 355.9487 04.63193123048286
1 28260U 89001U   06337.36625255 +.00008743 +00000-0 +88993-1 0  9999
2 28260 064.5831 358.3854 5313923 012.8849 355.9487 04.63193123048286
1 28260U 89001U   06337.36625255 +.00008743 +00000-0 +88993-1 0  9999
2 28260 064.5831 358.3854 5313923 012.8849 355.9487 04.63193123048286
1 28260U 89001U   06337.36625255 +.00008743 +00000-0 +88993-1 0  9999
2 28260 064.5831 358.3854 5313923 012.8849 355.9487 04.63193123048286
1 28260U 89001U   06337.36625255 +.00008743 +00000-0 +88993-1 0  9999
2 28260 064.5831 358.3854 5313923 012.8849 355.9487 04.63193123048286
1 28260U 89001U   06337.36625255 +.00008743 +00000-0 +88993-1 0  9999
2 28260 064.5831 358.3854 5313923 012.8849 355.9487 04.63193123048286
1 28260U 89001U   06337.36625255 +.00008743 +00000-0 +88993-1 0  9999
2 28260 064.5831 358.3854 5313923 012.8849 355.9487 04.63193123048286
1 28260U 89001U   06337.36625255 +.00008743 +00000-0 +88993-1 0  9999
2 28260 064.5831 358.3854 5313923 012.8849 355.9487 04.63193123048286
1 28260U 89001U   06337.36625255 +.00008743 +00000-0 +88993-1 0  9999
2 28260 064.5831 358.3854 5313923 012.8849 355.9487 04.63193123048286
1 28260U 89001U   06337.36625255 +.00008743 +00000-0 +88993-1 0  9999
2 28260 064.5831 358.3854 5313923 012.8849 355.9487 04.63193123048286
1 28260U 89001U   06337.36625255 +.00008743 +00000-0 +88993-1 0  9999
2 28260 064.5831 358.3854 5313923 012.8849 355.9487 04.63193123048286
1 28260U 89001U   07012.91767777  .00009513  00000-0  83113-1 0  9992
2 28260 064.7182 342.3147 5326528 009.8120 357.4403 04.63996147 50160
