0 TBA - TO BE ASSIGNED
1 32971U 78083P   08156.43128824  .00000407  00000-0  10000-3 0  9995
2 32971 070.8272 315.0464 5382042 130.0049 291.3193 01.99487821 16952
0 TBA - TO BE ASSIGNED
1 32971U 78083P   08158.43652900  .00000473  00000-0  10000-3 0  9997
2 32971 070.8285 314.9536 5381136 129.9430 291.3944 01.99489606 16999
0 COSMOS 1030 DEB
1 32971U 78083P   08159.43914326 +.00000495 +00000-0 +10000-3 0  9995
2 32971 070.8292 314.9071 5380732 129.9126 291.4331 01.99490625017012
0 COSMOS 1030 DEB
1 32971U 78083P   08159.94044671  .00000502  00000-0  10000-3 0  9997
2 32971 070.8311 314.8865 5381155 129.9162 291.4449 01.99491150 17029
0 COSMOS 1030 DEB
1 32971U 78083P   08160.94302828 +.00000508 +00000-0 +10000-3 0  9996
2 32971 070.8312 314.8405 5380508 129.8873 291.4619 01.99492136017045
0 COSMOS 1030 DEB
1 32971U 78083P   08162.44691302  .00000498  00000-0  10000-3 0  9999
2 32971 070.8331 314.7725 5379926 129.8444 291.5083 01.99493865 17075
0 COSMOS 1030 DEB
1 32971U 78083P   08163.44949848 +.00000485 +00000-0 +10000-3 0  9997
2 32971 070.8345 314.7270 5379550 129.8165 291.5413 01.99495068017094
0 COSMOS 1030 DEB
1 32971U 78083P   08164.45207928  .00000470  00000-0  10000-3 0  9999
2 32971 070.8357 314.6819 5379264 129.7900 291.5727 01.99496218 17112
0 COSMOS 1030 DEB
1 32971U 78083P   08165.45465991 +.00000459 +00000-0 +10000-3 0  9993
2 32971 070.8361 314.6344 5378590 129.7575 291.6179 01.99497633017135
0 COSMOS 1030 DEB
1 32971U 78083P   08165.95594039 +.00000456 +00000-0 +10000-3 0  9991
2 32971 070.8402 314.6144 5378589 129.7486 291.6308 01.99498332017140
0 COSMOS 1030 DEB
1 32971U 78083P   08166.95850641  .00000453  00000-0  10000-3 0  9993
2 32971 070.8458 314.5711 5377858 129.7174 291.6709 01.99499967 17164
0 COSMOS 1030 DEB
1 32971U 78083P   08167.45978190 +.00000454 +00000-0 +10000-3 0  9990
2 32971 070.8474 314.5476 5377599 129.7014 291.6910 01.99500824017175
0 COSMOS 1030 DEB
1 32971U 78083P   08168.46233645  .00000459  00000-0  10000-3 0  9996
2 32971 070.8477 314.5021 5377315 129.6742 291.7283 01.99502201 17194
0 COSMOS 1030 DEB
1 32971U 78083P   08168.46233645 +.00000459 +00000-0 +10000-3 0  9996
2 32971 070.8477 314.5021 5377315 129.6742 291.7283 01.99502201017194
0 COSMOS 1030 DEB
1 32971U 78083P   08169.46488802 +.00000467 +00000-0 +10000-3 0  9993
2 32971 070.8495 314.4560 5377050 129.6470 291.7687 01.99503584017211
0 COSMOS 1030 DEB
1 32971U 78083P   08172.47249357  .00000478  00000-0  10000-3 0  9990
2 32971 070.8504 314.3188 5376129 129.5648 291.8795 01.99507552 17275
0 COSMOS 1030 DEB
1 32971U 78083P   08177.48499824  .00000356  00000-0  10000-3 0  9997
2 32971 070.8434 314.0921 5377692 129.4304 292.0580 01.99513411 17370
0 COSMOS 1030 DEB
1 32971U 78083P   08177.48502401  .00000356  00000-0  10000-3 0  9993
2 32971 070.8489 314.0908 5374655 129.4282 292.0533 01.99513680 17372
0 COSMOS 1030 DEB
1 32971U 78083P   08179.99120323  .00000246  00000-0  10000-3 0  9998
2 32971 070.8539 313.9766 5372035 129.3560 292.1067 01.99516554 17428
0 COSMOS 1030 DEB
1 32971U 78083P   08191.51937178 -.00000241  00000-0  10000-3 0  9990
2 32971 070.8501 313.4554 5368019 129.0410 292.4784 01.99524458 17651
0 COSMOS 1030 DEB
1 32971U 78083P   08193.52422870 -.00000345  00000-0  10000-3 0  9996
2 32971 070.8491 313.3639 5368618 128.9946 292.5458 01.99524967 17697
0 COSMOS 1030 DEB
1 32971U 78083P   08194.02544392 -.00000365 +00000-0 +10000-3 0  9998
2 32971 070.8499 313.3418 5368279 128.9795 292.5612 01.99524982017706
0 COSMOS 1030 DEB
1 32971U 78083P   08203.54861320 -.00000614  00000-0  10000-3 0  9996
2 32971 070.8523 312.9108 5364867 128.7164 292.8766 01.99521038 17894
0 COSMOS 1030 DEB
1 32971U 78083P   08205.55351173 -.00000690  00000-0  10000-3 0  9993
2 32971 070.8392 312.8197 5363673 128.6522 292.9303 01.99518957 17935
0 COSMOS 1030 DEB
1 32971U 78083P   08206.55598389 -.00000726 +00000-0 +10000-3 0  9996
2 32971 070.8358 312.7681 5363419 128.6270 292.9679 01.99517876017959
0 COSMOS 1030 DEB
1 32971U 78083P   08208.56092934 -.00000778  00000-0  10000-3 0  9991
2 32971 070.8360 312.6761 5363610 128.5843 293.0198 01.99514858 17997
0 COSMOS 1030 DEB
1 32971U 78083P   08209.56343216 -.00000790 +00000-0 +10000-3 0  9998
2 32971 070.8383 312.6318 5363204 128.5553 293.0662 01.99513736018011
0 COSMOS 1030 DEB
1 32971U 78083P   08210.56592653 -.00000792  00000-0  10000-3 0  9993
2 32971 070.8399 312.5868 5363079 128.5304 293.0986 01.99512391 18038
0 COSMOS 1030 DEB
1 32971U 78083P   08211.56842866 -.00000789 +00000-0 +10000-3 0  9994
2 32971 070.8402 312.5410 5362926 128.5055 293.1321 01.99511024018057
0 COSMOS 1030 DEB
1 32971U 78083P   08212.57093370 -.00000782  00000-0  10000-3 0  9997
2 32971 070.8409 312.4955 5362631 128.4784 293.1648 01.99509713 18074
0 COSMOS 1030 DEB
1 32971U 78083P   08213.57343994 -.00000777 +00000-0 +10000-3 0  9992
2 32971 070.8407 312.4495 5362415 128.4527 293.1925 01.99508336018096
0 COSMOS 1030 DEB
1 32971U 78083P   08214.57595093 -.00000776  00000-0  10000-3 0  9991
2 32971 070.8408 312.4036 5362175 128.4264 293.2186 01.99506924 18113
0 COSMOS 1030 DEB
1 32971U 78083P   08215.57846832 -.00000780 +00000-0 +10000-3 0  9997
2 32971 070.8417 312.3581 5361913 128.3998 293.2448 01.99505516018138
0 COSMOS 1030 DEB
1 32971U 78083P   08216.58099244 -.00000787  00000-0  10000-3 0  9993
2 32971 070.8411 312.3121 5361568 128.3723 293.2719 01.99504121 18158
0 COSMOS 1030 DEB
1 32971U 78083P   08217.58352385 -.00000793  00000-0  10000-3 0  9999
2 32971 070.8537 312.2649 5356651 128.6398 293.2295 01.99502726 18179
0 COSMOS 1030 DEB
1 32971U 78083P   08218.58551572 -.00000794  00000-0  10000-3 0  9990
2 32971 070.8959 312.1903 5350743 129.2842 292.6984 01.99501491 18194
0 COSMOS 1030 DEB
1 32971U 78083P   08219.58690807 -.00000788  00000-0  10000-3 0  9999
2 32971 070.9295 312.1216 5347303 129.6665 291.7975 01.99500235 18218
0 COSMOS 1030 DEB
1 32971U 78083P   08220.58875840 -.00000767  00000-0  10000-3 0  9990
2 32971 070.9869 312.0361 5336091 130.9930 290.9866 01.99499217 18236
0 COSMOS 1030 DEB
1 32971U 78083P   08221.58892068 -.00000742  00000-0  10000-3 0  9995
2 32971 070.9709 312.0010 5337730 130.7656 289.3436 01.99497885 18250
0 COSMOS 1030 DEB
1 32971U 78083P   08222.59186632 -.00000705  00000-0  10000-3 0  9999
2 32971 070.9576 311.9635 5339438 130.5377 289.6954 01.99496581 18270
0 COSMOS 1030 DEB
1 32971U 78083P   08223.59481796 -.00000658  00000-0  10000-3 0  9996
2 32971 070.9241 311.9403 5341111 130.3019 290.0485 01.99495371 18297
0 COSMOS 1030 DEB
1 32971U 78083P   08224.59778461 -.00000605  00000-0  10000-3 0  9997
2 32971 070.9088 311.9055 5342812 130.0282 290.4178 01.99494132 18317
0 COSMOS 1030 DEB
1 32971U 78083P   08225.60081456 -.00000551  00000-0  10000-3 0  9991
2 32971 070.8890 311.8749 5349278 129.1543 290.9784 01.99492838 18339
0 COSMOS 1030 DEB
1 32971U 78083P   08226.60488636 -.00000495  00000-0  10000-3 0  9990
2 32971 070.8821 311.8343 5353190 128.6440 292.1911 01.99491621 18358
0 COSMOS 1030 DEB
1 32971U 78083P   08227.60832082 -.00000441  00000-0  10000-3 0  9990
2 32971 070.8753 311.7938 5353091 128.5794 292.8299 01.99490457 18376
0 COSMOS 1030 DEB
1 32971U 78083P   08230.11489594 -.00000324  00000-0  10000-3 0  9996
2 32971 070.8430 311.7044 5356932 127.9821 293.0743 01.99487891 18428
0 COSMOS 1030 DEB
1 32971U 78083P   08230.61710477 -.00000303 +00000-0 +10000-3 0  9995
2 32971 070.8435 311.6810 5356688 127.9673 293.7366 01.99487414018436
0 COSMOS 1030 DEB
1 32971U 78083P   08232.12102680 -.00000246  00000-0  10000-3 0  9990
2 32971 070.8434 311.6133 5356136 127.9187 293.7781 01.99486167 18469
0 COSMOS 1030 DEB
1 32971U 78083P   08233.12365916 -.00000209 +00000-0 +10000-3 0  9993
2 32971 070.8403 311.5701 5355808 127.8954 293.8116 01.99485404018489
0 COSMOS 1030 DEB
1 32971U 78083P   08235.12891345 -.00000127  00000-0  10000-3 0  9994
2 32971 070.8426 311.4777 5355176 127.8444 293.8659 01.99484186 18521
0 COSMOS 1030 DEB
1 32971U 78083P   08237.13419300 -.00000024  00000-0  10000-3 0  9990
2 32971 070.8436 311.3866 5354684 127.7872 293.9333 01.99483399 18566
0 COSMOS 1030 DEB
1 32971U 78083P   08238.13684344 +.00000036 +00000-0 +10000-3 0  9995
2 32971 070.8435 311.3410 5354297 127.7608 293.9707 01.99483100018584
0 COSMOS 1030 DEB
1 32971U 78083P   08239.13948438  .00000098  00000-0  10000-3 0  9991
2 32971 070.8440 311.2950 5354006 127.7337 294.0023 01.99482957 18600
0 COSMOS 1030 DEB
1 32971U 78083P   08240.14212294  .00000156  00000-0  10000-3 0  9993
2 32971 070.8466 311.2479 5353513 127.7059 294.0269 01.99482738 18628
0 COSMOS 1030 DEB
1 32971U 78083P   08241.14476344  .00000208  00000-0  10000-3 0  9990
2 32971 070.8470 311.2020 5353027 127.6781 294.0515 01.99482555 18649
0 COSMOS 1030 DEB
1 32971U 78083P   08242.14740358 +.00000249 +00000-0 +10000-3 0  9995
2 32971 070.8480 311.1555 5352545 127.6488 294.0815 01.99482666018668
0 COSMOS 1030 DEB
1 32971U 78083P   08243.15003642  .00000281  00000-0  10000-3 0  9991
2 32971 070.8477 311.1108 5352165 127.6208 294.1065 01.99482886 18680
0 COSMOS 1030 DEB
1 32971U 78083P   08244.15266890 +.00000305 +00000-0 +10000-3 0  9995
2 32971 070.8481 311.0648 5351783 127.5933 294.1324 01.99483212018707
0 COSMOS 1030 DEB
1 32971U 78083P   08245.15530040  .00000325  00000-0  10000-3 0  9999
2 32971 070.8489 311.0184 5351356 127.5651 294.1592 01.99483633 18729
0 COSMOS 1030 DEB
1 32971U 78083P   08246.15793249 +.00000345 +00000-0 +10000-3 0  9994
2 32971 070.8501 310.9724 5351061 127.5390 294.1892 01.99484233018747
0 COSMOS 1030 DEB
1 32971U 78083P   08247.16056157  .00000369  00000-0  10000-3 0  9992
2 32971 070.8506 310.9269 5350780 127.5130 294.2214 01.99485039 18761
0 COSMOS 1030 DEB
1 32971U 78083P   08248.16318631 +.00000398 +00000-0 +10000-3 0  9993
2 32971 070.8511 310.8816 5350465 127.4866 294.2525 01.99485836018781
0 COSMOS 1030 DEB
1 32971U 78083P   08251.17105557  .00000520  00000-0  10000-3 0  9996
2 32971 070.8519 310.7444 5349319 127.4025 294.3550 01.99488415 18840
0 COSMOS 1030 DEB
1 32971U 78083P   08252.17366945  .00000563  00000-0  10000-3 0  9994
2 32971 070.8508 310.6978 5348657 127.3720 294.3945 01.99489539 18862
0 COSMOS 1030 DEB
1 32971U 78083P   08253.17626780  .00000603  00000-0  10000-3 0  9996
2 32971 070.8515 310.6527 5348084 127.3404 294.4278 01.99490825 18885
0 COSMOS 1030 DEB
1 32971U 78083P   08256.18403084  .00000678  00000-0  10000-3 0  9992
2 32971 070.8467 310.5097 5346103 127.2311 294.5310 01.99494635 18946
0 COSMOS 1030 DEB
1 32971U 78083P   08257.18660721  .00000686  00000-0  10000-3 0  9995
2 32971 070.8465 310.4628 5345505 127.1966 294.5609 01.99495808 18969
0 COSMOS 1030 DEB
1 32971U 78083P   08262.70066160  .00000633  00000-0  10000-3 0  9998
2 32971 070.8512 310.2171 5343926 127.0588 294.7203 01.99503070 19073
0 COSMOS 1030 DEB
1 32971U 78083P   08264.20445683  .00000621  00000-0  10000-3 0  9993
2 32971 070.8696 310.1585 5345664 127.0403 294.7472 01.99504502 19104
0 COSMOS 1030 DEB
1 32971U 78083P   08264.70574950  .00000618  00000-0  10000-3 0  9994
2 32971 070.8691 310.1373 5343926 127.0210 294.7728 01.99505241 19115
0 COSMOS 1030 DEB
1 32971U 78083P   08266.20953026 +.00000611 +00000-0 +10000-3 0  9999
2 32971 070.8691 310.0696 5343387 126.9800 294.8162 01.99507190019147
0 COSMOS 1030 DEB
1 32971U 78083P   08271.22201222  .00000476  00000-0  10000-3 0  9990
2 32971 070.8710 309.8428 5341613 126.8429 294.9315 01.99512626 19246
0 COSMOS 1030 DEB
1 32971U 78083P   08274.22947826  .00000325  00000-0  10000-3 0  9993
2 32971 070.8708 309.7079 5340450 126.7622 295.0699 01.99516841 19303
0 COSMOS 1030 DEB
1 32971U 78083P   08275.23190008 +.00000284 +00000-0 +10000-3 0  9991
2 32971 070.8703 309.6634 5340068 126.7350 295.0711 01.99517900019321
0 COSMOS 1030 DEB
1 32971U 78083P   08282.24907358  .00000099  00000-0  10000-3 0  9998
2 32971 070.8748 309.3459 5337529 126.5498 295.3054 01.99522945 19464
0 COSMOS 1030 DEB
1 32971U 78083P   08283.25149428 +.00000061 +00000-0 +10000-3 0  9995
2 32971 070.8794 309.3029 5336679 126.5245 295.3225 01.99523856019487
0 COSMOS 1030 DEB
1 32971U 78083P   08290.26848592 -.00000297  00000-0  10000-3 0  9994
2 32971 070.8806 308.9858 5334084 126.3330 295.5087 01.99523924 19627
0 COSMOS 1030 DEB
1 32971U 78083P   08295.28070471 -.00000457  00000-0  10000-3 0  9992
2 32971 070.8866 308.7622 5331067 126.1815 295.6814 01.99521596 19727
0 COSMOS 1030 DEB
1 32971U 78083P   08296.28314987 -.00000494  00000-0  10000-3 0  9997
2 32971 070.8813 308.7114 5332040 126.1779 295.6866 01.99519885 19743
0 COSMOS 1030 DEB
1 32971U 78083P   08297.28561615 -.00000537  00000-0  10000-3 0  9998
2 32971 070.8836 308.6653 5330590 126.1150 295.7419 01.99519432 19761
0 COSMOS 1030 DEB
1 32971U 78083P   08298.28808690 -.00000585  00000-0  10000-3 0  9999
2 32971 070.8832 308.6213 5330583 126.1005 295.7756 01.99518470 19787
0 COSMOS 1030 DEB
1 32971U 78083P   08299.29053778 -.00000635 +00000-0 +10000-3 0  9996
2 32971 070.8826 308.5738 5330487 126.0834 295.7927 01.99517458019801
0 COSMOS 1030 DEB
1 32971U 78083P   08300.29299768 -.00000681 +00000-0 +10000-3 0  9991
2 32971 070.8830 308.5291 5330050 126.0545 295.8181 01.99516466019828
0 COSMOS 1030 DEB
1 32971U 78083P   08301.29547262 -.00000720  00000-0  10000-3 0  9991
2 32971 070.8842 308.4864 5329253 126.0131 295.8563 01.99515480 19841
0 COSMOS 1030 DEB
1 32971U 78083P   08302.29796273 -.00000748 +00000-0 +10000-3 0  9990
2 32971 070.8850 308.4423 5328637 125.9782 295.8989 01.99514397019866
0 COSMOS 1030 DEB
1 32971U 78083P   08303.30045647 -.00000764  00000-0  10000-3 0  9993
2 32971 070.8868 308.4000 5327549 125.9276 295.9476 01.99513337 19882
0 COSMOS 1030 DEB
1 32971U 78083P   08312.32313643 -.00000677  00000-0  10000-3 0  9992
2 32971 070.8833 307.9832 5326324 125.7833 296.2271 01.99501415 20061
0 COSMOS 1030 DEB
1 32971U 78083P   08313.32556942 -.00000670 +00000-0 +10000-3 0  9997
2 32971 070.8837 307.9376 5325956 125.7610 296.1723 01.99500002020085
0 COSMOS 1030 DEB
1 32971U 78083P   08314.32811650 -.00000662  00000-0  10000-3 0  9999
2 32971 070.8835 307.8930 5325501 125.7202 296.1996 01.99498603 20109
0 COSMOS 1030 DEB
1 32971U 78083P   08315.33069674 -.00000651 +00000-0 +10000-3 0  9990
2 32971 070.8838 307.8477 5325138 125.6970 296.2408 01.99497230020121
0 COSMOS 1030 DEB
1 32971U 78083P   08316.33326358 -.00000635  00000-0  10000-3 0  9998
2 32971 070.8843 307.8018 5324770 125.6707 296.2676 01.99495844 20145
0 COSMOS 1030 DEB
1 32971U 78083P   08318.33843132 -.00000579  00000-0  10000-3 0  9991
2 32971 070.8850 307.7109 5324077 125.6232 296.3282 01.99493152 20184
0 COSMOS 1030 DEB
1 32971U 78083P   08320.34363455 -.00000493  00000-0  10000-3 0  9995
2 32971 070.8847 307.6203 5323492 125.5657 296.3958 01.99490584 20225
0 COSMOS 1030 DEB
1 32971U 78083P   08321.34624682 -.00000445  00000-0  10000-3 0  9995
2 32971 070.8839 307.5757 5323289 125.5267 296.4320 01.99489346 20240
0 COSMOS 1030 DEB
1 32971U 82095F   08321.84102472 -.00000927  00000-0  10000-3 0  9991
2 32971 061.5387 250.3391 7252294 206.4021 083.0168 02.00402233 20243
0 COSMOS 1030 DEB
1 32971U 78083P   08322.34887954 -.00000399  00000-0  10000-3 0  9997
2 32971 070.8790 307.5346 5322810 125.4532 296.4889 01.99488181 20261
0 COSMOS 1030 DEB
1 32971U 82095F   08322.83891806 -.00000923  00000-0  10000-3 0  9993
2 32971 061.5330 250.1966 7252021 206.4001 082.9414 02.00399933 20270
0 COSMOS 1030 DEB
1 32971U 82095F   08323.83693601 -.00000927  00000-0  10000-3 0  9991
2 32971 061.5383 250.0452 7252729 206.4439 082.9483 02.00397807 20293
0 COSMOS 1030 DEB
1 32971U 82095F   08324.83477387 -.00000936  00000-0  10000-3 0  9993
2 32971 061.5346 249.8993 7253579 206.4752 082.8210 02.00395741 20315
0 COSMOS 1030 DEB
1 32971U 82095F   08325.83266303 -.00000947  00000-0  10000-3 0  9990
2 32971 061.5260 249.7566 7253874 206.4712 082.7266 02.00393680 20331
0 COSMOS 1030 DEB
1 32971U 82095F   08326.83070514 -.00000957  00000-0  10000-3 0  9999
2 32971 061.5267 249.6075 7254804 206.5134 082.7319 02.00391692 20357
0 COSMOS 1030 DEB
1 32971U 82095F   08327.82857522 -.00000961  00000-0  10000-3 0  9996
2 32971 061.5232 249.4620 7255828 206.5611 082.6057 02.00389745 20376
0 COSMOS 1030 DEB
1 32971U 82095F   08328.82643066 -.00000957  00000-0  10000-3 0  9998
2 32971 061.5165 249.3188 7256389 206.5859 082.4646 02.00387851 20396
0 COSMOS 1030 DEB
1 32971U 82095F   08329.82438575 -.00000943  00000-0  10000-3 0  9991
2 32971 061.5138 249.1725 7257633 206.6435 082.3865 02.00386000 20415
0 COSMOS 1030 DEB
1 32971U 82095F   08330.82221097 -.00000921  00000-0  10000-3 0  9998
2 32971 061.5085 249.0269 7257701 206.6291 082.2187 02.00384302 20435
0 COSMOS 1030 DEB
1 32971U 82095F   08331.82032150 -.00000893  00000-0  10000-3 0  9997
2 32971 061.5029 248.8825 7258009 206.6379 082.2459 02.00382568 20453
0 COSMOS 1409 DEB
1 32971U 82095F   08332.81835327 -.00000861 +00000-0 +10000-3 0  9999
2 32971 061.5025 248.7345 7258383 206.6573 082.2095 02.00380900020472
0 COSMOS 1030 DEB
1 32971U 82095F   08333.81635202 -.00000830  00000-0  10000-3 0  9996
2 32971 061.5038 248.5850 7258517 206.6670 082.1448 02.00379314 20492
0 COSMOS 1409 DEB
1 32971U 82095F   08335.81240648 -.00000776 +00000-0 +10000-3 0  9993
2 32971 061.4981 248.2914 7259777 206.7030 082.0341 02.00375955020539
0 COSMOS 1030 DEB
1 32971U 82095F   08336.81043734 -.00000756  00000-0  10000-3 0  9999
2 32971 061.4992 248.1425 7259801 206.7007 081.9732 02.00374308 20554
0 COSMOS 1030 DEB
1 32971U 82095F   08337.80856231 -.00000740  00000-0  10000-3 0  9996
2 32971 061.4884 248.0047 7258338 206.6628 081.9700 02.00372569 20579
0 COSMOS 1030 DEB
1 32971U 82095F   08338.80687507 -.00000728  00000-0  10000-3 0  9991
2 32971 061.4865 247.8574 7259363 206.6986 082.0953 02.00370852 20593
0 COSMOS 1030 DEB
1 32971U 82095F   08339.80486482 -.00000717  00000-0  10000-3 0  9999
2 32971 061.4850 247.7105 7261871 206.8233 081.9679 02.00369003 20612
0 COSMOS 1030 DEB
1 32971U 82095F   08340.80252143 -.00000708  00000-0  10000-3 0  9996
2 32971 061.4665 247.5774 7262608 206.8462 081.6029 02.00367139 20635
0 COSMOS 1030 DEB
1 32971U 82095F   08341.80059348 -.00000697  00000-0  10000-3 0  9996
2 32971 061.4676 247.4288 7262128 206.8089 081.5401 02.00365416 20659
0 COSMOS 1030 DEB
1 32971U 82095F   08342.79891304 -.00000683  00000-0  10000-3 0  9996
2 32971 061.4700 247.2799 7260836 206.7308 081.6506 02.00363640 20675
0 COSMOS 1030 DEB
1 32971U 82095F   08343.79740735 -.00000665  00000-0  10000-3 0  9998
2 32971 061.4721 247.1307 7260622 206.7088 081.8759 02.00361918 20690
0 COSMOS 1030 DEB
1 32971U 82095F   08344.79568029 -.00000644  00000-0  10000-3 0  9990
2 32971 061.4612 246.9907 7262759 206.7573 081.9280 02.00360039 20710
0 COSMOS 1030 DEB
1 32971U 82095F   08345.79364646 -.00000617  00000-0  10000-3 0  9990
2 32971 061.4589 246.8443 7264346 206.8887 081.7292 02.00357993 20738
0 COSMOS 1030 DEB
1 32971U 82095F   08346.79136478 -.00000590  00000-0  10000-3 0  9991
2 32971 061.4531 246.6993 7271306 207.1880 081.3309 02.00355751 20751
0 COSMOS 1030 DEB
1 32971U 82095F   08347.78836221 -.00000562  00000-0  10000-3 0  9993
2 32971 061.4393 246.5639 7267586 206.9785 080.4641 02.00353942 20770
0 COSMOS 1030 DEB
1 32971U 82095F   08348.78741027 -.00000538  00000-0  10000-3 0  9996
2 32971 061.4541 246.4062 7263705 206.8098 081.0637 02.00352285 20792
0 COSMOS 1030 DEB
1 32971U 82095F   08350.78448435 -.00000512  00000-0  10000-3 0  9998
2 32971 061.4581 246.1061 7266152 206.9412 081.4523 02.00348721 20835
0 COSMOS 1030 DEB
1 32971U 82095F   08352.78050936 -.00000505  00000-0  10000-3 0  9997
2 32971 061.4374 245.8228 7269212 207.0672 081.0203 02.00341674 20871
0 COSMOS 1030 DEB
1 32971U 82095F   08353.77846140 -.00000502  00000-0  10000-3 0  9994
2 32971 061.5178 245.6119 7263519 206.7970 080.8122 02.00341580 20897
0 COSMOS 1030 DEB
1 32971U 82095F   08354.77784187 -.00000496  00000-0  10000-3 0  9999
2 32971 061.4291 245.5358 7266075 206.8661 081.5867 02.00340018 20916
0 COSMOS 1030 DEB
1 32971U 82095F   08360.76691188 -.00000283  00000-0  10000-3 0  9997
2 32971 061.4127 244.6514 7270812 207.1089 080.8338 02.00326280 21034
0 COSMOS 1030 DEB
1 32971U 82095F   08362.76323695 -.00000203  00000-0  10000-3 0  9996
2 32971 061.4036 244.3682 7274165 207.1858 080.4978 02.00320762 21074
0 COSMOS 1409 DEB
1 32971U 82095F   09005.74790559  .00000052  00000-0  10000-3 0  9997
2 32971 061.3923 243.0322 7276530 207.3087 079.5581 02.00304151 21252
0 COSMOS 1409 DEB
1 32971U 82095F   09006.74695370  .00000090  00000-0  10000-3 0  9995
2 32971 061.3995 242.8855 7277239 207.3344 079.9624 02.00303220 21272
0 COSMOS 1409 DEB
1 32971U 82095F   09007.74532480  .00000130  00000-0  10000-3 0  9993
2 32971 061.4003 242.7410 7277879 207.3375 079.8821 02.00302307 21298
0 COSMOS 1409 DEB
1 32971U 82095F   09008.74377089  .00000168  00000-0  10000-3 0  9997
2 32971 061.3929 242.6059 7279413 207.3556 079.8460 02.00300406 21319
0 COSMOS 1409 DEB
1 32971U 82095F   09009.74215750  .00000204  00000-0  10000-3 0  9995
2 32971 061.4026 242.4408 7278109 207.3542 079.7525 02.00298540 21338
0 COSMOS 1409 DEB
1 32971U 82095F   09010.74071334  .00000232  00000-0  10000-3 0  9996
2 32971 061.4122 242.2781 7278699 207.4058 079.7765 02.00297630 21351
0 COSMOS 1409 DEB
1 32971U 82095F   09011.73903475  .00000253  00000-0  10000-3 0  9999
2 32971 061.3916 242.1468 7283954 207.5958 079.6223 02.00296774 21370
0 COSMOS 1409 DEB
1 32971U 82095F   09012.73675381  .00000266  00000-0  10000-3 0  9996
2 32971 061.4268 241.9750 7283464 207.5377 079.0562 02.00295810 21395
0 COSMOS 1409 DEB
1 32971U 82095F   09013.73548710  .00000276  00000-0  10000-3 0  9993
2 32971 061.4301 241.8248 7283863 207.5432 079.2111 02.00295291 21417
0 COSMOS 1409 DEB
1 32971U 82095F   09014.73398439  .00000285  00000-0  10000-3 0  9995
2 32971 061.4102 241.6901 7283429 207.5268 079.1909 02.00294781 21434
0 COSMOS 1409 DEB
1 32971U 82095F   09015.73258879  .00000299  00000-0  10000-3 0  9994
2 32971 061.4009 241.5481 7283980 207.5388 079.2499 02.00294721 21458
0 COSMOS 1409 DEB
1 32971U 82095F   09016.73105987  .00000321  00000-0  10000-3 0  9992
2 32971 061.3848 241.4144 7284085 207.5258 079.2148 02.00294724 21472
0 COSMOS 1409 DEB
1 32971U 82095F   09017.72962591  .00000354  00000-0  10000-3 0  9990
2 32971 061.3845 241.2614 7284494 207.5592 079.2397 02.00294513 21498
0 COSMOS 1409 DEB
1 32971U 82095F   09018.72802907  .00000394  00000-0  10000-3 0  9999
2 32971 061.3878 241.1123 7285072 207.5677 079.1543 02.00294524 21512
0 COSMOS 1409 DEB
1 32971U 82095F   09019.72650233  .00000441  00000-0  10000-3 0  9996
2 32971 061.3899 240.9611 7285470 207.5812 079.1186 02.00294766 21530
0 COSMOS 1409 DEB
1 32971U 82095F   09020.72496020  .00000490  00000-0  10000-3 0  9994
2 32971 061.3800 240.8210 7286441 207.6052 079.0723 02.00294977 21554
0 COSMOS 1409 DEB
1 32971U 82095F   09021.72336267  .00000539  00000-0  10000-3 0  9995
2 32971 061.3895 240.6625 7286254 207.6059 078.9855 02.00295103 21573
0 COSMOS 1409 DEB
1 32971U 82095F   09022.72188153  .00000584  00000-0  10000-3 0  9995
2 32971 061.3849 240.5158 7286271 207.6063 078.9859 02.00295569 21598
0 COSMOS 1409 DEB
1 32971U 82095F   09023.72039011  .00000626  00000-0  10000-3 0  9991
2 32971 061.4113 240.3468 7289036 207.7010 078.9782 02.00296069 21614
0 COSMOS 1409 DEB
1 32971U 82095F   09024.71849423  .00000658  00000-0  10000-3 0  9992
2 32971 061.3744 240.2293 7287087 207.6131 078.6890 02.00296710 21637
0 COSMOS 1409 DEB
1 32971U 82095F   09025.71735890  .00000687  00000-0  10000-3 0  9997
2 32971 061.3733 240.0822 7288146 207.6459 078.9453 02.00297462 21656
0 COSMOS 1409 DEB
1 32971U 82095F   09026.71572240 +.00000713 +00000-0 +10000-3 0  9996
2 32971 061.3750 239.9328 7288750 207.6690 078.8434 02.00298352021670
0 COSMOS 1409 DEB
1 32971U 82095F   09027.71413064  .00000736  00000-0  10000-3 0  9990
2 32971 061.3788 239.7827 7289249 207.6827 078.7785 02.00299330 21696
0 COSMOS 1409 DEB
1 32971U 82095F   09028.71257078  .00000758  00000-0  10000-3 0  9996
2 32971 061.3795 239.6343 7290118 207.7160 078.7377 02.00300337 21714
0 COSMOS 1409 DEB
1 32971U 82095F   09029.71093098 +.00000782 +00000-0 +10000-3 0  9994
2 32971 061.3786 239.4862 7290983 207.7489 078.6429 02.00301382021732
0 COSMOS 1409 DEB
1 32971U 82095F   09031.70768060  .00000836  00000-0  10000-3 0  9994
2 32971 061.3658 239.1827 7292594 207.8206 078.4874 02.00303774 21779
0 COSMOS 1409 DEB
1 32971U 82095F   09032.70595469  .00000853  00000-0  10000-3 0  9995
2 32971 061.4193 239.0142 7274056 207.0719 078.3986 02.00305045 21795
0 COSMOS 1409 DEB
1 32971U 82095F   09033.70752056  .00000901  00000-0  10000-3 0  9997
2 32971 061.3696 238.8884 7293099 207.8146 080.5832 02.00306162 21811
0 COSMOS 1409 DEB
1 32971U 82095F   09034.70287893  .00000935  00000-0  10000-3 0  9997
2 32971 061.3778 238.7347 7292892 207.8027 078.3500 02.00307509 21838
0 COSMOS 1409 DEB
1 32971U 82095F   09035.70136802  .00000969  00000-0  10000-3 0  9998
2 32971 061.3827 238.5859 7293569 207.8172 078.3797 02.00308964 21858
0 COSMOS 1409 DEB
1 32971U 82095F   09036.69973188  .00000997  00000-0  10000-3 0  9994
2 32971 061.3811 238.4393 7294643 207.8504 078.3221 02.00310454 21877
0 COSMOS 1409 DEB
1 32971U 82095F   09036.69973188  .00000995  00000-0  10000-3 0  9992
2 32971 061.3811 238.4393 7294643 207.8504 078.3221 02.00319575 21870
0 COSMOS 1409 DEB
1 32971U 82095F   09037.69801643  .00001017  00000-0  10000-3 0  9995
2 32971 061.3869 238.2922 7295353 207.8541 078.2201 02.00312091 21894
0 COSMOS 1409 DEB
1 32971U 82095F   09040.69306287  .00001048  00000-0  10000-3 0  9997
2 32971 061.8708 237.4667 7301321 208.2208 078.1085 02.00320010 21952
0 COSMOS 1409 DEB
1 32971U 82095F   09042.19054698  .00001035  00000-0  10000-3 0  9996
2 32971 061.4110 237.5850 7299870 208.0553 077.9793 02.00319779 21982
0 COSMOS 1409 DEB
1 32971U 82095F   09043.68758904  .00001044  00000-0  10000-3 0  9992
2 32971 061.4019 237.3678 7299501 208.0354 077.7024 02.00325430 22017
0 COSMOS 1409 DEB
1 32971U 82095F   09044.68592747  .00001063  00000-0  10000-3 0  9995
2 32971 061.4625 237.2054 7301762 208.0501 077.7135 02.00332540 22039
0 COSMOS 1409 DEB
1 32971U 82095F   09046.68233966  .00001125  00000-0  10000-3 0  9991
2 32971 061.4571 236.9062 7303046 208.0954 077.5494 02.00336896 22071
0 COSMOS 1409 DEB
1 32971U 82095F   09047.68053463  .00001162  00000-0  10000-3 0  9995
2 32971 061.4245 236.7638 7302345 208.1122 077.4052 02.00333807 22095
0 COSMOS 1409 DEB
1 32971U 82095F   09050.67515315  .00001253  00000-0  10000-3 0  9998
2 32971 061.4572 236.3041 7305781 208.1864 077.3268 02.00346200 22158
0 COSMOS 1409 DEB
1 32971U 82095F   09053.17045336  .00001292  00000-0  10000-3 0  9990
2 32971 061.4520 235.9282 7307795 208.2542 077.0895 02.00351378 22205
0 COSMOS 1409 DEB
1 32971U 82095F   09053.66946481  .00001296  00000-0  10000-3 0  9999
2 32971 061.5238 235.8268 7308428 208.2310 077.0752 02.00356072 22211
0 COSMOS 1409 DEB
1 32971U 82095F   09054.66761885  .00001302  00000-0  10000-3 0  9991
2 32971 061.4295 235.7080 7307927 208.2852 077.0019 02.00356100 22238
0 COSMOS 1409 DEB
1 32971U 82095F   09061.65422824  .00001392  00000-0  10000-3 0  9994
2 32971 061.3619 234.6883 7310916 208.4311 076.7337 02.00379518 22372
0 COSMOS 1409 DEB
1 32971U 82095F   09072.13245786  .00001362  00000-0  10000-3 0  9996
2 32971 061.1229 233.1222 7313240 208.7819 075.8789 02.00405373 22580
0 COSMOS 1409 DEB
1 32971U 82095F   09077.12138540  .00001470  00000-0  10000-3 0  9999
2 32971 061.5085 232.2359 7331428 208.7138 075.7219 02.00417549 22683
0 COSMOS 1409 DEB
1 32971U 82095F   09082.11004402  .00001447  00000-0  10000-3 0  9997
2 32971 061.3870 231.5958 7308227 209.2182 075.1902 02.00426827 22789
0 COSMOS 1409 DEB
1 32971U 82095F   09084.60383958  .00001453  00000-0  10000-3 0  9996
2 32971 061.3527 231.2258 7329650 208.9215 074.9567 02.00448999 22838
0 COSMOS 1409 DEB
1 32971U 82095F   09085.60164585  .00001456  00000-0  10000-3 0  9993
2 32971 061.3570 231.0732 7330097 208.9470 075.0062 02.00451878 22855
0 COSMOS 1409 DEB
1 32971U 82095F   09092.58468347  .00001524  00000-0  48200-1 0  9998
2 32971 061.3377 230.0044 7335297 209.0909 074.5243 02.00475841 22997
0 COSMOS 1409 DEB
1 32971U 82095F   09092.58478921  .00001483  00000-0  10000-3 0  9990
2 32971 061.3340 230.0051 7334609 209.1111 074.5113 02.00470947 22995
0 COSMOS 1409 DEB
1 32971U 82095F   09093.08352742  .00001477  00000-0  10000-3 0  9991
2 32971 061.3599 229.9372 7337841 209.1130 074.4814 02.00479541 23005
0 COSMOS 1409 DEB
1 32971U 82095F   09094.08094096  .00001455  00000-0  10000-3 0  9993
2 32971 061.3572 229.7839 7338502 209.1329 074.3428 02.00477915 23022
0 COSMOS 1409 DEB
1 32971U 82095F   09097.07346540  .00001385  00000-0  10000-3 0  9991
2 32971 061.3485 229.3227 7340238 209.2005 074.1768 02.00486558 23087
0 COSMOS 1409 DEB
1 32971U 82095F   09105.05276094  .00001446  00000-0  10000-3 0  9993
2 32971 061.3317 228.1008 7346731 209.3837 073.5933 02.00510355 23241
0 COSMOS 1409 DEB
1 32971U 82095F   09105.05277633  .00001446  00000-0  10000-3 0  9993
2 32971 061.3310 228.0989 7346651 209.3869 073.5895 02.00503322 23240
0 COSMOS 1409 DEB
1 32971U 82095F   09106.05009133 +.00001444 +00000-0 +10000-3 0  9990
2 32971 061.3303 227.9480 7347356 209.4060 073.5135 02.00512894023266
0 COSMOS 1409 DEB
1 32971U 82095F   09106.05010498  .00000661  00000-0  17587-1 0  9991
2 32971 061.3138 227.9442 7346215 209.4105 073.5287 02.00513200 23263
0 COSMOS 1409 DEB
1 32971U 82095F   09107.04742730  .00001438  00000-0  10000-3 0  9990
2 32971 061.3282 227.7933 7347959 209.4291 073.4488 02.00515706 23285
0 COSMOS 1409 DEB
1 32971U 82095F   09109.54070742  .00001417  00000-0  10000-3 0  9991
2 32971 061.3350 227.4071 7349891 209.4864 073.2884 02.00523324 23333
0 COSMOS 1409 DEB
1 32971U 82095F   09110.03933883 +.00001413 +00000-0 +10000-3 0  9997
2 32971 061.3306 227.3308 7350143 209.4974 073.2483 02.00524750023340
0 COSMOS 1409 DEB
1 32971U 82095F   09110.53798160  .00001411  00000-0  10000-3 0  9997
2 32971 061.3298 227.2539 7350523 209.5047 073.2406 02.00527610 23353
0 COSMOS 1409 DEB
1 32971U 82095F   09116.02271623  .00001441  00000-0  10000-3 0  9990
2 32971 061.3044 226.3971 7353702 209.6252 072.9503 02.00544729 23469
0 COSMOS 1409 DEB
1 32971U 82095F   09122.00539867  .00001373  00000-0  10000-3 0  9996
2 32971 061.3039 225.4779 7342915 209.7468 072.9363 02.00568994 23580
0 COSMOS 1409 DEB
1 32971U 82095F   09123.50074063  .00001355  00000-0  10000-3 0  9994
2 32971 061.3136 225.2407 7361322 209.8252 072.3068 02.00575583 23611
0 COSMOS 1409 DEB
1 32971U 82095F   09123.99912390  .00001348  00000-0  10000-3 0  9993
2 32971 061.3137 225.1642 7362561 209.8324 072.1913 02.00583478 23628
0 COSMOS 1409 DEB
1 32971U 82095F   09124.49759095  .00001341  00000-0  10000-3 0  9993
2 32971 061.3110 225.0855 7362639 209.8449 072.1367 02.00584147 23636
0 COSMOS 1409 DEB
1 32971U 82095F   09127.48848438  .00001357  00000-0  10000-3 0  9992
2 32971 061.3026 224.6159 7364815 209.9128 071.9597 02.00594211 23698
0 COSMOS 1409 DEB
1 32971U 82095F   09128.48536472  .00001375  00000-0  10000-3 0  9995
2 32971 061.3005 224.4596 7364916 209.9423 071.8706 02.00598679 23714
0 COSMOS 1409 DEB
1 32971U 82095F   09131.97441778  .00001422  00000-0  10000-3 0  9990
2 32971 061.2909 223.9119 7367511 210.0197 071.6508 02.00609768 23783
0 COSMOS 1409 DEB
1 32971U 82095F   09135.46324623  .00001410  00000-0  10000-3 0  9994
2 32971 061.2880 223.3603 7369561 210.1032 071.3706 02.00620047 23857
0 COSMOS 1409 DEB
1 32971U 82095F   09137.95519857  .00001402  00000-0  10000-3 0  9996
2 32971 061.2973 222.9703 7370303 210.1589 071.2209 02.00627773 23905
0 COSMOS 1409 DEB
1 32971U 82095F   09145.92883528  .00001485  00000-0  10000-3 0  9992
2 32971 061.2986 221.7188 7378874 210.3632 070.7312 02.00653107 24062
0 COSMOS 1409 DEB
1 32971U 82095F   09146.42685977 +.00001483 +00000-0 +10000-3 0  9994
2 32971 061.2969 221.6402 7379401 210.3748 070.4867 02.00655364024076
0 COSMOS 1409 DEB
1 32971U 82095F   09146.92516118 +.00001477 +00000-0 +10000-3 0  9992
2 32971 061.2952 221.5594 7379743 210.3878 070.4451 02.00657077024085
0 COSMOS 1409 DEB
1 32971U 82095F   09147.42346218  .00001470  00000-0  10000-3 0  9993
2 32971 061.2935 221.4780 7380081 210.4013 070.4040 02.00658321 24099
0 COSMOS 1409 DEB
1 32971U 82095F   09151.40981886  .00001399  00000-0  10000-3 0  9992
2 32971 061.2701 220.8396 7383924 210.5009 070.1204 02.00670345 24179
0 COSMOS 1409 DEB
1 32971U 82095F   09153.90112984  .00001367  00000-0 -49460-3 0  9992
2 32971 061.2677 220.4463 7384155 210.5536 069.9374 02.00676095 24222
0 COSMOS 1409 DEB
1 32971U 82095F   09160.87648153  .00001420  00000-0 -93429-3 0  9992
2 32971 061.2734 219.3345 7388706 210.7256 069.4276 02.00694632 24367
0 COSMOS 1409 DEB
1 32971U 82095F   09161.37472117  .00002719  00000-0  12881-1 0  9995
2 32971 061.2552 219.2408 7396151 210.7652 069.3264 02.00708239 24373
0 COSMOS 1409 DEB
1 32971U 82095F   09171.33692022  .00001255  00000-0 -33807-2 0  9998
2 32971 061.2847 217.6529 7397293 210.9843 067.7131 02.00721444 24578
0 COSMOS 1409 DEB
1 32971U 82095F   09171.83640209  .00001437  00000-0 -15488-2 0  9990
2 32971 061.2812 217.5744 7397797 211.0012 068.6418 02.00724597 24588
0 COSMOS 1409 DEB
1 32971U 82095F   09172.33451878 -.00003777  00000-0 -52910-1 0  9998
2 32971 061.2660 217.5344 7399432 211.0137 068.5973 02.00726056 24599
0 COSMOS 1409 DEB
1 32971U 82095F   09178.81109694  .00001518  00000-0  12450-3 0  9999
2 32971 061.2756 216.4452 7403227 211.1915 068.9693 02.00747313 24723
0 COSMOS 1409 DEB
1 32971U 82095F   09181.30027396  .00002243  00000-0  63867-2 0  9998
2 32971 061.2735 216.0515 7404013 211.2302 068.0654 02.00765524 24778
0 COSMOS 1409 DEB
1 32971U 82095F   09193.25166281  .00001683  00000-0  65049-3 0  9994
2 32971 061.1729 214.0462 7419016 211.4984 066.8421 02.00793166 25015
0 COSMOS 1409 DEB
1 32971U 82095F   09197.23567302  .00001727  00000-0  64294-3 0  9995
2 32971 061.2245 213.4493 7416587 211.7044 066.2137 02.00806078 25099
0 COSMOS 1409 DEB
1 32971U 82095F   09197.23630970  .00002377  00000-0  15704-1 0  9999
2 32971 061.2157 213.4361 7416901 211.7038 066.6892 02.00806178 25091
0 COSMOS 1409 DEB
1 32971U 82095F   09201.21972565  .00001635  00000-0  86144-4 0  9997
2 32971 061.2222 212.8036 7418130 211.8042 066.3628 02.00816602 25174
0 COSMOS 1409 DEB
1 32971U 82095F   09202.21564398  .00001664  00000-0  44095-3 0  9999
2 32971 061.2252 212.6475 7417175 211.8289 066.3337 02.00819900 25196
0 COSMOS 1409 DEB
1 32971U 82095F   09209.18610997  .00001661  00000-0  10611-2 0  9992
2 32971 061.2407 211.5448 7414892 212.0087 065.8566 02.00843240 25336
0 COSMOS 1409 DEB
1 32971U 82095F   09210.18210605  .00001893  00000-0  17531-2 0  9991
2 32971 061.1977 211.3200 7429483 212.0672 066.2772 02.00849466 25355
0 COSMOS 1409 DEB
1 32971U 82095F   09216.15493983  .00001909  00000-0  24076-2 0  9996
2 32971 061.2169 210.3785 7424450 212.2118 065.0741 02.00871423 25476
0 COSMOS 1409 DEB
1 32971U 82095F   09218.14620493  .00002520  00000-0  11647-1 0  9994
2 32971 061.1700 209.9819 7430843 212.2936 065.1573 02.00878443 25528
0 COSMOS 1409 DEB
1 32971U 82095F   09218.14639430  .00001855  00000-0  20060-2 0  9995
2 32971 061.1939 210.0224 7429984 212.2762 065.2736 02.00877964 25514
0 COSMOS 1409 DEB
1 32971U 82095F   09218.14656151  .00001796  00000-0  17992-2 0  9998
2 32971 061.1975 210.0256 7428518 212.2737 065.3687 02.00877459 25518
0 COSMOS 1409 DEB
1 32971U 82095F   09219.14183818  .00001551  00000-0  60138-3 0  9994
2 32971 061.1904 209.8539 7431600 212.3168 065.1520 02.00880389 25537
0 COSMOS 1409 DEB
1 32971U 82095F   09221.13278302 +.00001749 +00000-0 +15086-2 0  9999
2 32971 061.1881 209.5310 7432683 212.3682 064.9773 02.00887624025578
0 COSMOS 1409 DEB
1 32971U 82095F   09224.11915280  .00001844  00000-0  18424-2 0  9998
2 32971 061.1859 209.0346 7434375 212.4416 064.7894 02.00898841 25635
0 COSMOS 1409 DEB
1 32971U 82095F   09225.11453502  .00002318  00000-0  96415-2 0  9996
2 32971 061.1627 208.8357 7434663 212.4826 064.6959 02.00902281 25659
0 COSMOS 1409 DEB
1 32971U 82095F   09225.11456630  .00001905  00000-0  20577-2 0  9998
2 32971 061.1821 208.8751 7435321 212.4714 064.7202 02.00902693 25650
0 COSMOS 1409 DEB
1 32971U 82095F   09228.10066903  .00001826  00000-0  18802-2 0  9990
2 32971 061.1783 208.3819 7437235 212.5503 064.4870 02.00912948 25719
0 COSMOS 1409 DEB
1 32971U 82095F   09229.09602256 +.00001781 +00000-0 +18266-2 0  9990
2 32971 061.1770 208.2174 7437807 212.5760 064.4229 02.00916260025739
0 COSMOS 1409 DEB
1 32971U 82095F   09231.08668385  .00001756  00000-0  20031-2 0  9992
2 32971 061.1732 207.8866 7439160 212.6305 064.3109 02.00923996 25774
0 COSMOS 1409 DEB
1 32971U 82095F   09232.08196188  .00001728  00000-0  21779-2 0  9999
2 32971 061.1695 207.6883 7437177 212.6469 064.2248 02.00927604 25791
0 COSMOS 1409 DEB
1 32971U 82095F   09233.07735727  .00001884  00000-0  29720-2 0  9994
2 32971 061.1609 207.5281 7436511 212.6280 064.2539 02.00932695 25811
0 COSMOS 1409 DEB
1 32971U 82095F   09234.07276716 +.00001850 +00000-0 +28884-2 0  9996
2 32971 061.1595 207.3614 7437077 212.6556 064.3009 02.00936315025835
0 COSMOS 1409 DEB
1 32971U 82095F   09236.06320744  .00001790  00000-0  17597-2 0  9990
2 32971 061.2284 206.9713 7451775 213.2517 064.1308 02.00943105 25870
0 COSMOS 1409 DEB
1 32971U 82095F   09238.05166162  .00001678  00000-0  22888-2 0  9997
2 32971 061.2912 206.5964 7438413 212.7562 062.6267 02.00949180 25911
0 COSMOS 1409 DEB
1 32971U 82095F   09246.01426131  .00001139  00000-0  33199-2 0  9996
2 32971 061.1211 205.3511 7446773 213.0465 063.3039 02.00973617 26087
0 COSMOS 1409 DEB
1 32971U 82095F   09247.00925357  .00001196  00000-0  12285-2 0  9996
2 32971 061.1497 205.2220 7448589 213.0864 063.1884 02.00975342 26093
0 COSMOS 1409 DEB
1 32971U 82095F   09248.00429402  .00001147  00000-0  11251-2 0  9995
2 32971 061.1496 205.0554 7449531 213.1278 063.1190 02.00977695 26114
0 COSMOS 1409 DEB
1 32971U 82095F   09249.99429085  .00001125  00000-0  11461-2 0  9990
2 32971 061.1488 204.7217 7450032 213.1639 062.9473 02.00982457 26153
0 COSMOS 1409 DEB
1 32971U 82095F   09250.98936585  .00001085  00000-0  10746-2 0  9999
2 32971 061.1448 204.5589 7450414 213.1827 062.9294 02.00984627 26176
0 COSMOS 1409 DEB
1 32971U 82095F   09251.98438431 +.00001046 +00000-0 +10134-2 0  9995
2 32971 061.1414 204.3945 7450910 213.2050 062.8784 02.00986710026193
0 COSMOS 1409 DEB
1 32971U 82095F   09252.97937812  .00000958  00000-0  86345-3 0  9991
2 32971 061.1396 204.2269 7450701 213.2132 062.8147 02.00988416 26210
0 COSMOS 1409 DEB
1 32971U 82095F   09253.97442814  .00000814  00000-0  54107-3 0  9997
2 32971 061.1656 204.0355 7452931 213.3250 062.7928 02.00989805 26233
0 COSMOS 1409 DEB
1 32971U 82095F   09254.96911436  .00000768  00000-0  53730-3 0  9997
2 32971 061.1441 203.8877 7453124 213.3206 062.5210 02.00991384 26256
0 COSMOS 1409 DEB
1 32971U 82095F   09255.96417502  .00000737  00000-0  59869-3 0  9998
2 32971 061.1480 203.7158 7452927 213.3283 062.5240 02.00993047 26278
0 COSMOS 1409 DEB
1 32971U 82095F   09256.95921049  .00000761  00000-0  77302-3 0  9993
2 32971 061.1501 203.5462 7454218 213.3786 062.5147 02.00994915 26294
0 COSMOS 1409 DEB
1 32971U 82095F   09257.95407495  .00000778  00000-0  92135-3 0  9997
2 32971 061.1537 203.3746 7455396 213.4266 062.3886 02.00996900 26315
0 COSMOS 1409 DEB
1 32971U 82095F   09258.94894016  .00000771  00000-0  10293-2 0  9993
2 32971 061.1535 203.2054 7455746 213.4459 062.2709 02.00998866 26335
0 COSMOS 1409 DEB
1 32971U 82095F   09259.94389942  .00000706  00000-0  99445-3 0  9996
2 32971 061.1499 203.0389 7455991 213.4604 062.2269 02.01000502 26352
0 COSMOS 1409 DEB
1 32971U 82095F   09260.93886659  .00000538  00000-0  76236-3 0  9990
2 32971 061.1270 202.8925 7454290 213.3914 062.1953 02.01001241 26378
0 COSMOS 1409 DEB
1 32971U 82095F   09261.93411923  .00000380  00000-0  47304-3 0  9998
2 32971 061.1178 202.7267 7454129 213.4043 062.3702 02.01002213 26394
0 COSMOS 1409 DEB
1 32971U 82095F   09263.92398533  .00000144  00000-0  25659-4 0  9998
2 32971 061.1176 202.3915 7455296 213.4477 062.2662 02.01002971 26435
0 COSMOS 1409 DEB
1 32971U 82095F   09264.91892592  .00000210  00000-0  21911-3 0  9992
2 32971 061.1113 202.2288 7455971 213.4686 062.2247 02.01003958 26457
0 COSMOS 1409 DEB
1 32971U 82095F   09265.91383277  .00000377  00000-0  61576-3 0  9993
2 32971 061.1126 202.0594 7457438 213.5201 062.1628 02.01005565 26473
0 COSMOS 1409 DEB
1 32971U 82095F   09266.90862282  .00000408  00000-0  75062-3 0  9991
2 32971 061.1127 201.8890 7457647 213.5386 062.0207 02.01006794 26495
0 COSMOS 1409 DEB
1 32971U 82095F   09267.90354178  .00000421  00000-0  82223-3 0  9994
2 32971 061.1196 201.7147 7459384 213.6057 061.9745 02.01007951 26515
0 COSMOS 1409 DEB
1 32971U 82095F   09268.89827921 +.00000284 +00000-0 +64136-3 0  9994
2 32971 061.1181 201.5476 7459963 213.6329 061.7994 02.01008443026530
0 COSMOS 1409 DEB
1 32971U 82095F   09269.89316618  .00000111  00000-0  41204-3 0  9991
2 32971 061.1133 201.3829 7460076 213.6437 061.7343 02.01008602 26551
0 COSMOS 1409 DEB
1 32971U 82095F   09270.88811398 -.00000027  00000-0  25006-3 0  9996
2 32971 061.1047 201.2218 7459909 213.6438 061.7137 02.01008574 26571
0 COSMOS 1409 DEB
1 32971U 82095F   09271.88310148 -.00000047  00000-0  30405-3 0  9995
2 32971 061.1033 201.0545 7460006 213.6575 061.7239 02.01009012 26592
0 COSMOS 1409 DEB
1 32971U 82095F   09272.87803758  .00000008  00000-0  48012-3 0  9998
2 32971 061.0984 200.8927 7460474 213.6744 061.6997 02.01009686 26614
0 COSMOS 1409 DEB
1 32971U 82095F   09273.87294791 -.00000023 +00000-0 +47481-3 0  9997
2 32971 061.0976 200.7260 7461168 213.7034 061.6566 02.01009977026635
0 COSMOS 1409 DEB
1 32971U 82095F   09274.86781811 -.00000089  00000-0  39569-3 0  9991
2 32971 061.0927 200.5627 7461619 213.7244 061.5855 02.01010058 26654
0 COSMOS 1409 DEB
1 32971U 82095F   09275.86271495 -.00000132  00000-0  35087-3 0  9994
2 32971 061.0939 200.3929 7462152 213.7459 061.5353 02.01010135 26672
0 COSMOS 1409 DEB
1 32971U 82095F   09276.85760260 -.00000171  00000-0  31180-3 0  9990
2 32971 061.0830 200.2338 7462451 213.7603 061.4769 02.01010000 26691
0 COSMOS 1409 DEB
1 32971U 82095F   09277.85251633 -.00000212 +00000-0 +26597-3 0  9992
2 32971 061.0786 200.0684 7463014 213.7873 061.4367 02.01009779026716
0 COSMOS 1409 DEB
1 32971U 82095F   09278.84738630 -.00000276  00000-0  18894-3 0  9990
2 32971 061.0714 199.9048 7463172 213.8046 061.3632 02.01009348 26733
0 COSMOS 1409 DEB
1 32971U 82095F   09279.84229657 -.00000277  00000-0  22422-3 0  9998
2 32971 061.0737 199.7328 7463794 213.8403 061.3177 02.01009065 26756
0 COSMOS 1409 DEB
1 32971U 82095F   09280.83714335 -.00000378  00000-0  10734-3 0  9996
2 32971 061.0792 199.5591 7463850 213.8531 061.2252 02.01008284 26779
0 COSMOS 1409 DEB
1 32971U 82095F   09281.83207706 -.00000590  00000-0 -17642-3 0  9998
2 32971 061.0764 199.3917 7464575 213.8913 061.1887 02.01006770 26790
0 COSMOS 1409 DEB
1 32971U 82095F   09282.82693731 -.00000738  00000-0 -32915-3 0  9999
2 32971 061.0754 199.2236 7465381 213.9281 061.0953 02.01005295 26814
0 COSMOS 1409 DEB
1 32971U 82095F   09283.82180743 -.00000736 +00000-0 -23119-3 0  9998
2 32971 061.0707 199.0583 7466118 213.9590 061.0065 02.01004345026838
0 COSMOS 1409 DEB
1 32971U 82095F   09284.81669931 -.00000559  00000-0  13256-3 0  9992
2 32971 061.0703 198.8885 7466371 213.9748 060.9339 02.01004331 26851
0 COSMOS 1409 DEB
1 32971U 82095F   09285.81164289 -.00000358  00000-0  51668-3 0  9995
2 32971 061.0654 198.7226 7466958 213.9996 060.8986 02.01004745 26878
0 COSMOS 1409 DEB
1 32971U 82095F   09286.80654899 -.00000264 +00000-0 +71612-3 0  9993
2 32971 061.0640 198.5534 7467481 214.0247 060.8363 02.01005017026890
0 COSMOS 1409 DEB
1 32971U 82095F   09287.80145519 -.00000321  00000-0  67289-3 0  9997
2 32971 061.0630 198.3831 7467980 214.0491 060.7720 02.01004633 26914
0 COSMOS 1409 DEB
1 32971U 82095F   09288.79636708 -.00000437 +00000-0 +52902-3 0  9995
2 32971 061.0619 198.2132 7468605 214.0785 060.7103 02.01003928026938
0 COSMOS 1409 DEB
1 32971U 82095F   09289.79126206 -.00000405  00000-0  58721-3 0  9993
2 32971 061.0656 198.0400 7469031 214.0988 060.6375 02.01003760 26950
0 COSMOS 1409 DEB
1 32971U 82095F   09290.78618062 -.00000209  00000-0  86884-3 0  9993
2 32971 061.0639 197.8726 7469275 214.1096 060.5837 02.01004360 26971
0 COSMOS 1409 DEB
1 32971U 82095F   09291.78112228  .00000006  00000-0  11456-2 0  9993
2 32971 061.0639 197.7029 7470164 214.1558 060.5462 02.01005327 26998
0 COSMOS 1409 DEB
1 32971U 82095F   09292.77594583  .00000310  00000-0  15587-2 0  9998
2 32971 061.0638 197.5345 7470460 214.1632 060.4352 02.01007373 27012
0 COSMOS 1409 DEB
1 32971U 82095F   09293.77087391  .00000589  00000-0  19142-2 0  9992
2 32971 061.0610 197.3678 7471119 214.1912 060.4042 02.01009777 27030
0 COSMOS 1409 DEB
1 32971U 82095F   09294.76572932  .00000861  00000-0  22451-2 0  9992
2 32971 061.0619 197.1978 7471872 214.2254 060.3287 02.01012641 27052
0 COSMOS 1409 DEB
1 32971U 82095F   09296.75539924  .00001811  00000-0  35188-2 0  9994
2 32971 061.0583 196.8644 7471997 214.2333 060.2022 02.01022658 27093
0 COSMOS 1409 DEB
1 32971U 82095F   09302.72405867  .00002477  00000-0  39912-2 0  9995
2 32971 061.0620 195.8482 7475109 214.3906 060.1031 02.01059601 27211
0 COSMOS 1409 DEB
1 32971U 82095F   09303.71841928 +.00005394 +00000-0 +72800-2 0  9991
2 32971 061.0479 195.6933 7474648 214.4076 059.8733 02.01075294027230
0 COSMOS 1409 DEB
1 32971U 82095F   09304.71296597 +.00005220 +00000-0 +68549-2 0  9991
2 32971 061.0471 195.5246 7475435 214.4515 059.8189 02.01085669027255
0 COSMOS 1409 DEB
1 32971U 82095F   09305.70738501 +.00004937 +00000-0 +64179-2 0  9996
2 32971 061.0463 195.3556 7475912 214.4849 059.7058 02.01094921027275
0 COSMOS 1409 DEB
1 32971U 82095F   09307.69616999  .00004465  00000-0  54938-2 0  9990
2 32971 061.0434 195.0182 7477777 214.5692 059.5369 02.01111970 27315
0 COSMOS 1409 DEB
1 32971U 82095F   09308.69043246  .00004135  00000-0  49914-2 0  9992
2 32971 061.0567 194.8392 7478721 214.6200 059.3998 02.01119245 27339
0 COSMOS 1409 DEB
1 32971U 82095F   09309.68467899  .00003855  00000-0  50507-2 0  9994
2 32971 061.0027 194.7108 7477193 214.5569 059.2823 02.01126215 27356
0 COSMOS 1409 DEB
1 32971U 82095F   09310.67926471  .00003734  00000-0  47880-2 0  9997
2 32971 061.0241 194.5249 7478060 214.6065 059.4337 02.01133639 27376
0 COSMOS 1409 DEB
1 32971U 82095F   09311.67344666  .00003880  00000-0  47821-2 0  9995
2 32971 061.0387 194.3449 7478920 214.6519 059.3213 02.01141860 27395
0 COSMOS 1409 DEB
1 32971U 82095F   09312.66759761  .00003882  00000-0  48051-2 0  9999
2 32971 061.0378 194.1758 7478927 214.6598 059.2168 02.01149882 27413
0 COSMOS 1409 DEB
1 32971U 82095F   09313.66183395  .00004293  00000-0  51168-2 0  9994
2 32971 061.0391 194.0034 7479268 214.6695 059.2161 02.01160420 27437
0 COSMOS 1409 DEB
1 32971U 82095F   09314.65598233  .00005006  00000-0  55115-2 0  9994
2 32971 061.0754 193.8096 7480651 214.7762 059.1845 02.01173528 27452
0 COSMOS 1409 DEB
1 32971U 82095F   09315.64977615  .00005856  00000-0  54774-2 0  9992
2 32971 061.0888 193.6300 7483632 214.9118 058.9451 02.01188206 27476
0 COSMOS 1409 DEB
1 32971U 82095F   09316.64336929  .00006265  00000-0  63211-2 0  9991
2 32971 061.0500 193.4869 7481378 214.7988 058.6221 02.01201970 27491
0 COSMOS 1409 DEB
1 32971U 82095F   09317.63769684  .00006591  00000-0  68326-2 0  9993
2 32971 061.0477 193.3190 7480011 214.7473 058.8776 02.01215907 27517
0 COSMOS 1409 DEB
1 32971U 82095F   09318.63176909  .00007090  00000-0  67687-2 0  9990
2 32971 061.0816 193.1263 7481558 214.8318 058.9987 02.01232017 27537
0 COSMOS 1409 DEB
1 32971U 82095F   09319.62531147  .00008751  00000-0  10397-1 0  9999
2 32971 061.0633 192.9688 7475142 214.5655 058.8368 02.01254998 27551
0 COSMOS 1409 DEB
1 32971U 82095F   09320.61984977  .00010885  00000-0  11734-1 0  9990
2 32971 061.0417 192.8125 7476638 214.6203 059.4768 02.01283759 27577
0 COSMOS 1409 DEB
1 32971U 82095F   09321.61315566  .00012932  00000-0  12661-1 0  9998
2 32971 061.0587 192.6294 7478280 214.7042 059.3325 02.01316249 27598
0 COSMOS 1409 DEB
1 32971U 82095F   09333.02830809  .00015631  00000-0  96716-2 0  9991
2 32971 061.0184 190.7066 7484902 215.1758 059.7257 02.01669636 27829
