1 11923U 80060  E 80222.25129422  .00002225 +00000-0 +01617-3 0  9990
2 11923 047.2154 273.9014 7253576 006.6959 359.4855 02.29694319000584
1 11923U 80060  E 80225.29857106  .00002637 +00000-0 +03496-3 0  9998
2 11923 047.2045 273.0378 7254042 007.5459 359.3956 02.29712343000658
1 11923U 80060  E 80226.16911226  .00002708 +00000-0 +03645-3 0  9994
2 11923 047.2032 272.7937 7254400 007.7742 359.3121 02.29717493000673
1 11923U 80060  E 80226.16911227  .00002709 +00000-0 +03649-3 0  9990
2 11923 047.2032 272.7937 7254402 007.7741 359.3121 02.29717493000674
1 11923U 80060  E 80226.16911229  .00002889 +00000-0 +04543-3 0  9995
2 11923 047.1995 272.7963 7254447 007.7643 359.3190 02.29719067000675
1 11923U 80060  E 80228.34555284  .00003041 +00000-0 +04593-3 0  9998
2 11923 047.1948 272.1813 7255523 008.3404 359.2649 02.29732800000723
1 11923U 80060  E 80229.21604192  .00003080 +00000-0 +04841-3 0  9997
2 11923 047.1898 271.9486 7255382 008.5803 359.2007 02.29738235000746
1 11923U 80060  E 80229.21604326  .00003072 +00000-0 +04724-3 0  9997
2 11923 047.1916 271.9380 7255512 008.5830 359.2026 02.29738259000742
1 11923U 80060  E 80229.21604328  .00003080 +00000-0 +04840-3 0  9997
2 11923 047.1898 271.9487 7255382 008.5802 359.2018 02.29738235000748
1 11923U 80060  E 80229.21604611  .00003080 +00000-0 +04841-3 0  9993
2 11923 047.1898 271.9486 7255381 008.5804 359.2041 02.29738235000744
1 11923U 80060  E 80232.26275479  .00003105 +00000-0 +04211-3 0  9997
2 11923 047.1811 271.0624 7256454 009.4302 359.1087 02.29756927000814
1 11923U 80060  E 80236.17955637  .00003873 +00000-0 +07151-3 0  9990
2 11923 047.1678 269.9566 7257072 010.5004 359.0476 02.29789996000908
1 11923U 80060  E 80236.18047168  .00003884 +00000-0 +07176-3 0  9991
2 11923 047.1702 269.9509 7257101 010.5036 359.8051 02.29790092000907
1 11923U 80060  E 80243.14128331  .00003610 +00000-0 +14032-2 0  9992
2 11923 047.1397 267.9656 7259584 012.4081 358.7243 02.29839936001066
1 11923U 80060  E 80244.44647999  .00003596 +00000-0 +13807-2 0  9994
2 11923 047.1393 267.6003 7259778 012.7730 358.6937 02.29848987001092
1 11923U 80060  E 80244.44648122  .00003596 +00000-0 +13806-2 0  9992
2 11923 047.1393 267.6003 7259781 012.7730 358.6947 02.29848988001098
1 11923U 80060  E 80246.18664333  .00003164 +00000-0 +11624-2 0  9994
2 11923 047.1304 267.1023 7260619 013.2472 358.6080 02.29856993001136
1 11923U 80060  E 80249.23183824  .00003599 +00000-0 +12073-2 0  9995
2 11923 047.1193 266.2428 7262457 014.0533 358.6175 02.29880973001208
1 11923U 80060  E 80250.10175090  .00004345 +00000-0 +14819-2 0  9999
2 11923 047.1121 265.9766 7262085 014.3282 358.5895 02.29894165001229
1 11923U 80060  E 80252.27640775  .00004530 +00000-0 +15452-2 0  9996
2 11923 047.1181 265.3680 7261931 015.0021 358.4539 02.29914731001273
1 11923U 80060  E 80252.27640776  .00004547 +00000-0 +15573-2 0  9999
2 11923 047.1190 265.3688 7261845 015.0110 358.4544 02.29914932001273
1 11923U 80060  E 80253.14618917  .00005193 +00000-0 +16760-2 0  9995
2 11923 047.1083 265.1162 7263051 015.1844 358.4277 02.29928620001299
1 11923U 80060  E 80257.05998836  .00004634 +00000-0 +13618-2 0  9998
2 11923 047.0976 264.0024 7264681 016.2480 358.2694 02.29962224001381
1 11923U 80060  E 80260.10365484  .00004174 +00000-0 +11412-2 0  9994
2 11923 047.0836 263.1446 7265919 017.0809 358.1250 02.29985075001457
1 11923U 80060  E 80261.40803758  .00004299 +00000-0 +11483-2 0  9995
2 11923 047.0777 262.7688 7266297 017.4543 358.1263 02.29997393001486
1 11923U 80060  E 80261.40805981  .00004299 +00000-0 +11483-2 0  9995
2 11923 047.0777 262.7688 7266297 017.4543 358.1447 02.29997394001481
1 11923U 80060  E 80263.14707439  .00005055 +00000-0 +13663-2 0  9990
2 11923 047.0665 262.2575 7265951 017.9499 358.1370 02.30019303001525
1 11923U 80060  E 80276.18436592  .00006376 +00000-0 +12710-2 0  9996
2 11923 047.0230 258.5297 7270609 021.5797 357.6108 02.30177749001825
1 11923U 80060  E 80277.05318293  .00007565 +00000-0 +15103-2 0  9990
2 11923 047.0097 258.2705 7270460 021.8313 357.6436 02.30199423001848
1 11923U 80060  E 80277.48746900  .00006936 +00000-0 +13561-2 0  9994
2 11923 047.0088 258.1404 7270800 021.9562 357.5282 02.30201634001855
1 11923U 80060  E 80277.48749534  .00006936 +00000-0 +13557-2 0  9995
2 11923 047.0088 258.1404 7270804 021.9560 357.5500 02.30201633001859
1 11923U 80060  E 80281.39615474  .00008783 +00000-0 +15863-2 0  9999
2 11923 046.9905 257.0069 7271682 023.0595 357.3986 02.30278458001941
1 11923U 80060  E 80284.43542745  .00008976 +00000-0 +14284-2 0  9997
2 11923 046.9874 256.0885 7273475 023.9003 357.2783 02.30333190002014
1 11923U 80060  E 80287.03995792  .00009497 +00000-0 +14463-2 0  9998
2 11923 046.9718 255.3463 7273820 024.6259 357.2334 02.30386029002077
1 11923U 80060  E 80293.54818771  .00011990 +00000-0 +16985-3 0  9995
2 11923 046.9441 253.4667 7274440 026.4611 357.0927 02.30547754002223
1 11923U 80060  E 80293.98177828  .00012812 +00000-0 +18007-3 0  9995
2 11923 046.9423 253.3401 7274504 026.5833 356.9872 02.30564383002231
1 11923U 80060  E 80296.14996676  .00012886 +00000-0 +17741-3 0  9991
2 11923 046.9139 252.7258 7274537 027.1910 356.8794 02.30620154002283
1 11923U 80060  E 80297.88408941  .00013746 +00000-0 +17699-3 0  9994
2 11923 046.9094 252.2339 7275664 027.6550 356.8131 02.30672649002321
1 11923U 80060  E 80300.91800100  .00013886 +00000-0 +16475-3 0  9992
2 11923 046.9011 251.3455 7276826 028.4991 356.7175 02.30756846002394
1 11923U 80060  E 80302.21788961  .00014370 +00000-0 +16557-3 0  9997
2 11923 046.8822 250.9492 7277170 028.8618 356.6706 02.30795676002429
1 11923U 80060  E 80304.38393038  .00015107 +00000-0 +17286-3 0  9993
2 11923 046.8803 250.3209 7276780 029.4966 356.6660 02.30864723002471
1 11923U 80060  E 80308.28106592  .00018685 +00000-0 +20115-3 0  9992
2 11923 046.8749 249.1750 7276813 030.6275 357.1068 02.31031936002562
1 11923U 80060  E 80309.14586420  .00019091 +00000-0 +20294-3 0  9990
2 11923 046.8695 248.9180 7276785 030.8727 356.5039 02.31069889002589
1 11923U 80060  E 80311.30912496  .00027478 -47451-4 +20586-3 0  9995
2 11923 046.8704 248.2643 7277499 031.4936 356.4625 02.31170616002636
1 11923U 80060  E 80312.17404020  .00021007 +00000-0 +21199-3 0  9997
2 11923 046.8715 248.0047 7276798 031.7525 356.3428 02.31209218002655
1 11923U 80060  E 80313.03891689  .00028661 -47395-4 +20542-3 0  9991
2 11923 046.8572 247.7686 7278082 031.9608 356.3022 02.31250349002676
1 11923U 80060  E 80313.90366262  .00030211 -47498-4 +21480-3 0  9991
2 11923 046.8499 247.4864 7278203 032.2243 356.2902 02.31296640002695
1 11923U 80060  E 80315.20044714  .00030273 -47694-4 +21079-3 0  9991
2 11923 046.8429 247.0991 7278143 032.5923 356.2321 02.31357482002727
1 11923U 80060  E 80316.06479723  .00031095 -47630-4 +21414-3 0  9994
2 11923 046.8418 246.8434 7278143 032.8321 356.2684 02.31406036002743
1 11923U 80060  E 80316.92889260  .00031118 -47781-4 +21449-3 0  9991
2 11923 046.8368 246.5849 7277784 033.0854 356.1836 02.31447918002762
1 11923U 80060  E 80321.67791553  .00038230 -48004-4 +27194-3 0  9990
2 11923 046.8176 245.2005 7275646 034.4677 356.0799 02.31765040002870
1 11923U 80060  E 80325.12768696  .00038844 -48134-4 +25663-3 0  9990
2 11923 046.8132 244.1236 7275413 035.4839 355.8713 02.31989232002952
1 11923U 80060  E 80333.30541719  .00053445 -48371-4 +29005-3 0  9995
2 11923 046.7891 241.7404 7274601 037.8116 355.8335 02.32709869003144
1 11923U 80060  E 80341.02267406  .00027634 -48760-4 +11497-3 0  9990
2 11923 046.7677 239.4109 7271750 040.0754 355.3798 02.33328354003323
1 11923U 80060  E 80344.01435789  .00112212 -48814-4 +41348-3 0  9998
2 11923 046.7508 238.5185 7270304 040.8344 355.2425 02.34282743003392
1 11923U 80060  E 80344.01435815  .00097102 -48776-4 +41348-3 0  9995
2 11923 046.7454 238.5288 7267694 040.8927 355.2420 02.34281362003392
1 11923U 80060  E 80345.72048204  .00098845 -48721-4 +41375-3 0  9991
2 11923 046.7343 238.0178 7265846 041.3779 354.9468 02.34555894003437
1 11923U 80060  E 80346.14698623  .00098869 -48712-4 +41496-3 0  9994
2 11923 046.7332 237.8879 7265182 041.5054 355.1518 02.34634403003445
1 11923U 80060  E 80355.06018016  .00120412 -48859-4 +49401-3 0  9993
2 11923 046.7152 235.1556 7249755 044.2451 356.9994 02.36671790003659
