1 21740U 91064  F 91294.11830872  .00003442 +00000-0 +21153-2 0  9996
2 21740 047.4956 258.4510 7318934 002.5191 359.5810 02.21273992000603
1 21740U 91064  F 91300.89614635  .00004207 +00000-0 +23005-2 0  9994
2 21740 047.4822 256.6292 7321367 004.2410 359.4090 02.21331225000758
1 21740U 91064  F 91302.25151753  .00004178 +00000-0 +22457-2 0  9990
2 21740 047.4685 256.2729 7321682 004.5851 359.3814 02.21342124000784
1 21740U 91064  F 91306.31700817  .00004571 +00000-0 +22751-2 0  9996
2 21740 047.4568 255.1615 7323178 005.6317 359.2505 02.21382240000876
1 21740U 91064  F 91310.38137132  .00005713 +00000-0 +26417-2 0  9994
2 21740 047.4191 254.0935 7324444 006.6671 359.1262 02.21441733000964
1 21740U 91064  F 91312.18760114  .00005931 +00000-0 +26298-2 0  9995
2 21740 047.4159 253.5996 7325214 007.1233 359.1286 02.21463455001002
1 21740U 91064  F 91314.44511527  .00006179 +00000-0 +26098-2 0  9991
2 21740 047.3982 253.0095 7326078 007.6962 359.0727 02.21490045001052
1 21740U 91064  F 91316.25094017  .00006989 +00000-0 +29155-2 0  9998
2 21740 047.3942 252.4951 7326090 008.1699 359.2021 02.21525694001091
1 21740U 91064  F 91319.86154339  .00007438 +00000-0 +29054-2 0  9990
2 21740 047.3818 251.5172 7327114 009.1013 358.9489 02.21575784001175
1 21740U 91064  F 91328.88478597  .00007547 +00000-0 +24377-2 0  9991
2 21740 047.3369 249.0210 7329964 011.4815 358.7532 02.21711219001376
1 21740U 91064  F 91331.13974046  .00008162 +00000-0 +25181-2 0  9991
2 21740 047.3381 248.4387 7330562 012.0421 358.7634 02.21753319001420
1 21740U 91064  F 91333.84499936  .00008558 +00000-0 +25131-2 0  9995
2 21740 047.3281 247.7041 7331448 012.7388 358.6260 02.21797987001480
1 21740U 91064  F 91334.29582363  .00008639 +00000-0 +24788-2 0  9999
2 21740 047.3270 247.5763 7331841 012.8505 358.6033 02.21805737001498
1 21740U 91064  F 91335.64823414  .00009007 +00000-0 +24765-2 0  9999
2 21740 047.3216 247.2076 7332229 013.2017 358.5627 02.21829456001522
1 21740U 91064  F 91337.45124205  .00008815 +00000-0 +23116-2 0  9997
2 21740 047.2964 246.7213 7332859 013.6661 358.5600 02.21863548001561
1 21740U 91064  F 91338.80328203  .00008959 +00000-0 +23025-2 0  9999
2 21740 047.3005 246.3437 7333269 014.0205 358.5511 02.21890922001597
1 21740U 91064  F 91338.80328331  .00009075 +00000-0 +23025-2 0  9991
2 21740 047.3005 246.3437 7333269 014.0204 358.5511 02.21890922001596
1 21740U 91064  F 91343.30904694  .00010203 +00000-0 +25600-2 0  9990
2 21740 047.2993 245.0926 7332701 015.2410 358.6653 02.21989414001696
1 21740U 91064  F 91348.26172277  .00012644 +00000-0 +27030-2 0  9994
2 21740 047.2703 243.7418 7334678 016.4821 358.3131 02.22136069001802
1 21740U 91064  F 91348.71186667  .00012892 +00000-0 +28320-2 0  9990
2 21740 047.2482 243.6305 7333907 016.6060 358.3060 02.22148972001819
1 21740U 91064  F 91348.71186793  .00012771 +00000-0 +28320-2 0  9996
2 21740 047.2482 243.6306 7333907 016.6061 358.3060 02.22148972001811
1 21740U 91064  F 91358.15787791  .00014659 +00000-0 +26409-2 0  9993
2 21740 047.2376 241.0306 7335162 019.2924 358.0674 02.22447464002027
1 21740U 91064  F 91361.30389039  .00017946 +00000-0 +26216-2 0  9995
2 21740 047.1861 240.1140 7337506 019.9480 358.4430 02.22591339002091
1 21740U 91064  F 91362.20171021  .00020429 +00000-0 +28444-2 0  9990
2 21740 047.1964 239.8711 7337921 020.1760 357.9746 02.22635753002116
1 21740U 91064  F 91362.20171149  .00020655 +00000-0 +28434-2 0  9991
2 21740 047.2094 239.8627 7337993 020.1852 357.9744 02.22635919002110
1 21740U 91064  F 91365.34480815  .00021323 +00000-0 +27131-2 0  9998
2 21740 047.1937 238.9888 7338154 021.0207 357.9086 02.22770302002180
1 21740U 91064  F 92018.25484990  .00040054 -48400-4 +24667-2 0  9996
2 21740 047.1405 233.9752 7336993 025.8643 356.1887 02.23890982002582
1 21740U 91064  F 92022.71853985  .00013959 -48600-4 +40958-3 0  9994
2 21740 047.1361 232.7114 7337843 027.0621 357.1623 02.24164034002680
1 21740U 91064  F 92023.61069343  .00046921 -48500-4 +22874-2 0  9991
2 21740 047.1293 232.4531 7336845 027.2889 357.5687 02.24337971002702
1 21740U 91064  F 92024.94705389  .00046596 -48700-4 +24460-2 0  9998
2 21740 047.1283 232.0609 7335046 027.6944 357.0824 02.24442516002734
1 21740U 91064  F 92026.72860459  .00042214 +52820-5 +24368-2 0  9994
2 21740 047.1233 231.5576 7334565 028.1767 357.0201 02.24583437002771
1 21740U 91064  F 92027.17381831  .00046432 -48700-4 +16901-2 0  9998
2 21740 047.0859 231.4703 7338099 028.1630 357.0182 02.24618108002783
1 21740U 91064  F 92027.61889560  .00046382 -48700-4 +15303-2 0  9998
2 21740 047.1328 231.3709 7338944 028.2714 356.9394 02.24652762002791
1 21740U 91064  F 92027.61897898  .00047076 -48900-4 +17980-2 0  9997
2 21740 047.0588 231.2835 7337273 028.3329 357.0277 02.24654427002796
1 21740U 91064  F 92027.61898405  .00046792 -48800-4 +15842-2 0  9990
2 21740 047.1309 231.3645 7338648 028.2868 357.0161 02.24655052002799
1 21740U 91064  F 92027.61898478  .00047747 +54677-5 +23294-2 0  9990
2 21740 047.1235 231.3199 7335896 028.4083 357.0696 02.24679631002796
1 21740U 91064  F 92040.03950161  .00071502 -49100-4 +19646-2 0  9996
2 21740 047.0646 227.7460 7329354 031.8459 356.5900 02.26190483003077
1 21740U 91064  F 92047.53798675  .00081034 -49299-4 +18487-2 0  9990
2 21740 047.0272 225.5546 7322698 034.0146 357.1381 02.27287187003243
1 21740U 91064  F 92052.80692986  .00337487 +10130-4 +44635-2 0  9995
2 21740 047.0118 224.0202 7318862 035.4301 356.0421 02.28362506003367
1 21740U 91064  F 92052.80711599  .00082849 -49500-4 +14644-2 0  9997
2 21740 047.0090 224.0221 7318862 035.4282 356.1550 02.28087286003368
1 21740U 91064  F 92061.10051362  .00146109 -49400-4 +89350-3 0  9991
2 21740 046.9511 221.5693 7308245 037.7758 355.6318 02.30183616003550
1 21740U 91064  F 92061.10056980  .00110308 +11448-4 +82797-3 0  9992
2 21740 046.9584 221.5664 7308074 037.7877 355.6804 02.30087821003551
1 21740U 91064  F 92061.10057187  .00141264 -49400-4 +90045-3 0  9992
2 21740 046.9644 221.5641 7308239 037.7840 355.6804 02.30154004003554
1 21740U 91064  F 92061.10057367  .00135653 +11571-4 +89997-3 0  9998
2 21740 046.9667 221.5630 7308239 037.7852 355.6820 02.30153678003554
1 21740U 91064  F 92065.43627227  .00120904 +12264-4 +67595-3 0  9999
2 21740 046.9698 220.2631 7301419 039.0292 355.4736 02.31145379003656
1 21740U 91064  F 92065.43757173  .00121439 -49400-4 +64256-3 0  9991
2 21740 046.9697 220.2653 7301634 039.0227 356.5554 02.31124729003652
1 21740U 91064  F 92068.89093823  .00124118 -49400-4 +62499-3 0  9993
2 21740 046.9545 219.2268 7295518 040.0322 355.1119 02.31944431003736
1 21740U 91064  F 92071.90235446  .00130949 -49299-4 +66374-3 0  9999
2 21740 046.9434 218.3195 7289073 040.9165 355.1998 02.32767213003800
1 21740U 91064  F 92071.90440758  .00126131 -49400-4 +55023-3 0  9994
2 21740 046.9277 218.3087 7290188 040.9143 356.9215 02.32736613003801
1 21740U 91064  F 92082.95561180  .00303333 -48600-4 +52899-3 0  9994
2 21740 046.9142 214.9392 7255589 044.1636 355.8802 02.38025180004067
1 21740U 91064  F 92088.35631020  .00513319 -47500-4 +55714-3 0  9999
2 21740 046.9005 213.3004 7218650 045.7173 354.3122 02.43332173004191
