1 23635U 95039  D 95215.05103283  .00000252 +00000-0 +10000-4 0  9993
2 23635 063.8228 259.6653 9332907 314.5682 001.9238 00.26189031000001
1 23635U 95039  D 95215.05103678  .00000254 +00000-0 +10000-4 0  9993
2 23635 063.8306 259.6536 9336184 314.5884 001.9285 00.26007211000004
1 23635U 95039  D 95218.83333330  .00000566 +00000-0 +00000-0 0  9993
2 23635 062.9070 260.6360 9290249 314.2510 002.8950 00.26651584000000
1 23635U 95039  D 95222.54841510 -.00000133 +00000-0 +00000-0 0  9991
2 23635 062.5430 261.1120 9272251 314.0610 359.8460 00.26922002000016
1 23635U 95039D   95222.54841510 -.00000133 +00000-0 +00000-0 0  9991
2 23635 062.5430 261.1120 9272251 314.0610 359.8460 00.26922002000016
1 23635U 95039D   97099.00000000 -.00001306  00000-0  00000+0 0  9999
2 23635 070.8947 248.1784 7719834 328.4154 353.4493 00.26190409  1650
1 23635U 95039D   00308.45833333 +.00000000 +00000-0 +00000-0 0  9998
2 23635 066.1772 240.9533 9370480 005.5222 359.1594 00.26686352001659
1 23635U 95039D   00312.20833333 +.00000000 +00000-0 +00000-0 0  9996
2 23635 066.0282 240.8870 9374840 005.5087 359.4378 00.26691804001651
