1  6364U 73009A   76188.08625000 +.00001878 +00000-0 +00000-0 0  9993
2  6364 065.0020 197.0800 9317300 290.7900 090.5950 00.24962625005930
1  6364U 73009A   76188.08625000 +.00001878 +00000-0 +00000-0 0  9993
2  6364 065.0020 197.0800 9317300 290.7900 090.5950 00.24962625005930
1 06364U 73009A   76188.08625000 +.00001878 +00000-0 +00000-0 0  9993
2 06364 065.0020 197.0800 9317300 290.7900 090.5950 00.24962625005930
1 06364U 73009A   76188.08625000  .00001878  00000-0  10000-3 0  9997
2 06364 065.0020 197.0800 9317300 290.7900 090.5950 00.24962625  5930
1 06364U 73009A   76188.08625000  .00001878  00000-0  10000-3 0  9997
2 06364 065.0020 197.0800 9317300 290.7900 090.5950 00.24962625  5930
1 06364U 73009A   76188.08625000  .00001878  00000-0  10000-3 0  9997
2 06364 065.0020 197.0800 9317300 290.7900 090.5950 00.24962625  5930
1  6364U 73009A   76188.08625000 +.00001878 +00000-0 +10000-3 0  9997
2  6364 065.0020 197.0800 9317300 290.7900 090.5950 00.24962625005930
1  6364U 73009A   76188.08625000 +.00001878 +00000-0 +10000-3 0  9997
2  6364 065.0020 197.0800 9317300 290.7900 090.5950 00.24962625005930
1  6364U 73009A   76188.08625000 +.00001878 +00000-0 +10000-3 0  9997
2  6364 065.0020 197.0800 9317300 290.7900 090.5950 00.24962625005930
1  6364U 73009A   76188.08625000 +.00001878 +00000-0 +10000-3 0  9997
2  6364 065.0020 197.0800 9317300 290.7900 090.5950 00.24962625005930
1  6364U 73009A   76188.08625000 +.00001878 +00000-0 +10000-3 0  9997
2  6364 065.0020 197.0800 9317300 290.7900 090.5950 00.24962625005930
1  6364U 73009A   76188.08625000 +.00001878 +00000-0 +10000-3 0  9997
2  6364 065.0020 197.0800 9317300 290.7900 090.5950 00.24962625005930
