1 01621U 65080  A 65290.80368073  .00000000 +00000-0 +00000-0 0  9996
2 01621 065.1890 147.4946 7417365 285.0400 009.8137 02.00323891000082
1 01621U 65080  A 65291.30288059  .00000000 +00000-0 +00000-0 0  9997
2 01621 065.0785 147.5987 7423416 284.9084 009.8069 02.00277951000090
1 01621U 65080  A 65295.29735976  .00000000 +00000-0 +00000-0 0  9994
2 01621 065.0701 147.0279 7423173 284.8652 009.8176 02.00277268000176
1 01621U 65080  A 65307.27968960  .00000000 +00000-0 +00000-0 0  9997
2 01621 064.9344 145.2856 7427129 284.6094 009.8491 02.00301655000416
1 01621U 65080  A 65316.26531726  .00001251 +00000-0 +00000-0 0  9991
2 01621 064.8215 143.9322 7427870 284.4844 009.8716 02.00331786000596
1 01621U 65080  A 66035.17891749 -.00001540 +00000-0 +00000-0 0  9996
2 01621 065.1941 131.9941 7383392 283.1086 010.4349 02.01059679002292
1 01621U 65080  A 66042.14237458 -.00001110 +00000-0 +00000-0 0  9995
2 01621 065.2499 131.1344 7387695 282.8052 010.4774 02.01043504002437
1 01621U 65080  A 66086.42322570  .00000000 +00000-0 +00000-0 0  9990
2 01621 064.9305 123.8657 7384357 281.1921 010.1388 02.00963189003329
1 01621U 65080  A 66099.36202722  .00000000 +00000-0 +00000-0 0  9993
2 01621 064.9304 122.0652 7384357 280.9747 010.9207 02.00962750003586
1 01621U 65080  A 66117.77350026  .00000000 +00000-0 +00000-0 0  9990
2 01621 064.9304 119.5030 7384357 280.6653 010.9939 02.00962749003951
1 01621U 65080  A 66141.65865570  .00000000 +00000-0 +00000-0 0  9999
2 01621 064.9305 116.1792 7384357 280.2640 011.0895 02.00962748004438
1 01621U 65080  A 66285.46722560  .00000000 +00000-0 +00000-0 0  9998
2 01621 064.9304 096.1665 7384357 277.8477 011.6840 02.00962743007325
