1 05620U 71100  A 71327.95268916  .00000500 +00000-0 +00000-0 0  9993
2 05620 065.4744 183.1822 7389620 285.1564 009.9632 02.02247190000002
1 05620U 71100  A 71344.62699446  .00008623 +00000-0 +00000-0 0  9996
2 05620 065.4549 181.2584 7394830 285.1469 009.9521 02.04045320000002
1 05620U 71100  A 71347.07789772 -.00010018 +00000-0 +00000-0 0  9992
2 05620 065.4552 180.9242 7400920 284.8231 009.9850 02.03991485000055
1 05620U 71100  A 71353.45047078 -.00000949 +00000-0 +00000-0 0  9999
2 05620 065.4548 180.0011 7398880 284.7929 010.0033 02.03996634000528
1 05620U 71100  A 72001.19673346 -.00001034 +00000-0 +00000-0 0  9990
2 05620 065.4394 178.1751 7398940 284.4984 010.0668 02.03969603000789
1 05620U 71100  A 72003.64780967 -.00000731 +00000-0 +00000-0 0  9993
2 05620 065.4248 177.8256 7393990 284.5445 010.0855 02.03973498000837
1 05620U 71100  A 72011.49102782  .00000788 +00000-0 +00000-0 0  9999
2 05620 065.4367 176.6783 7394520 284.3054 010.1346 02.04005524000995
1 05620U 71100  A 72027.43967359 -.00000062 +00000-0 +00000-0 0  9995
2 05620 065.4663 174.5007 7416589 283.6817 010.1418 02.00634636001314
1 05620U 71100  A 72028.93492132  .00000099 +00000-0 +00000-0 0  9992
2 05620 065.4685 174.3128 7416200 283.6179 010.1582 02.00635855001340
1 05620U 71100  A 72030.92863174 -.00000217 +00000-0 +00000-0 0  9995
2 05620 065.4939 174.0442 7415629 283.5550 010.1753 02.00632902001388
1 05620U 71100  A 72032.42391309 -.00000217 +00000-0 +00000-0 0  9998
2 05620 065.4938 173.8370 7415629 283.5201 010.1830 02.00632249001411
1 05620U 71100  A 72033.42078833 -.00000340 +00000-0 +00000-0 0  9990
2 05620 065.5056 173.7059 7415378 283.4835 010.1926 02.00630356001434
1 05620U 71100  A 72036.90989856 -.00000742 +00000-0 +00000-0 0  9998
2 05620 065.5151 173.2235 7414493 283.3832 010.2200 02.00623481001509
1 05620U 71100  A 72039.40228281 -.00001382 +00000-0 +00000-0 0  9995
2 05620 065.5223 172.8765 7413589 283.3056 010.2424 02.00612172001553
1 05620U 71100  A 72042.39307210 -.00000596 +00000-0 +00000-0 0  9993
2 05620 065.4830 172.4464 7412369 283.2116 010.2705 02.00613741001611
1 05620U 71100  A 72043.38998220 -.00000175 +00000-0 +00000-0 0  9993
2 05620 065.4975 172.3158 7411738 283.1826 010.2807 02.00616816001637
1 05620U 71100  A 72044.38690289 -.00000024 +00000-0 +00000-0 0  9991
2 05620 065.4969 172.1820 7411248 283.1661 010.2873 02.00618107001657
1 05620U 71100  A 72045.88230948 -.00000059 +00000-0 +00000-0 0  9997
2 05620 065.5218 171.9871 7410681 283.1287 010.2990 02.00617440001684
1 05620U 71100  A 72047.37771521 -.00000061 +00000-0 +00000-0 0  9993
2 05620 065.5181 171.7806 7410369 283.0866 010.3102 02.00616882001713
1 05620U 71100  A 72050.36853953 -.00000103 +00000-0 +00000-0 0  9993
2 05620 065.5141 171.3713 7409709 282.9998 010.3335 02.00615560001778
1 05620U 71100  A 72051.36549961 -.00000278 +00000-0 +00000-0 0  9998
2 05620 065.5115 171.2360 7409369 282.9673 010.3428 02.00613632001791
1 05620U 71100  A 72055.35329214  .00000047 +00000-0 +00000-0 0  9991
2 05620 065.5064 170.6844 7407048 282.8254 010.3885 02.00614887001879
1 05620U 71100  A 72057.84567431 -.00000201 +00000-0 +00000-0 0  9995
2 05620 065.5085 170.3449 7407043 282.7420 010.4073 02.00612432001929
1 05620U 71100  A 72059.34111231 -.00000236 +00000-0 +00000-0 0  9993
2 05620 065.4980 170.1227 7406664 282.7033 010.4182 02.00611482001950
1 05620U 71100  A 72061.33502443 -.00000156 +00000-0 +00000-0 0  9995
2 05620 065.5126 169.8526 7406269 282.6654 010.4291 02.00611584001997
1 05620U 71100  A 72063.32897928 -.00000300 +00000-0 +00000-0 0  9992
2 05620 065.5232 169.5820 7405699 282.6011 010.4471 02.00609020002030
1 05620U 71100  A 72064.82139578 -.00000279 +00000-0 +00000-0 0  9993
2 05620 065.5135 169.2314 7403359 282.5196 010.4796 02.00608720002059
1 05620U 71100  A 72069.80926227 -.00000108 +00000-0 +00000-0 0  9992
2 05620 065.5153 168.6922 7402116 282.3897 010.5166 02.00609901002169
1 05620U 71100  A 72074.79410595 -.00000094 +00000-0 +00000-0 0  9996
2 05620 065.5161 168.0141 7401403 282.2510 010.5525 02.00609243002263
1 05620U 71100  A 72078.78198727 -.00000043 +00000-0 +00000-0 0  9993
2 05620 065.5208 167.4718 7400151 282.1202 010.5899 02.00609490002341
1 05620U 71100  A 72084.26534699  .00000022 +00000-0 +00000-0 0  9991
2 05620 065.5106 166.7209 7398758 281.9494 010.6376 02.00609168002459
1 05620U 71100  A 72085.26231765  .00000022 +00000-0 +00000-0 0  9990
2 05620 065.5106 166.5843 7398749 281.9261 010.6429 02.00609211002473
1 05620U 71100  A 72086.25931848 -.00000148 +00000-0 +00000-0 0  9999
2 05620 065.5069 166.4449 7398389 281.8942 010.6525 02.00607243002499
1 05620U 71100  A 72087.25629965 -.00000148 +00000-0 +00000-0 0  9994
2 05620 065.5069 166.3084 7398389 281.8710 010.6578 02.00606947002517
1 05620U 71100  A 72088.25329919 -.00000297 +00000-0 +00000-0 0  9996
2 05620 065.4741 166.1688 7398149 281.8378 010.6670 02.00605216002538
1 05620U 71100  A 72089.25033245 -.00000548 +00000-0 +00000-0 0  9990
2 05620 065.4962 166.0253 7398209 281.8123 010.6725 02.00601431002553
1 05620U 71100  A 72090.24745487 -.00002423 +00000-0 +00000-0 0  9993
2 05620 065.5135 165.8910 7396969 281.7674 010.6904 02.00586332002577
1 05620U 71100  A 72092.74039226 -.00003672 +00000-0 +00000-0 0  9994
2 05620 065.5232 165.5728 7395952 281.6879 010.7151 02.00561414002621
1 05620U 71100  A 72095.23331108 -.00002037 +00000-0 +00000-0 0  9999
2 05620 065.5130 165.2190 7395083 281.6115 010.7381 02.00560886002678
1 05620U 71100  A 72096.23038811 -.00000009 +00000-0 +00000-0 0  9992
2 05620 065.5052 165.0905 7394419 281.5767 010.7502 02.00574402002693
1 05620U 71100  A 72099.72037851  .00000000 +00000-0 +00000-0 0  9992
2 05620 065.5155 164.6192 7394575 281.4906 010.7693 02.00574782002767
1 05620U 71100  A 72101.21609669  .00000054 +00000-0 +00000-0 0  9991
2 05620 065.4926 164.4009 7394139 281.4461 010.7824 02.00575048002794
1 05620U 71100  A 72104.70610484 -.00000050 +00000-0 +00000-0 0  9992
2 05620 065.4803 163.9167 7393732 281.3441 010.8087 02.00574176002863
1 05620U 71100  A 72107.19896814 -.00000050 +00000-0 +00000-0 0  9991
2 05620 065.4803 163.5763 7393729 281.2871 010.8220 02.00573924002918
1 05620U 71100  A 72108.19609787  .00000004 +00000-0 +00000-0 0  9991
2 05620 065.4911 163.4379 7393859 281.2515 010.8295 02.00574599002932
1 05620U 71100  A 72109.19324538  .00000073 +00000-0 +00000-0 0  9996
2 05620 065.4717 163.3008 7393199 281.2072 010.8440 02.00575146002952
1 05620U 71100  A 72112.68325331 -.00000104 +00000-0 +00000-0 0  9992
2 05620 065.4711 162.8158 7392474 281.1002 010.8736 02.00573844003023
1 05620U 71100  A 72114.67753881 -.00000066 +00000-0 +00000-0 0  9995
2 05620 065.4735 162.5457 7392212 281.0384 010.8898 02.00574051003064
1 05620U 71100  A 72116.17325756 -.00000066 +00000-0 +00000-0 0  9998
2 05620 065.4735 162.3415 7392209 281.0043 010.8978 02.00573850003092
1 05620U 71100  A 72117.66898218  .00000062 +00000-0 +00000-0 0  9996
2 05620 065.4755 162.1434 7391849 280.9480 010.9133 02.00574386003128
1 05620U 71100  A 72120.66042841  .00000148 +00000-0 +00000-0 0  9998
2 05620 065.4729 161.7419 7390815 280.8558 010.9415 02.00575123003183
1 05620U 71100  A 72125.64612716  .00000477 +00000-0 +00000-0 0  9990
2 05620 065.4463 161.0850 7390117 280.7184 010.9784 02.00578370003286
1 05620U 71100  A 72131.13037304  .00000264 +00000-0 +00000-0 0  9999
2 05620 065.4530 160.3207 7389899 280.5519 011.0193 02.00577336003393
1 05620U 71100  A 72133.12466823 -.00000313 +00000-0 +00000-0 0  9998
2 05620 065.4356 160.0305 7389900 280.4997 011.0318 02.00573475003431
1 05620U 71100  A 72135.61756265 -.00000297 +00000-0 +00000-0 0  9997
2 05620 065.4461 159.7082 7389584 280.4440 011.0471 02.00571821003484
1 05620U 71100  A 72137.11327200 -.00000332 +00000-0 +00000-0 0  9997
2 05620 065.4233 159.4701 7389687 280.4115 011.0542 02.00571105003517
1 05620U 71100  A 72138.11026997  .00000349 +00000-0 +00000-0 0  9994
2 05620 065.4233 159.3375 7389510 280.3801 011.0627 02.00580178003535
1 05620U 71100  A 72139.10752046  .00000362 +00000-0 +00000-0 0  9990
2 05620 065.4233 159.2013 7389500 280.3579 011.0681 02.00576953003552
1 05620U 71100  A 72143.09585016 -.00000158 +00000-0 +00000-0 0  9998
2 05620 065.4284 158.6754 7389260 280.1860 011.1108 02.00576400003638
1 05620U 71100  A 72146.08720722  .00000037 +00000-0 +00000-0 0  9990
2 05620 065.4285 158.2674 7389268 280.1195 011.1268 02.00578532003696
1 05620U 71100  A 72147.08433010  .00000037 +00000-0 +00000-0 0  9992
2 05620 065.4284 158.1312 7389260 280.0973 011.1322 02.00578606003714
1 05620U 71100  A 72149.07855775  .00000080 +00000-0 +00000-0 0  9997
2 05620 065.4285 157.8592 7389258 280.0529 011.1429 02.00579556003752
1 05620U 71100  A 72166.02884385  .00000199 +00000-0 +00000-0 0  9991
2 05620 065.4298 155.5188 7387360 279.5233 011.2834 02.00592070004094
1 05620U 71100  A 72167.52442559  .00000199 +00000-0 +00000-0 0  9990
2 05620 065.4298 155.3149 7387350 279.4900 011.2915 02.00592666004123
1 05620U 71100  A 72169.51856535 -.00000013 +00000-0 +00000-0 0  9990
2 05620 065.4173 155.0633 7387396 279.4451 011.3023 02.00591423004166
1 05620U 71100  A 72171.51265848  .00000129 +00000-0 +00000-0 0  9991
2 05620 065.4151 154.8021 7387286 279.3895 011.3166 02.00593479004205
1 05620U 71100  A 72175.50082928  .00000280 +00000-0 +00000-0 0  9998
2 05620 065.4091 154.2661 7387050 279.2652 011.3485 02.00596126004285
1 05620U 71100  A 72177.49488004  .00000398 +00000-0 +00000-0 0  9993
2 05620 065.4117 153.9960 7386640 279.2100 011.3647 02.00598835004328
1 05620U 71100  A 72179.48891676  .00000398 +00000-0 +00000-0 0  9997
2 05620 065.4116 153.7241 7386620 279.1661 011.3756 02.00600425004360
1 05620U 71100  A 72184.47396738  .00000370 +00000-0 +00000-0 0  9991
2 05620 065.4128 153.0466 7385980 279.0212 011.4155 02.00603431004469
1 05620U 71100  A 72186.46798971  .00000263 +00000-0 +00000-0 0  9998
2 05620 065.4208 152.7712 7386060 278.9753 011.4263 02.00603211004507
1 05620U 71100  A 72188.96049198  .00000273 +12033-8 +00000-0 0  9993
2 05620 065.4386 152.4244 7385497 278.9158 011.4448 02.00604596004550
1 05620U 71100  A 72192.94833994  .00000428 +00000-0 +00000-0 0  9996
2 05620 065.4549 151.8715 7385200 278.7657 011.4839 02.00610304004638
1 05620U 71100  A 72194.44379993  .00000378 +12169-8 +00000-0 0  9998
2 05620 065.4639 151.6727 7385544 278.7187 011.4934 02.00610511004667
1 05620U 71100  A 72195.93922131  .00000471 +00000-0 +00000-0 0  9998
2 05620 065.4575 151.4669 7385680 278.6742 011.5035 02.00612896004690
1 05620U 71100  A 72196.93620729  .00000346 +00000-0 +00000-0 0  9998
2 05620 065.4586 151.3319 7385550 278.6513 011.5101 02.00611867004719
1 05620U 71100  A 72203.91483674  .00000355 +00000-0 +00000-0 0  9991
2 05620 065.4529 150.3854 7385200 278.4382 011.5656 02.00616641004858
1 05620U 71100  A 72204.91179288  .00000350 +00000-0 +00000-0 0  9990
2 05620 065.4528 150.2498 7385190 278.4157 011.5713 02.00616678004874
1 05620U 71100  A 72205.90869306  .00000441 +00000-0 +00000-0 0  9998
2 05620 065.4492 150.1152 7384520 278.3560 011.5907 02.00618919004890
1 05620U 71100  A 72212.38866112  .00000125 +15233-8 +00000-0 0  9991
2 05620 065.4643 149.2371 7384053 278.1675 011.6412 02.00619929005026
1 05620U 71100  A 72221.36051459  .00000215 +18012-8 +00000-0 0  9997
2 05620 065.4915 148.0158 7385385 277.8843 011.7040 02.00629746005206
1 05620U 71100  A 72223.85266427  .00000386 +12064-8 +00000-0 0  9996
2 05620 065.4886 147.6666 7384789 277.8168 011.7251 02.00632751005258
1 05620U 71100  A 72227.84007298  .00000338 +00000-0 +00000-0 0  9994
2 05620 065.4889 147.1254 7385190 277.7079 011.7501 02.00634695005332
1 05620U 71100  A 72229.33532029  .00000144 +15101-8 +00000-0 0  9996
2 05620 065.5080 146.9400 7385138 277.6548 011.7640 02.00634532005365
1 05620U 71100  A 72230.83059081  .00000309 +11982-8 +00000-0 0  9991
2 05620 065.4869 146.7190 7385266 277.6344 011.7684 02.00636459005390
1 05620U 71100  A 72232.32586129  .00000278 +12018-8 +00000-0 0  9991
2 05620 065.4858 146.5164 7385153 277.6002 011.7778 02.00636662005427
1 05620U 71100  A 72233.82108985  .00000293 +00000-0 +00000-0 0  9994
2 05620 065.4822 146.3160 7385380 277.5628 011.7859 02.00638034005455
1 05620U 71100  A 72236.81150954  .00000292 +11931-8 +00000-0 0  9991
2 05620 065.4861 145.9107 7385689 277.4667 011.8084 02.00640504005511
1 05620U 71100  A 72239.80195644  .00000389 +00000-0 +00000-0 0  9992
2 05620 065.4860 145.5042 7385659 277.3983 011.8261 02.00643309005570
1 05620U 71100  A 72240.79865663  .00000485 +12202-8 +00000-0 0  9999
2 05620 065.4814 145.3744 7385373 277.3339 011.8446 02.00646624005594
1 05620U 71100  A 72242.79226999  .00000438 +00000-0 +00000-0 0  9997
2 05620 065.4836 145.1029 7385039 277.2799 011.8606 02.00646877005633
1 05620U 71100  A 72244.78572740  .00000605 +00000-0 +00000-0 0  9992
2 05620 065.4901 144.8298 7386249 277.1817 011.8778 02.00651519005677
1 05620U 71100  A 72247.77598435  .00000602 +00000-0 +00000-0 0  9990
2 05620 065.4900 144.4233 7386209 277.1131 011.8958 02.00655138005734
1 05620U 71100  A 72249.76944993  .00000290 +00000-0 +00000-0 0  9998
2 05620 065.4809 144.1528 7387299 277.0316 011.9095 02.00655197005772
1 05620U 71100  A 72252.26127921  .00000241 +18002-8 +00000-0 0  9996
2 05620 065.4953 143.8069 7387418 276.9635 011.9263 02.00656526005823
1 05620U 71100  A 72254.25472069  .00000355 +16426-8 +00000-0 0  9997
2 05620 065.4954 143.5362 7387520 276.9019 011.9416 02.00659050005866
1 05620U 71100  A 72258.24158838  .00000391 +00000-0 +00000-0 0  9998
2 05620 065.5127 142.9820 7387729 276.7861 011.9702 02.00661656005947
1 05620U 71100  A 72263.72338867  .00000567 +00000-0 +00000-0 0  9994
2 05620 065.5027 142.2443 7388269 276.6198 012.0098 02.00668168006050
1 05620U 71100  A 72265.71676297  .00000558 +00000-0 +00000-0 0  9997
2 05620 065.5026 141.9730 7388239 276.5737 012.0220 02.00669396006094
1 05620U 71100  A 72267.21178724  .00000258 +00000-0 +00000-0 0  9993
2 05620 065.4933 141.7748 7389239 276.5058 012.0330 02.00667248006124
1 05620U 71100  A 72269.20516735  .00000238 +16398-8 +00000-0 0  9995
2 05620 065.4854 141.5031 7390118 276.4334 012.0460 02.00667129006169
1 05620U 71100  A 72271.19850180  .00000407 +16504-8 +00000-0 0  9998
2 05620 065.4848 141.2311 7390503 276.3779 012.0579 02.00670091006208
1 05620U 71100  A 72275.18511391  .00000443 +10766-8 +00000-0 0  9993
2 05620 065.4867 140.6806 7391195 276.2654 012.0827 02.00674169006284
1 05620U 71100  A 72277.17843481  .00000352 +83187-9 +00000-0 0  9999
2 05620 065.4854 140.4067 7391317 276.2207 012.0936 02.00674194006321
1 05620U 71100  A 72286.14835962 -.00000661 +00000-0 +00000-0 0  9999
2 05620 065.4692 139.1720 7393519 275.9187 012.1581 02.00665133006501
1 05620U 71100  A 72287.64333121 -.00000645 +00000-0 +00000-0 0  9997
2 05620 065.4744 138.9541 7392309 275.8680 012.1798 02.00666402006533
1 05620U 71100  A 72288.63986087  .00000331 +00000-0 +00000-0 0  9993
2 05620 065.4708 138.8137 7392089 275.8763 012.1791 02.00678743006556
1 05620U 71100  A 72290.63310676  .00000331 +00000-0 +00000-0 0  9991
2 05620 065.4707 138.5414 7392069 275.8308 012.1913 02.00680076006595
1 05620U 71100  A 72291.62974116  .00000207 +00000-0 +00000-0 0  9998
2 05620 065.4782 138.4139 7393659 275.7913 012.1909 02.00678234006619
1 05620U 71100  A 72293.62299991  .00000114 +16308-8 +00000-0 0  9994
2 05620 065.4741 138.1406 7394281 275.7297 012.2030 02.00677732006657
1 05620U 71100  A 72294.61961964  .00000160 +00000-0 +00000-0 0  9995
2 05620 065.4762 138.0025 7394299 275.7048 012.2094 02.00678612006679
1 05620U 71100  A 72296.61281517  .00000276 +17586-8 +00000-0 0  9999
2 05620 065.4887 137.7225 7394469 275.6348 012.2269 02.00681396006718
1 05620U 71100  A 72298.60602923  .00000379 +17591-8 +00000-0 0  9998
2 05620 065.5090 137.4489 7395144 275.5675 012.2402 02.00683495006752
1 05620U 71100  A 72300.59926033  .00000217 +00000-0 +00000-0 0  9991
2 05620 065.4939 137.1720 7394259 275.5444 012.2524 02.00682735006793
1 05620U 71100  A 72301.59587536  .00000188 +00000-0 +00000-0 0  9990
2 05620 065.4966 137.0261 7394289 275.5127 012.2607 02.00682613006813
1 05620U 71100  A 72323.52122623  .00000077 +00000-0 +00000-0 0  9996
2 05620 065.4675 133.9516 7399819 274.8668 012.3956 02.00683689007244
1 05620U 71100  A 72335.48052267 -.00000050 +00000-0 +00000-0 0  9992
2 05620 065.4779 132.3031 7399489 274.5488 012.4843 02.00681832007484
1 05620U 71100  A 72340.46370610 -.00000164 +00000-0 +00000-0 0  9997
2 05620 065.4887 131.6092 7399029 274.4393 012.5174 02.00677709007584
1 05620U 71100  A 72341.46027686 -.00000137 +00000-0 +00000-0 0  9990
2 05620 065.5020 131.4750 7401529 274.3471 012.5249 02.00678883007608
1 05620U 71100  A 72343.95184586 -.00000137 +00000-0 +00000-0 0  9999
2 05620 065.5019 131.1329 7401529 274.2890 012.5409 02.00678205007650
1 05620U 71100  A 72347.44008485 -.00000198 +59746-9 +00000-0 0  9997
2 05620 065.4865 130.6506 7402394 274.1833 012.5638 02.00675797007721
1 05620U 71100  A 72349.93173323 -.00000236 +00000-0 +00000-0 0  9990
2 05620 065.4864 130.3082 7402399 274.1255 012.5796 02.00673639007772
1 05620U 71100  A 72359.89834325 -.00000272 +00000-0 +00000-0 0  9992
2 05620 065.5118 128.9464 7403719 273.8248 012.6531 02.00668474007978
1 05620U 71100  A 73003.86526565 -.00000343 +64959-9 +00000-0 0  9991
2 05620 065.5082 127.5780 7406869 273.4942 012.7224 02.00661858008172
1 05620U 71100  A 73006.85545395 -.00000444 +72541-9 +00000-0 0  9993
2 05620 065.4977 127.1590 7406529 273.4224 012.7449 02.00657802008235
1 05620U 71100  A 73009.34721705 -.00000320 +67384-9 +00000-0 0  9993
2 05620 065.4992 126.8183 7406675 273.3414 012.7665 02.00658647008281
1 05620U 71100  A 73012.33748948 -.00000416 +71726-9 +00000-0 0  9995
2 05620 065.5016 126.4054 7406852 273.2684 012.7856 02.00654091008345
1 05620U 71100  A 73013.33425848 -.00000504 +69376-9 +00000-0 0  9993
2 05620 065.4937 126.2594 7408441 273.2281 012.7854 02.00651716008363
1 05620U 71100  A 73015.32784434 -.00000540 +70764-9 +00000-0 0  9996
2 05620 065.4878 125.9771 7409225 273.1911 012.7901 02.00648490008403
1 05620U 71100  A 73016.32440525 -.00000276 +67092-9 +00000-0 0  9993
2 05620 065.4933 125.8455 7407706 273.1548 012.8113 02.00654416008424
1 05620U 71100  A 73017.32116593 -.00000357 +67929-9 +00000-0 0  9998
2 05620 065.4926 125.7050 7409434 273.1102 012.8113 02.00652402008447
1 05620U 71100  A 73019.31462934 -.00000241 +62928-9 +00000-0 0  9998
2 05620 065.4929 125.4282 7409259 273.0586 012.8271 02.00653580008481
1 05620U 71100  A 73024.29845177 -.00000283 +00000-0 +00000-0 0  9995
2 05620 065.4907 124.7371 7412449 272.8984 012.8489 02.00650013008582
1 05620U 71100  A 73026.79039422 -.00000296 +00000-0 +00000-0 0  9994
2 05620 065.4949 124.3928 7413799 272.8186 012.8616 02.00648238008639
1 05620U 71100  A 73028.28556513 -.00000296 +67208-9 +00000-0 0  9997
2 05620 065.4949 124.1859 7413809 272.7837 012.8716 02.00647359008661
1 05620U 71100  A 73029.78073981 -.00000470 +75112-9 +00000-0 0  9993
2 05620 065.5073 123.9838 7416911 272.6800 012.8783 02.00644559008696
1 05620U 71100  A 73030.77757352 -.00000374 +00000-0 +00000-0 0  9993
2 05620 065.4981 123.8353 7417489 272.6607 012.8794 02.00643950008719
1 05620U 71100  A 73032.27277720 -.00000386 +00000-0 +00000-0 0  9999
2 05620 065.4875 123.6184 7418579 272.6099 012.8858 02.00642665008743
1 05620U 71100  A 73033.26954186 -.00000410 +69826-9 +00000-0 0  9995
2 05620 065.4980 123.4924 7419463 272.5509 012.8962 02.00642344008760
1 05620U 71100  A 73034.76486136 -.00000627 +78127-9 +00000-0 0  9990
2 05620 065.4974 123.2855 7420609 272.5071 012.9002 02.00636319008796
1 05620U 71100  A 73038.75215323 -.00000522 +13642-8 +00000-0 0  9995
2 05620 065.4965 122.7323 7421618 272.3956 012.9245 02.00634540008873
1 05620U 71100  A 73040.24732557 -.00000355 +00000-0 +00000-0 0  9995
2 05620 065.4934 122.5123 7421239 272.3801 012.9315 02.00637226008909
1 05620U 71100  A 73044.23464758 -.00000326 +12646-8 +00000-0 0  9998
2 05620 065.4916 121.9541 7422041 272.2771 012.9551 02.00635424008981
1 05620U 71100  A 73045.23149239 -.00000067 +11535-8 +00000-0 0  9991
2 05620 065.4980 121.8061 7425970 272.2359 012.9380 02.00637422009008
1 05620U 71100  A 73053.20625873 -.00000237 +68317-9 +00000-0 0  9990
2 05620 065.5088 120.6907 7427286 272.0243 012.9888 02.00632286009169
1 05620U 71100  A 73057.19375533 -.00000420 +66913-9 +00000-0 0  9991
2 05620 065.5027 120.1159 7428747 271.9249 013.0064 02.00627202009242
1 05620U 71100  A 73061.18130486 -.00000404 +70466-9 +00000-0 0  9991
2 05620 065.4928 119.5384 7431861 271.7823 013.0243 02.00624311009326
1 05620U 71100  A 73063.17507712 -.00000349 +63359-9 +00000-0 0  9993
2 05620 065.4780 119.2553 7431842 271.7233 013.0414 02.00623872009366
1 05620U 71100  A 73065.66733939 -.00000347 +67379-9 +00000-0 0  9995
2 05620 065.4784 118.8969 7436042 271.6050 013.0442 02.00622014009413
1 05620U 71100  A 73070.15344168 -.00000330 +63601-9 +00000-0 0  9993
2 05620 065.4745 118.2514 7438812 271.4750 013.0612 02.00619412009509
1 05620U 71100  A 73072.14730964 -.00000368 +70532-9 +00000-0 0  9999
2 05620 065.4771 117.9647 7439118 271.4257 013.0731 02.00617215009548
1 05620U 71100  A 73073.14424420 -.00000368 +64022-9 +00000-0 0  9994
2 05620 065.4770 117.8244 7439125 271.4021 013.0798 02.00616483009567
1 05620U 71100  A 73074.14114811 -.00000322 +63584-9 +00000-0 0  9997
2 05620 065.4772 117.6775 7439377 271.3842 013.0831 02.00616933009585
1 05620U 71100  A 73076.13502287 -.00000322 +63454-9 +00000-0 0  9992
2 05620 065.4771 117.3968 7439390 271.3371 013.0966 02.00615653009629
1 05620U 71100  A 73080.62125654 -.00000286 +67100-9 +00000-0 0  9991
2 05620 065.4798 116.7540 7442254 271.1794 013.1209 02.00613600009718
1 05620U 71100  A 73084.11058074 -.00000266 +62866-9 +00000-0 0  9992
2 05620 065.5009 116.2499 7443181 271.0993 013.1372 02.00612082009783
1 05620U 71100  A 73087.10145394 -.00000283 +63047-9 +00000-0 0  9997
2 05620 065.5093 115.8163 7443821 271.0301 013.1526 02.00610423009848
1 05620U 71100  A 73088.59693188 -.00000337 +67368-9 +00000-0 0  9990
2 05620 065.5099 115.6006 7444707 270.9830 013.1596 02.00608299009875
1 05620U 71100  A 73089.09540270 -.00000325 +67368-9 +00000-0 0  9996
2 05620 065.5044 115.5133 7445848 270.9685 013.1553 02.00607991009882
1 05620U 71100  A 73096.07429668 -.00000346 +64372-9 +00000-0 0  9994
2 05620 065.4733 114.5054 7447457 270.7844 013.1969 02.00603542010027
1 05620U 71100  A 73097.56977673 -.00000315 +67783-9 +00000-0 0  9998
2 05620 065.4732 114.2879 7447895 270.7414 013.2062 02.00603290010055
1 05620U 71100  A 73099.56375136 -.00000245 +67088-9 +00000-0 0  9996
2 05620 065.4843 114.0028 7448642 270.6885 013.2160 02.00603465010091
1 05620U 71100  A 73101.05923116 -.00000233 +63372-9 +00000-0 0  9990
2 05620 065.4749 113.7749 7449761 270.6418 013.2213 02.00603082010125
1 05620U 71100  A 73104.54875630 -.00000293 +67932-9 +00000-0 0  9996
2 05620 065.4704 113.2605 7451803 270.5433 013.2348 02.00600226010191
1 05620U 71100  A 73106.04426015 -.00000225 +64033-9 +00000-0 0  9996
2 05620 065.4664 113.0362 7452765 270.4957 013.2416 02.00600413010220
1 05620U 71100  A 73107.53979926 -.00000269 +67508-9 +00000-0 0  9993
2 05620 065.4868 112.8295 7452371 270.4717 013.2515 02.00599043010254
1 05620U 71100  A 73120.99974822 -.00000208 +63099-9 +00000-0 0  9992
2 05620 065.4755 110.8649 7455429 270.1140 013.3339 02.00593699010520
1 05620U 71100  A 73121.49827933 -.00000212 +64033-9 +00000-0 0  9992
2 05620 065.4595 110.7872 7455642 270.1017 013.3359 02.00593280010538
1 05620U 71100  A 73121.49827958 -.00000215 +64033-9 +00000-0 0  9992
2 05620 065.4758 110.7932 7455567 270.1009 013.3367 02.00593315010531
1 05620U 71100  A 73129.47453500 -.00000143 +64033-9 +00000-0 0  9996
2 05620 065.4697 109.5968 7459861 269.8432 013.3805 02.00593621010698
1 05620U 71100  A 73141.43923963 -.00000120 +64033-9 +00000-0 0  9996
2 05620 065.4749 107.8688 7459732 269.5576 013.4668 02.00590680010936
1 05620U 71100  A 73144.43043956 -.00000077 +64033-9 +00000-0 0  9995
2 05620 065.4713 107.4430 7459759 269.5020 013.4833 02.00590618010992
1 05620U 71100  A 73147.42155800 -.00000052 +64033-9 +00000-0 0  9992
2 05620 065.4704 107.0080 7460935 269.3909 013.5076 02.00591233011053
1 05620U 71100  A 73150.41265508  .00000024 +64033-9 +00000-0 0  9990
2 05620 065.4808 106.5569 7461413 269.3167 013.5263 02.00593222011117
1 05620U 71100  A 73154.89926043  .00000129 +64033-9 +00000-0 0  9990
2 05620 065.4825 105.9016 7465483 269.1709 013.5388 02.00595223011208
1 05620U 71100  A 73159.38586809  .00000179 +64033-9 +00000-0 0  9996
2 05620 065.5108 105.2254 7468801 269.0360 013.5539 02.00596521011298
1 05620U 71100  A 73161.37999214  .00000131 +64033-9 +00000-0 0  9994
2 05620 065.5108 104.9393 7468795 268.9873 013.5687 02.00595521011335
1 05620U 71100  A 73164.37105654  .00000183 +64033-9 +00000-0 0  9991
2 05620 065.5108 104.5104 7468788 268.9144 013.5908 02.00597988011395
1 05620U 71100  A 73167.36202049  .00000471 +64033-9 +00000-0 0  9999
2 05620 065.5105 104.0762 7469637 268.7541 013.6330 02.00602835011455
1 05620U 71100  A 73172.84552766  .00000463 +64033-9 +00000-0 0  9993
2 05620 065.5105 103.2894 7469593 268.6205 013.6741 02.00607152011564
1 05620U 71100  A 73174.83956413  .00000224 +64033-9 +00000-0 0  9996
2 05620 065.5100 102.9951 7473825 268.5540 013.6613 02.00603004011608
1 05620U 71100  A 73176.33508735  .00000238 +64033-9 +00000-0 0  9998
2 05620 065.5089 102.7711 7476967 268.4920 013.6557 02.00602409011635
1 05620U 71100  A 73178.82750779  .00000398 +64033-9 +00000-0 0  9998
2 05620 065.5052 102.4089 7477669 268.4025 013.6776 02.00607204011682
1 05620U 71100  A 73181.81843583  .00000452 +64033-9 +00000-0 0  9998
2 05620 065.5028 101.9817 7479116 268.3081 013.6952 02.00610190011749
1 05620U 71100  A 73183.81236308  .00000456 +64033-9 +00000-0 0  9995
2 05620 065.5145 101.7003 7479996 268.2436 013.7081 02.00611955011781
1 05620U 71100  A 73188.79717164  .00000306 +64033-9 +00000-0 0  9995
2 05620 065.5079 100.9745 7481805 268.0929 013.7402 02.00613304011886
1 05620U 71100  A 73193.78183945  .00000391 +64033-9 +00000-0 0  9998
2 05620 065.5296 100.2569 7482973 267.9600 013.7720 02.00618280011987
1 05620U 71100  A 73195.77568866  .00000392 +64033-9 +00000-0 0  9999
2 05620 065.5286 099.9666 7483143 267.9144 013.7848 02.00619803012020
1 05620U 71100  A 73199.26490899  .00000398 +64033-9 +00000-0 0  9993
2 05620 065.5298 099.4571 7484890 267.8145 013.8019 02.00622062012092
1 05620U 71100  A 73200.76031043  .00000299 +64033-9 +00000-0 0  9993
2 05620 065.5292 099.2385 7485770 267.7679 013.8094 02.00621160012121
1 05620U 71100  A 73205.74470072  .00000496 +64033-9 +00000-0 0  9994
2 05620 065.5163 098.4922 7489880 267.6191 013.8230 02.00628776012223
1 05620U 71100  A 73207.24002733  .00000450 +64033-9 +00000-0 0  9996
2 05620 065.5034 098.2615 7490983 267.5734 013.8284 02.00629210012251
1 05620U 71100  A 73208.73526835  .00000549 +64033-9 +00000-0 0  9994
2 05620 065.4986 098.0366 7492191 267.5235 013.8344 02.00632960012282
1 05620U 71100  A 73209.73212341  .00000503 +64033-9 +00000-0 0  9999
2 05620 065.4789 097.8754 7493674 267.4869 013.8339 02.00633184012306
1 05620U 71100  A 73214.21771529  .00000716 +64033-9 +00000-0 0  9992
2 05620 065.5023 097.2029 7496990 267.3983 013.8352 02.00643685012398
1 05620U 71100  A 73217.20809142  .00000716 +64033-9 +00000-0 0  9997
2 05620 065.5022 096.7654 7496954 267.3243 013.8585 02.00647970012450
1 05620U 71100  A 73219.20154614  .00000919 +64033-9 +00000-0 0  9991
2 05620 065.5199 096.4631 7499162 267.2547 013.8626 02.00654552012491
1 05620U 71100  A 73220.69665933  .00000919 +64033-9 +00000-0 0  9997
2 05620 065.5198 096.2441 7499139 267.2173 013.8745 02.00657302012528
1 05620U 71100  A 73222.19165798  .00001034 +64033-9 +00000-0 0  9997
2 05620 065.5356 096.0253 7500603 267.1582 013.8813 02.00663021012559
1 05620U 71100  A 73224.68331296  .00001081 +64033-9 +00000-0 0  9993
2 05620 065.5397 095.6558 7502149 267.0827 013.8926 02.00669904012602
1 05620U 71100  A 73225.67995040  .00001168 +64033-9 +00000-0 0  9992
2 05620 065.5498 095.5082 7502455 267.0588 013.8976 02.00673619012624
1 05620U 71100  A 73226.67657102  .00001253 +64033-9 +00000-0 0  9992
2 05620 065.5538 095.3607 7502901 267.0297 013.9032 02.00677397012646
1 05620U 71100  A 73227.67320059  .00001253 +64033-9 +00000-0 0  9991
2 05620 065.5537 095.2145 7502880 267.0043 013.9113 02.00679896012664
1 05620U 71100  A 73230.66300578  .00001185 +64033-9 +00000-0 0  9992
2 05620 065.4830 094.7220 7505320 266.9475 013.9096 02.00685837012725
1 05620U 71100  A 73231.65957229  .00001200 +040330  +00000-0 0  9995
2 05620 065.4767 094.5647 7505355 266.9311 013.9144 02.00688767012743
1 05620U 71100  A 73233.65262855  .00001327 +040330  +00000-0 0  9991
2 05620 065.5366 094.2580 7506162 266.9033 013.9167 02.00696492012783
1 05620U 71100  A 73235.14741959  .00001390 +040330  +00000-0 0  9994
2 05620 065.5674 094.0380 7508517 266.8419 013.9171 02.00701118012815
1 05620U 71100  A 73237.63860097  .00001553 +040330  +00000-0 0  9996
2 05620 065.5551 093.6540 7510682 266.7536 013.9275 02.00711203012863
1 05620U 71100  A 73239.13320312  .00001686 +040330  +00000-0 0  9991
2 05620 065.5417 093.4232 7511729 266.7017 013.9354 02.00718927012898
1 05620U 71100  A 73244.11482963  .00001971 +040330  +00000-0 0  9993
2 05620 065.4659 092.6308 7517122 266.5094 013.9526 02.00744152012997
1 05620U 71100  A 73248.09927662  .00002439 +040330  +00000-0 0  9994
2 05620 065.4726 092.0126 7520735 266.3604 013.9704 02.00775051013073
1 05620U 71100  A 73252.08351409  .00002719 +040330  +00000-0 0  9999
2 05620 065.4728 091.4156 7519660 266.2515 014.0137 02.00801539013158
1 05620U 71100  A 73254.07538770  .00002987 +040330  +00000-0 0  9995
2 05620 065.4844 091.1053 7520434 266.2287 014.0148 02.00817800013191
1 05620U 71100  A 73256.06705525  .00003464 +040330  +00000-0 0  9991
2 05620 065.4966 090.7902 7520660 266.2420 014.0086 02.00839329013230
1 05620U 71100  A 73259.05420779  .00003707 +040330  +00000-0 0  9998
2 05620 065.5123 090.3280 7523216 266.2328 013.9908 02.00865936013298
1 05620U 71100  A 73260.54761236  .00003960 +040330  +00000-0 0  9991
2 05620 065.5329 090.0777 7523341 266.1686 014.0102 02.00881982013320
1 05620U 71100  A 73264.52976547  .00004118 +040330  +00000-0 0  9992
2 05620 065.5195 089.4503 7525190 266.0032 014.0479 02.00914979013407
1 05620U 71100  A 73265.52521546  .00004046 +040330  +00000-0 0  9998
2 05620 065.5402 089.2946 7526007 265.9883 014.0460 02.00921750013424
1 05620U 71100  A 73267.01832740  .00003983 +040330  +00000-0 0  9994
2 05620 065.5430 089.0675 7526416 265.9458 014.0562 02.00932503013458
1 05620U 71100  A 73270.99943753  .00004038 +040330  +00000-0 0  9994
2 05620 065.6026 088.4406 7526384 265.8403 014.0903 02.00966072013534
1 05620U 71100  A 73273.98460194  .00004393 +040330  +00000-0 0  9993
2 05620 065.6025 087.9949 7526186 265.7610 014.1173 02.00999236013592
1 05620U 71100  A 73275.97436179  .00004767 +040330  +00000-0 0  9995
2 05620 065.4798 087.6604 7526716 265.7514 014.1160 02.01024866013634
