1 11860U 80049  E 80168.33677256  .00000076 +00000-0 +00000-0 0  9992
2 11860 047.3574 283.7322 7289353 000.5362 359.8357 02.22325257000075
1 11860U 80049  E 80169.68611480  .00001221 +00000-0 +14962-2 0  9995
2 11860 047.3352 283.3595 7290190 000.8541 359.8283 02.22330636000109
1 11860U 80049  E 80172.38469442  .00001198 +00000-0 +14316-2 0  9991
2 11860 047.3212 282.6324 7290856 001.5469 359.7675 02.22336609000168
1 11860U 80049  E 80179.58051106  .00001252 +00000-0 +03917-3 0  9991
2 11860 047.2979 280.7175 7292945 003.3836 359.5647 02.22352266000321
1 11860U 80049  E 80180.03025653  .00001193 +00000-0 +03049-3 0  9991
2 11860 047.2994 280.5897 7293300 003.4977 359.5752 02.22353363000337
1 11860U 80049  E 80183.62801663  .00001262 +00000-0 +13282-2 0  9998
2 11860 047.2847 279.6268 7294467 004.4178 359.5315 02.22361984000416
1 11860U 80049  E 80186.32618259  .00001316 +00000-0 +03394-3 0  9999
2 11860 047.2784 278.9078 7295441 005.1042 359.4535 02.22368908000470
1 11860U 80049  E 80190.37327186  .00001356 +00000-0 +03272-3 0  9994
2 11860 047.2617 277.8214 7296525 006.1481 359.3183 02.22378469000568
1 11860U 80049  E 80195.31966095  .00001200 +00000-0 +01425-3 0  9997
2 11860 047.2511 276.4647 7297002 007.4621 359.2691 02.22387958000675
1 11860U 80049  E 80197.56789399  .00001311 +00000-0 +02105-3 0  9995
2 11860 047.2403 275.8702 7297963 008.0281 359.2235 02.22394252000720
1 11860U 80049  E 80198.01752234  .00001385 +00000-0 +02946-3 0  9998
2 11860 047.2373 275.7665 7297702 008.1414 359.2102 02.22396231000736
1 11860U 80049  E 80200.26562297  .00001478 +00000-0 +03251-3 0  9990
2 11860 047.2325 275.1278 7298892 008.7399 359.1615 02.22404218000784
1 11860U 80049  E 80204.31203128  .00001818 +00000-0 +05669-3 0  9998
2 11860 047.2171 274.0291 7300132 009.7900 359.0714 02.22420502000879
1 11860U 80049  E 80205.21121722  .00001843 +00000-0 +05766-3 0  9993
2 11860 047.2051 273.7618 7300315 010.0441 359.0706 02.22423840000894
1 11860U 80049  E 80207.45900762  .00001908 +00000-0 +05824-3 0  9997
2 11860 047.2058 273.1802 7301128 010.6058 358.9698 02.22432208000945
1 11860U 80049  E 80209.25725128  .00002049 +00000-0 +06698-3 0  9995
2 11860 047.2031 272.6989 7301611 011.0739 358.9691 02.22440767000980
1 11860U 80049  E 80211.50489520  .00002089 +00000-0 +06628-3 0  9996
2 11860 047.1980 272.0834 7302173 011.6689 358.8965 02.22450495001038
1 11860U 80049  E 80214.20194559  .00002310 +00000-0 +07841-3 0  9996
2 11860 047.1864 271.3442 7302958 012.3735 358.8471 02.22464442001092
1 11860U 80049  E 80218.24713926  .00001697 +00000-0 +02282-3 0  9990
2 11860 047.1730 270.2457 7304217 013.4315 358.5774 02.22474456001183
1 11860U 80049  E 80221.39353300  .00002025 +00000-0 +04239-3 0  9996
2 11860 047.1573 269.3866 7305039 014.2788 358.7113 02.22491074001259
1 11860U 80049  E 80222.29228914  .00002869 +00000-0 +09984-3 0  9996
2 11860 047.1499 269.1479 7305501 014.4892 358.6142 02.22502160001278
1 11860U 80049  E 80223.19109868  .00002894 +00000-0 +09943-3 0  9995
2 11860 047.1471 268.9002 7305741 014.7310 358.5786 02.22507501001290
1 11860U 80049  E 80225.43806612  .00002944 +00000-0 +09749-3 0  9995
2 11860 047.1448 268.2862 7306323 015.3523 358.5100 02.22520661001349
1 11860U 80049  E 80225.43807101  .00002943 +00000-0 +09746-3 0  9995
2 11860 047.1449 268.2862 7306324 015.3523 358.5139 02.22520638001347
1 11860U 80049  E 80232.17832117  .00002612 +00000-0 +05522-3 0  9990
2 11860 047.1155 266.4308 7308986 017.1279 358.2880 02.22551942001498
1 11860U 80049  E 80237.12046160  .00003245 +00000-0 +07408-3 0  9993
2 11860 047.1046 265.0772 7311319 018.4202 358.1970 02.22586799001601
1 11860U 80049  E 80241.16339204  .00003295 +00000-0 +16581-2 0  9992
2 11860 047.0985 263.9812 7312613 019.4822 358.0361 02.22612550001698
1 11860U 80049  E 80242.06175193  .00003183 +00000-0 +15700-2 0  9995
2 11860 047.0962 263.7380 7313020 019.7104 357.9803 02.22616812001717
1 11860U 80049  E 80242.06177312  .00003182 +00000-0 +15700-2 0  9999
2 11860 047.0962 263.7380 7313020 019.7104 357.9973 02.22616811001714
1 11860U 80049  E 80245.20591377  .00003067 +00000-0 +14369-2 0  9991
2 11860 047.0844 262.8763 7314031 020.5527 357.8760 02.22634889001785
1 11860U 80049  E 80246.10420081  .00002873 +00000-0 +12993-2 0  9999
2 11860 047.0829 262.6309 7314766 020.7941 357.8219 02.22637644001803
1 11860U 80049  E 80250.14623879  .00003552 +00000-0 +15001-2 0  9996
2 11860 047.0557 261.5126 7316162 021.8827 357.7443 02.22668301001894
1 11860U 80049  E 80251.04438794  .00003697 +00000-0 +15315-2 0  9994
2 11860 047.0549 261.2657 7316541 022.1191 357.7405 02.22676526001919
1 11860U 80049  E 80255.08563872  .00004801 +00000-0 +18404-2 0  9998
2 11860 047.0015 260.1140 7317983 023.2209 357.7063 02.22719743002005
1 11860U 80049  E 80260.02367252  .00004575 +00000-0 +15818-2 0  9996
2 11860 046.9961 258.7669 7319783 024.5183 357.3613 02.22762847002119
1 11860U 80049  E 80260.47260028  .00004568 +00000-0 +15642-2 0  9995
2 11860 046.9949 258.6433 7319950 024.6383 357.3798 02.22766742002125
1 11860U 80049  E 80263.16575186  .00004774 +00000-0 +15484-2 0  9991
2 11860 046.9902 257.9029 7320865 025.3380 357.3270 02.22793200002189
1 11860U 80049  E 80264.06337219  .00004816 +00000-0 +15364-2 0  9998
2 11860 046.9867 257.6537 7321132 025.5734 357.2903 02.22802129002209
1 11860U 80049  E 80275.28048886  .00005335 +00000-0 +13579-2 0  9996
2 11860 046.9379 254.5451 7324639 028.6152 356.8655 02.22920907002452
1 11860U 80049  E 80277.97174283  .00005777 +00000-0 +13988-2 0  9999
2 11860 046.9341 253.8024 7325324 029.3109 356.8980 02.22956398002512
1 11860U 80049  E 80279.31704821  .00005884 +00000-0 +13769-2 0  9992
2 11860 046.9120 253.4087 7325832 029.7069 356.7592 02.22973272002546
1 11860U 80049  E 80282.00727199  .00007376 +00000-0 +16250-2 0  9991
2 11860 046.8883 252.6369 7326569 030.5104 356.6566 02.23028578002601
1 11860U 80049  E 80283.35221857  .00007787 +00000-0 +16236-2 0  9990
2 11860 046.9000 252.2843 7327394 030.8256 356.5894 02.23051797002639
1 11860U 80049  E 80284.24878190  .00007767 +00000-0 +15996-2 0  9997
2 11860 046.8961 252.0328 7327506 031.0722 356.5416 02.23065265002653
1 11860U 80049  E 80286.04177068  .00007911 +00000-0 +15785-2 0  9990
2 11860 046.8894 251.5327 7327843 031.5568 356.4815 02.23093960002697
1 11860U 80049  E 80286.93818522  .00008021 +00000-0 +14907-2 0  9993
2 11860 046.8779 251.2918 7328969 031.7562 356.4782 02.23109623002718
1 11860U 80049  E 80288.28267225  .00008845 +00000-0 +16242-2 0  9999
2 11860 046.8661 250.9013 7328979 032.1613 356.4428 02.23137246002745
1 11860U 80049  E 80290.52312454  .00008945 +00000-0 +15866-2 0  9996
2 11860 046.8582 250.2708 7329255 032.7811 356.3643 02.23177487002799
1 11860U 80049  E 80290.97115543  .00009675 +00000-0 +17215-2 0  9996
2 11860 046.8668 250.1341 7329077 032.9380 356.4367 02.23195144002807
1 11860U 80049  E 80296.34555065  .00011536 +00000-0 +18356-2 0  9996
2 11860 046.8492 248.6536 7329955 034.3312 356.1479 02.23325317002927
1 11860U 80049  E 80297.24098405  .00011537 +00000-0 +18080-2 0  9991
2 11860 046.8452 248.3999 7330043 034.5764 356.0885 02.23345720002948
1 11860U 80049  E 80297.24098408  .00011536 +00000-0 +18079-2 0  9991
2 11860 046.8452 248.4000 7330044 034.5763 356.0885 02.23345713002944
1 11860U 80049  E 80297.24098413  .00011537 +00000-0 +18081-2 0  9991
2 11860 046.8451 248.3998 7330041 034.5760 356.0886 02.23345716002946
1 11860U 80049  E 80297.24099824  .00011663 +00000-0 +19008-2 0  9998
2 11860 046.8491 248.3944 7329381 034.5847 356.1088 02.23346945002942
1 11860U 80049  E 80300.37448723  .00012064 +00000-0 +18602-2 0  9998
2 11860 046.8322 247.5017 7329679 035.4538 356.0837 02.23424982003012
1 11860U 80049  E 80302.16442162  .00012419 +00000-0 +18418-3 0  9998
2 11860 046.8291 246.9977 7330591 035.9186 356.0235 02.23473847003054
1 11860U 80049  E 80303.95397490  .00013037 +00000-0 +15673-3 0  9996
2 11860 046.8306 246.4701 7334840 036.3530 355.9127 02.23524118003090
1 11860U 80049  E 80304.40130346  .00013030 +00000-0 +15832-3 0  9992
2 11860 046.8273 246.3458 7334519 036.4869 355.8829 02.23535556003108
1 11860U 80049  E 80304.40130450  .00013030 +00000-0 +15832-3 0  9998
2 11860 046.8273 246.3458 7334519 036.4869 355.8838 02.23535555003107
1 11860U 80049  E 80306.19045308  .00013043 +00000-0 +15889-3 0  9999
2 11860 046.8177 245.8400 7334089 036.9990 355.8219 02.23581768003147
1 11860U 80049  E 80307.08488356  .00015589 +00000-0 +18963-3 0  9995
2 11860 046.8047 245.5789 7333718 037.2580 356.0584 02.23636871003163
1 11860U 80049  E 80307.97874602  .00015726 +00000-0 +18777-3 0  9992
2 11860 046.8061 245.3220 7333881 037.4970 355.7718 02.23666396003185
1 11860U 80049  E 80311.10753060  .00017443 +00000-0 +21558-3 0  9995
2 11860 046.7845 244.4856 7332233 038.3796 355.7620 02.23780648003252
1 11860U 80049  E 80312.89450069  .00017442 +00000-0 +20291-3 0  9997
2 11860 046.7809 243.9798 7333028 038.8409 355.5868 02.23842952003293
1 11860U 80049  E 80315.12770644  .00017448 +00000-0 +19902-3 0  9993
2 11860 046.7729 243.3413 7332822 039.4646 355.5076 02.23920124003348
1 11860U 80049  E 80323.15876221  .00030585 -51372-4 +23987-3 0  9991
2 11860 046.7447 241.0153 7331873 041.7230 355.5522 02.24312988003521
1 11860U 80049  E 80326.27744638  .00032702 -51530-4 +23208-3 0  9998
2 11860 046.7376 240.1818 7332910 042.5117 355.1772 02.24487002003596
1 11860U 80049  E 80330.72945021  .00037037 -51662-4 +25520-3 0  9993
2 11860 046.7247 238.8902 7331914 043.7387 355.4928 02.24765509003694
1 11860U 80049  E 80331.17367970  .00036999 -51780-4 +23550-3 0  9992
2 11860 046.7202 238.7817 7333238 043.7873 354.9777 02.24791574003709
1 11860U 80049  E 80331.17367975  .00036987 -51720-4 +23542-3 0  9999
2 11860 046.7214 238.7822 7333243 043.7880 354.9774 02.24791550003703
1 11860U 80049  E 80331.17367988  .00037026 -51843-4 +23481-3 0  9996
2 11860 046.7276 238.7848 7333308 043.7847 354.9782 02.24791768003704
1 11860U 80049  E 81046.65741511  .00077611 -48255-4 +21266-3 0  9997
2 11860 046.4725 213.2844 7141930 066.1620 358.8079 02.51341165004277
1 11860U 80049  E 81047.84138918  .00077124 -48214-4 +21266-3 0  9994
2 11860 046.4707 212.8895 7140529 066.5482 350.4694 02.51508569004309
1 11860U 80049  E 81053.79493991  .00074696 -48255-4 +21266-3 0  9996
2 11860 046.4623 210.8994 7133543 068.4927 350.0073 02.52340609004450
1 11860U 80049  E 81054.19114902  .00074516 -48194-4 +21266-3 0  9996
2 11860 046.4618 210.7667 7133088 068.6226 349.9763 02.52394301004460
1 11860U 80049  E 81055.37927433  .00073998 -48239-4 +21266-3 0  9991
2 11860 046.4603 210.3686 7131725 069.0121 349.8852 02.52554637004497
