1 35497U 09035B   16130.26462257  .00380714  42782-6  76635-3 0  9992
2 35497   5.8244  44.5438 5796742  31.9267 352.7396  4.49338442 83804
1 35497U 09035B   16130.93168897 +.00373511 +33909-6 +75920-3 0  9993
2 35497 005.8249 043.8760 5793489 033.2552 352.4093 04.49843940083845
1 35497U 09035B   16131.37599127  .00352675  27126-6  70887-3 0  9995
2 35497   5.8247  43.4274 5791621  34.1470 352.1855  4.50157406 83855
1 35497U 09035B   16131.59802915 +.00363100 +23594-6 +72306-3 0  9999
2 35497 005.8248 043.2036 5790709 034.5922 352.0731 04.50315766083871
1 35497U 09035B   16131.59803041  .00372074  23594-6  73706-3 0  9995
2 35497   5.8248  43.2029 5790755  34.5935 352.0729  4.50315655 83861
1 35497U 09035B   16132.04185757  .00359626  16433-6  71701-3 0  9998
2 35497   5.8253  42.7592 5788630  35.4776 351.8473  4.50645899 83889
1 35497U 09035B   16132.26364873  .00364116  12878-6  71865-3 0  9990
2 35497   5.8250  42.5338 5787678  35.9251 351.7323  4.50811879 83893
1 35497U 09035B   16132.48536855  .00319931  93793-7  62820-3 0  9997
2 35497   5.8253  42.3143 5786903  36.3626 351.6197  4.50942759 83901
1 35497U 09035B   16132.92860766  .00324601  26980-7  63861-3 0  9997
2 35497   5.8253  41.8653 5785140  37.2548 351.3887  4.51221533 83922
1 35497U 09035B   16132.92860766 +.00324601 +26980-7 +63861-3 0  9997
2 35497 005.8253 041.8653 5785140 037.2548 351.3887 04.51221533083933
1 35497U 09035B   16133.37157574  .00300416 -34200-7  58057-3 0  9997
2 35497   5.8237  41.4118 5783666  38.1521 351.1542  4.51481755 83940
1 35497U 09035B   16134.03549708  .00343007 -11168-6  65440-3 0  9999
2 35497   5.8242  40.7431 5780894  39.4839 350.8001  4.51942672 83971
1 35497U 09035B   16134.69877573  .00305303 -16873-6  57359-3 0  9990
2 35497   5.8239  40.0691 5778500  40.8222 350.4396  4.52346846 84001
1 35497U 09035B   16134.91973082 +.00319182 -18275-6 +60667-3 0  9991
2 35497 005.8260 039.8541 5777430 041.2557 350.3207 04.52501641084020
1 35497U 09035B   16135.14061649  .00315876 -19426-6  59768-3 0  9999
2 35497   5.8259  39.6298 5776598  41.7028 350.1983  4.52641036 84029
1 35497U 09035B   16135.14061733  .00313359 -19428-6  58774-3 0  9995
2 35497   5.8255  39.6288 5776694  41.7032 350.1984  4.52638014 84029
1 35497U 09035B   16135.58219760  .00317014 -20959-6  59280-3 0  9994
2 35497   5.8257  39.1787 5775075  42.5969 349.9521  4.52901258 84048
1 35497U 09035B   16135.80288609  .00329976 -21342-6  61724-3 0  9990
2 35497   5.8258  38.9548 5774170  43.0418 349.8282  4.53045620 84058
1 35497U 09035B   16135.80288609 +.00329976 -21342-6 +61724-3 0  9990
2 35497 005.8258 038.9548 5774170 043.0418 349.8282 04.53045620084069
1 35497U 09035B   16136.24405077  .00322912 -21364-6  59390-3 0  9992
2 35497   5.8257  38.5077 5772536  43.9319 349.5790  4.53331011 84078
1 35497U 09035B   16136.68493846  .00318704 -20412-6  58606-3 0  9997
2 35497   5.8258  38.0592 5770782  44.8226 349.3269  4.53612046 84095
1 35497U 09035B   16137.34574853  .00332409 -17285-6  60372-3 0  9994
2 35497   5.8258  37.3885 5768170  46.1582 348.9440  4.54048006 84120
1 35497U 09035B   16137.78593744  .00330390 -14156-6  59641-3 0  9990
2 35497   5.8258  36.9442 5766453  47.0433 348.6872  4.54331760 84141
1 35497U 09035B   16137.78593744 +.00330390 -14156-6 +59641-3 0  9990
2 35497 005.8258 036.9442 5766453 047.0433 348.6872 04.54331760084152
1 35497U 09035B   16139.10480314  .00341125 -62164-8  60770-3 0  9993
2 35497   5.8260  35.5969 5761044  49.7207 347.8953  4.55217680 84205
1 35497U 09035B   16139.98259883  .00331287  10936-6  48714-3 0  9993
2 35497   5.8232  34.7038 5759285  51.4923 347.2648  4.55781546 84247
1 35497U 09035B   16140.64029464  .00364159  20351-6  62124-3 0  9995
2 35497   5.8256  34.0208 5755090  52.8519 346.9409  4.56235175 84278
1 35497U 09035B   16140.64029819  .00365469  00000-0  52315-3 0  9998
2 35497   5.8260  34.0429 5756522  52.8140 346.9910  4.56262931 84287
1 35497U 09035B   16141.07834550  .00354433  26722-6  59747-3 0  9992
2 35497   5.8260  33.5785 5753268  53.7344 346.6654  4.56544960 84294
1 35497U 09035B   16141.29726041  .00358943  29876-6  60582-3 0  9993
2 35497   5.8257  33.3499 5752297  54.1874 346.5225  4.56699010 84306
1 35497U 09035B   16141.73486268 +.00365372 +36041-6 +60592-3 0  9993
2 35497 005.8260 032.9067 5750466 055.0716 346.2417 04.57018566084332
1 35497U 09035B   16141.95354729  .00362789  39004-6  60455-3 0  9992
2 35497   5.8262  32.6804 5749441  55.5206 346.0981  4.57176090 84331
1 35497U 09035B   16142.39068448  .00390398  44570-6  64563-3 0  9996
2 35497   5.8260  32.2298 5747432  56.4180 345.8080  4.57509685 84350
1 35497U 09035B   16142.60914069  .00376000  47135-6  61495-3 0  9994
2 35497   5.8258  32.0023 5746609  56.8680 345.6622  4.57658191 84363
1 35497U 09035B   16143.04582372  .00392669  51700-6  63418-3 0  9990
2 35497   5.8263  31.5575 5744692  57.7570 345.3705  4.57984522 84384
1 35497U 09035B   16143.48217084  .00390963  55343-6  62112-3 0  9995
2 35497   5.8260  31.1068 5742660  58.6534 345.0720  4.58335228 84408
1 35497U 09035B   16143.91819180  .00404302  57899-6  64048-3 0  9999
2 35497   5.8263  30.6584 5740561  59.5456 344.7714  4.58676633 84428
1 35497U 09035B   16143.91819180 +.00404302 +57899-6 +64048-3 0  9999
2 35497 005.8263 030.6584 5740561 059.5456 344.7714 04.58676633084439
1 35497U 09035B   16144.35387765  .00398278  59183-6  61987-3 0  9998
2 35497   5.8260  30.2049 5738562  60.4463 344.4643  4.59024140 84445
1 35497U 09035B   16144.57159671  .00400036  59307-6  62322-3 0  9993
2 35497   5.8260  29.9799 5737471  60.8934 344.3100  4.59198000 84452
1 35497U 09035B   16145.00678403  .00403785  58439-6  62304-3 0  9990
2 35497   5.8264  29.5339 5735357  61.7833 344.0002  4.59552087 84470
1 35497U 09035B   16145.00678467  .00405727  58436-6  62012-3 0  9991
2 35497   5.8264  29.5387 5735429  61.7780 344.0020  4.59554688 84473
1 35497U 09035B   16145.44162951  .00377653  56019-6  57613-3 0  9997
2 35497   5.8261  29.0792 5733328  62.6848 343.6823  4.59895332 84498
1 35497U 09035B   16146.09329943  .00417040  49435-6  62751-3 0  9993
2 35497   5.8264  28.4078 5730169  64.0252 343.2008  4.60423774 84520
1 35497U 09035B   16146.31034411  .00420377  46467-6  62674-3 0  9994
2 35497   5.8261  28.1789 5729078  64.4779 343.0355  4.60613056 84536
1 35497U 09035B   16146.52730430  .00405341  43140-6  60696-3 0  9992
2 35497   5.8261  27.9528 5727945  64.9260 342.8705  4.60788753 84549
1 35497U 09035B   16146.52731515  .00370009  00000-0  52246-3 0  9993
2 35497   5.8230  27.9210 5728465  64.9583 342.8994  4.60791672 84554
1 35497U 09035B   16146.96098979  .00388989  35481-6  58518-3 0  9992
2 35497   5.8264  27.5060 5725842  65.8176 342.5394  4.61120058 84561
1 35497U 09035B   16147.39436984  .00356710  26659-6  53000-3 0  9997
2 35497   5.8263  27.0518 5724046  66.7194 342.2011  4.61427684 84588
1 35497U 09035B   16147.61094984  .00389816  21898-6  58303-3 0  9996
2 35497   5.8263  26.8275 5722950  67.1672 342.0300  4.61594006 84596
1 35497U 09035B   16148.04387414  .00375394  11861-6  55523-3 0  9993
2 35497   5.8269  26.3826 5721024  68.0574 341.6873  4.61920750 84613
1 35497U 09035B   16148.69268442  .00382800 -37482-7  56162-3 0  9992
2 35497   5.8265  25.7012 5718090  69.4096 341.1559  4.62405236 84649
1 35497U 09035B   16149.34078133  .00366921 -18812-6  52250-3 0  9996
2 35497   5.8265  25.0272 5715249  70.7495 340.6164  4.62908077 84671
1 35497U 09035B   16149.55665741  .00405070 -23453-6  57902-3 0  9991
2 35497   5.8262  24.7971 5714127  71.2058 340.4291  4.63083095 84680
1 35497U 09035B   16149.77245273 +.00382776 -27832-6 +54536-3 0  9991
2 35497 005.8266 024.5823 5713079 071.6416 340.2483 04.63256915084702
1 35497U 09035B   16149.98816598  .00368810 -31886-6  52891-3 0  9997
2 35497   5.8266  24.3523 5712037  72.0953 340.0594  4.63414801 84702
1 35497U 09035B   16150.41936047  .00358695 -38868-6  50918-3 0  9994
2 35497   5.8264  23.8989 5710127  72.9970 339.6797  4.63738225 84726
1 35497U 09035B   16150.63484802  .00390632 -41712-6  55606-3 0  9993
2 35497   5.8264  23.6706 5709084  73.4489 339.4866  4.63902243 84731
1 35497U 09035B   16151.06559233  .00381184 -45957-6  53926-3 0  9992
2 35497   5.8267  23.2242 5707102  74.3409 339.1013  4.64231369 84754
1 35497U 09035B   16151.28084315  .00388034 -47311-6  54235-3 0  9991
2 35497   5.8266  22.9968 5706119  74.7913 338.9041  4.64408558 84760
1 35497U 09035B   16151.71110240  .00404470 -48401-6  56998-3 0  9998
2 35497   5.8265  22.5413 5703913  75.6959 338.5027  4.64752021 84788
1 35497U 09035B   16151.92611445  .00385417 -48131-6  54003-3 0  9998
2 35497   5.8268  22.3190 5702950  76.1395 338.3044  4.64916232 84795
1 35497U 09035B   16151.92611445 +.00385417 -48131-6 +54003-3 0  9998
2 35497 005.8268 022.3190 5702950 076.1395 338.3044 04.64916232084807
1 35497U 09035B   16152.57073007  .00383615 -44149-6  52986-3 0  9997
2 35497   5.8266  21.6395 5700244  77.4894 337.6928  4.65375353 84825
1 35497U 09035B   16153.00008490  .00394140 -39052-6  53495-3 0  9998
2 35497   5.8262  21.1801 5698323  78.3984 337.2721  4.65712887 84848
1 35497U 09035B   16153.21464494  .00398772 -35856-6  54462-3 0  9999
2 35497   5.8261  20.9537 5697213  78.8488 337.0601  4.65882621 84851
1 35497U 09035B   16153.64354033  .00368375 -28364-6  50041-3 0  9994
2 35497   5.8264  20.5069 5695307  79.7400 336.6382  4.66199056 84873
1 35497U 09035B   16154.07210784  .00389465 -19743-6  51739-3 0  9995
2 35497   5.8260  20.0491 5693299  80.6481 336.2010  4.66558548 84892
1 35497U 09035B   16154.28627455  .00401041 -15121-6  53288-3 0  9997
2 35497   5.8261  19.8236 5692247  81.0976 335.9818  4.66728380 84909
1 35497U 09035B   16154.28627628  .00409695 -15115-6  54152-3 0  9996
2 35497   5.8262  19.8262 5692313  81.0926 335.9844  4.66725949 84905
1 35497U 09035B   16154.28631512  .00442429  00000-0  56142-3 0  9996
2 35497   5.8265  19.8365 5692672  81.0930 336.0319  4.66730535 84912
1 35497U 09035B   16155.14213816  .00415117  41790-7  54466-3 0  9994
2 35497   5.8259  18.9202 5688047  82.8967 335.0876  4.67427681 84941
1 35497U 09035B   16155.56959154  .00401271  13610-6  52336-3 0  9991
2 35497   5.8262  18.4701 5686034  83.7926 334.6328  4.67762876 84960
1 35497U 09035B   16155.99672306  .00443341  22371-6  57056-3 0  9991
2 35497   5.8261  18.0167 5683910  84.6964 334.1656  4.68127647 84986
1 35497U 09035B   16156.63678713  .00437973  33626-6  55331-3 0  9994
2 35497   5.8258  17.3315 5680764  86.0560 333.4488  4.68666305 85010
1 35497U 09035B   16157.06307110  .00458769  39527-6  57640-3 0  9999
2 35497   5.8258  16.8773 5678456  86.9594 332.9607  4.69048734 85033
1 35497U 09035B   16157.27608103  .00463683  41936-6  57610-3 0  9993
2 35497   5.8259  16.6568 5677362  87.4045 332.7174  4.69243686 85047
1 35497U 09035B   16157.70184627  .00420950  45640-6  52320-3 0  9990
2 35497   5.8261  16.2029 5675193  88.3043 332.2201  4.69594541 85063
1 35497U 09035B   16157.91460676  .00476369  46909-6  58810-3 0  9998
2 35497   5.8261  15.9783 5674047  88.7545 331.9672  4.69790796 85073
1 35497U 09035B   16157.91460676 +.00476369 +46909-6 +58810-3 0  9998
2 35497 005.8261 015.9783 5674047 088.7545 331.9672 04.69790796085084
1 35497U 09035B   16158.12726992  .00469975  47793-6  57322-3 0  9992
2 35497   5.8258  15.7455 5672950  89.2142 331.7071  4.69987922 85084
1 35497U 09035B   16158.55233113  .00475659  48454-6  57933-3 0  9996
2 35497   5.8260  15.2969 5670518  90.1098 331.1913  4.70384242 85101
1 35497U 09035B   16158.97698256  .00491194  47683-6  58964-3 0  9995
2 35497   5.8259  14.8431 5667855  91.0145 330.6581  4.70839107 85123
1 35497U 09035B   16160.03698182  .00483826  40568-6  56965-3 0  9990
2 35497   5.8258  13.7062 5661826  93.2753 329.2865  4.71847952 85173
1 35497U 09035B   16160.24869236  .00517263  38423-6  60711-3 0  9997
2 35497   5.8256  13.4757 5660441  93.7332 328.9987  4.72077638 85188
1 35497U 09035B   16160.67183101  .00468126  33621-6  54707-3 0  9990
2 35497   5.8257  13.0226 5657987  94.6332 328.4276  4.72482845 85206
1 35497U 09035B   16161.30584890  .00480774  25491-6  55090-3 0  9996
2 35497   5.8253  12.3437 5654402  95.9879 327.5467  4.73096688 85239
1 35497U 09035B   16161.93902890  .00475701  16827-6  53555-3 0  9990
2 35497   5.8225  11.6844 5650925  97.3290 326.6032  4.73690175 85263
1 35497U 09035B   16162.57142486  .00459471  82015-7  52066-3 0  9993
2 35497   5.8256  10.9737 5647248  98.7080 325.6974  4.74276658 85289
1 35497U 09035B   16162.78204231 +.00463249 +54183-7 +51905-3 0  9997
2 35497 005.8253 010.7491 5646133 099.1589 325.3801 04.74476358085311
1 35497U 09035B   16162.99256526  .00484839  27135-7  54321-3 0  9994
2 35497   5.8255  10.5105 5644893  99.6249 325.0486  4.74677949 85306
1 35497U 09035B   16163.62360597  .00455569 -48240-7  50559-3 0  9997
2 35497   5.8255   9.8322 5641384 100.9768 324.0674  4.75263992 85333
1 35497U 09035B   16163.83377287 +.00463356 -71026-7 +50906-3 0  9991
2 35497 005.8254 009.5985 5640278 101.4378 323.7267 04.75460544085367
1 35497U 09035B   16164.04386032  .00447887 -92451-7  49113-3 0  9997
2 35497   5.8254   9.3761 5639158 101.8837 323.3936  4.75645824 85350
1 35497U 09035B   16164.67358281  .00456630 -14783-6  49733-3 0  9996
2 35497   5.8254   8.6899 5635615 103.2461 322.3534  4.76233460 85383
1 35497U 09035B   16165.09295169  .00481904 -17667-6  51936-3 0  9992
2 35497   5.8251   8.2243 5633257 104.1656 321.6337  4.76634749 85406
1 35497U 09035B   16165.09295457  .00464386 -17666-6  50042-3 0  9993
2 35497   5.8253   8.2298 5633299 104.1583 321.6398  4.76628098 85400
1 35497U 09035B   16165.72136386  .00413390 -20660-6  44091-3 0  9992
2 35497   5.8252   7.5474 5630058 105.5174 320.5517  4.77172868 85432
1 35497U 09035B   16165.93067651  .00433738 -21290-6  46310-3 0  9997
2 35497   5.8255   7.3165 5628934 105.9717 320.1804  4.77354184 85446
1 35497U 09035B   16165.93067651 +.00433738 -21290-6 +46310-3 0  9997
2 35497 005.8255 007.3165 5628934 105.9717 320.1804 04.77354184085468
1 35497U 09035B   16166.55813204  .00446812 -22047-6  47072-3 0  9993
2 35497   5.8254   6.6384 5625684 107.3266 319.0514  4.77906070 85479
1 35497U 09035B   16166.97600035  .00436080 -21587-6  45679-3 0  9990
2 35497   5.8253   6.1708 5623449 108.2463 318.2651  4.78279934 85497
1 35497U 09035B   16167.60214631  .00455820 -32215-6  47285-3 0  9992
2 35497   5.8251   5.4838 5619850 109.6114 317.0647  4.78882929 85520
1 35497U 09035B   16168.22751515  .00443561 -28307-6  45451-3 0  9997
2 35497   5.8252   4.7911 5616567 110.9833 315.8250  4.79439227 85559
1 35497U 09035B   16168.64401160  .00476753 -50291-7  48949-3 0  9993
2 35497   5.8258   4.3254 5614166 111.9003 314.9730  4.79828094 85573
1 35497U 09035B   16169.06017887  .00473328 -71443-8  47344-3 0  9995
2 35497   5.8242   3.8785 5612130 112.7996 314.1241  4.80204851 85590
1 35497U 09035B   16169.68376990  .00479851  67813-7  47634-3 0  9999
2 35497   5.8242   3.1903 5608608 114.1661 312.7957  4.80792902 85626
1 35497U 09035B   16170.51395867  .00494273  36538-6  48081-3 0  9998
2 35497   5.8239   2.2726 5603785 115.9901 310.9562  4.81615948 85663
1 35497U 09035B   16170.92850235  .00508787  42462-6  49055-3 0  9999
2 35497   5.8239   1.8098 5601335 116.9058 310.0033  4.82031653 85685
1 35497U 09035B   16170.92850235 +.00508787 +42462-6 +49055-3 0  9999
2 35497 005.8239 001.8098 5601335 116.9058 310.0033 04.82031653085708
1 35497U 09035B   16171.34270127  .00507679  48306-6  48516-3 0  9995
2 35497   5.8239   1.3498 5599082 117.8214 309.0329  4.82415312 85700
1 35497U 09035B   16171.54966527  .00522663  51141-6  49562-3 0  9996
2 35497   5.8239   1.1183 5597869 118.2778 308.5407  4.82627048 85713
1 35497U 09035B   16171.96330794  .00526432  60478-6  49222-3 0  9997
2 35497   5.8238   0.6581 5595404 119.1918 307.5385  4.83054686 85736
1 35497U 09035B   16172.58300019  .00548324  32156-6  50719-3 0  9992
2 35497   5.8238 359.9676 5591175 120.5646 305.9898  4.83764571 85761
1 35497U 09035B   16172.99559190  .00569682  35817-6  52055-3 0  9995
2 35497   5.8236 359.5078 5588261 121.4809 304.9244  4.84262802 85781
1 35497U 09035B   16173.20173523  .00579523  37346-6  52265-3 0  9999
2 35497   5.8236 359.2792 5586977 121.9366 304.3879  4.84495977 85796
1 35497U 09035B   16173.61370633  .00581821  43373-6  52736-3 0  9999
2 35497   5.8235 358.8208 5584004 122.8485 303.2928  4.84973985 85819
1 35497U 09035B   16174.02527841  .00589323  44619-6  52798-3 0  9997
2 35497   5.8233 358.3606 5581349 123.7626 302.1755  4.85429285 85838
1 35497U 09035B   16174.23090141  .00635421  44774-6  56307-3 0  9991
2 35497   5.8234 358.1311 5579880 124.2227 301.6017  4.85689232 85846
1 35497U 09035B   16174.43641128  .00589828  44625-6  52063-3 0  9999
2 35497   5.8234 357.9001 5578407 124.6808 301.0244  4.85937542 85859
1 35497U 09035B   16175.05232546  .00604908  42190-6  53248-3 0  9996
2 35497   5.8233 357.2082 5574105 126.0518 299.2608  4.86647391 85881
1 35497U 09035B   16175.25741312  .00619603  40694-6  53891-3 0  9993
2 35497   5.8231 356.9778 5572653 126.5127 298.6546  4.86906720 85893
1 35497U 09035B   16175.66727218  .00572726  36730-6  50204-3 0  9992
2 35497   5.8233 356.5164 5569693 127.4259 297.4334  4.87378224 85914
1 35497U 09035B   16176.07671605  .00597981  31480-6  51717-3 0  9993
2 35497   5.8229 356.0563 5566859 128.3417 296.1837  4.87866968 85937
1 35497U 09035B   16176.48569151  .00619723  25077-6  53645-3 0  9996
2 35497   5.8231 355.5936 5563538 129.2610 294.8950  4.88410239 85954
1 35497U 09035B   16176.69002532  .00608760  21505-6  51980-3 0  9995
2 35497   5.8221 355.3670 5562244 129.7169 294.2504  4.88647053 85969
1 35497U 09035B   16177.09834701  .00627490  13728-6  53066-3 0  9997
2 35497   5.8223 354.9052 5559149 130.6328 292.9278  4.89172363 85981
1 35497U 09035B   16177.50623685  .00600957  53509-7  50955-3 0  9995
2 35497   5.8222 354.4441 5556187 131.5490 291.5784  4.89654033 86006
1 35497U 09035B   16177.91368378 +.00604039 -33723-7 +50702-3 0  9997
2 35497 005.8221 353.9815 5553163 132.4677 290.1956 04.90168911086049
1 35497U 09035B   16178.11725091  .00580573 -77595-7  48404-3 0  9996
2 35497   5.8221 353.7490 5551828 132.9285 289.4937  4.90400424 86039
1 35497U 09035B   16178.52409627  .00562985 -16399-6  47245-3 0  9998
2 35497   5.8219 353.2893 5549030 133.8441 288.0750  4.90848434 86051
1 35497U 09035B   16178.93054224  .00573577 -24613-6  47734-3 0  9992
2 35497   5.8218 352.8271 5546293 134.7625 286.6234  4.91313445 86070
1 35497U 09035B   16179.53941962  .00578046 -35472-6  47796-3 0  9992
2 35497   5.8225 352.1239 5541917 136.1513 284.3682  4.92044872 86107
1 35497U 09035B   16180.34989434  .00540213 -45917-6  44356-3 0  9998
2 35497   5.8230 351.1962 5536778 137.9917 281.2832  4.92903250 86142
1 35497U 09035B   16180.55227651  .00559976 -47656-6  45908-3 0  9999
2 35497   5.8239 350.9550 5535310 138.4624 280.4726  4.93147794 86151
1 35497U 09035B   16180.95672192  .00553583 -49983-6  45015-3 0  9999
2 35497   5.8239 350.4907 5532486 139.3827 278.8651  4.93627759 86172
1 35497U 09035B   16181.56270159  .00552116 -50535-6  43394-3 0  9998
2 35497   5.8207 349.8106 5528946 140.7494 276.4306  4.94273425 86205
1 35497U 09035B   16181.56276396  .00563463  00000-0  38006-3 0  9993
2 35497   5.8240 349.8138 5530529 140.7554 276.5412  4.94298684 86195
1 35497U 09035B   16182.36928273  .00579830 -46001-6  44820-3 0  9994
2 35497   5.8204 348.8833 5523322 142.5935 273.0259  4.95231543 86241
1 35497U 09035B   16182.57070459  .00541444 -44005-6  41951-3 0  9995
2 35497   5.8209 348.6486 5522183 143.0543 272.1595  4.95415056 86250
1 35497U 09035B   16182.97322826  .00570920 -39178-6  44529-3 0  9997
2 35497   5.8220 348.1798 5519303 143.9776 270.3915  4.95878062 86279
1 35497U 09035B   16183.57630618  .00598217 -30210-6  46150-3 0  9994
2 35497   5.8215 347.4857 5515305 145.3588 267.6921  4.96558344 86305
1 35497U 09035B   16183.97783831  .00601615 -23436-6  45651-3 0  9998
2 35497   5.8212 347.0219 5512452 146.2816 265.8466  4.97060245 86329
1 35497U 09035B   16184.37898148  .00561585 -16284-6  42552-3 0  9992
2 35497   5.8211 346.5587 5509792 147.2015 263.9778  4.97502367 86348
1 35497U 09035B   16184.57940878  .00618779 -12667-6  46620-3 0  9991
2 35497   5.8210 346.3257 5508392 147.6631 263.0270  4.97744321 86359
1 35497U 09035B   16184.97994165  .00611480 -54680-7  45284-3 0  9992
2 35497   5.8209 345.8598 5505581 148.5893 261.0953  4.98241148 86374
1 35497U 09035B   16185.77980429  .00662899  80459-7  48093-3 0  9992
2 35497   5.8207 344.9282 5499912 150.4378 257.1425  4.99217246 86410
1 35497U 09035B   16185.97950068  .00672973  11099-6  48664-3 0  9991
2 35497   5.8207 344.6959 5498285 150.8980 256.1354  4.99492567 86425
1 35497U 09035B   16186.57793722  .00669002  19214-6  48310-3 0  9994
2 35497   5.8209 343.9943 5493630 152.2896 253.0455  5.00265434 86458
1 35497U 09035B   16186.97635602  .00690097  23610-6  48589-3 0  9991
2 35497   5.8206 343.5282 5490668 153.2143 250.9542  5.00803783 86471
1 35497U 09035B   16187.57313856  .00655902  28560-6  45609-3 0  9997
2 35497   5.8207 342.8279 5485992 154.6041 247.7485  5.01602003 86503
1 35497U 09035B   16187.77183967  .00736801  29737-6  51023-3 0  9999
2 35497   5.8210 342.5927 5484297 155.0705 246.6555  5.01890640 86516
1 35497U 09035B   16187.77183967 +.00736801 +29737-6 +51023-3 0  9999
2 35497 005.8210 342.5927 5484297 155.0705 246.6555 05.01890640086538
1 35497U 09035B   16188.96159297  .00741229  32212-6  50147-3 0  9998
2 35497   5.8207 341.1935 5474166 157.8476 239.9874  5.03614815 86570
1 35497U 09035B   16189.75240801  .00765547  29867-6  50592-3 0  9993
2 35497   5.8208 340.2546 5467455 159.7094 235.3716  5.04773692 86619
1 35497U 09035B   16190.54134644  .00754322  25004-6  49695-3 0  9999
2 35497   5.8206 339.3194 5460463 161.5647 230.6599  5.05940687 86654
1 35497U 09035B   16190.73827913  .00788204  23441-6  48853-3 0  9992
2 35497   5.8207 339.0839 5459242 162.0302 229.4669  5.06263441 86667
1 35497U 09035B   16191.52470418  .00748934  16355-6  49090-3 0  9990
2 35497   5.8237 338.1361 5451163 163.8993 224.5860  5.07496086 86707
1 35497U 09035B   16191.91720279  .00771902  12355-6  48704-3 0  9994
2 35497   5.8218 337.6790 5447749 164.8242 222.1428  5.08138738 86723
1 35497U 09035B   16191.91720279 +.00771902 +12355-6 +48704-3 0  9994
2 35497 005.8218 337.6790 5447749 164.8242 222.1428 05.08138738086745
1 35497U 09035B   16192.11326653  .00750584  10286-6  47127-3 0  9997
2 35497   5.8212 337.4432 5446001 165.2863 220.9141  5.08439236 86738
1 35497U 09035B   16192.70074029 +.00779943 +38919-7 +48384-3 0  9999
2 35497 005.8217 336.7392 5440708 166.6841 217.1674 05.09343993086788
1 35497U 09035B   16192.89633029  .00763003  17312-7  47765-3 0  9996
2 35497   5.8214 336.5063 5438791 167.1454 215.9204  5.09645117 86770
1 35497U 09035B   16193.09180101  .00741087 -42926-8  46283-3 0  9990
2 35497   5.8214 336.2722 5437114 167.6125 214.6552  5.09929076 86789
1 35497U 09035B   16194.06751175  .00742025 -11037-6  45340-3 0  9996
2 35497   5.8213 335.0976 5428813 169.9412 208.2898  5.11355652 86830
1 35497U 09035B   16195.04042033 +.00745324 -20509-6 +51957-3 0  9991
2 35497 005.8282 334.0168 5418516 172.2086 201.8369 05.12813544086899
1 35497U 09035B   16195.04042058  .00734255 -20577-6  44176-3 0  9999
2 35497   5.8214 333.9229 5420388 172.2723 201.8353  5.12791751 86885
1 35497U 09035B   16196.01047260  .00761072 -28161-6  44153-3 0  9996
2 35497   5.8186 332.7395 5411743 174.6127 195.2960  5.14308544 86935
1 35497U 09035B   16196.59119894  .00717811 -31351-6  42129-3 0  9990
2 35497   5.8219 332.0345 5406744 176.0158 191.3585  5.15120176 86962
1 35497U 09035B   16196.59121484  .00758465  00000-0  35584-3 0  9995
2 35497   5.8226 332.0287 5409244 176.0250 191.3839  5.15167734 86958
1 35497U 09035B   16196.97781412  .00774654 -32846-6  44633-3 0  9993
2 35497   5.8213 331.5658 5403334 176.9492 188.7350  5.15727787 86982
1 35497U 09035B   16197.55684324  .00777640 -33959-6  44313-3 0  9991
2 35497   5.8216 330.8568 5397803 178.3561 184.7776  5.16675385 87013
1 35497U 09035B   16197.94229895  .00782100 -33894-6  44072-3 0  9999
2 35497   5.8215 330.3861 5394348 179.2894 182.1540  5.17276434 87039
1 35497U 09035B   16198.51965411  .00850433 -32533-6  47364-3 0  9995
2 35497   5.8217 329.6787 5389141 180.6950 178.2079  5.18172365 87068
1 35497U 09035B   16198.90398157  .00815605 -30749-6  45409-3 0  9992
2 35497   5.8220 329.2052 5385352 181.6306 175.5866  5.18807721 87086
1 35497U 09035B   16199.09597551  .00779995 -29597-6  43518-3 0  9991
2 35497   5.8219 328.9683 5383628 182.1025 174.2664  5.19092228 87090
1 35497U 09035B   16199.67140206  .00815617 -25150-6  44794-3 0  9996
2 35497   5.8225 328.2583 5378947 183.5072 170.3491  5.19909476 87125
1 35497U 09035B   16200.05449347  .00785617 -21411-6  43041-3 0  9995
2 35497   5.8226 327.7854 5375710 184.4445 167.7455  5.20457382 87148
1 35497U 09035B   16201.39194183  .00796651 -49378-7  42165-3 0  9997
2 35497   5.8224 326.1255 5363591 187.7405 158.6855  5.22563528 87213
1 35497U 09035B   16201.96351415  .00834452  27986-7  43253-3 0  9994
2 35497   5.8224 325.4160 5358399 189.1490 154.8694  5.23479790 87240
1 35497U 09035B   16202.91374960  .00933508  14434-6  47605-3 0  9990
2 35497   5.8232 324.2271 5348180 191.5102 148.5713  5.25232598 87295
1 35497U 09035B   16204.80446318  .01021863  23521-6  49535-3 0  9991
2 35497   5.8239 321.8457 5326405 196.2377 136.3989  5.29008787 87399
1 35497U 09035B   16205.55706795  .01012419  19291-6  48664-3 0  9990
2 35497   5.8233 320.8953 5317643 198.1243 131.7277  5.30505278 87433
1 35497U 09035B   16205.93259153  .01016821  15380-6  48168-3 0  9998
2 35497   5.8234 320.4189 5313290 199.0711 129.4267  5.31271840 87456
1 35497U 09035B   16206.30756675  .01021986  10376-6  47884-3 0  9993
2 35497   5.8233 319.9395 5308715 200.0249 127.1411  5.32068526 87476
1 35497U 09035B   16206.49486784  .00979914  75205-7  46268-3 0  9994
2 35497   5.8232 319.7017 5306472 200.4940 126.0285  5.32430677 87482
1 35497U 09035B   16207.42947933  .00983600 -96211-7  45824-3 0  9991
2 35497   5.8233 318.5064 5295809 202.8661 120.5155  5.34262826 87531
1 35497U 09035B   16207.98876235  .01048682 -21221-6  48332-3 0  9996
2 35497   5.8232 317.7893 5289378 204.2880 117.3092  5.35374874 87569
1 35497U 09035B   16208.36095801  .00976079 -28988-6  44232-3 0  9992
2 35497   5.8236 317.3131 5284990 205.2424 115.1995  5.36155175 87586
1 35497U 09035B   16208.54687016  .00947830 -32789-6  43092-3 0  9997
2 35497   5.8245 317.0740 5282797 205.7175 114.1623  5.36519430 87596
1 35497U 09035B   16208.91832563  .00981680 -40106-6  44683-3 0  9997
2 35497   5.8247 316.5968 5278419 206.6652 112.1175  5.37258743 87611
1 35497U 09035B   16208.91832563 +.00981680 -40106-6 +44683-3 0  9997
2 35497 005.8247 316.5968 5278419 206.6652 112.1175 05.37258743087633
1 35497U 09035B   16209.47463571  .00928954 -49886-6  41815-3 0  9991
2 35497   5.8255 315.8777 5272676 208.0943 109.0882  5.38257081 87646
1 35497U 09035B   16209.47463617  .00910206 -49881-6  41269-3 0  9991
2 35497   5.8254 315.8786 5272580 208.0932 109.0915  5.38257264 87647
1 35497U 09035B   16210.39968686  .00924878 -61588-6  40877-3 0  9992
2 35497   5.8254 314.6776 5263415 210.4774 104.1997  5.39869353 87691
1 35497U 09035B   16210.39968686  .00924878 -61588-6  40877-3 0  9992
2 35497   5.8254 314.6776 5263415 210.4774 104.1997  5.39869353 87691
1 35497U 09035B   16210.76888390  .00894458  00000-0  37496-3 0  9994
2 35497   5.8210 314.1703 5260235 211.4599 102.1810  5.40527016 87704
1 35497U 09035B   16211.50614846 +.00905045 -66001-6 +39186-3 0  9993
2 35497 005.8248 313.2326 5251860 213.3418 098.6036 05.41878653087774
1 35497U 09035B   16211.50615391  .00904082 -65997-6  39402-3 0  9993
2 35497   5.8251 313.2360 5251789 213.3367  98.6140  5.41875958 87758
1 35497U 09035B   16211.87409161  .00911582 -65032-6  39262-3 0  9996
2 35497   5.8249 312.7531 5248039 214.2929  96.8107  5.42540271 87770
1 35497U 09035B   16212.42519388  .00922748 -61489-6  39105-3 0  9995
2 35497   5.8251 312.0299 5242450 215.7307  94.1581  5.43527810 87800
1 35497U 09035B   16212.60868132  .00899520 -59793-6  38030-3 0  9991
2 35497   5.8251 311.7893 5240599 216.2075  93.2944  5.43848256 87810
1 35497U 09035B   16213.52447199  .00948995 -48315-6  39546-3 0  9991
2 35497   5.8261 310.5853 5230698 218.6000  89.0879  5.45567585 87867
1 35497U 09035B   16213.88998452  .01043916 -42691-6  42924-3 0  9998
2 35497   5.8266 310.1056 5226358 219.5547  87.4695  5.46337987 87889
1 35497U 09035B   16214.43735293  .01000623 -33582-6  41072-3 0  9992
2 35497   5.8267 309.3797 5220190 220.9954  85.0795  5.47393945 87914
1 35497U 09035B   16215.52899393  .01021665 -15030-6  41069-3 0  9998
2 35497   5.8268 307.9313 5207814 223.8730  80.5122  5.49554896 87971
1 35497U 09035B   16215.65838118  .00980575 -12931-6  40124-3 0  9991
2 35497   5.8221 307.7944 5206175 224.1960 336.5355  5.49793911 87982
1 35497U 09035B   16215.65838118  .00980575 -12931-6  40124-3 0  9991
2 35497   5.8221 307.7944 5206175 224.1960 336.5355  5.49793911 87982
1 35497U 09035B   16217.51891972  .01183919  10795-6  45347-3 0  9990
2 35497   5.8300 305.2708 5182398 229.1675  72.8335  5.54015108 88080
1 35497U 09035B   16218.41818492  .01230866  16605-6  47193-3 0  9997
2 35497   5.8352 304.0718 5170199 231.5648  69.6448  5.56103468 88132
1 35497U 09035B   16218.59762157  .01191031  17276-6  45091-3 0  9992
2 35497   5.8336 303.8230 5167945 232.0533  69.0122  5.56519955 88140
1 35497U 09035B   16218.95607906  .01294194  18075-6  46831-3 0  9997
2 35497   5.8329 303.3119 5163254 233.0432  67.7526  5.57432386 88169
1 35497U 09035B   16219.49271447  .01254298  18107-6  44797-3 0  9990
2 35497   5.8374 302.5839 5155563 234.5001  65.9586  5.58784370 88194
1 35497U 09035B   16219.84980532  .01229453  17390-6  44678-3 0  9997
2 35497   5.8290 302.1184 5150327 235.4357  64.8402  5.59642354 88211
1 35497U 09035B   16219.84980532 +.01229453 +17390-6 +44678-3 0  9997
2 35497 005.8290 302.1184 5150327 235.4357 064.8402 05.59642354088233
1 35497U 09035B   16220.20630732  .01345340  16028-6  48466-3 0  9993
2 35497   5.8298 301.6364 5144784 236.4017  63.7117  5.60616085 88234
1 35497U 09035B   16220.56222166  .01248346  14160-6  44452-3 0  9994
2 35497   5.8300 301.1458 5139841 237.3768  62.5883  5.61494284 88253
1 35497U 09035B   16221.44964907  .01285454  72766-7  44964-3 0  9994
2 35497   5.8289 299.9185 5127227 239.8095  59.8905  5.63709062 88300
1 35497U 09035B   16222.15708119  .01288523 -16802-8  44846-3 0  9994
2 35497   5.8296 298.9497 5116729 241.7385  57.8569  5.65530710 88344
1 35497U 09035B   16222.50993716  .01353585 -44349-7  46312-3 0  9999
2 35497   5.8295 298.4560 5111386 242.7184  56.8565  5.66494166 88363
1 35497U 09035B   16223.51737031  .01275098 -17906-6  42642-3 0  9999
2 35497   5.8347 297.1060 5097143 245.5185 315.8699  5.69009854 88420
1 35497U 09035B   16223.56519087  .01260830 -18635-6  42672-3 0  9994
2 35497   5.8296 296.9874 5096161 245.6364  53.9880  5.69150014 88429
1 35497U 09035B   16224.09099223  .01328392 -26244-6  44150-3 0  9994
2 35497   5.8299 296.2566 5088430 247.0950  52.6203  5.70531496 88457
1 35497U 09035B   16224.44082368 +.01401849 -31352-6 +46016-3 0  9993
2 35497 005.8296 295.7562 5083174 248.0834 051.7167 05.71471726088477
1 35497U 09035B   16225.31310214  .01246409 -43578-6  42740-3 0  9996
2 35497   5.8356 294.5740 5070246 250.4736  49.6082  5.73602209 88525
1 35497U 09035B   16225.48716764 +.01296912 -45890-6 +43862-3 0  9993
2 35497 005.8354 294.3250 5067789 250.9663 049.1835 05.74062117088530
1 35497U 09035B   16226.35555557  .01219620 -55996-6  40734-3 0  9995
2 35497   5.8317 293.1040 5055791 253.4050  47.1391  5.76173940 88580
1 35497U 09035B   16226.52883457  .01285481 -57699-6  41121-3 0  9998
2 35497   5.8302 292.8152 5053760 253.9395  46.6966  5.76634397 88596
1 35497U 09035B   16226.87503809 +.01171549 -60600-6 +37325-3 0  9992
2 35497 005.8301 292.3180 5049023 254.9200 045.9085 05.77467000088639
1 35497U 09035B   16226.87504089  .01201038 -60602-6  38125-3 0  9991
2 35497   5.8303 292.3220 5049096 254.9165  45.9110  5.77463554 88613
1 35497U 09035B   16227.39344125  .01355415 -63756-6  42132-3 0  9997
2 35497   5.8301 291.5748 5041897 256.4006  44.7463  5.78767536 88648
1 35497U 09035B   16227.56597918 +.01276379 -64435-6 +40173-3 0  9995
2 35497 005.8303 291.3367 5039098 256.8811 044.3814 05.79222426088655
1 35497U 09035B   16228.42675536  .01394257 -64871-6  42636-3 0  9990
2 35497   5.8304 290.0982 5026848 259.3433  42.5395  5.81426966 88700
1 35497U 09035B   16228.94165703  .01369014 -62590-6  42087-3 0  9996
2 35497   5.8304 289.3591 5019267 260.8104  41.4835  5.82733597 88738
1 35497U 09035B   16229.45535046  .01336467 -58497-6  40068-3 0  9998
2 35497   5.8317 288.6286 5011513 262.2813  40.4547  5.84149400 88762
1 35497U 09035B   16230.47901645  .01457381 -45503-6  43698-3 0  9999
2 35497   5.8314 287.1386 4994796 265.2397  38.4763  5.87066365 88821
1 35497U 09035B   16232.17398352  .01582329 -17362-6  45635-3 0  9999
2 35497   5.8320 284.6727 4966876 270.1727  35.3949  5.92050684 88925
1 35497U 09035B   16232.51124465  .01574675 -12204-6  44920-3 0  9990
2 35497   5.8305 284.1502 4961385 271.1880  34.7900  5.93041395 88947
1 35497U 09035B   16233.35188068  .01630736 -21893-7  45339-3 0  9993
2 35497   5.8298 282.9085 4946915 273.6674  33.3643  5.95646876 88991
1 35497U 09035B   16233.51956173  .01619628 -81276-8  44833-3 0  9998
2 35497   5.8299 282.6586 4943985 274.1641  33.0860  5.96172809 89001
1 35497U 09035B   16234.18874706  .01694736  21086-7  46186-3 0  9990
2 35497   5.8298 281.6556 4931404 276.1585  31.9976  5.98424331 89049
1 35497U 09035B   16234.35563896  .01747005 -27058-5  46982-3 0  9990
2 35497   5.8297 281.4056 4928192 276.6577  31.7313  5.99024052 89058
1 35497U 09035B   16235.47534644  .01848407 -46113-7  55410-3 0  9992
2 35497   5.8239 279.7919 4903337 279.9101 294.5306  6.03111282 89122
1 35497U 09035B   16235.51927501  .01814705 -25921-5  47989-3 0  9993
2 35497   5.8291 279.6499 4904378 280.1557  29.9319  6.03261432 89124
1 35497U 09035B   16236.34552976  .01873948 -39120-5  49464-3 0  9995
2 35497   5.8291 278.3915 4887594 282.6560  28.6988  6.06226575 89179
1 35497U 09035B   16236.34552976 +.01873948 -39120-5 +49464-3 0  9995
2 35497 005.8291 278.3915 4887594 282.6560 028.6988 06.06226575089191
1 35497U 09035B   16236.38200370  .01808345 -40080-5  42309-3 0  9994
2 35497   5.8285 278.3303 4888761 282.7766 108.3219  6.06352881 89172
1 35497U 09035B   16237.49530388  .01903162 -73186-5  48828-3 0  9990
2 35497   5.8288 276.6439 4863208 286.1579  27.0484  6.10613379 89241
1 35497U 09035B   16238.14863999  .01820792 -96868-5  46415-3 0  9999
2 35497   5.8288 275.6355 4849516 288.1677  26.1307  6.13054922 89288
1 35497U 09035B   16238.31157440  .01860843 -10288-4  47489-3 0  9999
2 35497   5.8288 275.3895 4846038 288.6650  25.9078  6.13668132 89293
1 35497U 09035B   16238.31157440  .01860843 -10288-4  47489-3 0  9999
2 35497   5.8288 275.3895 4846038 288.6650  25.9078  6.13668132 89293
1 35497U 09035B   16239.12381224  .01863512 -13166-4  46936-3 0  9998
2 35497   5.8276 274.1034 4829086 291.2050  24.7823  6.16711044 89345
1 35497U 09035B   16239.28577482  .01829315 -13692-4  45471-3 0  9998
2 35497   5.8263 273.8384 4825854 291.7223  24.5553  6.17321416 89351
1 35497U 09035B   16239.44757444  .01889992 -14193-4  46873-3 0  9995
2 35497   5.8265 273.5869 4822271 292.2207  24.3414  6.17964184 89366
1 35497U 09035B   16240.09321047  .01805143 -15896-4  44792-3 0  9999
2 35497   5.8261 272.5705 4808894 294.2442  23.4745  6.20340323 89407
1 35497U 09035B   16240.41513803  .01912343 -16543-4  46798-3 0  9997
2 35497   5.8258 272.0644 4802491 295.2572  23.0452  6.21518646 89421
1 35497U 09035B   16240.57586160  .01845841 -16814-4  44533-3 0  9994
2 35497   5.8254 271.8204 4799348 295.7535  22.8367  6.22117962 89436
1 35497U 09035B   16241.05708964  .01782435 -17386-4  42636-3 0  9992
2 35497   5.8248 271.0470 4789374 297.2798  22.2028  6.23918771 89461
1 35497U 09035B   16241.21720162  .01765905 -17495-4  42345-3 0  9995
2 35497   5.8249 270.7886 4786205 297.7922  21.9907  6.24476649 89470
1 35497U 09035B   16241.53700294  .01810158 -17601-4  42927-3 0  9990
2 35497   5.8242 270.2836 4780073 298.8039  21.5747  6.25601776 89493
1 35497U 09035B   16242.33379815  .01888658 -17229-4  43930-3 0  9991
2 35497   5.8230 269.0099 4763201 301.3411  20.5565  6.28669580 89548
1 35497U 09035B   16243.12692193  .01898454 -16076-4  43753-3 0  9993
2 35497   5.8228 267.7169 4747331 303.9068  19.5416  6.31534242 89598
1 35497U 09035B   16243.44307731  .02071919 -15456-4  47174-3 0  9991
2 35497   5.8247 267.2004 4739855 304.9329  19.1486  6.32908071 89617
1 35497U 09035B   16244.07346761  .02037586 -14023-4  46170-3 0  9993
2 35497   5.8252 266.1585 4725719 306.9908  18.3640  6.35455542 89654
1 35497U 09035B   16244.23067088  .02142245 -13637-4  48616-3 0  9999
2 35497   5.8254 265.8981 4721914 307.5075  18.1704  6.36133804 89662
1 35497U 09035B   16244.54452634  .02161338 -12857-4  48551-3 0  9993
2 35497   5.8237 265.3656 4714054 308.5532  17.7818  6.37574179 89681
1 35497U 09035B   16245.79350910  .02285652 -78219-6  55240-3 0  9990
2 35497   5.8185 263.2645 4682827 312.6611  16.3238  6.42978686 89761
1 35497U 09035B   16246.10411955  .02055916 -78640-6  50104-3 0  9993
2 35497   5.8181 262.7668 4675892 313.6716  15.9576  6.44203508 89785
1 35497U 09035B   16246.41411402  .02225310 -79060-6  53564-3 0  9991
2 35497   5.8178 262.2463 4668690 314.7079  15.5846  6.45536905 89801
1 35497U 09035B   16248.10608541  .02614179 -17504-4  59374-3 0  9994
2 35497   5.8165 259.3699 4622062 320.4254  13.5891  6.54127107 89917
1 35497U 09035B   16249.17133990  .02688671 -17680-4  59159-3 0  9997
2 35497   5.8161 257.5276 4592481 324.0848  12.3313  6.59584292 89984
1 35497U 09035B   16249.47406385  .02636316 -17731-4  57362-3 0  9991
2 35497   5.8157 257.0032 4584235 325.1279  11.9742  6.61115303 90004
1 35497U 09035B   16250.07732985  .02920601 -17831-4  63255-3 0  9999
2 35497   5.8152 255.9448 4565924 327.2327  11.2621  6.64459349 90045
1 35497U 09035B   16251.12545993  .02611620 -18035-4  54893-3 0  9990
2 35497   5.8135 254.0968 4534061 330.9114  10.0212  6.70357296 90112
1 35497U 09035B   16251.42331768  .02825764 -18079-4  59511-3 0  9992
2 35497   5.8131 253.5641 4525242 331.9686   9.6642  6.71962059 90139
1 35497U 09035B   16253.19412683  .03085972 -18418-4  65758-3 0  9991
2 35497   5.8172 250.3792 4466399 338.3284   7.5305  6.82704692 90253
1 35497U 09035B   16255.08221424  .03164562 -18781-4  65864-3 0  9996
2 35497   5.7944 246.7348 4405936 345.4389   5.1125  6.93911263 90384
1 35497U 09035B   16255.37004748  .03034447 -18851-4  56459-3 0  9992
2 35497   5.8023 246.2993 4399743 346.3764   4.7885  6.95408083 90403
1 35497U 09035B   16255.37004748 +.03034447 -18851-4 +56459-3 0  9992
2 35497 005.8023 246.2993 4399743 346.3764 004.7885 06.95408083090425
1 35497U 09035B   16256.37167317  .02944897 -19048-4  55608-3 0  9997
2 35497   5.8014 244.3928 4366517 350.1721   3.4802  7.01509594 90478
1 35497U 09035B   16258.20862449  .03232319 -19426-4  59465-3 0  9994
2 35497   5.8066 240.8161 4304311 357.2168   1.0035  7.13153965 90609
1 35497U 09035B   16259.46326161  .03043337 -19683-4  55711-3 0  9994
2 35497   5.7964 238.3262 4263662   2.1889 359.2066  7.20757930 90699
1 35497U 09035B   16260.42989295  .03310502 -19885-4  58731-3 0  9995
2 35497   5.7918 236.3739 4231539   6.0596 357.7752  7.26876857 90760
1 35497U 09035B   16262.33813573  .03623826 -20342-4  60860-3 0  9994
2 35497   5.7898 232.4568 4163221  13.8217 354.7947  7.39910436 90907
1 35497U 09035B   16263.54654865  .04170267 -20657-4  70111-3 0  9991
2 35497   5.8037 229.9674 4115079  18.7841 352.7906  7.49007194 90987
1 35497U 09035B   16265.13419217  .04499535 -21170-4  71449-3 0  9996
2 35497   5.8006 226.5474 4047385  25.5622 349.9062  7.62063129 91102
1 35497U 09035B   16270.34461441  .04755465 -23335-4  68423-3 0  9991
2 35497   5.7931 214.5245 3796083  49.3587 337.9946  8.10789291 91501
1 35497U 09035B   16270.46774496 +.04907971 -23392-4 +69905-3 0  9991
2 35497 005.7931 214.2303 3790003 049.9473 337.6586 08.12009534091558
1 35497U 09035B   16270.59068796  .04900934 -23451-4  69675-3 0  9996
2 35497   5.7929 213.9332 3783826  50.5368 337.3191  8.13218483 91521
1 35497U 09035B   16270.59068796  .04900934 -23451-4  69675-3 0  9996
2 35497   5.7929 213.9332 3783826  50.5368 337.3191  8.13218483 91521
1 35497U 09035B   16271.44607306  .05068453 -23878-4  70592-3 0  9992
2 35497   5.7918 211.8478 3740062  54.6678 334.8693  8.21828772 91594
1 35497U 09035B   16272.17236326  .04664639 -24232-4  64296-3 0  9999
2 35497   5.7912 210.0455 3705372  58.2301 332.6771  8.28652927 91656
1 35497U 09035B   16273.25018863  .05360000 -24816-4  70762-3 0  9992
2 35497   5.7915 207.3226 3649398  63.6164 329.1504  8.39805645 91740
1 35497U 09035B   16275.24808222  .05251347 -25957-4  66487-3 0  9998
2 35497   5.7965 201.9327 3547312  74.1414 321.5967  8.60132384 91910
1 35497U 09035B   16276.28684708  .05251404 -26591-4  65681-3 0  9998
2 35497   5.7830 199.1605 3494769  79.6626 317.2241  8.70620798 92000
1 35497U 09035B   16277.31265542  .05500396 -27296-4  66615-3 0  9992
2 35497   5.7631 196.5199 3440031  85.0159 312.6430  8.81670754 92090
1 35497U 09035B   16278.21391517  .05521238 -27900-4  66087-3 0  9997
2 35497   5.7808 193.9918 3392851  89.9990 308.1300  8.91167562 92172
1 35497U 09035B   16279.76704066  .05814171 -29110-4  64144-3 0  9993
2 35497   5.7821 189.5282 3307421  98.8075 299.4094  9.08700478 92310
1 35497U 09035B   16279.76704066  .05814171 -29110-4  64144-3 0  9993
2 35497   5.7821 189.5282 3307421  98.8075 299.4094  9.08700478 92310
1 35497U 09035B   16280.74914293  .06183929 -29958-4  67837-3 0  9991
2 35497   5.7830 186.6237 3249252 104.5302 293.1906  9.20496001 92404
1 35497U 09035B   16280.85749379  .06220470 -30059-4  67318-3 0  9995
2 35497   5.7820 186.3128 3243013 105.1552 292.4869  9.21819057 92414
1 35497U 09035B   16281.71843606  .06240982 -30877-4  65322-3 0  9990
2 35497   5.7830 183.7153 3190256 110.3009 286.4820  9.32686596 92488
1 35497U 09035B   16282.67515490  .06368097 -31817-4  64827-3 0  9995
2 35497   5.7864 180.7760 3131920 116.1097 279.2975  9.44714044 92574
1 35497U 09035B   16284.85835241  .07157025 -34332-4  71323-3 0  9998
2 35497   5.7828 173.8111 2985131 129.8533 260.4672  9.74989283 92784
1 35497U 09035B   16284.87233326  .07271585 -34325-4  77891-3 0  9992
2 35497   5.7927 173.8938 2982666 129.8232 309.4995  9.75180067 92783
1 35497U 09035B   16285.77253378  .06990620 -35483-4  69727-3 0  9993
2 35497   5.7856 170.7475 2921335 135.8880 251.5070  9.88198987 92873
1 35497U 09035B   16287.75971034  .07615387 -38360-4  67178-3 0  9999
2 35497   5.7890 163.9848 2776656 149.3762 230.2613 10.18947803 93076
1 35497U 09035B   16288.82712168  .07887199 -40032-4  68362-3 0  9996
2 35497   5.7919 160.1372 2696099 156.9797 217.8092 10.35968457 93184
1 35497U 09035B   16289.78219379  .07768180 -41603-4  63909-3 0  9993
2 35497   5.7897 156.6317 2624317 163.9350 206.3056 10.51388414 93275
1 35497U 09035B   16290.90942104  .08066618 -43621-4  64484-3 0  9997
2 35497   5.7905 152.4004 2534670 172.3665 192.3894 10.70576166 93398
1 35497U 09035B   16291.74163327  .09112774 -45320-4  59732-3 0  9996
2 35497   5.7827 148.9810 2469796 179.0151 181.5961 10.85436396 93487
1 35497U 09035B   16292.74394651  .09211781 -47283-4  60379-3 0  9990
2 35497   5.7793 145.0264 2387430 186.8835 169.1547 11.03114918 93597
1 35497U 09035B   16294.70039919  .09957622 -51612-4  51477-3 0  9992
2 35497   5.7951 136.8893 2223185 203.0781 145.1813 11.39938373 93810
1 35497U 09035B   16294.87508718  .09747779 -51928-4  63084-3 0  9995
2 35497   5.7888 136.0103 2202630 204.7118 142.9313 11.43179628 93836
1 35497U 09035B   16294.87508718 +.09747779 -51928-4 +63084-3 0  9995
2 35497 005.7888 136.0103 2202630 204.7118 142.9313 11.43179628093892
1 35497U 09035B   16295.56882516  .09940488 -53589-4  60482-3 0  9999
2 35497   5.7863 133.0965 2141408 210.6224 134.9439 11.56863813 93910
1 35497U 09035B   16295.82680962  .10436648 -54276-4  62465-3 0  9996
2 35497   5.7862 131.9654 2116517 212.9032 131.9708 11.62396757 93940
1 35497U 09035B   16295.86602772  .10253360 -54398-4  54638-3 0  9999
2 35497   5.7870 131.8081 2116016 213.1993 296.2101 11.63151403 93945
1 35497U 09035B   16296.16907041  .09454986 -55021-4  59202-3 0  9991
2 35497   5.7864 130.4794 2086041 215.8829 128.1530 11.68825714 93986
1 35497U 09035B   16296.50940800  .10437797 -55916-4  62658-3 0  9994
2 35497   5.7864 128.9368 2055470 218.9555 124.3054 11.75764385 94026
1 35497U 09035B   16296.84766552  .10941335 -56849-4  65807-3 0  9994
2 35497   5.7873 127.3867 2021548 222.0552 120.5511 11.83212091 94066
1 35497U 09035B   16296.93189362 +.11262890 -57106-4 +66272-3 0  9999
2 35497 005.7873 126.9983 2013239 222.8225 119.6362 11.85162318094132
1 35497U 09035B   16297.18383869  .10673321 -57752-4  62766-3 0  9990
2 35497   5.7876 125.8284 1989277 225.1377 116.9008 11.90445363 94108
1 35497U 09035B   16297.51793123  .11689376 -58769-4  65641-3 0  9997
2 35497   5.7877 124.2614 1955183 228.2673 113.3048 11.98229152 94144
1 35497U 09035B   16297.61899588  .11870330 -59106-4  62431-3 0  9992
2 35497   5.7808 123.7565 1945875 229.2760 189.6626 12.00658094 94156
1 35497U 09035B   16297.75853840  .12114888 -59543-4  63875-3 0  9996
2 35497   5.7874 123.1011 1930232 230.5987  73.6975 12.04104491 94178
1 35497U 09035B   16297.84980324  .12513100 -59844-4  69289-3 0  9993
2 35497   5.7894 122.6956 1917928 231.4038 109.8287 12.06549418 94189
1 35497U 09035B   16297.84980665 +.12320899 -59833-4 +69641-3 0  9992
2 35497 005.7895 122.7016 1917404 231.4050 109.8328 12.06549470094242
1 35497U 09035B   16298.09727236  .11672327 -60561-4  65890-3 0  9990
2 35497   5.7897 121.5110 1891262 233.7454 107.2823 12.12349881 94212
1 35497U 09035B   16298.26158397  .12140128 -61099-4  67479-3 0  9997
2 35497   5.7897 120.7171 1873358 235.3317 105.5839 12.16410305 94236
1 35497U 09035B   16298.71783565  .13864466 -62836-4  68246-3 0  9990
2 35497   5.7898 118.4764 1818809 239.8044 314.1492 12.29241976 94283
1 35497U 09035B   16298.75094551  .13228348 -62899-4  68771-3 0  9999
2 35497   5.7907 118.3210 1814184 240.1300 100.6373 12.29953863 94293
1 35497U 09035B   16298.83200234 +.12879292 -63161-4 +67038-3 0  9992
2 35497 005.7903 117.9160 1804997 240.9266 099.8279 12.31993948094361
1 35497U 09035B   16299.15495526  .12214349 -64182-4  63132-3 0  9999
2 35497   5.7917 116.3059 1770335 244.1059  96.6253 12.39768146 94343
1 35497U 09035B   16299.47578886  .13833597 -65391-4  69118-3 0  9991
2 35497   5.7911 114.6829 1731995 247.3468  93.4748 12.48538787 94385
1 35497U 09035B   16299.93386574  .13468444 -67047-4  70975-3 0  9991
2 35497   5.7844 112.2884 1675600 251.9906   2.7574 12.60869532 94438
1 35497U 09035B   16300.27017361  .15714000 -68365-4  73981-3 0  9994
2 35497   5.7842 110.6653 1637931 255.3903  94.3793 12.70001290 94487
1 35497U 09035B   16300.31741429  .15190528 -68554-4  68742-3 0  9990
2 35497   5.7854 110.4108 1633170 255.8975 310.4360 12.71310966 94484
1 35497U 09035B   16300.51433944  .15877516 -69498-4  63896-3 0  9994
2 35497   5.7834 109.4121 1607865 258.0009 134.0066 12.77731767 94519
1 35497U 09035B   16300.58141174  .15888523 -69800-4  71058-3 0  9998
2 35497   5.7942 108.9486 1594057 258.8104  82.9337 12.80195150 94515
1 35497U 09035B   16300.96932140  .16652279 -71670-4  62471-3 0  9996
2 35497   5.8398 106.6940 1541544 263.1779  79.7435 12.93151673 94576
1 35497U 09035B   16301.27667879  .18971819 -73394-4  81685-3 0  9994
2 35497   5.7812 105.1617 1485714 266.2495  77.7109 13.04936240 94611
1 35497U 09035B   16301.32664373  .18652829 -73666-4  77621-3 0  9990
2 35497   5.7822 104.8889 1478753 266.8121 312.5630 13.06726660 94610
1 35497U 09035B   16301.43502875  .18327369 -74242-4  74077-3 0  9991
2 35497   5.7862 104.2624 1462550 268.0617 103.1234 13.10587397 94630
1 35497U 09035B   16301.76866587  .18997758 -76225-4  69215-3 0  9996
2 35497   5.7744 102.3967 1408681 271.8918 245.1673 13.23501507 94670
1 35497U 09035B   16301.80780802  .18413727 -76412-4  72599-3 0  9992
2 35497   5.7942 102.1757 1399825 272.2785  71.8236 13.25014609 94674
1 35497U 09035B   16301.88305913 +.18488836 -76840-4 +72801-3 0  9990
2 35497 005.7942 101.7424 1387556 273.1325 071.1428 13.27819469094752
1 35497U 09035B   16302.10783109  .18022063 -78157-4  69675-3 0  9997
2 35497   5.7946 100.4201 1350846 275.7190  69.0898 13.36313906 94713
1 35497U 09035B   16302.47928716  .20389251 -80512-4  73241-3 0  9992
2 35497   5.7929  98.2393 1288053 280.0573  65.7004 13.51154169 94762
1 35497U 09035B   16302.62171373  .21670980 -81543-4  71847-3 0  9996
2 35497   5.7928  97.3810 1262923 281.7816  40.0655 13.57443244 94782
1 35497U 09035B   16302.74971065  .24512177 -82596-4  85250-3 0  9993
2 35497   5.7810  96.5258 1232773 283.3518 307.2198 13.64050487 94800
1 35497U 09035B   16302.77330073  .22324280 -82738-4  77682-3 0  9996
2 35497   5.7930  96.4531 1229128 283.6311  63.0155 13.64884253 94806
1 35497U 09035B   16303.06439856  .22549290 -84989-4  73352-3 0  9998
2 35497   5.7932  94.6545 1172910 287.1895  60.3337 13.78266519 94845
1 35497U 09035B   16303.06439856 +.22549290 -84989-4 +73352-3 0  9998
2 35497 005.7932 094.6545 1172910 287.1895 060.3337 13.78266519094913
1 35497U 09035B   16303.66287858  .30291563 -90852-4  78354-3 0  9996
2 35497   5.7867  90.7774 1034629 294.8952 183.8145 14.11804163 94935
1 35497U 09035B   16304.26633458  .26911889 -24359-4  70073-3 0  9998
2 35497   5.8000  86.6544 0884921 302.9912  48.8199 14.46563675 95015
1 35497U 09035B   16304.81015270 +.43198791 -26716-4 +78021-3 0  9993
2 35497 005.7968 082.7986 0696292 311.1186 043.0849 14.93355010095092
1 35497U 09035B   16304.81840059  .50275091 -26647-4  11574-2 0  9993
2 35497   5.8090  82.7434 0683383 311.2634  87.4339 14.94573035 95101
1 35497U 09035B   16304.94330445  .45318426 -27364-4  74910-3 0  9995
2 35497   5.7973  81.7876 0647500 313.1246  41.6480 15.05475742 95119
1 35497U 09035B   16304.96109001  .39768549 -27408-4  82164-3 0  9996
2 35497   5.7919  81.6858 0639955 313.2730 137.9971 15.05546998 95129
1 35497U 09035B   16305.31639794  .67500546 -29756-4  64684-3 0  9990
2 35497   5.7823  78.8105 0467248 320.1185 291.6779 15.52224529 95175
1 35497U 09035B   16305.31639794  .67781421 -29761-4  62138-3 0  9991
2 35497   5.7847  78.8300 0468569 320.0703 291.7227 15.52308325 95176
