1 10277U 77071  E 77234.10002003  .00001467 +00000-0 +00000-0 0  9996
2 10277 047.0591 261.0898 7312585 007.6068 359.2356 02.22934914000679
1 10277U 77071  E 77243.07034446  .00001710 +00000-0 +00000-0 0  9999
2 10277 047.0465 258.6454 7317594 009.8011 359.0812 02.22968054000875
1 10277U 77071  E 77250.24545716  .00001857 +00000-0 +00000-0 0  9995
2 10277 047.0296 256.6817 7316502 011.7738 358.8605 02.22997189001031
1 10277U 77071  E 77256.52286759  .00001959 +00000-0 +00000-0 0  9994
2 10277 047.0064 255.0042 7316102 013.5428 358.6014 02.23023295001175
1 10277U 77071  E 77265.04076716  .00002687 +00000-0 +00000-0 0  9990
2 10277 046.9242 252.5906 7316623 015.8585 358.4944 02.23077774001361
