1 24933U 97049C   97246.17300870 -.00000006 +00000-0 +10000-4 0  9996
2 24933 006.9280 135.0143 7296099 178.0099 188.8435 02.28090979000004
1 24933U 97049C   97246.17300870 -.00000006 +00000-0 +10000-4 0  9996
2 24933 006.9280 135.0143 7296099 178.0099 188.8435 02.28090979000004
1 24933U 97049C   97246.17300870 -.00000006 +00000-0 +10000-4 0  9996
2 24933 006.9280 135.0143 7296099 178.0099 188.8435 02.28090979000004
1 24933U 97049C   97246.17300870 -.00000006 +00000-0 +10000-4 0  9996
2 24933 006.9280 135.0143 7296099 178.0099 188.8435 02.28090979000004
1 24933U 97049C   97246.17300870 -.00000006  00000-0  10000-4 0  9996
2 24933 006.9280 135.0143 7296099 178.0099 188.8435 02.28090979    04
1 24933U 97049C   97246.17300870 -.00000006  00000-0  10000-4 0  9996
2 24933 006.9280 135.0143 7296099 178.0099 188.8435 02.28090979    04
1 24933U 97049C   97246.17300870 -.00000006 +00000-0 +10000-4 0  9996
2 24933 006.9280 135.0143 7296099 178.0099 188.8435 02.28090979000004
1 24933U 97049C   97246.17300870 -.00000006 +00000-0 +10000-4 0  9996
2 24933 006.9280 135.0143 7296099 178.0099 188.8435 02.28090979000004
1 24933U 97049C   97246.17300870 -.00000006 +00000-0 +10000-4 0  9996
2 24933 006.9280 135.0143 7296099 178.0099 188.8435 02.28090979000004
1 24933U 97049C   97246.17300870 -.00000006 +00000-0 +10000-4 0  9996
2 24933 006.9280 135.0143 7296099 178.0099 188.8435 02.28090979000004
1 24933U 97049C   97246.17300870 -.00000006 +00000-0 +10000-4 0  9996
2 24933 006.9280 135.0143 7296099 178.0099 188.8435 02.28090979000004
1 24933U 97049C   97246.17300870 -.00000006 +00000-0 +10000-4 0  9996
2 24933 006.9280 135.0143 7296099 178.0099 188.8435 02.28090979000004
1 24933U 97049C   97246.17300870 -.00000006 +00000-0 +10000-4 0  9996
2 24933 006.9280 135.0143 7296099 178.0099 188.8435 02.28090979000004
1 24933U 97049C   97246.17300870 -.00000006 +00000-0 +10000-4 0  9996
2 24933 006.9280 135.0143 7296099 178.0099 188.8435 02.28090979000004
1 24933U 97049C   97246.17332662 -.00000002  00000-0  10000-4 0  9996
2 24933 006.9199 134.8953 7297074 178.1327 189.1160 02.28071019    01
1 24933U 97049C   97246.58994424 +.00000022 +00000-0 +10000-4 0  9992
2 24933 006.9137 134.7535 7298416 178.4308 171.1948 02.28107006000002
1 24933U 97049C   97247.04614487 -.00000065  00000-0  00000+0 0  9994
2 24933 006.9626 134.1619 7296243 179.1749 186.5052 02.28137543    11
1 24933U 97049C   97247.47787604 -.00000065  00000-0  00000+0 0  9993
2 24933 006.8824 133.9791 7296244 179.5740 180.9895 02.28212752    35
1 24933U 97049C   97247.52386935  .00001179  00000-0  14773-3 0  9993
2 24933 006.9393 134.2863 7295424 179.2321 218.9601 02.28245944    38
1 24933U 97049C   97248.35484345  .00000710  00000-0  10000-3 0  9998
2 24933 006.9310 134.1115 7295448 179.8083 180.6609 02.28130520    51
1 24933U 97049C   97248.35517444 +.00032246 +00000-0 +36577-2 0  9990
2 24933 006.9395 133.9493 7296637 179.9492 180.8762 02.28190633000059
1 24933U 97049C   97249.22714088  .00040954  00000-0  53782-2 0  9992
2 24933 006.9394 133.6479 7293638 180.6318 177.3461 02.28275832    77
1 24933U 97049C   97249.66234537 +.00091984 +00000-0 +13450-1 0  9992
2 24933 006.9327 133.4334 7291322 180.9466 175.0123 02.28340963000108
1 24933U 97049C   97249.66234537  .00091984  00000-0  13450-1 0  9992
2 24933   6.9327 133.4334 7291322 180.9466 175.0123  2.28340963    74
1 24933U 97049C   97249.66234537  .00091984  00000-0  13450-1 0  9992
2 24933   6.9327 133.4334 7291322 180.9466 175.0123  2.28340963    74
1 24933U 97049C   97249.66234537  .00091984  00000-0  13450-1 0  9992
2 24933   6.9327 133.4334 7291322 180.9466 175.0123  2.28340963    74
1 24933U 97049C   97249.66234537  .00091984  00000-0  13450-1 0  9992
2 24933   6.9327 133.4334 7291322 180.9466 175.0123  2.28340963    74
