1 09540U 76107  D 76311.99283953  .00000973 +00000-0 +00000-0 0  9994
2 09540 047.2283 263.1030 7241588 002.8979 359.6761 02.29652858000252
1 09540U 76107  D 76318.95966584  .00000563 +00000-0 +00000-0 0  9990
2 09540 047.2403 261.1449 7243056 004.8055 359.4658 02.29656768000412
1 09540U 76107  D 76325.92598535  .00000832 +00000-0 +00000-0 0  9991
2 09540 047.2083 259.2305 7243437 006.6360 359.2635 02.29672742000577
1 09540U 76107  D 76332.89195634  .00001005 +00000-0 +00000-0 0  9991
2 09540 047.2850 257.3498 7256348 008.4076 359.0737 02.29688311000738
1 09540U 76107  D 76338.55124315  .00001458 +00000-0 +00000-0 0  9990
2 09540 047.2699 255.7311 7256335 010.1082 358.8858 02.29709244000862
1 09540U 76107  D 76343.77495389  .00001255 +00000-0 +00000-0 0  9997
2 09540 047.2783 254.2720 7255660 011.4495 358.7364 02.29720211000987
1 09540U 76107  D 76354.22062503  .00002545 +00000-0 +00000-0 0  9990
2 09540 047.2975 251.3575 7257524 014.0799 358.4445 02.29777312001222
1 09540U 76107  D 77001.70943748  .00002718 +00000-0 +00000-0 0  9994
2 09540 047.1296 247.4530 7271741 018.1010 357.6340 02.29845929001531
1 09540U 76107  D 77023.02027230  .00003449 +00000-0 +00000-0 0  9994
2 09540 047.0063 241.2698 7269525 024.1579 357.2298 02.29998326002026
1 09540U 76107  D 77043.00902723  .00007160 +00000-0 +00000-0 0  9997
2 09540 046.8706 235.4314 7276802 029.9568 357.0184 02.30261517002494
1 09540U 76107  D 77051.25758845  .00007605 +00000-0 +00000-0 0  9991
2 09540 046.7410 233.0023 7273570 031.8811 356.6230 02.30391240002683
1 09540U 76107  D 77058.63394895  .00007824 +00000-0 +00000-0 0  9994
2 09540 046.8578 230.8108 7280090 034.2596 356.3025 02.30511260002854
1 09540U 76107  D 77059.93505764  .00007932 +00000-0 +00000-0 0  9997
2 09540 046.8578 230.4340 7279930 034.6282 356.1639 02.30535626002889
1 09540U 76107  D 77065.57263858  .00007932 +00000-0 +00000-0 0  9999
2 09540 046.8578 228.8012 7279226 036.2257 355.8590 02.30625057003010
1 09540U 76107  D 77066.87333586  .00009130 +00000-0 +00000-0 0  9991
2 09540 046.7524 228.3643 7279549 036.6917 356.2703 02.30672002003046
1 09540U 76107  D 77070.77363716  .00009338 +00000-0 +00000-0 0  9993
2 09540 046.7727 227.2325 7278989 037.8043 355.7705 02.30748582003139
1 09540U 76107  D 77073.80659387  .00013848 +00000-0 +00000-0 0  9993
2 09540 046.7727 226.3508 7278455 038.6697 356.1823 02.30866289003203
1 09540U 76107  D 77079.43462882  .00014408 +00000-0 +00000-0 0  9993
2 09540 046.7726 224.7141 7277230 040.2772 355.8425 02.31043410003332
1 09540U 76107  D 77080.73230020  .00016295 +00000-0 +00000-0 0  9991
2 09540 046.8433 224.4425 7280346 040.3947 355.4293 02.31105185003367
1 09540U 76107  D 77090.67690363  .00024127 +00000-0 +00000-0 0  9998
2 09540 046.8134 221.1991 7280415 043.8746 356.6833 02.31561732003591
1 09540U 76107  D 77095.85385697  .00027041 +00000-0 +00000-0 0  9992
2 09540 046.7931 219.6942 7281344 045.0483 355.3653 02.31860280003717
1 09540U 76107  D 77107.91171002  .00058527 +00000-0 +00000-0 0  9999
2 09540 046.7931 216.1473 7276249 048.5286 010.7902 02.33282518003998
1 09540U 76107  D 77144.84074778  .01584075 +00000-0 +00000-0 0  9997
2 09540 046.6214 204.3083 6995365 059.5845 351.1934 02.71867466004885
1 09540U 76107  D 77149.49538012  .01830679 +00000-0 +00000-0 0  9993
2 09540 046.5825 202.4752 6884118 062.0002 004.7330 02.88616848005012
1 09540U 76107  D 77163.87230266  .12518643 +00000-0 +00000-0 0  9997
2 09540 046.4500 194.4437 5449062 068.9521 339.6041 05.18145466005531
