1 29462U 89039DG  06265.41382635  .00000777  00000-0  21749-1 0  9998
2 29462 065.3811 253.3168 5306824 067.3559 339.2627 04.43627945  3335
1 29462U 89039DG  06266.09009249  .00000911  00000-0  25511-1 0  9991
2 29462 065.4012 253.1097 5307575 067.3097 339.3208 04.43630841  3367
1 29462U 89039DG  06266.99174728  .00000964  00000-0  26630-1 0  9996
2 29462 065.4137 252.8390 5309572 067.2155 339.3386 04.43632728  3408
1 29462U 89039DG  06267.44259266  .00000918  00000-0  24903-1 0  9998
2 29462 065.4061 252.6973 5311575 067.1004 339.4019 04.43633382  3420
1 29462U 89039DG  06268.11884963  .00001217  00000-0  32656-1 0  9998
2 29462 065.4078 252.4749 5315043 066.9934 339.4992 04.43638504  3454
1 29462U 89039DG  06268.34425836  .00001296  00000-0  34706-1 0  9998
2 29462 065.4273 252.3996 5315585 066.9408 339.5248 04.43640290  3462
1 29462U 89039DG  06269.02048592  .00001572  00000-0  41741-1 0  9998
2 29462 065.4306 252.1643 5317765 066.8000 339.5726 04.43644269  3499
1 29462U 89039DG  06270.37294376 +.00001577 +00000-0 +41741-1 0  9996
2 29462 065.4301 251.6921 5317691 066.7189 339.6270 04.43648375003556
1 29462U 89039DG  06271.50000141  .00003476  00000-0  89009-1 0  9996
2 29462 065.5003 251.3930 5328841 066.7203 339.7217 04.43662242  3606
1 29462U 89039DG  06274.43017505  .00001834  00000-0  47395-1 0  9991
2 29462 065.5322 250.4031 5322023 066.7918 339.6578 04.43665452  3730
1 29462U 89039DG  06276.00792924 +.00001834 +00000-0 +47157-1 0  9997
2 29462 065.5401 249.8860 5323271 066.7975 339.6321 04.43671125003807
1 29462U 89039DG  06348.78924902  .00001504  00000-0  28409-1 0  9998
2 29462 065.4454 224.1282 5366754 062.3121 333.7844 04.43876481  7032
1 29462U 89039DG  07330.40826466  .00005615  00000-0  25699-1 0  9990
2 29462 064.6337 083.6795 5317850 043.1549 327.8577 04.75569844 22417
1 29462U 89039DG  07330.42003197 -.00008915  00000-0 -40606-1 0  9993
2 29462 064.6770 083.7116 5317469 043.2063 347.9880 04.75540376 22424
1 29462U 89039DG  07345.35473443 -.00006305  00000-0 -42114-1 0  9993
2 29462 064.6579 077.5293 5277210 042.5423 348.3750 04.75301480 23130
1 29462U 89039DG  07347.24816534 -.00006306 +00000-0 -42114-1 0  9996
2 29462 064.6580 076.7404 5277559 042.4682 348.1115 04.75277764023229
1 29462U 89039DG  07353.35040487 -.00005700 +00000-0 -37166-1 0  9999
2 29462 064.6410 074.1534 5279996 042.1961 348.4718 04.75215261023519
1 29462U 89039DG  07361.34747828 -.00005737 +00000-0 -37166-1 0  9990
2 29462 064.6417 070.8182 5281354 041.8876 350.4249 04.75170705023896
1 29462U 89039DG  08002.23935150  .00001217  00000-0  10651-1 0  9995
2 29462 064.6123 068.2393 5255069 039.8597 350.5407 04.75200389 24177
1 29462U 89039DG  08005.60539226 -.00001553  00000-0 -12033-1 0  9994
2 29462 064.6171 066.8516 5256480 039.6858 348.7127 04.75181051 24337
1 29462U 89039DG  08010.23547628  .00002305  00000-0  19100-1 0  9990
2 29462 064.6369 064.9576 5254787 039.4920 350.3377 04.75241590 24552
1 29462U 89039DG  08021.17603009  .00007160  00000-0  56325-1 0  9995
2 29462 064.6984 060.4853 5258490 038.4161 352.3151 04.75421122 25076
1 29462U 89039DG  08021.80534598 +.00548579 +00000-0 +40816+1 0  9992
2 29462 064.7751 060.2946 5262135 037.9379 349.5347 04.75776074025104
1 29462U 89039DG  08021.80534598  .00007164  00000-0  56325-1 0  9995
2 29462 064.6984 060.2247 5258459 038.3908 349.4157 04.75430440 25104
1 29462U 89039DG  08032.11026273  .00010960  00000-0  68592-1 0  9994
2 29462 064.7427 056.0008 5283176 037.2403 351.3457 04.75664954 25594
1 29462U 89039DG  08042.19823573  .00011014  00000-0  68592-1 0  9992
2 29462 064.7440 051.7935 5282050 036.8160 349.9295 04.75886816 26075
1 29462U 89039DG  08053.12281154 +.00004685 +00000-0 +18018-1 0  9994
2 29462 065.2165 047.6923 5331880 035.6131 350.5500 04.76063912026596
1 29462U 89039DG  08056.06271566  .00009088  00000-0  28996-1 0  9994
2 29462 065.2216 046.4048 5349168 035.1875 349.3324 04.76119464 26736
1 29462U 89039DG  08066.56395707  .00008218  00000-0  28590-1 0  9998
2 29462 065.2242 042.0456 5339520 034.7819 351.7542 04.76287045 27230
1 29462U 89039DG  08074.33077683 -.00004693  00000-0 -12346-1 0  9999
2 29462 065.1867 038.7590 5365107 033.1546 352.3421 04.76266203 27600
1 29462U 89039DG  08113.85129555  .00983167  00000-0  28664+0 0  9994
2 29462 065.7100 021.7541 5303887 032.5679 355.9665 05.08378201 29486
1 29462U 89039DG  08115.80542091  .01140057  00000-0  27766+0 0  9991
2 29462 065.6503 020.7821 5281763 032.1118 351.3403 05.13302488 29585
1 29462U 89039DG  08122.71270159  .01496463  00000-0  20612+0 0  9990
2 29462 065.6497 017.3744 5172588 031.5165 079.1126 05.35077894 29932
1 29462U 89039DG  08125.26520687  .01528473  00000-0  26153+0 0  9990
2 29462 065.6625 015.9336 5116016 031.5622 349.8178 05.42693188 30077
1 29462U 89039DG  08125.81772803  .01511674  00000-0  24826+0 0  9990
2 29462 065.6393 015.5774 5108244 031.6447 350.2456 05.44270760 30109
1 29462U 89039DG  08139.79015417  .01352290  00000-0  22858+0 0  9993
2 29462 065.5756 007.8406 4866247 031.4218 319.4313 05.83916493 30869
1 29462U 89039DG  08143.87627685  .01432243  00000-0  19819+0 0  9993
2 29462 065.5808 005.4811 4805819 030.5671 356.0360 05.95693651 31100
1 29462U 89039DG  08143.87766527  .01429711  00000-0  27126+0 0  9998
2 29462 065.5366 005.4530 4789680 031.1530 358.8407 05.95684284 31109
1 29462U 89039DG  08169.59721301  .00139015  00000-0  78571-1 0  9992
2 29462 065.3706 349.2969 4559266 031.2652 349.3467 06.22293755 32170
1 29462U 89039DG  08169.59728340  .00170380  00000-0  59425-1 0  9999
2 29462 065.2758 349.1178 4593323 029.3415 350.1113 06.22417203 32639
1 29462U 89039DG  08172.64738870  .00114291  00000-0  42795-1 0  9999
2 29462 065.3114 347.1463 4584675 028.7374 347.8774 06.23062308 32828
1 29462U 89039DG  08177.45920925  .00025712  00000-0  14164-1 0  9995
2 29462 065.2756 344.1094 4555873 029.2877 341.0350 06.23214018 33125
1 29462U 89039DG  08185.48358700 -.00020809  00000-0 -14892-1 0  9995
2 29462 065.1591 338.9736 4535650 027.7391 343.1635 06.23054826 33623
1 29462U 89039DG  08212.31290385 -.00009108  00000-0 -21746-1 0  9997
2 29462 064.9925 322.0715 4422454 025.7147 351.1331 06.22117182 35297
1 29462U 89039DG  08217.45697895 -.00012719  00000-0 -27674-1 0  9992
2 29462 064.9565 318.8503 4434205 024.5708 350.8222 06.21978712 35616
1 29462U 89039DG  08221.31622606 -.00010089  00000-0 -31173-1 0  9997
2 29462 064.9951 316.5222 4392709 024.7795 351.8721 06.21915014 35855
1 29462U 89039DG  08223.40633132 -.00010866  00000-0 -25475-1 0  9996
2 29462 064.9361 315.1344 4426225 024.1054 351.2755 06.21866452 35989
1 29462U 89039DG  08231.28713048 -.00011302  00000-0 -45882-1 0  9996
2 29462 064.9989 310.3665 4358731 023.7430 352.4601 06.21713248 36479
1 29462U 89039DG  08236.27344033 -.00012028  00000-0 -41263-1 0  9999
2 29462 065.0139 307.3399 4381727 022.4344 351.7319 06.21587106 36783
1 29462U 89039DG  08241.26135989 -.00007972  00000-0 -27950-1 0  9991
2 29462 065.0405 304.3180 4379130 021.2124 353.3481 06.21529158 37098
1 29462U 89039DG  08244.15720979 -.00003841  00000-0 -16124-1 0  9993
2 29462 065.0442 302.5354 4354753 021.7064 352.8878 06.21533363 37271
1 29462U 89039DG  08247.21398585 -.00001606  00000-0 -65924-2 0  9997
2 29462 065.1545 300.7639 4356166 020.5721 352.8992 06.21537121 37463
1 29462U 89039DG  08249.30552009  .00003379  00000-0  14723-1 0  9999
2 29462 065.1334 299.4688 4351596 020.5036 352.8617 06.21556818 37590
1 29462U 89039DG  08250.10988765  .00006771  00000-0  29493-1 0  9990
2 29462 065.1337 298.9832 4350910 020.4453 352.7552 06.21574847 37644
1 29462U 89039DG  08251.23604558  .00003963  00000-0  17480-1 0  9993
2 29462 065.1565 298.3256 4349498 020.4004 352.6568 06.21573499 37718
1 29462U 89039DG  08252.20137995  .00003363  00000-0  14657-1 0  9994
2 29462 065.1680 297.7428 4351127 020.2332 352.7758 06.21577566 37771
1 29462U 89039DG  08254.13197041  .00000382  00000-0  16952-2 0  9995
2 29462 065.1761 296.5670 4352509 019.9487 352.7901 06.21569465 37890
1 29462U 89039DG  08255.09733677  .00000830  00000-0  36158-2 0  9990
2 29462 065.1796 295.9785 4351650 019.9296 352.9295 06.21572545 37950
1 29462U 89039DG  08257.18882735  .00004011  00000-0  17222-1 0  9997
2 29462 065.2187 294.7394 4352192 019.5449 353.1730 06.21596697 38082
1 29462U 89039DG  08258.15404433  .00005813  00000-0  24855-1 0  9991
2 29462 065.2674 294.1950 4352582 019.3195 353.1806 06.21614242 38142
1 29462U 89039DG  08260.08448245  .00005595  00000-0  23788-1 0  9996
2 29462 065.2616 293.0179 4353228 019.1060 353.2264 06.21635369 38261
1 29462U 89039DG  08262.17573112  .00009000  00000-0  37911-1 0  9998
2 29462 065.2820 291.7557 4354249 018.9560 353.4153 06.21683959 38390
1 29462U 89039DG  08263.14079091  .00010487  00000-0  43965-1 0  9990
2 29462 065.3310 291.2066 4354754 018.7351 353.3806 06.21708762 38453
1 29462U 89039DG  08264.10586087  .00008532  00000-0  34868-1 0  9995
2 29462 065.3189 290.5942 4358177 018.4957 353.3981 06.21717898 38515
1 29462U 89039DG  08265.23179507  .00005170  00000-0  21079-1 0  9990
2 29462 065.3239 289.9245 4358456 018.4519 353.4271 06.21724961 38582
1 29462U 89039DG  08266.03603207  .00005968  00000-0  24106-1 0  9997
2 29462 065.3288 289.4437 4359615 018.3031 353.5283 06.21737236 38639
1 29462U 89039DG  08267.16191080  .00005540  00000-0  22368-1 0  9997
2 29462 065.3467 288.7791 4359538 018.2081 353.5376 06.21747912 38704
1 29462U 89039DG  08268.12694648  .00003904  00000-0  15533-1 0  9990
2 29462 065.3640 288.2062 4361444 018.0771 353.5375 06.21747581 38763
1 29462U 89039DG  08273.11284358  .00001717  00000-0  65180-2 0  9992
2 29462 065.3648 285.1758 4368201 017.6540 353.2011 06.21749601 39070
1 29462U 89039DG  08278.09902891  .00001463  00000-0  54997-2 0  9995
2 29462 065.3694 282.1686 4369333 017.1902 353.8226 06.21761279 39385
1 29462U 89039DG  08278.09907279  .00001335  00000-0  48465-2 0  9991
2 29462 065.4000 282.1449 4374007 016.9538 353.9734 06.21758974 39383
1 29462U 89039DG  08280.35079223  .00001104  00000-0  38482-2 0  9994
2 29462 065.3606 280.7001 4378158 016.6745 354.0545 06.21760494 39528
1 29462U 89039DG  08284.05003005 -.00002097  00000-0 -65181-2 0  9990
2 29462 065.5718 278.6623 4394355 016.3051 354.2840 06.21763844 39751
1 29462U 89039DG  08285.01504595 -.00002123  00000-0 -64523-2 0  9996
2 29462 065.5550 278.0462 4397170 016.1411 354.3300 06.21758529 39819
1 29462U 89039DG  08285.98007670 -.00000379  00000-0 -11834-2 0  9992
2 29462 065.5817 277.5207 4397158 016.1380 354.3852 06.21765869 39870
1 29462U 89039DG  08288.07091296  .00001580  00000-0  45313-2 0  9994
2 29462 065.6226 276.2884 4402739 015.7591 354.5480 06.21779604 40001
1 29462U 89039DG  08289.03586752 -.00000563  00000-0 -16264-2 0  9992
2 29462 065.6624 275.7284 4403739 015.8164 354.3946 06.21770700 40068
1 29462U 89039DG  08290.96590193 -.00003212  00000-0 -87775-2 0  9999
2 29462 065.6491 274.5230 4409589 015.6379 354.3353 06.21745350 40181
1 29462U 89039DG  08293.05693237 -.00000552  00000-0 -14007-2 0  9997
2 29462 065.6693 273.2659 4419914 015.2848 354.7668 06.21755086 40311
1 29462U 89039DG  08293.53939964 -.00002911  00000-0 -69444-2 0  9996
2 29462 065.7031 272.9913 4425872 015.2163 354.6360 06.21744072 40341
1 29462U 89039DG  08294.02195012 -.00002155  00000-0 -51949-2 0  9990
2 29462 065.7112 272.7046 4424798 015.1441 354.7424 06.21745437 40371
1 29462U 89039DG  08295.46951189 -.00001732  00000-0 -39873-2 0  9996
2 29462 065.7116 271.8245 4430346 014.9186 354.7689 06.21739378 40465
1 29462U 89039DG  08296.91711357 -.00002475  00000-0 -52898-2 0  9995
2 29462 065.7090 270.9680 4438466 014.6470 354.8045 06.21727222 40555
1 29462U 89039DG  08299.00816566 -.00004028  00000-0 -81931-2 0  9992
2 29462 065.7488 269.6825 4443603 014.4650 354.9352 06.21709376 40685
1 29462U 89039DG  08299.32988675 -.00012434  00000-0 -25577-1 0  9991
2 29462 065.7675 269.4875 4442672 014.7387 354.8331 06.21680391 40705
1 29462U 89039DG  08300.93853219 -.00003591  00000-0 -70217-2 0  9992
2 29462 065.7614 268.4708 4447630 014.4673 355.1947 06.21691449 40800
1 29462U 89039DG  08301.42100078 -.00003235  00000-0 -63325-2 0  9992
2 29462 065.7696 268.1898 4447386 014.4565 354.9855 06.21689821 40834
1 29462U 89039DG  08302.06442054 -.00009266  00000-0 -17258-1 0  9999
2 29462 065.7774 267.8390 4453462 014.3139 354.9577 06.21664411 40875
1 29462U 89039DG  08303.35137290 -.00007728  00000-0 -14769-1 0  9990
2 29462 065.7810 267.0541 4450707 014.2377 355.1162 06.21649675 40955
1 29462U 89039DG  08303.99481427 -.00005236  00000-0 -10130-1 0  9994
2 29462 065.7999 266.6591 4449194 014.1596 355.2052 06.21657924 40992
1 29462U 89039DG  08304.47733896 -.00003920  00000-0  00000+0 0  9998
2 29462 065.7832 266.4086 4443260 014.1884 355.0886 06.21661439 41027
1 29462U 89039DG  08304.47735236 -.00000787  00000-0 -14394-2 0  9991
2 29462 065.8243 266.4065 4452715 014.1292 355.0891 06.21668839 41026
1 29462U 89039DG  08304.95993954 -.00000839  00000-0 -15050-2 0  9995
2 29462 065.8143 266.1221 4455357 014.0553 355.1027 06.21666489 41054
1 29462U 89039DG  08309.94667893 -.00004517  00000-0 -76559-2 0  9997
2 29462 065.7942 263.0480 4464223 013.4392 354.8184 06.21612352 41363
1 29462U 89039DG  08309.94667893 -.00004517  00000-0 -76559-2 0  9997
2 29462 065.7942 263.0480 4464223 013.4392 354.8184 06.21612352 41363
1 29462U 89039DG  08309.94667893 -.00004517  00000-0 -76559-2 0  9997
2 29462 065.7942 263.0480 4464223 013.4392 354.8184 06.21612352 41363
1 29462U 89039DG  08319.92189115  .00000088  00000-0  10000-3 0  9999
2 29462 065.9286 257.0978 4503122 012.8170 007.9508 06.22878848 41989
1 29462U 89039DG  08346.72781005  .00000218  00000-0  10000-3 0  9998
2 29462 065.8832 240.4777 4569117 010.7619 180.7295 06.22883208 43654
1 29462U 89039DG  08346.80620449  .00000220  00000-0  10000-3 0  9994
2 29462 065.8765 240.4171 4542235 010.6986 356.5341 06.27339769 43653
1 29462U 89039DG  08346.80620449  .00000220  00000-0  10000-3 0  9994
2 29462 065.8765 240.4171 4542235 010.6986 356.5341 06.27339769 43596
1 29462U 89039DG  08353.70967994  .00107493  00000-0  47181-1 0  9998
2 29462 065.9177 236.2356 4570225 009.7912 356.3663 06.23611891 44085
1 29462U 89039DG  08361.63089063  .00268391  00000-0  95961-1 0  9995
2 29462 065.6929 230.8653 4524043 009.6396 161.4838 06.33758437 44582
1 29462U 89039DG  09008.58431125  .00202121  00000-0  54205-1 0  9993
2 29462 065.5393 222.4039 4510894 008.4193 319.9730 06.39212064 45402
1 29462U 89039DG  09019.51387595  .00226311  00000-0  54205-1 0  9996
2 29462 065.3348 215.0942 4470715 007.2998 357.3925 06.47191141 46109
1 29462U 89039DG  09065.28905074  .00130712  00000-0  44168-1 0  9995
2 29462 064.8128 183.5600 4407266 001.9406 123.7625 06.54115514 48893
1 29462U 89039DG  09075.30614758  .00116703  00000-0  42690-1 0  9997
2 29462 064.8362 176.6127 4388164 001.2115 353.0503 06.56403432 49542
1 29462U 89039DG  09079.26715912 -.00024380  00000-0 -80754-2 0  9995
2 29462 064.7880 173.7609 4394451 000.1466 357.5509 06.56598601 49809
1 29462U 89039DG  09085.20926559  .00146971  00000-0  49611-1 0  9992
2 29462 064.7909 169.5411 4378343 359.3651 042.0112 06.59041915 50196
1 29462U 89039DG  09086.25358206  .00154673  00000-0  48390-1 0  9997
2 29462 064.7973 168.7954 4381703 358.9967 000.4873 06.59379623 50269
1 29462U 89039DG  09087.31489018  .00149412  00000-0  48998-1 0  9990
2 29462 064.7978 168.0495 4376696 359.0522 000.1943 06.59671488 50338
1 29462U 89039DG  09090.19334352  .00110538  00000-0  38459-1 0  9998
2 29462 064.7944 165.9836 4369377 359.0790 358.2284 06.60219247 50520
1 29462U 89039DG  09090.19424553  .00108437  00000-0  38909-1 0  9996
2 29462 064.7754 165.9900 4367475 359.0683 000.3794 06.60212109 50520
1 29462U 89039DG  09096.24676080  .00095418  00000-0  28370-1 0  9997
2 29462 064.8859 161.7557 4373952 357.7507 358.0527 06.61337033 50922
1 29462U 89039DG  09099.27081937  .00097893  00000-0  24482-1 0  9993
2 29462 064.8468 159.5670 4382050 356.7523 001.5835 06.61943914 51121
1 29462U 89039DG  09101.23401282  .00109908  00000-0  32363-1 0  9990
2 29462 064.8966 158.1952 4367913 357.2482 002.5154 06.62477202 51255
1 29462U 89039DG  09112.98447880  .00125515  00000-0  32363-1 0  9990
2 29462 065.0427 149.7707 4344775 355.6510 050.8507 06.67987971 52038
1 29462U 89039DG  09118.04914935  .00257213  00000-0  65896-1 0  9991
2 29462 065.0400 146.1302 4333511 355.1190 002.7233 06.69941050 52375
1 29462U 89039DG  09119.09322154  .00280979  00000-0  75208-1 0  9996
2 29462 065.1270 145.3884 4326740 355.3358 002.0218 06.70584222 52441
1 29462U 89039DG  09121.03016231  .00300482  00000-0  78658-1 0  9993
2 29462 065.0962 143.9715 4321465 355.0827 002.1116 06.71744458 52574
1 29462U 89039DG  09125.04229264  .00346093  00000-0  78658-1 0  9998
2 29462 065.2217 141.0822 4320468 354.3431 006.3559 06.73525434 52842
1 29462U 89039DG  09139.91982363  .00412047  00000-0  78658-1 0  9998
2 29462 065.4241 130.0846 4215433 352.6095 220.4655 06.93736639 53847
1 29462U 89039DG  09153.84098352  .00524904  00000-0  11380+0 0  9995
2 29462 065.3692 118.9477 4126716 351.5438 045.7150 07.07746147 54801
1 29462U 89039DG  09159.87298187  .00519214  00000-0  10644+0 0  9992
2 29462 065.5486 114.7132 4097384 350.3953 355.8078 07.13580968 55239
1 29462U 89039DG  09163.92823735  .00465657  00000-0  10432+0 0  9992
2 29462 065.6507 111.6161 4072881 350.0456 353.9657 07.16834814 55521
1 29462U 89039DG  09186.71933885  .00156030  00000-0  78658-1 0  9990
2 29462 065.8065 093.8470 3980097 348.1339 004.7386 07.21986721 57152
1 29462U 89039DG  09215.57550663  .00000057  00000-0  10000-3 0  9992
2 29462 065.6916 071.6855 3886695 345.0240 006.1596 07.20583497 59245
1 29462U 89039DG  09220.57156465  .00007408  00000-0  10130-1 0  9999
2 29462 065.7313 067.9022 3886494 344.2168 007.2651 07.20665057 59605
1 29462U 89039DG  09240.54915678  .00007363  00000-0  99787-2 0  9993
2 29462 065.6885 052.6116 3885818 341.4072 007.5180 07.20958604 61049
1 29462U 89039DG  09297.10901198  .00005579  00000-0  99787-2 0  9996
2 29462 065.2349 009.5405 3849850 332.1035 221.3513 07.21322484 65125
1 29462U 89039DG  09338.05180020  .00006959  00000-0  12032-1 0  9999
2 29462 065.2197 337.8145 3850648 327.3421 022.1001 07.21892983 68078
1 29462U 89039DG  09353.83833642  .00021602  00000-0  12032-1 0  9999
2 29462 065.5053 324.6447 3971095 325.7324 279.9695 07.22108767 69214
1 29462U 89039DG  10041.55406911  .00008978  00000-0  12032-1 0  9990
2 29462 065.5045 282.0794 3866589 322.0673 222.0324 07.24415992 73019
1 29462U 89039DG  10077.48988832  .00008706  00000-0  18797-1 0  9991
2 29462 065.4494 253.3074 3702286 318.0809 019.8683 07.41763924 75626
1 29462U 89039DG  10093.39494677  .00020299  00000-0  38388-1 0  9997
2 29462 065.1251 240.3032 3716302 315.8271 029.9536 07.42397701 76803
1 29462U 89039DG  10096.35437475  .00043047  00000-0  73943-1 0  9991
2 29462 065.1985 237.9267 3725872 315.1116 023.2886 07.42876658 77025
1 29462U 89039DG  10101.33253499  .00023683  00000-0  27784-1 0  9994
2 29462 065.1102 233.7995 3772391 313.4231 017.5418 07.43005369 77396
1 29462U 89039DG  10102.41044270  .00020109  00000-0  25152-1 0  9996
2 29462 065.0788 232.8962 3764617 313.5374 020.7727 07.43051372 77473
1 29462U 89039DG  10130.11370272  .00044752  00000-0  13258-1 0  9992
2 29462 065.0577 209.7125 3880251 307.8844 167.1565 07.47401806 79534
1 29462U 89039DG  10158.06921027 -.00000048  00000-0  00000+0 0  9996
2 29462 065.3192 185.2010 3797958 303.7319 025.7614 07.74414884 81610
1 29462U 89039DG  10171.98635228 -.00000052  00000-0  00000+0 0  9992
2 29462 065.3151 172.2284 3710202 301.5778 027.3823 07.91469498 82695
1 29462U 89039DG  10172.99718593  .00333874  00000-0  29643-1 0  9997
2 29462 065.3134 171.2777 3714110 301.2718 030.0239 07.92475675 82771
1 29462U 89039DG  10172.99718593  .00333874  00000-0  29643-1 0  9997
2 29462 065.3134 171.2777 3714110 301.2718 030.0239 07.92475675 82771
1 29462U 89039DG  10172.99718593  .00333874  00000-0  29643-1 0  9997
2 29462 065.3134 171.2777 3714110 301.2718 030.0239 07.92475675 82771
1 29462U 89039DG  10172.99718593 +.00333874 +00000-0 +29643-1 0  9997
2 29462 065.3134 171.2777 3714110 301.2718 030.0239 07.92475675082771
1 29462U 89039DG  10172.99718593 +.00333874 +00000-0 +29643-1 0  9997
2 29462 065.3134 171.2777 3714110 301.2718 030.0239 07.92475675082771
