1 21739U 91064  E 91278.70792146  .00005007 +00000-0 +14835-2 0  9990
2 21739 047.5185 262.4743 7332495 358.7620 000.0236 02.21660933000267
1 21739U 91064  E 91278.70975784  .00000331 +00000-0 +99999-4 0  9992
2 21739 047.5247 262.4860 7335003 358.7039 001.4899 02.21485397000087
1 21739U 91064  E 91279.61009802  .00027834 +00000-0 +77286-2 0  9992
2 21739 047.5138 262.2284 7333164 358.9588 000.0207 02.21710439000100
1 21739U 91064  E 91280.06111917  .00000402 +00000-0 +94713-4 0  9992
2 21739 047.4999 262.1021 7332645 359.1453 359.9030 02.21662144000119
1 21739U 91064  E 91280.06119022  .00000433 +00000-0 +00000-4 0  9997
2 21739 047.5164 261.9734 7333232 359.1952 359.9787 02.21678392000008
1 21739U 91064  E 91280.51210018  .00031559 +00000-0 +77286-2 0  9995
2 21739 047.5012 261.9396 7335614 359.2231 359.8185 02.21704902000122
1 21739U 91064  E 91282.30853522 -.00323394 +00000-0 -69793-1 0  9993
2 21739 047.5636 261.6131 7346897 359.5358 354.7554 02.20613345000051
1 21739U 91064  E 91282.31645200  .00004643 +00000-0 +11765-2 0  9994
2 21739 047.4915 261.4683 7334600 359.6502 359.9378 02.21707646000051
1 21739U 91064  E 91291.33430952  .00006500 +00000-0 +14747-2 0  9999
2 21739 047.4512 259.0267 7335771 002.0302 359.6162 02.21830559000252
1 21739U 91064  E 91294.48950682  .00008048 +00000-0 +17007-2 0  9996
2 21739 047.4414 258.1928 7336524 002.8246 000.1419 02.21903434000323
1 21739U 91064  E 91314.29416379  .00003094 -44800-4 -27569-3 0  9991
2 21739 047.3199 252.7682 7347957 007.9574 359.0229 02.22383104000008
1 21739U 91064  E 91317.89171353 -.00055645 -45000-4 -44695-2 0  9991
2 21739 047.3082 251.8646 7350172 008.7662 001.1693 02.22313399000086
1 21739U 91064  E 91326.86559364  .00027621 -45300-4 +50365-3 0  9996
2 21739 047.3009 249.4740 7357342 010.6566 358.7901 02.22984911001048
1 21739U 91064  E 92017.40000000  .00266913 -44600-4 +00000-4 0  9995
2 21739 047.0580 233.1889 7251655 026.5959 132.4500 02.40342483002376
1 21739U 91064  E 92027.91410203  .00609686 -43400-4 +62858-4 0  9996
2 21739 047.0308 229.8153 7197497 030.0376 356.5283 02.48728727002639
1 21739U 91064  E 92027.91418977  .00604181 +54754-5 +62858-4 0  9991
2 21739 047.0308 229.8153 7197496 030.0377 356.6069 02.48728832002639
1 21739U 91064  E 92047.81986088  .00632068 -39500-4 +35669-4 0  9992
2 21739 046.9402 222.7893 7016030 037.0937 354.0413 02.73659506003150
