1 16670U 86027D   86095.11124502  .00000235 +00000-0 +99999-4 0  9996
2 16670 047.4196 257.4591 7313830 000.1015 359.8329 02.21856756000043
1 16670U 86027D   86095.56196398  .00000236 +00000-0 +99999-4 0  9998
2 16670 047.4145 257.3483 7313930 000.2123 359.8159 02.21857555000058
1 16670U 86027D   86096.46339623  .00000489 +00000-0 +25743-3 0  9993
2 16670 047.3953 257.1431 7314162 000.4202 359.7816 02.21859120000074
1 16670U 86027D   86096.91409949  .00000688 +00000-0 +37653-3 0  9996
2 16670 047.3931 257.0311 7314546 000.5230 359.7550 02.21860120000082
1 16670U 86027D   86096.91410674  .00002408 +00000-0 +14289-2 0  9994
2 16670 047.3914 257.0334 7314663 000.5152 359.7677 02.21864880000088
1 16670U 86027D   86099.16766868  .00000106 +00000-0 +16587-4 0  9991
2 16670 047.3760 256.4279 7315432 001.1002 359.6520 02.21858696000134
1 16670U 86027D   86101.87204692  .00000354 +00000-0 +15623-3 0  9999
2 16670 047.3680 255.7031 7316539 001.7996 359.6399 02.21861845000190
1 16670U 86027D   86105.47777356  .00000403 +00000-0 +17430-3 0  9994
2 16670 047.3598 254.7269 7317790 002.7347 359.5576 02.21864540000271
1 16670U 86027D   86110.43553737  .00000787 +00000-0 +34868-3 0  9990
2 16670 047.3567 253.3821 7319775 004.0098 359.4647 02.21872963000387
1 16670U 86027D   86117.64640076  .00000624 +00000-0 +23437-3 0  9993
2 16670 047.3301 251.4187 7322629 005.8974 359.1407 02.21879326000540
1 16670U 86027D   86133.42014960  .00000402 +00000-0 +99999-4 0  9995
2 16670 047.2765 247.1324 7329194 009.9681 359.9032 02.21918835002927
1 16670U 86027D   86134.32005916  .00000408 +00000-0 +99999-4 0  9992
2 16670 047.2630 246.8830 7329492 010.2018 358.8725 02.21926145002948
1 16670U 86027D   86137.47404518  .00001656 +00000-0 +44104-3 0  9995
2 16670 047.2564 246.0183 7330983 011.0187 358.7624 02.21936484003013
1 16670U 86027D   86137.47410862  .00000434 +00000-0 +99999-4 0  9990
2 16670 047.2556 246.0183 7330967 011.0204 358.8129 02.21932681003012
1 16670U 86027D   86143.33115370  .00001932 +00000-0 +44104-3 0  9999
2 16670 047.2412 244.4400 7333768 012.5446 358.7740 02.21969035003148
1 16670U 86027D   86147.38526455  .00002970 +00000-0 +64697-3 0  9990
2 16670 047.2289 243.2911 7334796 013.6633 358.5504 02.21992970003236
1 16670U 86027D   86148.28615233  .00003089 +00000-0 +64697-3 0  9995
2 16670 047.2141 243.0455 7335426 013.8894 358.5510 02.22005718003251
1 16670U 86027D   86161.34621111  .00004438 +00000-0 +60846-3 0  9990
2 16670 047.1859 239.4523 7341843 017.3064 359.1595 02.22119721003541
1 16670U 86027D   86162.24545276  .00007607 +00000-0 +11381-2 0  9997
2 16670 047.1770 239.1808 7340365 017.5737 358.3165 02.22154257003562
1 16670U 86027D   86162.24686204  .00000741 +00000-0 +99999-4 0  9999
2 16670 047.1764 239.1790 7340397 017.5742 359.4438 02.22148111003563
1 16670U 86027D   86171.24523375  .00019248 +00000-0 +21959-2 0  9999
2 16670 047.1601 236.6825 7343470 019.9664 358.0852 02.22318403003768
1 16670U 86027D   86175.29182859  .18651924 +00000-0 +22916+1 0  9990
2 16670 047.1432 235.5145 7341944 021.2161 357.3651 02.22381878003850
1 16670U 86027D   86203.10026683  .00007090 -49000-4 +00000-0 0  9992
2 16670 047.0410 227.7060 7351203 028.5679 008.9250 02.24075074004470
