1 06031U 72037  A 72140.16924213  .00000884 +00000-0 +00000-0 0  9991
2 06031 065.4354 073.2185 7388989 285.3543 009.8561 02.03966004000006
1 06031U 72037  A 72142.61766466  .00000884 +00000-0 +00000-0 0  9997
2 06031 065.4352 072.8706 7368069 285.5412 010.0203 02.04134052000055
1 06031U 72037  A 72143.59668543  .00009501 +00000-0 +00000-0 0  9997
2 06031 065.4351 072.7332 7369489 285.3871 010.0455 02.04205931000078
1 06031U 72037  A 72153.38521913  .00010448 +00000-0 +00000-0 0  9996
2 06031 065.4414 071.4200 7410859 285.2458 009.8375 02.04407295000272
1 06031U 72037  A 72156.81063409  .00004930 +00000-0 +00000-0 0  9997
2 06031 065.4414 070.9229 7405219 285.1344 009.8934 02.04394495000340
1 06031U 72037  A 72163.79145010 -.00000111 +00000-0 +00000-0 0  9999
2 06031 065.4364 069.7996 7446199 285.0163 009.6842 01.99938739000480
1 06031U 72037  A 72165.79204402  .00000030 +00000-0 +00000-0 0  9991
2 06031 065.4553 069.5231 7446929 284.9358 009.6969 01.99940090000523
1 06031U 72037  A 72167.79268226 -.00000208 +00000-0 +00000-0 0  9995
2 06031 065.4509 069.2438 7447699 284.8783 009.7046 01.99937459000562
1 06031U 72037  A 72170.79357769  .00000015 +00000-0 +00000-0 0  9995
2 06031 065.4535 068.8119 7448389 284.8154 009.7139 01.99939939000626
1 06031U 72037  A 72171.29397181  .00000368 +00000-0 +00000-0 0  9994
2 06031 065.4604 068.5916 7448419 284.7722 009.7229 01.99943930000647
1 06031U 72037  A 72173.29420692  .00000631 +00000-0 +00000-0 0  9993
2 06031 065.4643 068.4501 7448649 284.7328 009.7299 01.99948446000673
1 06031U 72037  A 72177.79521211  .00000778 +00000-0 +00000-0 0  9993
2 06031 065.4796 067.7878 7449909 284.5938 009.7520 01.99957543000761
1 06031U 72037  A 72181.79598097 -.00004363 +00000-0 +00000-0 0  9999
2 06031 065.4833 067.2209 7453649 284.4854 009.7534 01.99947594000847
1 06031U 72037  A 72182.79605999  .00001188 +00000-0 +00000-0 0  9991
2 06031 065.4950 067.0624 7453259 284.4495 009.7633 01.99971009000864
1 06031U 72037  A 72187.29651203  .00001640 +00000-0 +00000-0 0  9993
2 06031 065.4978 066.4116 7454320 284.3427 009.7798 01.99987798000951
1 06031U 72037  A 72188.29653299  .00001839 +00000-0 +00000-0 0  9991
2 06031 065.4886 066.2705 7454730 284.3179 009.7827 01.99993345000970
1 06031U 72037  A 72191.29655655  .00001740 +00000-0 +00000-0 0  9994
2 06031 065.4655 065.8332 7455620 284.2477 009.7924 02.00003557001030
1 06031U 72037  A 72193.79641265  .00001791 +00000-0 +00000-0 0  9999
2 06031 065.4705 065.4674 7457410 284.1859 009.7952 02.00013375001088
1 06031U 72037  A 72198.79581441  .00002327 +00000-0 +00000-0 0  9999
2 06031 065.5261 064.7104 7460660 284.0514 009.8050 02.00034784001182
1 06031U 72037  A 72207.29385954  .00001755 +00000-0 +00000-0 0  9990
2 06031 065.4658 063.4998 7461030 283.8157 009.8530 02.00061953001350
1 06031U 72037  A 72214.29131319  .00001755 +00000-0 +00000-0 0  9992
2 06031 065.4657 062.5061 7460820 283.6507 009.8896 02.00086515001494
1 06031U 72037  A 72303.74288758 -.00002080 +00000-0 +00000-0 0  9994
2 06031 065.6703 048.8774 7475209 281.5716 010.2581 02.00048137003286
1 06031U 72037  A 72314.23932230 -.00000511 +00000-0 +00000-0 0  9998
2 06031 065.7498 047.3476 7476329 281.2826 010.3158 02.00059761003493
1 06031U 72037  A 72321.23746064 -.00000518 +00000-0 +00000-0 0  9991
2 06031 065.7497 046.3544 7476389 281.0933 010.3579 02.00051835003637
1 06031U 72037  A 72322.23719721 -.00000537 +00000-0 +00000-0 0  9993
2 06031 065.7312 046.1838 7477449 281.0589 010.3591 02.00050562003654
1 06031U 72037  A 72327.23590887 -.00000453 +00000-0 +00000-0 0  9995
2 06031 065.7416 045.4638 7478679 280.8914 010.3893 02.00048502003751
1 06031U 72037  A 72339.23193695  .00000540 +00000-0 +00000-0 0  9990
2 06031 065.7392 043.7111 7482219 280.5163 010.4524 02.00072701003995
1 06031U 72037  A 72340.23136492  .00000897 +00000-0 +00000-0 0  9999
2 06031 065.7460 043.5648 7483509 280.4564 010.4580 02.00081967004011
1 06031U 72037  A 72341.23085972  .00001112 +00000-0 +00000-0 0  9997
2 06031 065.7291 043.3932 7485229 280.4101 010.4579 02.00088051004036
1 06031U 72037  A 72343.22997963  .00001151 +00000-0 +00000-0 0  9993
2 06031 065.7213 043.0768 7486669 280.3611 010.4601 02.00092815004071
1 06031U 72037  A 72344.72928407  .00001150 +00000-0 +00000-0 0  9995
2 06031 065.7212 042.8623 7486629 280.3206 010.4696 02.00096276004106
1 06031U 72037  A 72347.72788877  .00001042 +00000-0 +00000-0 0  9993
2 06031 065.7215 042.4077 7485579 280.2716 010.4873 02.00100642004162
1 06031U 72037  A 73003.65487930  .00002409 +00000-0 +00000-0 0  9999
2 06031 065.7472 039.0381 7490159 279.6766 010.5950 02.00766007004603
1 06031U 72037  A 73006.14533440  .00002262 +00000-0 +00000-0 0  9991
2 06031 065.7451 038.6684 7487999 279.6484 010.6151 02.00775778004650
1 06031U 72037  A 73014.11377279  .00002307 +00000-0 +00000-0 0  9993
2 06031 065.7617 037.4681 7493019 279.3839 010.6447 02.00812512004813
1 06031U 72037  A 73016.10558469  .00002499 +00000-0 +00000-0 0  9998
2 06031 065.7535 037.1551 7497609 279.2627 010.6438 02.00825094004851
1 06031U 72037  A 73020.08901716  .00002493 +19950-8 +00000-0 0  9993
2 06031 065.7912 036.5560 7499179 279.1683 010.6558 02.00844505004938
1 06031U 72037  A 73022.08071809  .00002210 +00000-0 +00000-0 0  9991
2 06031 065.7911 036.2668 7499069 279.1119 010.6695 02.00848308004976
1 06031U 72037  A 73024.07228336  .00002041 +00000-0 +00000-0 0  9993
2 06031 065.7980 035.9032 7499869 279.0933 010.6688 02.00854184005011
1 06031U 72037  A 73026.06376277  .00001951 +00000-0 +00000-0 0  9991
2 06031 065.7981 035.5836 7500989 279.0369 010.6748 02.00861319005058
1 06031U 72037  A 73027.05946623  .00001960 +00000-0 +00000-0 0  9999
2 06031 065.7859 035.4217 7501509 279.0076 010.6783 02.00865408005072
1 06031U 72037  A 73029.05084821  .00001862 +15559-8 +00000-0 0  9998
2 06031 065.8072 035.1120 7502111 278.9582 010.6860 02.00871389005116
1 06031U 72037  A 73031.04220063  .00001464 +16593-8 +00000-0 0  9997
2 06031 065.7581 034.7839 7503989 278.8943 010.6890 02.00873409005158
1 06031U 72037  A 73033.53132869  .00801281 +00000-0 +00000-0 0  9992
2 06031 065.7990 034.4158 7503509 278.8313 010.7066 02.00879063005206
1 06031U 72037  A 73035.52255679  .00001335 +00000-0 +00000-0 0  9990
2 06031 065.8024 034.1271 7503509 278.7777 010.7191 02.00884963005249
1 06031U 72037  A 73038.01155827  .00001232 +13833-8 +00000-0 0  9993
2 06031 065.7963 033.7303 7504770 278.7158 010.7257 02.00889378005298
1 06031U 72037  A 73040.00264349  .00001347 +13469-8 +00000-0 0  9997
2 06031 065.8142 033.4355 7504582 278.6531 010.7415 02.00896678005339
1 06031U 72037  A 73043.98462062  .00001552 +14450-8 +00000-0 0  9998
2 06031 065.8116 032.8081 7504410 278.5565 010.7652 02.00911593005411
1 06031U 72037  A 73046.97100694  .00001485 +14123-8 +00000-0 0  9992
2 06031 065.8186 032.3451 7504041 278.4887 010.7835 02.00919278005477
1 06031U 72037  A 73048.96188011  .00001357 +13015-8 +00000-0 0  9999
2 06031 065.8234 032.0262 7502888 278.4489 010.8003 02.00923181005514
1 06031U 72037  A 73049.95732167  .00001097 +14848-8 +00000-0 0  9992
2 06031 065.8480 031.8758 7503608 278.4189 010.8027 02.00922610005536
1 06031U 72037  A 73053.93878093  .00001358 +14240-8 +00000-0 0  9990
2 06031 065.8371 031.2809 7502663 278.3023 010.8363 02.00936728005619
1 06031U 72037  A 73055.43193730  .00001119 +13306-8 +00000-0 0  9992
2 06031 065.8349 031.0492 7502208 278.2871 010.8428 02.00935213005648
1 06031U 72037  A 73058.91524951  .00001559 +13903-8 +00000-0 0  9992
2 06031 065.8337 030.4796 7503277 278.1874 010.8595 02.00954441005711
1 06031U 72037  A 73060.40813524  .00001472 +00000-0 +00000-0 0  9996
2 06031 065.8425 030.2284 7503019 278.1396 010.8723 02.00957734005746
1 06031U 72037  A 73063.39383555  .00001353 +15310-8 +00000-0 0  9999
2 06031 065.8325 029.7735 7502880 278.0561 010.8931 02.00964376005805
1 06031U 72037  A 73065.88180166  .00001468 +13368-8 +00000-0 0  9996
2 06031 065.8536 029.3759 7501948 277.9792 010.9174 02.00972559005856
1 06031U 72037  A 73069.86235628  .00001450 +13267-8 +00000-0 0  9991
2 06031 065.8752 028.7644 7501257 277.8784 010.9459 02.00984324005933
1 06031U 72037  A 73072.84762912  .00001448 +13239-8 +00000-0 0  9990
2 06031 065.8751 028.3310 7501168 277.7909 010.9674 02.00992998005998
1 06031U 72037  A 73073.84269576  .00001450 +13240-8 +00000-0 0  9994
2 06031 065.8778 028.1675 7500645 277.7605 010.9781 02.00995771006016
1 06031U 72037  A 73076.82786313  .00001228 +14110-8 +00000-0 0  9998
2 06031 065.8793 027.7134 7499784 277.6746 011.0043 02.01000672006071
1 06031U 72037  A 73076.82833495 -.00003581 +78288-8 +00000-0 0  9993
2 06031 065.8718 027.6763 7500247 277.6646 011.0038 02.00955902006079
1 06031U 72037  A 73079.81377214 -.00000235 +13093-8 +00000-0 0  9993
2 06031 065.8932 027.2695 7500294 277.5847 011.0226 02.00974569006137
1 06031U 72037  A 73086.77985180  .00000135 +97676-9 +00000-0 0  9991
2 06031 065.8960 026.1893 7497279 277.3654 011.0952 02.00977850006275
1 06031U 72037  A 73087.77491594  .00000559 +10298-8 +00000-0 0  9997
2 06031 065.8783 026.0268 7497549 277.3276 011.1026 02.00984435006295
1 06031U 72037  A 73088.76998274  .00000778 +10793-8 +00000-0 0  9997
2 06031 065.8776 025.8759 7497537 277.3001 011.1094 02.00988665006319
1 06031U 72037  A 73092.75030460  .00000698 +10650-8 +00000-0 0  9998
2 06031 065.8678 025.2799 7497150 277.1828 011.1405 02.00993719006394
1 06031U 72037  A 73095.73539084  .00000892 +11047-8 +00000-0 0  9992
2 06031 065.8810 024.8315 7496477 277.0909 011.1672 02.01001659006458
1 06031U 72037  A 73098.72042309  .00000954 +12573-8 +00000-0 0  9997
2 06031 065.8914 024.3886 7495822 276.9994 011.1940 02.01007697006519
1 06031U 72037  A 73100.71043981  .00000848 +10893-8 +00000-0 0  9992
2 06031 065.9055 024.0845 7496314 276.9387 011.2055 02.01009422006551
1 06031U 72037  A 73102.20299249  .00000644 +10419-8 +00000-0 0  9996
2 06031 065.9117 023.8584 7496209 276.8950 011.2169 02.01008018006584
1 06031U 72037  A 73103.69551987  .00000466 +10078-8 +00000-0 0  9993
2 06031 065.9133 023.6291 7495981 276.8519 011.2289 02.01007258006614
1 06031U 72037  A 73105.68549884  .00000435 +10028-8 +00000-0 0  9998
2 06031 065.9087 023.3310 7496050 276.7917 011.2434 02.01009006006659
1 06031U 72037  A 73107.67544700  .00000472 +10088-8 +00000-0 0  9998
2 06031 065.9086 023.0434 7496031 276.7327 011.2579 02.01011696006698
1 06031U 72037  A 73108.67038757  .00000564 +10249-8 +00000-0 0  9990
2 06031 065.9014 022.8787 7495706 276.7096 011.2658 02.01014294006716
1 06031U 72037  A 73109.66533531  .00000644 +10443-8 +00000-0 0  9995
2 06031 065.8950 022.7246 7495917 276.6777 011.2722 02.01016544006736
1 06031U 72037  A 73111.65524015  .00000632 +10441-8 +00000-0 0  9999
2 06031 065.8807 022.4252 7496361 276.6146 011.2848 02.01018653006771
1 06031U 72037  A 73112.65019935  .00000597 +10343-8 +00000-0 0  9991
2 06031 065.8959 022.2757 7496600 276.5836 011.2908 02.01019026006792
1 06031U 72037  A 73115.63512411  .00000243 +98667-9 +00000-0 0  9993
2 06031 065.8928 021.8244 7496743 276.5012 011.3102 02.01016059006855
1 06031U 72037  A 73117.62505980  .00000130 +97866-9 +00000-0 0  9992
2 06031 065.8929 021.5353 7496625 276.4467 011.3245 02.01015214006890
1 06031U 72037  A 73120.60990406  .00000120 +97804-9 +00000-0 0  9996
2 06031 065.9058 021.0942 7496615 276.3580 011.3466 02.01016397006952
1 06031U 72037  A 73121.60480733  .00000412 +97804-9 +00000-0 0  9998
2 06031 065.8942 020.9372 7496280 276.3528 011.3501 02.01020563006970
1 06031U 72037  A 73125.58435675  .00000858 +97804-9 +00000-0 0  9998
2 06031 065.9034 020.3418 7495650 276.2593 011.3775 02.01031560007051
1 06031U 72037  A 73129.56380482  .00000859 +97804-9 +00000-0 0  9996
2 06031 065.9035 019.7665 7495594 276.1419 011.4072 02.01038398007137
1 06031U 72037  A 73246.20352189  .00001547 +03748-9 +00000-0 0  9999
2 06031 065.9969 001.5359 7503986 272.9676 012.1711 02.01956272009484
1 06031U 72037  A 73261.05435590  .00002719 +03748-9 +00000-0 0  9999
2 06031 066.0495 359.3275 7498980 272.6267 012.2991 02.02052021009785
1 06031U 72037  A 73267.48779954  .00002701 +03748-9 +00000-0 0  9998
2 06031 065.9887 358.2466 7498887 272.3702 012.3696 02.02086425009918
1 06031U 72037  A 73294.68358027  .00005073 +03748-9 +00000-0 0  9999
2 06031 065.9867 354.0898 7507865 271.5078 012.5421 02.02385521010462
1 06031U 72037  A 73295.17786909  .00003039 +03748-9 +00000-0 0  9998
2 06031 066.0392 354.0194 7504230 271.5112 012.5678 02.02365184010476
1 06031U 72037  A 73299.13008587  .00004697 +03748-9 +00000-0 0  9998
2 06031 066.0325 353.4571 7504421 271.3297 012.6171 02.02425838010559
1 06031U 72037  A 73304.56351066  .00004940 +03748-9 +00000-0 0  9996
2 06031 066.0046 352.6111 7503522 271.1389 012.6773 02.02480197010660
1 06031U 72037  A 73308.01999787  .00005757 +03748-9 +00000-0 0  9995
2 06031 066.0217 352.0858 7502264 271.0638 012.7078 02.02530980010733
1 06031U 72037  A 73321.83840238  .00006419 +03748-9 +00000-0 0  9992
2 06031 066.0401 349.9478 7502404 270.7359 012.7998 02.02718854011014
1 06031U 72037  A 73330.21960975  .00011396 +00000-0 +00000-0 0  9994
2 06031 066.0401 348.7133 7501520 270.4692 012.8826 02.02930951011187
1 06031U 72037  A 73345.96953512  .00013028 +00000-0 +00000-0 0  9995
2 06031 066.0802 346.1900 7509133 269.6007 013.0764 02.03378415011506
1 06031U 72037  A 74016.30828454  .00006394 +00000-0 +00000-0 0  9993
2 06031 065.9558 340.3769 7492075 269.0356 013.3745 02.04058528012221
1 06031U 72037  A 74027.57761766  .00004851 +00000-0 +00000-0 0  9992
2 06031 065.9633 338.6610 7492399 268.6261 013.4951 02.04153299012455
1 06031U 72037  A 74072.61504602  .00001597 +03847-7 +00260-3 0  9995
2 06031 066.0023 331.6919 7476611 267.3202 014.0232 02.04379463013379
1 06031U 72037  A 74087.29233025  .00002771 +03847-7 +00260-3 0  9998
2 06031 065.9191 329.4697 7476833 266.8938 014.1567 02.04437613013674
1 06031U 72037  A 74090.71578311  .00004240 +03847-7 +00260-3 0  9992
2 06031 065.9838 328.9138 7478749 266.7818 014.1771 02.04478526013743
1 06031U 72037  A 74114.67481468  .00003969 +23847-6 +80260-2 0  9995
2 06031 065.8808 325.1784 7479685 266.0320 014.4117 02.04586739014234
1 06031U 72037  A 74167.91743563  .00002461 +00000-0 +00000-0 0  9995
2 06031 065.9644 316.6512 7467886 264.6265 014.9484 02.04850556015323
1 06031U 72037  A 74196.71758171  .00000594 +00000-0 +00000-0 0  9991
2 06031 065.8804 312.2117 7462001 263.8614 015.2934 02.04885845015914
1 06031U 72037  A 74218.67980528  .00000854 +59925-9 +00000-0 0  9992
2 06031 065.9314 308.8883 7454026 263.1791 015.6037 02.04921865016360
1 06031U 72037  A 74219.65576312  .00000938 +59924-9 +00000-0 0  9995
2 06031 065.9313 308.7450 7454012 263.1495 015.6144 02.04925409016383
1 06031U 72037  A 74230.39217758  .00000371 +59922-9 +00000-0 0  9994
2 06031 065.8753 307.0547 7453654 262.7861 015.7483 02.04920751016609
1 06031U 72037  A 74253.81398771  .00000213 +59917-9 +00000-0 0  9990
2 06031 065.8638 303.4803 7449366 262.1200 016.0298 02.04937809016725
1 06031U 72037  A 74261.62014342  .00001269 +59916-9 +00000-0 0  9998
2 06031 065.8207 302.2792 7449732 261.7818 016.1522 02.04975432016880
1 06031U 72037  A 74281.61954018  .00001445 +59914-9 +00000-0 0  9996
2 06031 065.7978 299.3060 7448669 261.2412 016.3650 02.05037469017291
1 06031U 72037  A 74286.98700666  .00001320 +59912-9 +00000-0 0  9999
2 06031 065.7082 298.4271 7446450 261.0813 016.4459 02.05026633017402
1 06031U 72037  A 74303.56870888  .00001779 +59911-9 +00000-0 0  9994
2 06031 065.7187 295.6761 7449338 260.7661 016.5402 02.05073313017749
1 06031U 72037  A 74307.46970843  .00001847 +59910-9 +00000-0 0  9994
2 06031 065.7206 295.0945 7447794 260.6600 016.5952 02.05088009017822
1 06031U 72037  A 74320.14745660  .00000887 +59909-9 +00000-0 0  9992
2 06031 065.6874 293.1854 7450769 260.3866 016.6736 02.05098622018089
1 06031U 72037  A 74334.28660966  .00000959 +59907-9 +00000-0 0  9995
2 06031 065.6363 290.9994 7445138 260.0776 016.8463 02.05124188018371
1 06031U 72037  A 74356.22521257  .00000508 +59906-9 +00000-0 0  9991
2 06031 065.6617 287.5935 7442558 259.4907 017.1031 02.05133857018829
1 06031U 72037  A 75021.93821334  .00000161 +59904-9 +00000-0 0  9991
2 06031 065.6323 282.9382 7424532 258.4971 017.6791 02.05130203019450
1 06031U 72037  A 75033.15055561  .00000694 +59902-9 +00000-0 0  9998
2 06031 065.6423 281.2279 7416059 258.1676 017.8984 02.05147432019685
1 06031U 72037  A 75048.26329946  .00000866 +59901-9 +00000-0 0  9997
2 06031 065.5690 279.0270 7416358 257.7841 018.0579 02.05114899019995
1 06031U 72037  A 75071.17428827  .00000384 +00000-0 +00000-0 0  9993
2 06031 065.5868 275.5582 7425059 257.3822 018.1448 02.05130714020466
1 06031U 72037  A 75077.51131439  .00000799 +71922-9 +21654-2 0  9997
2 06031 065.5653 274.4592 7412864 257.0147 018.4239 02.05157532020596
1 06031U 72037  A 75092.13433361  .00000523 +00000-0 +00000-0 0  9996
2 06031 065.4976 272.3196 7413549 256.6630 018.5714 02.05167140020891
1 06031U 72037  A 75094.57280158  .00000157 +00000-0 +00000-0 0  9993
2 06031 065.4944 271.9590 7415965 256.5984 018.5759 02.05140780020940
1 06031U 72037  A 75101.88437887  .00000870 +00000-0 +00000-0 0  9991
2 06031 065.5893 270.7633 7409409 256.4722 018.6972 02.05165964021090
1 06031U 72037  A 75107.73377795  .00000417 +00000-0 +00000-0 0  9999
2 06031 065.4635 269.9505 7412960 256.3210 018.7289 02.05159941021212
1 06031U 72037  A 75120.89546676  .00000221 +00000-0 +00000-0 0  9990
2 06031 065.5321 267.9371 7409943 256.0415 018.8845 02.05143900021481
1 06031U 72037  A 75125.76962943  .00000564 +00000-0 +00000-0 0  9990
2 06031 065.4926 267.1564 7406416 255.8882 018.9893 02.05164655021589
1 06031U 72037  A 75135.03144308  .00000098 +00000-0 +00000-0 0  9990
2 06031 065.4712 265.8096 7402187 255.6752 019.1290 02.05151062021775
1 06031U 72037  A 75141.85570477  .00000037 +00000-0 +00000-0 0  9990
2 06031 065.4772 264.7329 7399009 255.5014 019.2410 02.05154671021916
1 06031U 72037  A 75146.72990556  .00000635 +00000-0 +00000-0 0  9999
2 06031 065.4810 263.9809 7395673 255.3151 019.3610 02.05169723022015
1 06031U 72037  A 75148.19221873  .00000405 +00000-0 +00000-0 0  9996
2 06031 065.4974 263.7721 7396083 255.2737 019.3760 02.05166602022044
1 06031U 72037  A 75165.25297402  .00000233 +00000-0 +00000-0 0  9992
2 06031 065.4833 261.2956 7395540 254.8454 019.5815 02.05150029022396
1 06031U 72037  A 75175.00185011  .00000233 +00000-0 +00000-0 0  9998
2 06031 065.4693 259.8664 7392387 254.5702 019.7441 02.05148824022597
1 06031U 72037  A 75180.85076141  .00001674 +00000-0 +00000-0 3  9993
2 06031 065.5295 258.9732 7394606 254.4246 019.7902 02.05161715022710
1 06031U 72037  A 75187.18719668  .00001062 +00000-0 +00000-0 3  9995
2 06031 065.4708 258.0014 7388317 254.2466 019.9410 02.05166535022841
1 06031U 72037  A 75192.06139992  .00001452 +00000-0 +00000-0 3  9997
2 06031 065.4288 257.2692 7389817 254.1235 019.9844 02.05152033022946
1 06031U 72037  A 75196.93584489  .00000325 +00000-0 +00000-0 3  9990
2 06031 065.4055 256.5162 7389320 254.0390 020.0304 02.05146591023040
1 06031U 72037  A 75210.58358618  .00001437 +00000-0 +00000-0 3  9996
2 06031 065.4138 254.5019 7387246 253.5827 020.2744 02.05166828023321
1 06031U 72037  A 75212.04585785  .00001614 +00000-0 +00000-0 3  9993
2 06031 065.3689 254.2762 7386533 253.5483 020.2986 02.05160841023359
1 06031U 72037  A 75216.92021604  .00000605 +00000-0 +00000-0 3  9998
2 06031 065.3845 253.5569 7386836 253.4118 020.3630 02.05148742023454
1 06031U 72037  A 75222.76949544  .00001695 +00000-0 +00000-0 3  9999
2 06031 065.3515 252.6675 7388444 253.3070 020.3973 02.05156687023579
1 06031U 72037  A 75224.71920010  .00001719 +00000-0 +00000-0 3  9990
2 06031 065.3513 252.3736 7387594 253.2585 020.4305 02.05163572023613
1 06031U 72037  A 75230.08062358  .00000534 +00000-0 +00000-0 3  9993
2 06031 065.3351 251.5955 7386294 253.0896 020.5281 02.05171828023725
1 06031U 72037  A 75244.70347876  .00001671 +00000-0 +00000-0 3  9991
2 06031 065.3325 249.4027 7386622 252.7608 020.6892 02.05157289024022
1 06031U 72037  A 75251.03967520  .00000015 +00000-0 +00000-0 3  9990
2 06031 065.3402 248.4221 7386085 252.6309 020.7608 02.05174034024150
1 06031U 72037  A 75257.37593031  .00001571 +00000-0 +00000-0 3  9993
2 06031 065.3178 247.4765 7384134 252.4510 020.8728 02.05159883024280
1 06031U 72037  A 75263.71262595  .00000584 +00000-0 +00000-0 3  9999
2 06031 065.2973 246.5311 7383707 252.3261 020.9410 02.05151369024411
1 06031U 72037  A 75266.63720561  .00001643 +00000-0 +00000-0 3  9992
2 06031 065.2875 246.0909 7382554 252.2561 020.9897 02.05159265024479
1 06031U 72037  A 75270.53650951  .00001244 +00000-0 +00000-0 3  9998
2 06031 065.2785 245.5231 7381593 252.1465 021.0565 02.05172079024556
1 06031U 72037  A 75275.41038463  .00001036 +00000-0 +00000-0 3  9997
2 06031 065.2764 244.7821 7381988 252.0282 021.1127 02.05173015024650
1 06031U 72037  A 75278.33479881  .00001605 +00000-0 +00000-0 3  9996
2 06031 065.2795 244.3331 7380940 251.9621 021.1586 02.05164822024710
1 06031U 72037  A 75279.79705430  .00001525 +00000-0 +00000-0 3  9990
2 06031 065.2792 244.1106 7380370 251.9269 021.1830 02.05160207024748
1 06031U 72037  A 75285.64627165  .00000528 +00000-0 +00000-0 3  9991
2 06031 065.2526 243.2707 7380551 251.7718 021.2616 02.05152523024866
1 06031U 72037  A 75294.41974021  .00000387 +00000-0 +00000-0 3  9995
2 06031 065.2394 241.9654 7377994 251.5725 021.3939 02.05175869025046
1 06031U 72037  A 75295.39450549  .00000113 +00000-0 +00000-0 3  9994
2 06031 065.2438 241.8190 7378077 251.5509 021.4041 02.05176190025067
1 06031U 72037  A 75299.29362010  .00001504 +00000-0 +00000-0 3  9997
2 06031 065.2513 241.2467 7377913 251.4488 021.4599 02.05169196025140
1 06031U 72037  A 75301.24324513  .00001581 +00000-0 +00000-0 3  9997
2 06031 065.2485 240.9463 7378205 251.4142 021.4745 02.05163022025181
1 06031U 72037  A 75313.42896795  .00001616 +00000-0 +00000-0 3  9995
2 06031 065.2134 239.1941 7376542 251.0880 021.6661 02.05169701025437
1 06031U 72037  A 75317.32806487  .00000063 +00000-0 +00000-0 3  9992
2 06031 065.2124 238.6509 7377954 251.0124 021.6903 02.05176335025518
1 06031U 72037  A 75329.51354357  .00000421 +00000-0 +00000-0 3  9998
2 06031 065.2092 236.8382 7375750 250.6575 021.9057 02.05152965025761
1 06031U 72037  A 75342.18618966 -.00001234 +00000-0 +00000-0 3  9999
2 06031 065.1868 234.9784 7376227 250.3276 022.0797 02.05171370026025
1 06031U 72037  A 75343.64839503 -.00001532 +00000-0 +00000-0 3  9994
2 06031 065.1876 234.7567 7376167 250.2946 022.0987 02.05167239026050
1 06031U 72037  A 75351.44730278  .00000365 +00000-0 +00000-0 3  9992
2 06031 065.1860 233.6283 7376111 250.1032 022.2038 02.05151687026217
1 06031U 72037  A 75364.11994695 -.00001199 +00000-0 +00000-0 3  9992
2 06031 065.1632 231.7624 7377013 249.7827 022.3709 02.05171138026477
1 06031U 72037  A 76005.94378232 -.00000753 +00000-0 +00000-0 3  9994
2 06031 065.1552 230.7397 7378463 249.6402 022.4338 02.05152378026612
1 06031U 72037  A 76013.25530576  .00001781 +00000-0 +00000-0 3  9999
2 06031 065.1427 229.6717 7378103 249.4689 022.5338 02.05163781026769
1 06031U 72037  A 76020.07881307 -.00000810 +00000-0 +00000-0 3  9991
2 06031 065.1379 228.6463 7379269 249.3057 022.6123 02.05173705026900
1 06031U 72037  A 76022.02839374 -.00001413 +00000-0 +00000-0 3  9995
2 06031 065.1323 228.3560 7378922 249.2569 022.6436 02.05169246026942
1 06031U 72037  A 76026.41513013 -.00001254 +00000-0 +00000-0 3  9994
2 06031 065.1377 227.7074 7379522 249.1448 022.7001 02.05156042027036
1 06031U 72037  A 76045.91161680 -.00001590 +00000-0 +00000-0 3  9992
2 06031 065.0744 224.8402 7380715 248.7010 022.9399 02.05164255027433
1 06031U 72037  A 76059.07208633  .00001514 +00000-0 +00000-0 3  9999
2 06031 065.0825 222.9084 7381940 248.4101 023.0932 02.05170556027703
1 06031U 72037  A 76062.97118234 -.00000269 +00000-0 +00000-0 3  9996
2 06031 065.0813 222.3332 7381475 248.3190 023.1520 02.05176216027781
1 06031U 72037  A 76083.92988109  .00000278 +00000-0 +00000-0 3  9999
2 06031 065.0734 219.2443 7383848 247.8045 023.4254 02.05177102028211
1 06031U 72037  A 76091.24081945 -.00001502 +00000-0 +00000-0 3  9997
2 06031 065.0830 218.1730 7383724 247.6083 023.5436 02.05162661028361
1 06031U 72037  A 76115.12372252 -.00001108 +00000-0 +00000-0 3  9997
2 06031 065.1132 214.6394 7389912 247.0071 023.8305 02.05158696028855
1 06031U 72037  A 76121.94766325  .00001632 +00000-0 +00000-0 3  9993
2 06031 065.1193 213.6399 7392488 246.8326 023.9055 02.05163404028999
1 06031U 72037  A 76124.87202783  .00001605 +00000-0 +00000-0 3  9991
2 06031 065.0930 213.1977 7393267 246.7655 023.9373 02.05174161029057
1 06031U 72037  A 76129.74579952 -.00000595 +00000-0 +00000-0 3  9995
2 06031 065.0839 212.4666 7393583 246.6630 023.9960 02.05179976029157
1 06031U 72037  A 76132.67008156 -.00001492 +00000-0 +00000-0 3  9991
2 06031 065.0915 212.0297 7393770 246.5946 024.0354 02.05173667029212
1 06031U 72037  A 76140.95599122  .00000467 +00000-0 +00000-0 3  9999
2 06031 065.0790 210.7863 7397351 246.4127 024.1039 02.05159015029386
1 06031U 72037  A 76144.36784171  .00001720 +00000-0 +00000-0 3  9991
2 06031 065.0501 210.2719 7399559 246.3332 024.1264 02.05167595029450
1 06031U 72037  A 76147.77958439  .00001328 +00000-0 +00000-0 3  9993
2 06031 065.0471 209.7682 7400854 246.2439 024.1656 02.05179109029523
1 06031U 72037  A 76151.67856641 -.00000559 +00000-0 +00000-0 3  9995
2 06031 065.0526 209.1718 7401456 246.1536 024.2144 02.05182308029601
1 06031U 72037  A 76155.57757281 -.00001582 +00000-0 +00000-0 3  9995
2 06031 065.0448 208.5828 7402375 246.0803 024.2486 02.05172988029686
1 06031U 72037  A 76158.50194118 -.00001291 +00000-0 +00000-0 3  9992
2 06031 065.0292 208.1737 7402407 246.0025 024.2968 02.05164895029740
1 06031U 72037  A 76162.40125178  .00000196 +00000-0 +00000-0 3  9998
2 06031 065.0001 207.6132 7404796 245.9216 024.3180 02.05160088029820
1 06031U 72037  A 76165.32573127  .00001464 +00000-0 +00000-0 3  9992
2 06031 064.9923 207.1579 7405940 245.8680 024.3372 02.05165221029880
1 06031U 72037  A 76172.63648792 -.00000047 +00000-0 +00000-0 3  9992
2 06031 064.9904 206.0513 7406448 245.6983 024.4379 02.05184103030030
1 06031U 72037  A 76179.45976683 -.00001494 +00000-0 +00000-0 3  9999
2 06031 064.9877 205.0274 7407909 245.5068 024.5404 02.05169066030174
1 06031U 72037  A 76185.30871148  .00000625 +00000-0 +00000-0 3  9994
2 06031 064.9702 204.1623 7408881 245.3798 024.6089 02.05161911030291
1 06031U 72037  A 76196.51844736 -.00000914 +00000-0 +00000-0 3  9994
2 06031 064.9872 202.4835 7411464 245.1313 024.7356 02.05184113030520
1 06031U 72037  A 76205.29149953 -.00000329 +00000-0 +00000-0 3  9999
2 06031 064.9876 201.1821 7414511 244.9034 024.8441 02.05162653030709
1 06031U 72037  A 76218.45082518 -.00000891 +00000-0 +00000-0 3  9998
2 06031 064.9640 199.1924 7418018 244.6333 024.9748 02.05185290030975
1 06031U 72037  A 76222.34980555 -.00001592 +00000-0 +00000-0 3  9998
2 06031 064.9646 198.5996 7418419 244.5542 025.0213 02.05174510031051
1 06031U 72037  A 76224.78676949 -.00001232 +00000-0 +00000-0 3  9998
2 06031 064.9720 198.2461 7419076 244.4782 025.0628 02.05167664031101
1 06031U 72037  A 76228.19863107  .00000090 +00000-0 +00000-0 3  9991
2 06031 064.9629 197.7445 7420975 244.3950 025.0931 02.05163405031174
1 06031U 72037  A 76230.63569806  .00001224 +00000-0 +00000-0 3  9992
2 06031 064.9673 197.3765 7421885 244.3329 025.1223 02.05166703031220
1 06031U 72037  A 76235.50954612  .00001446 +00000-0 +00000-0 3  9992
2 06031 064.9573 196.6335 7422517 244.2496 025.1692 02.05183373031324
1 06031U 72037  A 76238.43371207  .00000050 +00000-0 +00000-0 3  9990
2 06031 064.9623 196.2006 7422470 244.1726 025.2203 02.05188205031388
1 06031U 72037  A 76244.28206446 -.00001597 +00000-0 +00000-0 3  9990
2 06031 064.9784 195.3303 7425928 244.0196 025.2775 02.05176223031502
1 06031U 72037  A 76254.03000167  .00001687 +00000-0 +00000-0 3  9995
2 06031 064.9716 193.8705 7431613 243.7885 025.3585 02.05172671031700
1 06031U 72037  A 76260.36570595  .00000076 +00000-0 +00000-0 3  9996
2 06031 064.9768 192.9074 7434891 243.6940 025.3798 02.05190356031838
1 06031U 72037  A 76264.26454482 -.00001440 +00000-0 +00000-0 3  9992
2 06031 064.9830 192.3084 7435681 243.6010 025.4322 02.05184316031911
1 06031U 72037  A 76266.21402577 -.00001604 +00000-0 +00000-0 3  9999
2 06031 064.9838 192.0167 7436546 243.5494 025.4553 02.05178328031950
1 06031U 72037  A 76272.06255961  .00000033 +00000-0 +00000-0 3  9996
2 06031 064.9724 191.1437 7444420 243.4060 025.4512 02.05167572032070
1 06031U 72037  A 76274.01214897  .00000980 +00000-0 +00000-0 3  9997
2 06031 064.9493 190.8320 7445222 243.3700 025.4649 02.05169655032111
1 06031U 72037  A 76277.42385711  .00001862 +00000-0 +00000-0 3  9999
2 06031 064.9240 190.2970 7445063 243.3050 025.5105 02.05180667032188
1 06031U 72037  A 76280.34790746  .00001101 +00000-0 +00000-0 3  9998
2 06031 064.9694 189.8682 7445652 243.2747 025.5234 02.05192098032242
1 06031U 72037  A 76287.17070091 -.00001574 +00000-0 +00000-0 3  9995
2 06031 064.9837 188.8096 7444371 243.0338 025.7027 02.05187794032384
1 06031U 72037  A 76298.86749832  .00001860 +00000-0 +00000-0 3  9996
2 06031 064.9800 187.0084 7457452 242.7539 025.7248 02.05185147032627
1 06031U 72037  A 76305.20209988 -.00000417 +00000-0 +00000-0 3  9994
2 06031 064.9896 186.0051 7454096 242.7013 025.8039 02.05207557032756
1 06031U 72037  A 76312.51075632  .00000000 +00000-0 +00000-0 3  9990
2 06031 064.8825 184.9314 7464721 242.5138 025.7947 02.05207488032905
1 06031U 72037  A 76312.51144227  .00000000 +00000-0 +00000-0 3  9997
2 06031 065.0030 184.8810 7457868 242.2936 026.0365 02.05195086032901
1 06031U 72037  A 76321.28149525  .00000000 +00000-0 +00000-0 3  9997
2 06031 064.8914 183.5531 7463744 242.4238 025.8697 02.05228202033084
1 06031U 72037  A 76339.30404699  .00002408 +00000-0 +00000-0 3  9999
2 06031 064.9505 180.6833 7474657 241.9466 026.0580 02.05339281033451
1 06031U 72037  A 76344.17478751  .00001569 +00000-0 +30281-3 0  9991
2 06031 064.8729 179.9449 7474595 241.8864 026.1009 02.05332696033555
1 06031U 72037  A 76349.04296957  .00002160 +00000-0 +00000-0 0  9999
2 06031 064.9589 179.1316 7476360 241.7763 026.1550 02.05411352033653
1 06031U 72037  A 76354.39775579  .00003341 +00000-0 +00000-0 0  9997
2 06031 064.9107 178.3112 7476186 241.5618 026.3086 02.05448386033762
1 06031U 72037  A 76365.59064526  .00003739 +00000-0 +00000-0 0  9995
2 06031 064.9105 176.5662 7475522 241.3539 026.4943 02.05533962033996
1 06031U 72037  A 77004.93957295  .00006400 +00000-0 +00000-0 0  9996
2 06031 064.8655 175.7055 7482737 241.2366 026.8914 02.05674814034103
1 06031U 72037  A 77010.77712062  .00010870 +00000-0 +59271-3 0  9999
2 06031 064.9167 174.8907 7488150 241.0239 026.5560 02.05632852034223
1 06031U 72037  A 77010.77712095  .00010776 +00000-0 +59271-3 0  9990
2 06031 064.9363 174.8339 7486910 241.0254 030.0029 02.05763276034224
1 06031U 72037  A 77020.97306872  .00009044 +00000-0 +25459-3 0  9992
2 06031 064.8900 173.2313 7493850 240.8023 026.2323 02.05970952034435
1 06031U 72037  A 77022.91551982  .00009583 +00000-0 +25985-3 0  9994
2 06031 064.8777 172.9104 7493840 240.7662 026.9302 02.06021376034474
1 06031U 72037  A 77025.34189126  .00012280 +00000-0 +22570-3 0  9996
2 06031 064.9297 172.5215 7496050 240.8056 027.0138 02.06104240034522
1 06031U 72037  A 77035.03992735  .00028944 +00000-0 +00000-0 0  9996
2 06031 064.8836 170.9486 7494953 240.5968 031.4776 02.06598987034725
1 06031U 72037  A 77042.76760378  .00050161 +00000-0 +00000-0 0  9996
2 06031 064.9457 169.7540 7493988 240.5520 028.9469 02.07338746034886
1 06031U 72037  A 77054.30815455  .00058608 +00000-0 +00000-0 0  9990
2 06031 064.9193 167.8835 7478951 240.1451 032.0249 02.08711875035120
1 06031U 72037  A 77055.71756688  .00229146 +00000-0 +00000-0 0  9995
2 06031 064.9307 167.6634 7475278 240.0894 031.6068 02.10490866035155
1 06031U 72037  A 77060.90899095  .00229146 +00000-0 +00000-0 0  9992
2 06031 064.9307 166.8082 7456289 239.9861 027.7297 02.12870056035262
1 06031U 72037  A 77063.69527735  .00432434 +00000-0 +00000-0 0  9996
2 06031 064.8598 166.3470 7430926 239.9480 035.3050 02.16676737035329
