1 14829U 84028  E 84077.94484931  .00000066 +00000-0 +00000-0 0  9996
2 14829 047.3626 033.2981 7256935 000.1791 359.7652 02.29376076000048
1 14829U 84028  E 84078.81674831  .00003453 +00000-0 +17805-2 0  9999
2 14829 047.3635 033.0561 7256772 000.4117 359.7517 02.29384981000060
1 14829U 84028  E 84082.30411548  .00003592 +00000-0 +19009-2 0  9994
2 14829 047.3714 032.0799 7255950 001.3617 359.7021 02.29409868000143
1 14829U 84028  E 84083.17587605  .00004305 +00000-0 +23585-2 0  9995
2 14829 047.3811 031.8366 7255075 001.6178 359.7310 02.29422960000162
1 14829U 84028  E 84084.48336019  .00004373 +00000-0 +24040-2 0  9993
2 14829 047.3847 031.4731 7254899 001.9646 359.6342 02.29434863000191
1 14829U 84028  E 84086.66245570  .00004330 +00000-0 +23577-2 0  9993
2 14829 047.3801 030.8622 7254981 002.5418 359.5457 02.29453157000248
1 14829U 84028  E 84087.53405500  .00005096 +00000-0 +28013-2 0  9991
2 14829 047.3740 030.5980 7254690 002.7897 359.5715 02.29467488000265
1 14829U 84028  E 84088.40558721  .00004667 +00000-0 +25666-2 0  9996
2 14829 047.3796 030.3611 7254614 003.0210 359.4966 02.29471853000284
1 14829U 84028  E 84089.27710678  .00004678 +00000-0 +25666-2 0  9995
2 14829 047.3803 030.1251 7254606 003.2472 359.4625 02.29479901000301
1 14829U 84028  E 84090.14861543  .00004680 +00000-0 +25666-2 0  9994
2 14829 047.3840 029.8844 7254553 003.4748 359.4399 02.29487695000323
1 14829U 84028  E 84100.16893822  .00004884 +00000-0 +27889-2 0  9998
2 14829 047.3869 027.0450 7252822 006.1920 359.2275 02.29579119000555
1 14829U 84028  E 84106.26641392  .00004836 +00000-0 +27889-2 0  9995
2 14829 047.3876 025.3260 7252202 007.8397 359.0673 02.29625101000699
1 14829U 84028  E 84108.00831577  .00004816 +00000-0 +27889-2 0  9993
2 14829 047.3890 024.8378 7251965 008.3096 359.0450 02.29640987000733
1 14829U 84028  E 84110.18551911  .00004785 +00000-0 +27889-2 0  9991
2 14829 047.3924 024.2277 7251690 008.9009 358.9123 02.29654675000787
1 14829U 84028  E 84110.18565804  .00003750 +00000-0 +21590-2 0  9991
2 14829 047.3929 024.2284 7251944 008.8837 359.0208 02.29649650000783
1 14829U 84028  E 84111.05651304  .00003711 +00000-0 +21590-2 0  9996
2 14829 047.3927 023.9833 7251615 009.1385 359.0241 02.29657579000803
1 14829U 84028  E 84112.36270185  .00003704 +00000-0 +21590-2 0  9997
2 14829 047.3936 023.6173 7251486 009.4902 358.9473 02.29666953000835
1 14829U 84028  E 84112.79816472  .00003634 +00000-0 +21590-2 0  9991
2 14829 047.3935 023.4880 7250997 009.6132 358.9408 02.29667339000848
1 14829U 84028  E 84114.97508419  .00003632 +00000-0 +21590-2 0  9990
2 14829 047.3910 022.8776 7250857 010.1975 358.8650 02.29682509000894
1 14829U 84028  E 84119.32852719  .00003541 +00000-0 +21083-2 0  9995
2 14829 047.3893 021.6531 7250556 011.3683 358.7567 02.29713245000994
1 14829U 84028  E 84119.32853108  .00003614 +00000-0 +21355-2 0  9991
2 14829 047.3899 021.6585 7250753 011.3718 358.7620 02.29713868000998
1 14829U 84028  E 84121.06977800  .00003536 +00000-0 +21083-2 0  9992
2 14829 047.3899 021.1651 7250419 011.8370 358.7395 02.29725357001036
1 14829U 84028  E 84125.42243234  .00002751 +00000-0 +15660-2 0  9995
2 14829 047.3962 019.9152 7251253 013.0130 358.6285 02.29750343001134
1 14829U 84028  E 84127.16341292  .00003167 +00000-0 +17883-2 0  9992
2 14829 047.4018 019.4182 7251425 013.4825 358.6377 02.29763192001173
1 14829U 84028  E 84127.59860451  .00002782 +00000-0 +16228-2 0  9996
2 14829 047.3927 019.3276 7250543 013.5919 358.5943 02.29763457001182
1 14829U 84028  E 84128.46905343  .00001709 +00000-0 +98574-3 0  9996
2 14829 047.3926 019.0852 7250468 013.8222 358.5712 02.29761735001208
1 14829U 84028  E 84129.33946859  .00002148 +00000-0 +12452-2 0  9998
2 14829 047.3924 018.8382 7250477 014.0586 358.5425 02.29768059001226
1 14829U 84028  E 84130.20985775  .00001969 +00000-0 +11222-2 0  9990
2 14829 047.3881 018.5862 7250826 014.2991 358.4902 02.29770269001245
1 14829U 84028  E 84131.08026559  .00002042 +00000-0 +11692-2 0  9997
2 14829 047.3875 018.3434 7250700 014.5328 358.4706 02.29774283001263
1 14829U 84028  E 84133.69140304  .00002080 +00000-0 +12331-2 0  9994
2 14829 047.3926 017.6005 7249740 015.2357 358.4617 02.29787087001322
1 14829U 84028  E 84134.12653039  .00002448 +00000-0 +14589-2 0  9992
2 14829 047.3886 017.4753 7249683 015.3607 358.4154 02.29791846001335
1 14829U 84028  E 84134.99687636  .00002210 +00000-0 +13051-2 0  9997
2 14829 047.3909 017.2353 7249826 015.5870 358.4005 02.29793658001358
1 14829U 84028  E 84136.30236762  .00002213 +00000-0 +13051-2 0  9997
2 14829 047.3848 016.8648 7249808 015.9467 358.3879 02.29800120001382
1 14829U 84028  E 84136.73751038  .00002203 +00000-0 +13051-2 0  9991
2 14829 047.3696 016.7297 7249676 016.0872 358.3768 02.29802687001395
1 14829U 84028  E 84140.21853351  .00002211 +00000-0 +13051-2 0  9999
2 14829 047.3687 015.7533 7249644 017.0255 358.2579 02.29817593001478
1 14829U 84028  E 84141.52385093  .00002006 +00000-0 +11529-2 0  9997
2 14829 047.3771 015.3916 7250193 017.3628 358.2473 02.29824541001509
1 14829U 84028  E 84141.95890204  .00003015 +00000-0 +17970-2 0  9996
2 14829 047.3739 015.2646 7249454 017.4860 358.2774 02.29835890001513
1 14829U 84028  E 84143.26413280  .00002903 +00000-0 +16870-2 0  9990
2 14829 047.3783 014.9001 7250046 017.8373 358.1451 02.29838681001540
1 14829U 84028  E 84144.13427402  .00002475 +00000-0 +14338-2 0  9999
2 14829 047.3701 014.6547 7250019 018.0670 358.1083 02.29839685001563
1 14829U 84028  E 84145.00443022  .00002452 +00000-0 +14186-2 0  9998
2 14829 047.3688 014.4105 7250012 018.3018 358.0924 02.29843587001588
1 14829U 84028  E 84146.30962845  .00002527 +00000-0 +14605-2 0  9990
2 14829 047.3679 014.0437 7249998 018.6523 358.0820 02.29850843001619
1 14829U 84028  E 84148.04979280  .00002155 +00000-0 +12947-2 0  9998
2 14829 047.3624 013.5508 7248863 019.1160 358.0363 02.29856473001656
1 14829U 84028  E 84149.35492738  .00002685 +00000-0 +16202-2 0  9997
2 14829 047.3648 013.1859 7248826 019.4674 358.0349 02.29865783001680
1 14829U 84028  E 84150.22496696  .00002523 +00000-0 +15195-2 0  9993
2 14829 047.3683 012.9434 7248809 019.7012 358.0012 02.29869185001705
1 14829U 84028  E 84153.27005068  .00002005 +00000-0 +11916-2 0  9992
2 14829 047.3725 012.0884 7248900 020.5237 357.9151 02.29879217001779
1 14829U 84028  E 84154.14003271  .00001931 +00000-0 +11358-2 0  9990
2 14829 047.3718 011.8428 7249100 020.7554 357.8772 02.29881925001798
1 14829U 84028  E 84155.01000701  .00001857 +00000-0 +10837-2 0  9990
2 14829 047.3717 011.5983 7249243 020.9887 357.8384 02.29884356001812
1 14829U 84028  E 84158.05479225  .00001940 +00000-0 +11313-2 0  9991
2 14829 047.3690 010.7423 7249209 021.8143 357.6937 02.29896233001885
1 14829U 84028  E 84161.96940901  .00001586 +00000-0 +92585-3 0  9996
2 14829 047.3851 009.6535 7248902 022.8750 357.5021 02.29906489001977
1 14829U 84028  E 84165.01402973  .00004337 +00000-0 +25991-2 0  9991
2 14829 047.3851 008.7951 7248605 023.7015 357.6622 02.29943367002046
1 14829U 84028  E 84171.97059126  .00005164 +00000-0 +31430-2 0  9995
2 14829 047.3722 006.8493 7248080 025.5827 355.3783 02.29966841002204
1 14829U 84028  E 84174.58168298  .00012700 +00000-0 +77375-2 0  9998
2 14829 047.3845 006.1272 7248245 026.2318 356.6159 02.29966481002261
1 14829U 84028  E 84175.01717222  .00002894 +00000-0 +17314-2 0  9994
2 14829 047.3800 006.0009 7248491 026.3522 357.1010 02.29939171002279
1 14829U 84028  E 84180.67085830  .00000786 +00000-0 +43671-3 0  9999
2 14829 047.3527 004.3879 7248778 027.9057 357.0075 02.29940414002406
1 14829U 84028  E 84181.97543780  .00000830 +00000-0 +46161-3 0  9993
2 14829 047.3500 004.0196 7248855 028.2587 356.9164 02.29942664002433
1 14829U 84028  E 84188.06351977  .00000835 +00000-0 +45649-3 0  9990
2 14829 047.3396 002.3024 7249245 029.9059 356.6504 02.29951889002572
1 14829U 84028  E 84197.62990014  .00000956 +00000-0 +52213-3 0  9992
2 14829 047.3208 359.6195 7249338 032.5331 356.0581 02.29972101002790
1 14829U 84028  E 84201.10864686  .00000064 +00000-0 +00000-0 0  9990
2 14829 047.3051 358.6543 7250885 033.4269 356.0214 02.29956239002877
1 14829U 84028  E 84203.28291799  .00000727 +00000-0 +36750-3 0  9990
2 14829 047.3076 358.0435 7250704 034.0174 356.0717 02.29971714002929
1 14829U 84028  E 84204.15255842  .00000597 +00000-0 +29901-3 0  9991
2 14829 047.3226 357.8212 7250401 034.2275 356.0375 02.29971754002940
1 14829U 84028  E 84211.54437366  .00000413 +00000-0 +18651-3 0  9992
2 14829 047.2912 355.6857 7251548 036.2562 355.7082 02.29975640003115
1 14829U 84028  E 84220.67531659  .00000449 +00000-0 +19620-3 0  9992
2 14829 047.2477 353.1117 7252634 038.7196 355.4210 02.29983261003321
1 14829U 84028  E 84231.54480291  .00000626 +00000-0 +28100-3 0  9995
2 14829 047.2151 350.0347 7252953 041.7106 354.9520 02.29996990003578
1 14829U 84028  E 84231.54497970  .00000628 +00000-0 +28260-3 0  9996
2 14829 047.2144 350.0309 7252922 041.7152 355.0982 02.29997028003572
1 14829U 84028  E 84242.41379220  .00000563 +00000-0 +23119-3 0  9997
2 14829 047.1741 346.9254 7254662 044.6767 354.4948 02.30007053003829
1 14829U 84028  E 84255.45595321  .00000560 +00000-0 +23119-3 0  9994
2 14829 047.1544 343.1321 7254340 048.3101 354.4188 02.30029238004129
1 14829U 84028  E 84257.19420223  .00000583 +00000-0 +24126-3 0  9999
2 14829 047.1358 342.7089 7254312 048.7338 353.9343 02.30040868004166
1 14829U 84028  E 84258.06358600  .00000580 +00000-0 +24126-3 0  9992
2 14829 047.1461 342.4704 7254155 048.9740 353.9132 02.30042195004189
1 14829U 84028  E 84258.93295961  .00000578 +00000-0 +24126-3 0  9995
2 14829 047.1432 342.2125 7254068 049.2313 353.8864 02.30043608004209
1 14829U 84028  E 84271.53786722  .00000612 +00000-0 +24126-3 0  9995
2 14829 047.1008 338.5658 7255248 052.7052 353.4482 02.30079464004499
1 14829U 84028  E 84273.27624714  .00000603 +00000-0 +24126-3 0  9990
2 14829 047.0690 338.0299 7254838 053.1593 353.3369 02.30081962004534
1 14829U 84028  E 84275.01466066  .00002298 +00000-0 +97955-3 0  9990
2 14829 047.0945 337.5643 7255254 053.6737 353.3401 02.30097100004574
1 14829U 84028  E 84281.53286842  .00002063 +00000-0 +88157-3 0  9990
2 14829 047.0728 335.6284 7254927 055.5424 352.9203 02.30120603004720
1 14829U 84028  E 84281.53289884  .00002022 +00000-0 +86706-3 0  9992
2 14829 047.0768 335.6477 7254832 055.5452 352.9436 02.30120333004722
1 14829U 84028  E 84281.53289889  .00001961 +00000-0 +84550-3 0  9993
2 14829 047.0563 335.6488 7254681 055.4385 352.9597 02.30120141004728
1 14829U 84028  E 84282.40196650  .00002037 +00000-0 +86287-3 0  9997
2 14829 047.0807 335.4355 7255083 055.7300 352.9149 02.30123882004747
1 14829U 84028  E 84283.70555819  .00003199 +00000-0 +13923-2 0  9993
2 14829 047.0631 335.0580 7254676 056.0724 352.8881 02.30132287004773
1 14829U 84028  E 84286.74704774  .00002587 +00000-0 +10960-2 0  9994
2 14829 047.0452 334.1730 7255058 056.9280 352.7498 02.30146384004846
1 14829U 84028  E 84286.74708847  .00002586 +00000-0 +10957-2 0  9994
2 14829 047.0452 334.1730 7255058 056.9280 352.7836 02.30146381004849
1 14829U 84028  E 84290.65728926  .00002673 +00000-0 +11424-2 0  9996
2 14829 047.0515 332.9683 7254708 058.0570 352.6419 02.30167559004934
1 14829U 84028  E 84293.69823790  .00002417 +00000-0 +10317-2 0  9994
2 14829 047.0453 332.0597 7254568 058.9381 352.4278 02.30179875005007
1 14829U 84028  E 84300.64834370  .00002945 +00000-0 +12654-2 0  9996
2 14829 047.0212 330.0417 7254196 060.8838 352.1573 02.30222001005167
1 14829U 84028  E 84303.68859704  .00002960 +00000-0 +12756-2 0  9991
2 14829 047.0118 329.1588 7253985 061.7423 352.0053 02.30239702005231
1 14829U 84028  E 84307.59712441  .00002104 +00000-0 +90400-3 0  9994
2 14829 047.0036 328.0198 7253709 062.8350 351.7504 02.30254834005320
1 14829U 84028  E 84310.63705341  .00002105 +00000-0 +90262-3 0  9991
2 14829 046.9949 327.1357 7253657 063.6864 351.6590 02.30267177005394
1 14829U 84028  E 84317.58449828  .00002625 +00000-0 +11690-2 0  9991
2 14829 046.9907 325.1272 7252610 065.6027 351.3368 02.30305608005553
1 14829U 84028  E 84318.45285468  .00002379 +00000-0 +10555-2 0  9991
2 14829 046.9696 324.9692 7252611 065.7679 351.2944 02.30308368005573
1 14829U 84028  E 84319.75536641  .00002025 +00000-0 +88404-3 0  9994
2 14829 046.9655 324.4987 7252838 066.2291 351.2125 02.30311722005600
1 14829U 84028  E 84323.66267252  .00002196 +00000-0 +98896-3 0  9993
2 14829 046.9718 323.3623 7252031 067.3484 350.9783 02.30329766005698
1 14829U 84028  E 84323.66272080  .00002376 +00000-0 +11044-2 0  9997
2 14829 046.9677 323.3440 7251328 067.3678 351.0209 02.30330892005699
1 14829U 84028  E 84327.56975305  .00002025 +00000-0 +93407-3 0  9995
2 14829 046.9596 322.2069 7251262 068.4522 350.8068 02.30346851005783
1 14829U 84028  E 84329.74018233  .00002190 +00000-0 +10153-2 0  9994
2 14829 046.9570 321.5622 7251118 069.0611 350.6706 02.30356785005838
1 14829U 84028  E 84330.60831918  .00002132 +00000-0 +98077-3 0  9992
2 14829 046.9534 321.3013 7251259 069.3009 350.6045 02.30359964005850
1 14829U 84028  E 84334.51481884  .00002118 +00000-0 +99378-3 0  9998
2 14829 046.9491 320.1614 7250644 070.4032 350.3580 02.30376320005948
1 14829U 84028  E 84337.55318860  .00001517 +00000-0 +72268-3 0  9999
2 14829 046.9386 319.2817 7249937 071.2701 350.1598 02.30378913006016
1 14829U 84028  E 84340.59142428  .00001866 +00000-0 +90880-3 0  9999
2 14829 046.9194 318.4466 7249527 072.0891 350.0235 02.30390267006088
1 14829U 84028  E 84341.89344159  .00001689 +00000-0 +84381-3 0  9990
2 14829 046.9228 318.0443 7248780 072.4805 349.9323 02.30394176006118
1 14829U 84028  E 84342.76145399  .00001619 +00000-0 +80488-3 0  9999
2 14829 046.9154 317.7433 7248846 072.7508 349.8795 02.30396392006133
1 14829U 84028  E 84344.49748278  .00001388 +00000-0 +67358-3 0  9990
2 14829 046.9160 317.3435 7249220 073.1172 349.7959 02.30399825006176
1 14829U 84028  E 84346.23342768  .00001411 +00000-0 +68466-3 0  9996
2 14829 046.9024 316.8173 7249203 073.6139 349.6719 02.30404749006217
1 14829U 84028  E 84346.66740749  .00001119 +00000-0 +52654-3 0  9991
2 14829 046.8928 316.6664 7249626 073.7864 349.6260 02.30404086006223
1 14829U 84028  E 84347.53537344  .00001098 +00000-0 +52141-3 0  9990
2 14829 046.8853 316.4088 7249356 074.0432 349.5643 02.30405758006246
1 14829U 84028  E 84348.83729965  .00001068 +00000-0 +51069-3 0  9991
2 14829 046.8878 316.0399 7249128 074.4052 349.4639 02.30408221006278
1 14829U 84028  E 84351.87510289  .00001066 +00000-0 +52247-3 0  9993
2 14829 046.8861 315.1768 7248463 075.2356 349.2622 02.30414445006340
1 14829U 84028  E 84352.74303866  .00001066 +00000-0 +52617-3 0  9992
2 14829 046.8921 314.9316 7248270 075.4757 349.2104 02.30416244006362
1 14829U 84028  E 84354.47888988  .00001039 +00000-0 +51832-3 0  9995
2 14829 046.8847 314.4153 7247946 075.9692 349.1017 02.30419409006408
1 14829U 84028  E 84359.68621362  .00001005 +00000-0 +51749-3 0  9994
2 14829 046.8747 312.8956 7247026 077.4478 348.7140 02.30429334006521
1 14829U 84028  E 84361.42197446  .00000968 +00000-0 +49657-3 0  9992
2 14829 046.8806 312.3594 7247030 077.9007 348.5877 02.30431012006563
1 14829U 84028  E 84362.72375840  .00000921 +00000-0 +48140-3 0  9997
2 14829 046.8759 311.9900 7246454 078.2769 348.4849 02.30432922006596
1 14829U 84028  E 84364.89338923  .00000775 +00000-0 +40157-3 0  9995
2 14829 046.8697 311.3176 7246280 078.9467 348.3073 02.30434315006647
1 14829U 84028  E 85001.49694359  .00000760 +00000-0 +39958-3 0  9999
2 14829 046.8657 310.5602 7245809 079.6811 348.1353 02.30437963006703
1 14829U 84028  E 85005.40216081  .00000767 +00000-0 +41543-3 0  9996
2 14829 046.8625 309.4301 7245051 080.7744 347.8527 02.30443785006795
1 14829U 84028  E 85007.57166475  .00000075 +00000-0 +29756-5 0  9993
2 14829 046.8614 308.8094 7243927 081.3891 347.6587 02.30442315006843
1 14829U 84028  E 85011.47679685  .00000527 +00000-0 +29313-3 0  9998
2 14829 046.8717 307.6797 7243160 082.4799 347.3647 02.30446965006931
1 14829U 84028  E 85012.34454255  .00000543 +00000-0 +30526-3 0  9995
2 14829 046.8710 307.4278 7242972 082.7243 347.2567 02.30447965006956
1 14829U 84028  E 85015.38179940  .00000488 +00000-0 +27480-3 0  9990
2 14829 046.8663 306.5535 7242479 083.5697 347.0077 02.30450150007026
1 14829U 84028  E 85032.73701096  .00000646 +00000-0 +44272-3 0  9995
2 14829 046.8350 301.5727 7238179 088.4381 345.6844 02.30464710007420
1 14829U 84028  E 85033.60450199  .00000458 +00000-0 +29765-3 0  9998
2 14829 046.8342 301.2824 7238226 088.6669 345.4234 02.30465094007449
1 14829U 84028  E 85035.77377573  .00000384 +00000-0 +24329-3 0  9991
2 14829 046.8340 300.6469 7237933 089.2827 345.2121 02.30466072007497
1 14829U 84028  E 85044.45072409  .00000356 +00000-0 +24037-3 0  9991
2 14829 046.8297 298.1394 7235680 091.7204 344.3564 02.30471318007692
1 14829U 84028  E 85050.52441373  .00000507 +00000-0 +38800-3 0  9997
2 14829 046.8241 296.3647 7234044 093.4367 343.7405 02.30477071007839
1 14829U 84028  E 85051.39202519  .00000284 +00000-0 +19642-3 0  9995
2 14829 046.8471 296.1425 7233055 093.6608 343.6109 02.30475763007855
1 14829U 84028  E 85053.99501039  .00000619 +00000-0 +51175-3 0  9991
2 14829 046.8546 295.3915 7232670 094.3812 343.3580 02.30479342007914
1 14829U 84028  E 85057.03176017  .00000623 +00000-0 +51840-3 0  9998
2 14829 046.8582 294.5216 7232496 095.2128 343.0433 02.30482953007988
1 14829U 84028  E 85061.36988600  .00000542 +00000-0 +46832-3 0  9993
2 14829 046.8549 293.2756 7230803 096.4280 342.5710 02.30486673008085
1 14829U 84028  E 85065.27409171  .00000517 +00000-0 +06832-4 0  9997
2 14829 046.8444 292.1719 7229136 097.5489 342.0198 02.30488610008174
1 14829U 84028  E 85087.39728272  .00000324 +00000-0 +33939-3 0  9993
2 14829 046.8712 285.8288 7221535 103.7153 339.3566 02.30502691008685
1 14829U 84028  E 85102.14481832  .00000287 +00000-0 +33158-3 0  9993
2 14829 046.8556 281.6659 7217140 107.8061 337.2033 02.30510335009026
1 14829U 84028  E 85105.18101887  .00000287 +00000-0 +34453-3 0  9998
2 14829 046.8606 280.8137 7215785 108.6413 336.7599 02.30511804009097
1 14829U 84028  E 85106.48220383  .00000283 +00000-0 +34454-3 0  9992
2 14829 046.8529 280.4311 7215127 108.9711 336.6311 02.30516882009121
1 14829U 84028  E 85112.12054363  .00000272 +00000-0 +34454-3 0  9991
2 14829 046.8569 278.8372 7213280 110.5343 335.6800 02.30519422009250
1 14829U 84028  E 85114.28913045  .00000278 +00000-0 +34454-3 0  9997
2 14829 046.8620 278.2312 7214324 111.1343 335.3353 02.30520725009307
1 14829U 84028  E 85116.02398235  .00000273 +00000-0 +34454-3 0  9994
2 14829 046.8564 277.7444 7213507 111.6108 335.0473 02.30521844009347
1 14829U 84028  E 85128.60116723  .00000236 +00000-0 +34454-3 0  9990
2 14829 046.8548 274.1908 7206305 115.0828 332.7435 02.30529272009637
1 14829U 84028  E 85156.35555104  .00000201 +00000-0 +34454-3 0  9995
2 14829 046.8467 266.3423 7197452 122.7325 326.6290 02.30536173010272
1 14829U 84028  E 85193.21261641  .00000170 +00000-0 +34454-3 0  9996
2 14829 046.8479 256.1153 7186636 132.7556 315.6012 02.30540708011125
1 14829U 84028  E 85194.51339238  .00000169 +00000-0 +34454-3 0  9996
2 14829 046.8596 255.7545 7186453 133.1147 315.1662 02.30540776011157
1 14829U 84028  E 85198.41556296  .00000168 +00000-0 +34454-3 0  9993
2 14829 046.8725 254.6794 7185857 134.1969 313.7371 02.30541305011245
1 14829U 84028  E 85213.15673047  .00000210 +00000-0 +55125-3 0  9992
2 14829 046.9256 250.6564 7181128 138.1141 307.9775 02.30540827011587
1 14829U 84028  E 85215.32408968  .00000031 +00000-0 +15221-3 0  9995
2 14829 046.9128 250.0032 7180856 138.7519 306.7526 02.30540308011632
1 14829U 84028  E 85221.39376649  .00000146 +00000-0 +31239-3 0  9993
2 14829 046.9295 248.3827 7179347 140.3548 304.2315 02.30541653011771
1 14829U 84028  E 85224.42846617  .00000132 +00000-0 +25969-3 0  9995
2 14829 046.9330 247.5568 7178602 141.1642 302.8606 02.30541845011849
1 14829U 84028  E 85232.23181503  .00000045 +00000-0 +10663-3 0  9997
2 14829 046.9494 245.5000 7177283 143.2073 299.1632 02.30540470012025
1 14829U 84028  E 85235.26620793  .00000970 +00000-0 +38620-2 0  9991
2 14829 046.9413 244.5485 7177276 144.1452 297.5036 02.30541604012092
1 14829U 84028  E 85236.56650243  .00000195 +00000-0 +54197-3 0  9995
2 14829 046.9408 244.1973 7177059 144.4917 296.6655 02.30539739012129
1 14829U 84028  E 85238.30051513  .00000283 +00000-0 +92686-3 0  9997
2 14829 046.9410 243.7340 7176694 144.9469 295.7933 02.30540944012169
1 14829U 84028  E 85245.23620429  .00000212 +00000-0 +63270-3 0  9994
2 14829 046.9442 241.8853 7175709 146.7853 292.0123 02.30542441012328
1 14829U 84028  E 85248.27043588  .00000692 +00000-0 +28312-2 0  9995
2 14829 046.9608 241.0634 7174637 147.5951 290.2479 02.30543574012397
1 14829U 84028  E 85252.17147631  .00000230 +00000-0 +73816-3 0  9991
2 14829 046.9603 240.0013 7174115 148.6410 287.8994 02.30543266012487
1 14829U 84028  E 85255.20562522 -.00000073 +00000-0 +66118-3 0  9991
2 14829 046.9576 239.1763 7173899 149.4580 286.0726 02.30540964012556
1 14829U 84028  E 85258.23969424 -.00000048 +00000-0 +54896-3 0  9991
2 14829 046.9579 238.3505 7173510 150.2707 284.1712 02.30540497012628
1 14829U 84028  E 85259.97340671  .00000003 +00000-0 +31294-3 0  9997
2 14829 046.9466 237.8693 7173310 150.7397 283.0597 02.30541043012664
1 14829U 84028  E 85264.30758932  .00000024 +00000-0 +21744-3 0  9995
2 14829 046.9456 236.6865 7172642 151.8976 280.1773 02.30540896012763
1 14829U 84028  E 85279.90923368 -.00017131 +00000-0 +83365-1 0  9997
2 14829 046.9453 232.4611 7172089 156.0695 268.7486 02.30501710013129
1 14829U 84028  E 85284.67802838  .00000178 +00000-0 +52901-3 0  9991
2 14829 046.9299 231.1534 7171377 157.3510 266.5894 02.30543761013239
1 14829U 84028E   86045.30739046  .00000359 +00000-0 +88864-3 0  9995
2 14829 046.8175 196.7430 7190792 191.3476 133.5169 02.30552447016134
1 14829U 84028E   86046.60695126  .00000372 +00000-0 +88864-3 0  9994
2 14829 046.8225 196.3894 7192474 191.6894 132.1109 02.30550741016163
1 14829U 84028E   86053.97174067  .00000390 +00000-0 +88864-3 0  9998
2 14829 046.8193 194.3663 7194756 193.6986 124.7800 02.30555110016337
1 14829U 84028E   86060.03648624  .00000094 +00000-0 +52867-4 0  9994
2 14829 046.8399 192.7616 7197007 195.2756 118.3125 02.30550618016472
1 14829U 84028E   86065.23596631  .00000086 +00000-0 +29086-4 0  9999
2 14829 046.8322 191.3252 7198889 196.6964 113.7558 02.30550475016597
1 14829U 84028E   86070.00180313  .00000974 +00000-0 +22196-2 0  9995
2 14829 046.8252 189.9985 7199771 197.9837 109.4110 02.30559066016703
1 14829U 84028E   86076.06714842  .00000882 +00000-0 +18064-2 0  9994
2 14829 046.8110 188.3034 7203449 199.6703 103.5174 02.30559659016841
1 14829U 84028E   86077.36717222  .00000700 +00000-0 +13937-2 0  9996
2 14829 046.8079 187.9444 7203595 200.0239 102.5404 02.30559365016870
1 14829U 84028E   86077.36721171  .00000725 +00000-0 +13937-2 0  9991
2 14829 046.8230 187.9476 7205004 200.0044 102.6535 02.30561619016876
1 14829U 84028E   86089.06538362  .00000469 +00000-0 +74766-3 0  9992
2 14829 046.8263 184.7131 7209282 203.1900 092.1901 02.30562018017147
1 14829U 84028E   86095.99896846  .00000240 +00000-0 +29146-3 0  9994
2 14829 046.8103 182.7592 7211552 205.1066 087.1788 02.30561745017308
1 14829U 84028E   86100.33235538  .00000173 +00000-0 +16354-3 0  9996
2 14829 046.8052 181.5368 7213081 206.2987 083.9657 02.30561268017402
1 14829U 84028E   86100.33236386  .00000033 +00000-0 -74949-4 0  9999
2 14829 046.8118 181.5343 7213227 206.2769 084.0311 02.30564738017402
1 14829U 84028E   86105.09906909  .00000120 +00000-0 +67870-4 0  9993
2 14829 046.8059 180.1996 7215296 207.5930 080.5457 02.30565528017519
1 14829U 84028E   86115.93289199  .00000318 +00000-0 +34772-3 0  9995
2 14829 046.7705 177.1308 7218404 210.6080 073.1216 02.30571569017764
1 14829U 84028E   86122.00011197  .00000319 +00000-0 +32033-3 0  9991
2 14829 046.7666 175.4283 7221199 212.2924 069.2700 02.30573895017907
1 14829U 84028E   86125.90057250  .00000889 +00000-0 +98604-3 0  9991
2 14829 046.7577 174.3208 7223913 213.3265 066.9226 02.30581594017990
1 14829U 84028E   86125.90059660  .00000666 +00000-0 +67397-3 0  9996
2 14829 046.8258 174.2736 7225748 213.3375 066.9400 02.30579534017997
1 14829U 84028E   86127.20073640  .00000439 +00000-0 +41376-3 0  9992
2 14829 046.8141 173.9490 7225719 213.7606 066.1594 02.30578494018025
1 14829U 84028E   86132.40129736  .00001329 +00000-0 +12634-2 0  9991
2 14829 046.8194 172.5139 7229464 215.2614 063.0504 02.30586794018147
1 14829U 84028E   86141.06875478 -.00001141 +00000-0 -11061-2 0  9991
2 14829 046.8011 170.1194 7232705 217.5664 057.8309 02.30575427018349
1 14829U 84028E   86141.06960242  .00000194 +00000-0 +99999-4 0  9998
2 14829 046.8033 170.0962 7233841 217.6283 058.4761 02.30574262018340
1 14829U 84028E   86156.23938462  .00000372 +00000-0 +19808-3 0  9990
2 14829 046.7711 165.7558 7240402 221.8131 051.2865 02.30592949018690
1 14829U 84028E   86163.17457475  .00000421 +00000-0 +19953-3 0  9997
2 14829 046.7744 163.7983 7244171 223.7649 048.4024 02.30597354018856
1 14829U 84028E   86232.95954624  .00001890 +00000-0 +15864-3 0  9996
2 14829 046.6750 143.6217 7279689 243.5969 027.5277 02.30689865020463
1 14829U 84028E   86245.09113033  .00011691 -47356-4 +33200-3 0  9990
2 14829 046.7095 140.0035 7282827 247.1230 025.2809 02.30813889020746
1 14829U 84028E   86246.82339193  .00012429 -47462-4 +33200-3 0  9997
2 14829 046.7136 139.4600 7284591 247.6391 024.7054 02.30829345020789
1 14829U 84028E   86246.82340836  .00012167 -47462-4 +33200-3 0  9992
2 14829 046.6765 139.5081 7283963 247.6055 024.7129 02.30827539020785
1 14829U 84028E   86247.68961474  .00012714 -47473-4 +33200-3 0  9994
2 14829 046.6899 139.2518 7285131 247.8341 024.5693 02.30842702020800
1 14829U 84028E   86247.68967104  .00012836 -47394-4 +33200-3 0  9997
2 14829 046.6973 139.2426 7285410 247.8466 024.6165 02.30842753020800
1 14829U 84028E   86249.85501063  .00013753 -47538-4 +33200-3 0  9995
2 14829 046.6949 138.5775 7286940 248.5137 024.2206 02.30872786020850
1 14829U 84028E   86250.72099469  .00013561 -47490-4 +33200-3 0  9999
2 14829 046.6678 138.3903 7286487 248.6670 024.0360 02.30887190020875
1 14829U 84028E   86262.83966089  .00026300 -47691-4 +58174-3 0  9990
2 14829 046.6891 134.6690 7289331 252.3173 024.1997 02.31267479021157
1 14829U 84028E   86263.70155703  .00026238 -47682-4 +56046-3 0  9996
2 14829 046.6882 134.4062 7289439 252.5740 021.8368 02.31300409021178
1 14829U 84028E   86266.72629527  .00011042 -47664-4 +99999-4 0  9993
2 14829 046.7184 133.5891 7289993 253.3907 021.8990 02.31470256021240
1 14829U 84028E   86271.47665327  .00006920 -47831-4 +00000-0 0  9995
2 14829 046.6907 132.1409 7290300 254.8086 023.8573 02.31765827021352
