1 09894U 76105  L 77085.99632764  .00002168 +00000-0 +00000-0 0  9999
2 09894 063.1667 095.9774 7296338 318.6542 004.6862 02.01295889003125
1 09894U 76105  L 77113.80785261 -.00000208 +00000-0 +00000-0 0  9996
2 09894 063.1473 092.0668 7295378 318.7019 004.3865 02.01341805003684
1 09894U 76105  L 78136.50397828  .00000000 +00000-0 +00000-0 0  9996
2 09894 064.9739 038.7522 7103658 315.5758 005.7841 02.05199591011436
1 09894U 76105  L 78150.63680846 -.00000620 +00000-0 +00000-0 0  9990
2 09894 065.0869 036.9884 7095825 315.1001 003.7840 02.05151244011728
1 09894U 76105  L 78162.33888147  .00000511 +00000-0 +00000-0 0  9992
2 09894 065.1339 035.5042 7093008 314.9176 005.9667 02.05147505011965
1 09894U 76105  L 78216.93522145 -.00001078 +00000-0 +10000-3 0  9995
2 09894 063.8661 025.7638 7350199 325.1757 003.6325 02.04965592013080
1 09894U 76105L   78216.93522145 -.00001078 +00000-0 +10000-3 0  9995
2 09894 063.8661 025.7638 7350199 325.1757 003.6325 02.04965592013080
1  9894U 76105L   78216.93522145 -.00001078 +00000-0 +10000-3 0  9995
2  9894 063.8661 025.7638 7350199 325.1757 003.6325 02.04965592013080
1 09894U 76105L   78216.93522145 -.00001078 +00000-0 +10000-3 0  9995
2 09894 063.8661 025.7638 7350199 325.1757 003.6325 02.04965592013080
1 09894U 76105L   78216.93522145 -.00001078 +00000-0 +10000-3 0  9995
2 09894 063.8661 025.7638 7350199 325.1757 003.6325 02.04965592013080
