1 13644U 82103  F 82309.99133299  .00000075 +00000-0 +00000-0 0  9991
2 13644 047.3686 280.1078 7283117 004.1379 359.2873 02.27686469000325
1 13644U 82103  F 82313.06582405  .00008225 +00000-0 +24999-2 0  9991
2 13644 047.3576 279.1982 7281959 005.0327 000.0356 02.27765102000396
1 13644U 82103  F 82331.93370448  .00008567 +00000-0 +08876-3 0  9995
2 13644 047.2796 273.9171 7286207 010.1043 358.1298 02.28021574000823
1 13644U 82103  F 82333.25002868  .00008996 +00000-0 +08329-3 0  9999
2 13644 047.2733 273.5432 7287469 010.4386 358.7342 02.28046322000851
1 13644U 82103  F 82335.00387243  .00008855 +00000-0 +07654-3 0  9991
2 13644 047.2611 273.0610 7287615 010.9127 358.6807 02.28077054000895
1 13644U 82103  F 82335.88071694  .00009040 +00000-0 +07429-3 0  9994
2 13644 047.2522 272.8274 7288101 011.1363 358.6623 02.28092694000911
1 13644U 82103  F 82338.51090299  .00009513 +00000-0 +07887-3 0  9992
2 13644 047.2418 272.0808 7288185 011.8638 358.6151 02.28139591000974
1 13644U 82103  F 82338.94921433  .00009748 +00000-0 +07472-3 0  9992
2 13644 047.2326 271.9621 7288902 011.9609 358.7124 02.28157187000982
1 13644U 82103  F 82339.82562116  .00009954 +00000-0 +06764-3 0  9991
2 13644 047.2245 271.7192 7289838 012.1819 358.6233 02.28176999001004
1 13644U 82103  F 82346.39730104  .00010902 +00000-0 +06664-3 0  9999
2 13644 047.2008 269.8469 7290342 014.0273 358.6233 02.28323293001150
1 13644U 82103  F 82352.96041260  .00021251 +00000-0 +06862-3 0  9996
2 13644 047.1762 267.9624 7290981 015.7979 358.3220 02.28645897001305
1 13644U 82103  F 82353.39766201  .00021452 +00000-0 +06855-3 0  9998
2 13644 047.1736 267.8358 7290989 015.9182 358.2476 02.28664374001319
1 13644U 82103  F 82356.45793916  .00023384 +00000-0 +07098-3 0  9997
2 13644 047.1608 266.9520 7291031 016.7557 358.3089 02.28813028001382
1 13644U 82103  F 82356.89479331  .00023078 +00000-0 +06199-3 0  9998
2 13644 047.1603 266.8229 7291212 016.8670 358.1506 02.28830385001398
1 13644U 82103  F 82360.82613897  .00023709 +00000-0 +04683-3 0  9990
2 13644 047.1472 265.7044 7291127 017.9347 358.0072 02.29008102001485
1 13644U 82103  F 82363.00894323  .00024960 +00000-0 +04774-3 0  9999
2 13644 047.1294 265.0664 7291024 018.5624 357.9837 02.29111910001534
1 13644U 82103  F 83003.24334573  .00024467 +00000-0 +06223-3 0  9996
2 13644 047.1258 263.5308 7287753 020.1939 357.9339 02.29374766001654
1 13644U 82103  F 83004.11503237  .00024469 +00000-0 +05926-3 0  9999
2 13644 047.1224 263.2764 7287590 020.4477 357.7955 02.29417181001672
1 13644U 82103  F 83005.85814747  .00024553 +00000-0 +04140-3 0  9993
2 13644 047.0999 262.7499 7288037 020.9280 357.7314 02.29503441001712
1 13644U 82103  F 83005.85815873  .00024552 +00000-0 +04142-3 0  9995
2 13644 047.1000 262.7499 7288035 020.9281 357.7407 02.29503441001718
1 13644U 82103  F 83006.72947400  .00024549 +00000-0 +03997-3 0  9997
2 13644 047.0979 262.4960 7287784 021.1884 357.6974 02.29545879001735
1 13644U 82103  F 83008.03283632  .00037975 +05166-5 +07849-3 0  9993
2 13644 047.0979 262.1664 7293727 021.2224 357.7025 02.29760170001760
1 13644U 82103  F 83009.33826764  .00039049 +05286-5 +08101-3 0  9995
2 13644 047.0922 261.7844 7293319 021.5992 357.6670 02.29842353001797
1 13644U 82103  F 83010.20823726  .00038473 +05402-5 +09449-3 0  9994
2 13644 047.0832 261.5591 7291694 021.8853 357.6427 02.29899716001815
1 13644U 82103  F 83014.12018598  .00042281 +05479-5 +07619-3 0  9995
2 13644 047.0843 260.3649 7285785 023.2567 358.5247 02.30234742001904
1 13644U 82103  F 83049.53872761  .00093656 -47348-4 +27623-2 0  9997
2 13644 046.9517 249.9721 7276732 033.1966 356.3274 02.32783319002727
1 13644U 82103  F 83102.01840763  .00466932 -29470-4 +30000-2 0  9997
2 13644 046.7515 231.2279 6442520 050.4260 350.6666 03.49048786000656
