1 14095U 83051  A 83146.69611111  .00001378 +00000-0 +00000-0 0  9993
2 14095 072.5013 184.7853 9344429 286.0440 002.9835 00.26459006000003
1 14095U 83051  A 83147.99999999  .00001372 +00000-0 +00000-0 0  9994
2 14095 072.4573 184.9007 9342053 286.3240 127.5119 00.26515938000004
1 14095U 83051  A 83171.99999999  .00001368 +00000-0 +99999-4 0  9995
2 14095 072.1970 185.4977 9321410 285.3838 260.7333 00.26506607000067
1 14095U 83051  A 83183.99999999  .00001368 +00000-0 +99999-4 0  9998
2 14095 071.9952 186.2036 9320246 284.8230 327.1665 00.26484493000092
1 14095U 83051  A 83189.99999999  .00001368 +00000-0 +99999-4 0  9994
2 14095 071.9701 186.1198 9320617 284.6159 180.5407 00.26526209000101
1 14095U 83051  A 83197.99999999  .00001367 +00000-0 +99999-4 0  9992
2 14095 072.0896 185.6967 9306287 284.5048 225.0050 00.26512259000120
1 14095U 83051  A 83204.99999999  .00001364 +00000-0 +99999-4 0  9998
2 14095 071.9709 186.1325 9298442 284.1767 173.5789 00.26520748000142
1 14095U 83051  A 83211.99999999  .00001367 +00000-0 +99999-4 0  9999
2 14095 071.9774 186.1561 9301126 283.9229 122.3865 00.26519559000167
1 14095U 83051  A 83227.99999999  .00001364 +00000-0 +99999-4 0  9993
2 14095 072.1117 185.5754 9275422 283.5820 211.3354 00.26514338000207
1 14095U 83051  A 83231.99999999  .00001363 +00000-0 +00000-0 0  9998
2 14095 072.0499 185.8221 9271597 283.3986 233.3573 00.26512118000189
1 14095U 83051  A 83247.99999999  .00001367 +00000-0 +00000-0 0  9999
2 14095 072.1888 185.2699 9262215 282.9976 322.0586 00.26484571000222
1 14095U 83051  A 83253.99999999  .00001361 +00000-0 +00000-0 0  9990
2 14095 072.2120 185.1579 9242159 282.8312 175.1769 00.26518241000239
1 14095U 83051  A 83261.99999999  .00001358 +00000-0 +99999-4 0  9994
2 14095 072.1058 185.6261 9231130 282.4565 219.3255 00.26518464000254
1 14095U 83051  A 83268.99999999  .00001358 +00000-0 +99999-4 0  9991
2 14095 072.1169 185.5255 9226450 282.2046 168.0655 00.26519518000277
1 14095U 83051  A 83283.99999999  .00001350 +00000-0 +99999-4 0  9990
2 14095 072.1144 185.3966 9186871 281.7442 161.1052 00.26519259000315
1 14095U 83051  A 83296.99999999  .00001349 +00000-0 +99999-4 0  9992
2 14095 071.9626 185.9571 9176279 281.1318 323.1193 00.26483612000344
1 14095U 83051  A 83303.99999999  .00001347 +00000-0 +99999-4 0  9999
2 14095 071.9785 185.7256 9164340 280.9797 272.0038 00.26500511000362
1 14095U 83051  A 83310.99999999  .00001340 +00000-0 +99999-4 0  9990
2 14095 071.9000 186.0542 9141294 280.6570 220.6036 00.26512941000382
1 14095U 83051  A 83317.99999999  .00001338 +00000-0 +99999-4 0  9994
2 14095 071.7795 186.5945 9139129 280.2904 169.1871 00.26520727000402
1 14095U 83051  A 83332.99999999  .00001337 +00000-0 +99999-4 0  9990
2 14095 071.7166 186.5974 9126197 279.7922 162.5110 00.26522276000448
1 14095U 83051  A 83336.99999999  .00001333 +00000-0 +99999-4 0  9990
2 14095 071.6725 186.7838 9112879 279.6138 184.6190 00.26518270000452
1 14095U 83051  A 83346.39698963  .00001340 +00000-0 +00000-0 0  9991
2 14095 071.6373 187.2658 9126670 279.2234 002.4559 00.26470711000480
1 14095U 83051  A 83346.39714249  .00001342 +00000-0 +00000-0 0  9999
2 14095 071.8776 187.5999 9130496 278.8019 002.4649 00.26506264000480
1 14095U 83051  A 83351.99999999  .00001333 +00000-0 +00000-0 0  9998
2 14095 071.4874 187.5903 9113590 278.9110 177.6568 00.26524392000497
1 14095U 83051  A 83359.99999999  .00001333 +00000-0 +00000-0 0  9996
2 14095 071.5163 187.4014 9105883 278.7444 222.2522 00.26514934000516
1 14095U 83051  A 83365.23204790  .00001338 +00000-0 +00000-0 0  9993
2 14095 071.6786 187.2054 9105923 278.6121 001.9630 00.26453396000534
1 14095U 83051  A 83365.23634945  .00001338 +00000-0 +00000-0 0  9992
2 14095 071.6781 187.2060 9105918 278.6114 002.3727 00.26450873000531
1 14095U 83051  A 84004.01148683  .00001337 +00000-0 +00000-0 0  9997
2 14095 071.6123 187.2566 9101236 278.4873 002.3333 00.26447445000546
1 14095U 83051  A 84004.01149036  .00001337 +00000-0 +00000-0 0  9990
2 14095 071.6223 187.2662 9101401 278.4796 002.3847 00.26451120000547
1 14095U 83051  A 84004.01149115  .00001337 +00000-0 +00000-0 0  9998
2 14095 071.6222 187.2650 9101352 278.4804 002.3817 00.26450922000544
1 14095U 83051  A 84004.01149486  .00001337 +00000-0 +00000-0 0  9999
2 14095 071.6117 187.2564 9101236 278.4875 002.3827 00.26450952000544
1 14095U 83051  A 84004.01193635  .00001337 +00000-0 +00000-0 0  9994
2 14095 071.6039 187.2488 9101037 278.4995 002.3475 00.26445415000541
1 14095U 83051  A 84004.01211502  .00001337 +00000-0 +00000-0 0  9998
2 14095 071.6090 187.2547 9101152 278.4879 002.4648 00.26452651000546
1 14095U 83051  A 84009.99999999  .00001331 +00000-0 +00000-0 0  9997
2 14095 071.4083 188.1544 9099087 278.0859 215.2076 00.26521789000559
1 14095U 83051  A 84015.30758241  .00001334 +00000-0 +00000-0 0  9995
2 14095 071.5034 187.5681 9103485 278.0292 002.4306 00.26527181000576
1 14095U 83051  A 84015.30758581  .00001335 +00000-0 +00000-0 0  9993
2 14095 071.4860 187.4131 9103256 278.0443 002.4309 00.26504663000578
1 14095U 83051  A 84015.30759525  .00001334 +00000-0 +00000-0 0  9991
2 14095 071.5034 187.5681 9103484 278.0292 002.4319 00.26527280000579
1 14095U 83051  A 84016.99999999  .00001332 +00000-0 +00000-0 0  9996
2 14095 071.3919 188.0576 9101187 277.8807 164.0608 00.26523363000579
1 14095U 83051  A 84022.83767726  .00001331 +00000-0 +00000-0 0  9996
2 14095 071.3642 188.1756 9095021 277.6363 002.2836 00.26523388000592
1 14095U 83051  A 84028.99999999  .00001329 +00000-0 +00000-0 0  9995
2 14095 071.4360 188.0340 9079532 277.5189 230.7640 00.26515473000601
1 14095U 83051  A 84049.16503541  .00001332 +00000-0 +00000-0 0  9995
2 14095 071.5191 187.6218 9067762 276.8836 357.2955 00.26477375000664
1 14095U 83051  A 84057.99999999  .00001328 +00000-0 +00000-0 0  9996
2 14095 071.5020 188.0755 9060630 276.5571 121.5138 00.26515574000687
1 14095U 83051  A 84060.51911734  .00001328 +00000-0 +00000-0 0  9999
2 14095 071.4948 188.1292 9058362 276.4503 002.0135 00.26503976000699
1 14095U 83051  A 84064.29062663  .00001328 +00000-0 +00000-0 0  9996
2 14095 071.4802 188.3638 9050829 276.2177 002.3483 00.26480551000703
1 14095U 83051  A 84065.99999999  .00001330 +00000-0 +00000-0 0  9998
2 14095 071.5179 188.2192 9065500 276.2407 165.8464 00.26523857000704
1 14095U 83051  A 84071.82079677  .00001329 +00000-0 +00000-0 0  9997
2 14095 071.4884 188.3358 9060522 275.9950 002.4832 00.26525116000726
1 14095U 83051  A 84072.99999999  .00001330 +00000-0 +00000-0 0  9996
2 14095 071.5212 188.0265 9062977 276.0519 114.7101 00.26518985000727
1 14095U 83051  A 84076.99999999  .00001329 +00000-0 +00000-0 0  9998
2 14095 071.5714 187.8078 9056000 275.9687 137.0141 00.26526945000735
1 14095U 83051  A 84084.99999999  .00001324 +00000-0 +00000-0 0  9992
2 14095 071.5336 188.1237 9033171 275.5999 181.3049 00.26520455000753
1 14095U 83051  A 84103.99999999  .00001324 +00000-0 +00000-0 0  9994
2 14095 071.5207 188.0569 9025900 274.9584 196.7571 00.26523031000800
1 14095U 83051  A 84113.26580530  .00001318 +00000-0 +00000-0 0  9995
2 14095 071.2500 188.7790 9002951 274.3129 002.5944 00.26501400000833
1 14095U 83051  A 84120.80624456  .00001317 +00000-0 +00000-0 0  9998
2 14095 071.2366 188.9351 8997940 273.9908 003.1683 00.26505510000853
1 14095U 83051  A 84125.99999999  .00001322 +00000-0 +00000-0 0  9996
2 14095 071.3852 188.6972 9003848 273.9456 135.4993 00.26469982000860
1 14095U 83051  A 84133.99999999  .00001319 +00000-0 +00000-0 0  9991
2 14095 071.4018 188.5632 8989568 273.7155 178.5844 00.26473171000882
1 14095U 83051  A 84141.99999999  .00001316 +00000-0 +00000-0 0  9997
2 14095 071.3244 189.2128 8978038 273.2866 221.3632 00.26468470000905
1 14095U 83051  A 84156.99999999  .00001318 +00000-0 +00000-0 0  9995
2 14095 071.2688 189.2226 8982925 272.8173 211.9002 00.26470043000940
1 14095U 83051  A 84162.35841924  .00001318 +00000-0 +00000-0 0  9996
2 14095 071.3506 189.5662 8975020 272.5392 003.2314 00.26449201000967
1 14095U 83051  A 84163.99999999  .00001314 +00000-0 +00000-0 0  9999
2 14095 071.2617 189.3157 8967436 272.5476 159.3822 00.26471422000968
1 14095U 83051  A 84170.99999999  .00001315 +00000-0 +00000-0 0  9998
2 14095 071.2273 189.8566 8967352 272.2069 106.7362 00.26458974000981
1 14095U 83051  A 84175.99999999  .00001316 +00000-0 +00000-0 0  9994
2 14095 071.2243 189.9483 8975847 272.0246 223.6432 00.26471277000999
1 14095U 83051  A 84197.99999999  .00001314 +00000-0 +00000-0 0  9996
2 14095 071.2198 190.3424 8963197 271.2610 161.6031 00.26468411001049
1 14095U 83051  A 84216.99999999  .00001316 +00000-0 +00000-0 0  9990
2 14095 071.2705 190.1084 8963507 270.7193 173.7017 00.26472905001094
1 14095U 83051  A 84224.99999999  .00001316 +00000-0 +00000-0 0  9999
2 14095 071.2834 190.6205 8960917 270.3471 216.4824 00.26469685001119
1 14095U 83051  A 84239.99999999  .00001319 +00000-0 +00000-0 0  9998
2 14095 071.3257 190.3656 8969302 269.9319 207.0459 00.26472630001156
1 14095U 83051  A 84246.99999999  .00001316 +00000-0 +00000-0 0  9993
2 14095 071.3498 190.4515 8954306 269.6270 154.5222 00.26470527001178
1 14095U 83051  A 84253.99999999  .00001317 +00000-0 +00000-0 0  9992
2 14095 071.3821 190.8304 8957651 269.3005 101.8480 00.26457427001194
1 14095U 83051  A 84261.99999999  .00001319 +00000-0 +00000-0 0  9993
2 14095 071.3687 190.7256 8966107 269.0477 144.7381 00.26470735001211
1 14095U 83051  A 84268.99999999  .00001319 +00000-0 +00000-0 0  9990
2 14095 071.4078 190.4914 8961114 268.8404 092.3737 00.26465278001235
1 14095U 83051  A 84273.99999999  .00001315 +00000-0 +00000-0 0  9992
2 14095 071.4023 190.6508 8947161 268.6060 209.3706 00.26468755001248
1 14095U 83051  A 84281.99999999  .00001317 +00000-0 +00000-0 0  9993
2 14095 071.4204 191.1025 8952375 268.2241 252.1191 00.26465810001264
1 14095U 83051  A 84288.99999999  .00001318 +00000-0 +00000-0 0  9991
2 14095 071.3871 190.9566 8957879 268.0041 199.5670 00.26472361001287
1 14095U 83051  A 84295.99999999  .00001317 +00000-0 +00000-0 0  9998
2 14095 071.3991 190.8111 8953732 267.7866 147.1979 00.26477770001303
1 14095U 83051  A 84302.99999999  .00001314 +00000-0 +00000-0 0  9994
2 14095 071.3695 191.0508 8936614 267.4374 094.7116 00.26459891001324
1 14095U 83051  A 84307.99999999  .00001314 +00000-0 +00000-0 0  9999
2 14095 071.3941 191.4337 8941512 267.1797 211.5189 00.26470746001333
1 14095U 83051  A 84315.99999999  .00001316 +00000-0 +00000-0 0  9990
2 14095 071.3495 191.3647 8949706 266.9246 254.4208 00.26462882001351
1 14095U 83051  A 84324.69599537  .00001317 +00000-0 +00000-0 0  9992
2 14095 071.3543 191.5624 8951085 266.5473 004.0858 00.26462638001385
1 14095U 83051  A 84336.01600810  .00001317 +00000-0 +00000-0 0  9998
2 14095 071.3738 191.8218 8953384 266.0493 004.0975 00.26462668001411
1 14095U 83051  A 84338.99999999  .00001314 +00000-0 +00000-0 0  9993
2 14095 071.3372 191.9808 8940483 266.0092 192.3482 00.26470977001418
1 14095U 83051  A 84344.99999999  .00001314 +00000-0 +00000-0 0  9990
2 14095 071.2803 191.8955 8945223 265.8230 139.8611 00.26470109001424
1 14095U 83051  A 84352.99999999  .00001313 +00000-0 +99999-4 0  9997
2 14095 071.2975 191.8296 8938380 265.5646 183.0293 00.26475071001448
1 14095U 83051  A 84366.99999999  .00001315 +00000-0 +99999-4 0  9994
2 14095 071.3383 192.5962 8942301 264.9315 077.8133 00.26449776001484
1 14095U 83051  A 85027.99999999  .00001317 +00000-0 +99999-4 0  9991
2 14095 071.4493 193.2067 8950958 263.9249 132.3877 00.26460654001551
1 14095U 83051  A 85035.99999999  .00001318 +00000-0 +99999-4 0  9991
2 14095 071.4492 193.1194 8958389 263.7306 175.1129 00.26460381001572
1 14095U 83051  A 85042.99999999  .00001318 +00000-0 +99999-4 0  9999
2 14095 071.4929 193.0852 8952773 263.4483 122.3718 00.26454627001597
1 14095U 83051  A 85055.99999999  .00001322 +00000-0 +00000-0 0  9999
2 14095 071.6189 193.7683 8967516 262.8659 281.3090 00.26443758001610
1 14095U 83051  A 85062.99999999  .00001323 +00000-0 +00000-0 0  9998
2 14095 071.6007 193.5942 8973145 262.6846 228.5099 00.26454707001625
1 14095U 83051  A 85069.99999999  .00001322 +00000-0 +00000-0 0  9994
2 14095 071.6500 193.5521 8969374 262.3868 175.7948 00.26460221001642
1 14095U 83051  A 85076.99999999  .00001322 +00000-0 +99999-4 0  9991
2 14095 071.7237 194.0286 8967430 262.0176 122.7674 00.26445790001657
1 14095U 83051  A 85083.99999999  .00001327 +00000-0 +99999-4 0  9994
2 14095 071.7566 194.1536 8983017 261.7466 069.7487 00.26431796001673
1 14095U 83051  A 85089.99999999  .00001327 +00000-0 +99999-4 0  9990
2 14095 071.7154 193.9576 8989570 261.6130 194.6010 00.26439554001685
1 14095U 83051  A 85096.99999999  .00001326 +00000-0 +99999-4 0  9997
2 14095 071.7445 193.9156 8986266 261.3159 229.1637 00.26453347001707
1 14095U 83051  A 85103.99999999  .00001325 +00000-0 +99999-4 0  9995
2 14095 071.8039 194.3721 8984255 260.9378 176.1354 00.26453572001723
1 14095U 83051  A 85110.99999999  .00001329 +00000-0 +99999-4 0  9997
2 14095 071.8080 194.4688 8999614 260.6752 123.0501 00.26446945001743
1 14095U 83051  A 85118.99999999  .00001329 +00000-0 +99999-4 0  9995
2 14095 071.7578 194.2645 9005610 260.4852 165.6342 00.26461249001760
1 14095U 83051  A 85125.99999999  .00001327 +00000-0 +99999-4 0  9991
2 14095 071.7428 194.2170 8999376 260.1828 112.9094 00.26453276001789
1 14095U 83051  A 85160.99999999  .00001330 +00000-0 +99999-4 0  9994
2 14095 071.8481 195.1814 9015158 258.8131 208.5786 00.26453741001869
1 14095U 83051  A 85167.99999999  .00001332 +00000-0 +00000-0 0  9994
2 14095 071.8023 195.1096 9027603 258.6387 155.5475 00.26453548001885
1 14095U 83051  A 85175.99999999  .00001332 +00000-0 +00000-0 0  9993
2 14095 071.8071 195.0284 9028626 258.4282 198.2617 00.26460453001902
1 14095U 83051  A 85177.74129418  .00001332 +00000-0 +00000-0 0  9999
2 14095 071.8305 195.0627 9030328 258.3509 004.3866 00.26458432001914
1 14095U 83051  A 85182.99999999  .00001329 +00000-0 +00000-0 0  9997
2 14095 071.8385 195.2384 9019722 258.1148 145.4592 00.26454190001927
1 14095U 83051  A 85185.29758498  .00001334 +00000-0 +00000-0 0  9996
2 14095 071.8902 195.5687 9032777 257.9365 004.3353 00.26433342001939
1 14095U 83051  A 85189.99999999  .00001333 +00000-0 +00000-0 0  9999
2 14095 071.9570 195.7576 9029362 257.7899 092.4054 00.26437537001943
1 14095U 83051  A 85194.99999999  .00001334 +00000-0 +99999-4 0  9995
2 14095 071.9383 195.7039 9040600 257.6717 208.9554 00.26456090001950
1 14095U 83051  A 85215.99999999  .00001336 +00000-0 +99999-4 0  9991
2 14095 072.1592 196.4079 9042663 256.8356 050.4891 00.26426324002017
1 14095U 83051  A 85224.99999999  .00001339 +00000-0 +99999-4 0  9994
2 14095 072.1740 196.4042 9061209 256.5803 188.1759 00.26457496002031
1 14095U 83051  A 85231.99999999  .00001340 +00000-0 +99999-4 0  9994
2 14095 072.2434 196.4320 9065687 256.3301 135.4352 00.26462007002056
1 14095U 83051  A 85244.99999999  .00001344 +00000-0 +99999-4 0  9992
2 14095 072.4919 197.2805 9075930 255.6194 294.4156 00.26444766002080
1 14095U 83051  A 85251.99999999  .00001346 +00000-0 +99999-4 0  9992
2 14095 072.4659 197.1355 9089974 255.5013 241.4589 00.26451854002103
1 14095U 83051  A 85258.99999999  .00001347 +00000-0 +99999-4 0  9990
2 14095 072.5332 197.1524 9095873 255.2247 188.7600 00.26463740002127
1 14095U 83051  A 85265.99999999  .00001347 +00000-0 +99999-4 0  9998
2 14095 072.6198 197.4565 9092275 254.8642 135.8969 00.26449537002144
1 14095U 83051  A 85280.99999999  .00001354 +00000-0 +99999-4 0  9993
2 14095 072.6987 197.6776 9125396 254.3419 125.1596 00.26451998015230
1 14095U 83051  A 85287.99999999  .00001356 +00000-0 +99999-4 0  9992
2 14095 072.7191 197.6109 9130131 254.0472 072.4982 00.26434842015251
1 14095U 83051  A 85300.99999999  .00001359 +00000-0 +99999-4 0  9991
2 14095 072.8973 198.2461 9149260 253.4618 231.3957 00.26454396015496
1 14095U 83051  A 85307.99999999  .00001360 +00000-0 +99999-4 0  9990
2 14095 072.7873 197.9631 9158831 253.3134 178.4679 00.26457624015517
1 14095U 83051  A 85314.99999999  .00001361 +00000-0 +99999-4 0  9999
2 14095 072.7880 197.8737 9164034 253.0371 125.7685 00.26456779015537
1 14095U 83051  A 85322.99999999  .00001360 +00000-0 +99999-4 0  9997
2 14095 072.9127 198.3501 9161887 252.6338 168.3055 00.26450787015558
1 14095U 83051  A 85329.99999999  .00001364 +00000-0 +99999-4 0  9998
2 14095 072.9197 198.4332 9179098 252.4082 115.1759 00.26444404015577
1 14095U 83051  A 85336.99999999  .00001365 +00000-0 +99999-4 0  9997
2 14095 072.8298 198.1750 9184817 252.2757 062.3433 00.26432127015594
1 14095U 83051  A 85349.99999999  .00001363 +00000-0 +99999-4 0  9999
2 14095 072.9947 198.6964 9182890 251.6671 221.7376 00.26453599015622
1 14095U 83051  A 85356.99999999  .00001367 +00000-0 +99999-4 0  9991
2 14095 073.0358 198.8449 9198979 251.4329 168.5984 00.26452249015649
1 14095U 83051A   86006.99999999  .00001365 +00000-0 +99999-4 0  9992
2 14095 073.0477 198.7900 9203440 250.9484 158.5426 00.26459778015686
1 14095U 83051A   86013.99999999  .00001368 +00000-0 +99999-4 0  9993
2 14095 073.2997 199.5005 9203252 250.5574 105.5725 00.26438793015708
1 14095U 83051A   86020.99999999  .00001373 +00000-0 +99999-4 0  9997
2 14095 073.3733 199.6721 9220432 250.3261 052.5057 00.26428455015728
1 14095U 83051A   86026.99999999  .00001372 +00000-0 +99999-4 0  9992
2 14095 073.3804 199.6632 9224012 250.1696 264.6020 00.26444931015730
1 14095U 83051A   86040.99999999  .00001375 +00000-0 +99999-4 0  9991
2 14095 073.8217 200.6339 9229498 249.4131 158.8464 00.26446819015764
1 14095U 83051A   86062.99999999  .00001384 +00000-0 +99999-4 0  9995
2 14095 074.1334 201.1628 9263998 248.5235 095.5215 00.26443488015820
1 14095U 83051A   86069.99999999  .00001389 +00000-0 +99999-4 0  9997
2 14095 074.4763 201.9619 9273344 248.1286 042.4627 00.26421040015845
1 14095U 83051A   86082.99999999  .00001396 +00000-0 +99999-4 0  9990
2 14095 074.5834 202.0179 9304660 247.6939 201.2182 00.26457693015870
1 14095U 83051A   86104.99999999  .00001411 +00000-0 +99999-4 0  9993
2 14095 074.9156 202.6734 9347500 246.7177 137.3081 00.26448089015920
1 14095U 83051A   86107.37006397  .00001404 +00000-0 +99999-4 0  9991
2 14095 074.6262 202.0683 9348338 246.7449 003.4701 00.26557102015934
1 14095U 83051A   86107.37203753  .00001410 +00000-0 +99999-4 0  9993
2 14095 074.8549 202.1309 9349637 246.6749 003.6594 00.26512059015939
1 14095U 83051A   86111.13075687  .00001413 +00000-0 +99999-4 0  9998
2 14095 074.7144 202.2083 9352417 246.6505 003.3232 00.26543951015941
1 14095U 83051A   86114.89426419  .00112007 -77306-3 +99999-4 0  9996
2 14095 074.7285 202.3461 9358757 246.4783 004.1213 00.26597082015950
1 14095U 83051A   86116.63069792  .00113399 -77055-3 +99999-4 0  9993
2 14095 075.0091 202.7092 9361740 246.0614 174.8833 00.26717319015958
1 14095U 83051A   86121.62830728  .00113558 -77248-3 +99999-4 0  9994
2 14095 075.1388 203.0699 9362406 245.9129 294.1058 00.26667886015963
1 14095U 83051A   86126.09205313  .00115177 -77240-3 +99999-4 0  9997
2 14095 075.1198 202.9000 9363921 245.7771 003.2013 00.26657260015976
