1 06932U 73089  A 73332.21718029  .00000009 +00000-0 +00000-0 0  9994
2 06932 064.9262 037.6881 7429684 284.8930 009.8044 02.00565577000280
1 06932U 73089  A 73336.20601317 -.00000244 +00000-0 +00000-0 0  9990
2 06932 064.9260 037.1186 7429717 284.8243 009.8188 02.00561142000367
1 06932U 73089  A 73340.19477159 -.00000057 +00000-0 +00000-0 0  9990
2 06932 064.9259 036.5491 7429733 284.7557 009.8333 02.00563025000445
1 06932U 73089  A 73351.16326053  .00000254 +023190  +00000-0 0  9997
2 06932 064.9706 034.9222 7433309 284.5414 009.8585 02.00575209000660
1 06932U 73089  A 73354.15466978  .00000238 +023190  +00000-0 0  9992
2 06932 064.9495 034.4997 7435063 284.4432 009.8693 02.00576186000729
1 06932U 73089  A 74018.06774260  .00002736 +00000-0 +00000-0 0  9997
2 06932 065.0084 030.0566 7443749 283.9455 009.9256 02.00663376001307
1 06932U 73089  A 74027.53698542  .00001736 +00000-0 +00000-0 0  9996
2 06932 065.0277 028.7012 7444922 283.7498 009.9609 02.00675797001492
1 06932U 73089  A 74030.02911900  .00001392 +00000-0 +00000-0 0  9998
2 06932 065.0146 028.3057 7445272 283.7191 009.9654 02.00670767001549
1 06932U 73089  A 74072.89369869  .00000099 +00000-0 +00000-0 0  9993
2 06932 065.1343 021.6300 7443370 282.9978 010.1336 02.00632882002400
1 06932U 73089  A 74086.84978198  .00000069 +00000-0 +00000-0 0  9991
2 06932 065.2025 019.5135 7437103 282.6957 010.2375 02.00629878002686
1 06932U 73089  A 74114.76542277  .00000118 +00000-0 +00000-0 0  9994
2 06932 065.2447 015.5384 7434884 282.1040 010.3829 02.00624588003248
1 06932U 73089  A 74118.74983547  .00000060 +00000-0 +00000-0 0  9991
2 06932 065.2532 014.8159 7435149 281.9932 010.4062 02.00625204003322
1 06932U 73089  A 74156.13389678  .00000012 +00000-0 +00000-0 0  9998
2 06932 065.2504 009.2280 7446878 281.0746 010.5431 02.00619469004079
1 06932U 73089  A 74163.61089516  .00000128 +00000-0 +00000-0 0  9995
2 06932 065.2414 008.1189 7446454 280.9657 010.5706 02.00615677004223
1 06932U 73089  A 74181.05712078  .00000008 +00000-0 +00000-0 0  9996
2 06932 065.2902 005.4772 7449029 280.6297 010.6319 02.00617427004575
1 06932U 73089  A 74189.03260800  .00000013 +00000-0 +00000-0 0  9999
2 06932 065.2901 004.3389 7449027 280.4577 010.6716 02.00616482004732
1 06932U 73089  A 74199.00187634  .00000014 +00000-0 +00000-0 0  9991
2 06932 065.3764 002.8687 7449700 280.2614 010.7129 02.00617497004930
1 06932U 73089  A 74242.36711929  .00000132 +00000-0 +00000-0 3  9993
2 06932 065.4535 356.1462 7438699 279.3674 010.9928 02.00629753005807
1 06932U 73089  A 74275.26296139  .00000113 +00000-0 +00000-0 3  9998
2 06932 065.4476 351.3818 7426770 278.5556 011.2654 02.00640630006460
1 06932U 73089  A 74279.74855230  .00000107 +00000-0 +00000-0 3  9991
2 06932 065.4522 350.7231 7428806 278.4491 011.2781 02.00642201006550
1 06932U 73089  A 74287.72295330  .00000095 +00000-0 +00000-0 3  9993
2 06932 065.4893 349.5656 7426605 278.2416 011.3437 02.00644843006719
1 06932U 73089  A 74301.17945146  .00000070 +00000-0 +00000-0 3  9999
2 06932 065.5104 347.6130 7428738 277.8974 011.4147 02.00648521006989
1 06932U 73089  A 74303.67135663  .00000065 +00000-0 +00000-0 3  9995
2 06932 065.5084 347.2541 7430408 277.8140 011.4242 02.00649099007034
1 06932U 73089  A 74330.08531428  .00000010 +00000-0 +00000-0 3  9999
2 06932 065.4816 343.2559 7435492 277.2632 011.5282 02.00654078007565
1 06932U 73089  A 74350.02023691  .00000032 +00000-0 +00000-0 3  9997
2 06932 065.4816 340.1882 7436329 276.9159 011.6100 02.00654204007965
1 06932U 73089  A 74358.99096203  .00000054 +00000-0 +00000-0 3  9994
2 06932 065.5167 338.8585 7433642 276.7151 011.6788 02.00653737008147
1 06932U 73089  A 75021.90030145  .00000114 +00000-0 +00000-0 3  9993
2 06932 065.5601 334.7158 7422961 276.1115 011.9060 02.00650234008704
1 06932U 73089  A 75022.39867973  .00000114 +00000-0 +00000-0 3  9994
2 06932 065.4979 334.6085 7421328 276.1252 011.9137 02.00649539008719
1 06932U 73089  A 75033.36328077  .00000134 +00000-0 +00000-0 3  9992
2 06932 065.5142 333.0127 7415135 275.8434 012.0295 02.00646620008938
1 06932U 73089  A 75040.34086322  .00000144 +00000-0 +00000-0 3  9993
2 06932 065.5418 331.9841 7412659 275.7102 012.0817 02.00644733009072
1 06932U 73089  A 75048.31529998  .00000157 +00000-0 +00000-0 3  9993
2 06932 065.5572 330.8735 7410208 275.4665 012.1627 02.00641382009237
1 06932U 73089  A 75062.27086734  .00000173 +00000-0 +00000-0 3  9998
2 06932 065.5412 328.8983 7406249 275.0837 012.2924 02.00635858009512
1 06932U 73089  A 75074.23309707 -.00000180 +00000-0 +00000-0 3  9994
2 06932 065.5746 327.2337 7403992 274.7601 012.3951 02.00630697009758
1 06932U 73089  A 75085.19872140  .00000179 +00000-0 +00000-0 3  9994
2 06932 065.5783 325.6643 7401504 274.4792 012.4890 02.00626295009972
1 06932U 73089  A 75100.15216632  .00000170 +00000-0 +00000-0 3  9997
2 06932 065.5521 323.5127 7403231 274.0736 012.5882 02.00619943010278
1 06932U 73089  A 75103.14287181  .00000168 +00000-0 +00000-0 3  9993
2 06932 065.5564 323.0718 7403446 274.0790 012.5850 02.00619882010338
1 06932U 73089  A 75127.06937786  .00000129 +00000-0 +00000-0 3  9990
2 06932 065.5577 319.5736 7403485 273.5003 012.7450 02.00612102010815
1 06932U 73089  A 75141.52540202  .00000093 +00000-0 +00000-0 3  9990
2 06932 065.5662 317.4096 7402126 273.2002 012.8390 02.00608604011102
1 06932U 73089  A 75146.01182984  .00000080 +00000-0 +00000-0 3  9994
2 06932 065.5677 316.7241 7402180 273.1326 012.8573 02.00607815011195
1 06932U 73089  A 75165.95168539  .00000027 +00000-0 +00000-0 3  9999
2 06932 065.5713 313.8392 7392872 272.7024 013.0474 02.00605222011594
1 06932U 73089  A 75169.93960854  .00000017 +00000-0 +00000-0 3  9990
2 06932 065.5875 313.2606 7392583 272.5986 013.0794 02.00605361011677
1 06932U 73089  A 75177.41711612  .00000003 +00000-0 +00000-0 3  9993
2 06932 065.5665 312.1676 7386937 272.4482 013.1642 02.00605403011822
1 06932U 73089  A 75180.90657470  .00000011 +00000-0 +00000-0 3  9991
2 06932 065.5605 311.6836 7385577 272.3469 013.2034 02.00605397011896
1 06932U 73089  A 75187.88548611  .00000028 +00000-0 +00000-0 3  9999
2 06932 065.5792 310.6718 7382887 272.1864 013.2699 02.00606136012035
1 06932U 73089  A 75196.85834785  .00000047 +00000-0 +00000-0 3  9997
2 06932 065.5754 309.4191 7378236 271.9501 013.3734 02.00606926012210
1 06932U 73089  A 75207.82510802  .00000067 +00000-0 +00000-0 3  9990
2 06932 065.5783 307.8999 7370442 271.6484 013.5209 02.00608782012433
1 06932U 73089  A 75210.81598615  .00000072 +00000-0 +00000-0 3  9997
2 06932 065.5882 307.4923 7370978 271.5624 013.5423 02.00609270012492
1 06932U 73089  A 75214.80384730  .00000080 +00000-0 +00000-0 3  9990
2 06932 065.5934 306.9198 7370828 271.5138 013.5579 02.00609986012577
1 06932U 73089  A 75217.79475302  .00000084 +00000-0 +00000-0 3  9991
2 06932 065.6068 306.5196 7367931 271.4367 013.6030 02.00610743012637
1 06932U 73089  A 75223.27799606  .00000090 +00000-0 +00000-0 3  9994
2 06932 065.6105 305.7925 7367188 271.2667 013.6596 02.00611323012749
1 06932U 73089  A 75225.27184721  .00000091 +00000-0 +00000-0 3  9993
2 06932 065.5898 305.5187 7367554 271.2256 013.6688 02.00612796012787
1 06932U 73089  A 75229.25964352  .00000097 +00000-0 +00000-0 3  9997
2 06932 065.6200 304.9481 7366056 271.1391 013.7063 02.00613749012866
1 06932U 73089  A 75235.24118418  .00000099 +00000-0 +00000-0 3  9999
2 06932 065.6275 304.1679 7365732 270.9239 013.7737 02.00615765012988
1 06932U 73089  A 75250.19498920  .00000111 +00000-0 +00000-0 3  9994
2 06932 065.5896 302.0796 7363820 270.5077 013.9150 02.00619573013281
1 06932U 73089  A 75258.17030284  .00000116 +00000-0 +00000-0 3  9990
2 06932 065.6000 300.9660 7360786 270.3147 013.9981 02.00621350013446
1 06932U 73089  A 75261.16097735  .00000116 +00000-0 +00000-0 3  9997
2 06932 065.5952 300.5533 7360676 270.2431 014.0210 02.00622284013500
1 06932U 73089  A 75264.15161322  .00000116 +00000-0 +00000-0 3  9993
2 06932 065.5941 300.1336 7361776 270.1722 014.0344 02.00623304013567
1 06932U 73089  A 75267.14224810  .00000117 +00000-0 +00000-0 3  9998
2 06932 065.5926 299.7041 7363102 270.1054 014.0450 02.00624405013627
1 06932U 73089  A 75267.64070079  .00000118 +00000-0 +00000-0 3  9990
2 06932 065.5697 299.6204 7362246 270.1184 014.0475 02.00624340013630
1 06932U 73089  A 75277.11103914  .00000118 +00000-0 +00000-0 3  9998
2 06932 065.5678 298.2703 7359484 269.8937 014.1387 02.00627513013828
1 06932U 73089  A 75280.60012147  .00000121 +00000-0 +00000-0 3  9997
2 06932 065.5537 297.7391 7360991 269.8281 014.1474 02.00627946013890
1 06932U 73089  A 75285.08611250  .00000121 +00000-0 +00000-0 3  9994
2 06932 065.5410 297.1043 7357008 269.7309 014.2089 02.00628772013984
1 06932U 73089  A 75291.56569764  .00000118 +00000-0 +00000-0 3  9992
2 06932 065.5166 296.1821 7357298 269.5849 014.2525 02.00630038014112
1 06932U 73089  A 75295.05463695  .00000117 +00000-0 +00000-0 3  9995
2 06932 065.5186 295.6679 7358418 269.5262 014.2623 02.00631745014185
1 06932U 73089  A 75299.04204700  .00000114 +00000-0 +00000-0 3  9995
2 06932 065.5174 295.1057 7355557 269.4516 014.3083 02.00633750014267
1 06932U 73089  A 75301.53412051  .00000111 +00000-0 +00000-0 3  9990
2 06932 065.5149 294.7586 7355034 269.3761 014.3363 02.00634562014311
1 06932U 73089  A 75314.49307297  .00000101 +00000-0 +00000-0 3  9993
2 06932 065.5215 292.9161 7350496 269.0994 014.4602 02.00636925014576
1 06932U 73089  A 75316.98513455  .00000098 +00000-0 +00000-0 3  9999
2 06932 065.5191 292.5700 7350381 269.0452 014.4786 02.00637514014620
1 06932U 73089  A 75329.44543357  .00000081 +00000-0 +00000-0 3  9990
2 06932 065.5074 290.8115 7342882 268.7884 014.6204 02.00640696014872
1 06932U 73089  A 75335.42629430  .00000074 +00000-0 +00000-0 3  9994
2 06932 065.5079 289.9412 7341164 268.6834 014.6684 02.00641706014990
1 06932U 73089  A 75341.90558956  .00000062 +00000-0 +00000-0 3  9995
2 06932 065.5010 289.0584 7335228 268.5213 014.7687 02.00642587015128
1 06932U 73089  A 75343.89918326  .00000057 +00000-0 +00000-0 3  9990
2 06932 065.5064 288.7907 7334864 268.4673 014.7893 02.00642880015165
1 06932U 73089  A 75351.87361191  .00000043 +00000-0 +00000-0 3  9994
2 06932 065.5058 287.6816 7330364 268.2943 014.8826 02.00643963015322
1 06932U 73089  A 75364.33355329  .00000016 +00000-0 +00000-0 3  9995
2 06932 065.5095 285.9743 7322950 267.9788 015.0471 02.00644886015579
1 06932U 73089  A 76007.30787897 -.00000003 +00000-0 +00000-0 3  9993
2 06932 065.5091 284.9338 7319460 267.7467 015.1531 02.00644862015738
1 06932U 73089  A 76014.28546380 -.00000017 +00000-0 +00000-0 3  9993
2 06932 065.4840 283.9803 7315817 267.5912 015.2355 02.00644506015875
1 06932U 73089  A 76020.26619481 -.00000033 +00000-0 +00000-0 3  9999
2 06932 065.4792 283.2125 7313650 267.4014 015.3174 02.00644197015995
1 06932U 73089  A 76022.25976848 -.00000037 +00000-0 +00000-0 3  9997
2 06932 065.4802 282.9374 7313784 267.3510 015.3335 02.00644064016035
1 06932U 73089  A 76028.24058961 -.00000049 +00000-0 +00000-0 3  9992
2 06932 065.4814 282.1287 7310275 267.1869 015.4184 02.00643361016155
1 06932U 73089  A 76047.67817211 -.00000091 +00000-0 +00000-0 3  9998
2 06932 065.4895 279.5491 7307579 266.6907 015.6122 02.00640555016540
1 06932U 73089  A 76049.67177009 -.00000094 +00000-0 +00000-0 3  9997
2 06932 065.4831 279.2688 7308043 266.6508 015.6219 02.00640224016583
1 06932U 73089  A 76053.65903711 -.00000100 +00000-0 +00000-0 3  9995
2 06932 065.4755 278.7132 7306154 266.5759 015.6640 02.00639569016661
1 06932U 73089  A 76055.15426730 -.00000102 +00000-0 +00000-0 3  9995
2 06932 065.4725 278.5183 7305260 266.5345 015.6857 02.00639268016699
1 06932U 73089  A 76060.13832902 -.00000112 +00000-0 +00000-0 3  9992
2 06932 065.4685 277.8641 7305374 266.3973 015.7329 02.00638127016795
1 06932U 73089  A 76063.12878179 -.00000116 +00000-0 +00000-0 3  9994
2 06932 065.4714 277.4559 7306125 266.3263 015.7516 02.00637406016853
1 06932U 73089  A 76071.10344314 -.00000126 +00000-0 +00000-0 3  9991
2 06932 065.4655 276.3658 7303123 266.1525 015.8381 02.00635496017016
1 06932U 73089  A 76075.09073543 -.00000132 +00000-0 +00000-0 3  9993
2 06932 065.4755 275.8277 7304030 266.0518 015.8661 02.00634562017099
1 06932U 73089  A 76078.08124161 -.00000135 +00000-0 +00000-0 3  9991
2 06932 065.4723 275.4017 7304096 266.0024 015.8829 02.00633855017153
1 06932U 73089  A 76080.57337093 -.00000136 +00000-0 +00000-0 3  9999
2 06932 065.4773 275.0508 7302443 265.9487 015.9160 02.00633246017203
1 06932U 73089  A 76091.04032182 -.00000142 +00000-0 +00000-0 3  9991
2 06932 065.4590 273.5648 7300871 265.7140 016.0131 02.00630246017415
1 06932U 73089  A 76091.53875780 -.00000145 +00000-0 +00000-0 3  9997
2 06932 065.4588 273.5562 7300736 265.7050 016.0175 02.00629997017427
1 06932U 73089  A 76095.52625465 -.00000147 +00000-0 +00000-0 3  9995
2 06932 065.4590 273.0028 7298262 265.6265 016.0669 02.00628824017504
1 06932U 73089  A 76103.00277947 -.00000151 +00000-0 +00000-0 3  9991
2 06932 065.4655 271.9912 7296778 265.4461 016.1443 02.00626681017657
1 06932U 73089  A 76116.95927998 -.00000152 +00000-0 +00000-0 3  9998
2 06932 065.4634 270.0912 7291056 265.1415 016.3041 02.00622409017935
1 06932U 73089  A 76122.94075154 -.00000150 +00000-0 +00000-0 3  9990
2 06932 065.4380 269.2740 7287484 265.0230 016.3781 02.00620711018055
1 06932U 73089  A 76124.93458122 -.00000150 +00000-0 +00000-0 3  9991
2 06932 065.4331 269.0161 7286081 264.9734 016.4084 02.00620170018095
1 06932U 73089  A 76129.91913128 -.00000149 +00000-0 +00000-0 3  9994
2 06932 065.4248 268.3572 7285339 264.8567 016.4578 02.00618764018193
1 06932U 73089  A 76141.88232133 -.00000142 +00000-0 +00000-0 3  9997
2 06932 065.4342 266.7569 7278208 264.5736 016.6247 02.00615148018433
1 06932U 73089  A 76145.37160011 -.00000140 +00000-0 +00000-0 3  9998
2 06932 065.4474 266.2829 7277060 264.4953 016.6638 02.00614364018509
1 06932U 73089  A 76147.86397409 -.00000137 +00000-0 +00000-0 3  9993
2 06932 065.4582 265.9494 7275173 264.4406 016.7008 02.00613774018550
1 06932U 73089  A 76152.84873102 -.00000135 +00000-0 +00000-0 3  9994
2 06932 065.4511 265.3165 7271308 264.3060 016.7851 02.00612670018653
1 06932U 73089  A 76155.83955380 -.00000133 +00000-0 +00000-0 3  9993
2 06932 065.4531 264.9327 7270923 264.2167 016.8222 02.00612072018715
1 06932U 73089  A 76158.83040666 -.00000130 +00000-0 +00000-0 3  9995
2 06932 065.4542 264.5271 7270320 264.1535 016.8515 02.00611250018778
1 06932U 73089  A 76162.81826968 -.00000125 +00000-0 +00000-0 3  9999
2 06932 065.4388 263.9915 7267006 264.0614 016.9157 02.00610289018851
1 06932U 73089  A 76165.80916068 -.00000123 +00000-0 +00000-0 3  9990
2 06932 065.4442 263.6177 7265319 263.9686 016.9657 02.00609602018910
1 06932U 73089  A 76172.28944442 -.00000116 +00000-0 +00000-0 3  9999
2 06932 065.4362 262.7806 7264383 263.8017 017.0378 02.00607925019040
1 06932U 73089  A 76179.76677365 -.00000108 +00000-0 +00000-0 3  9997
2 06932 065.4363 261.8282 7259884 263.6069 017.1528 02.00606538019197
1 06932U 73089  A 76189.73657890 -.00000096 +00000-0 +00000-0 3  9992
2 06932 065.4238 260.5403 7255582 263.3550 017.2889 02.00604675019395
1 06932U 73089  A 76196.71544741 -.00000088 +00000-0 +00000-0 3  9999
2 06932 065.4179 259.6651 7254384 263.1581 017.3762 02.00603761019536
1 06932U 73089  A 76214.66125037 -.00000060 +00000-0 +00000-0 3  9997
2 06932 065.3756 257.3292 7252895 262.7406 017.5543 02.00601907019896
1 06932U 73089  A 76219.64627478  .00000000 +00000-0 +00000-0 3  9999
2 06932 065.3809 256.6953 7250974 262.6200 017.6196 02.00600558019995
1 06932U 73089  A 76222.63724013 -.00000047 +00000-0 +00000-0 3  9997
2 06932 065.3701 256.3073 7252132 262.5434 017.6398 02.00600899020053
1 06932U 73089  A 76224.63123350 -.00000044 +00000-0 +00000-0 3  9993
2 06932 065.3728 256.0461 7252486 262.4982 017.6543 02.00600739020098
1 06932U 73089  A 76228.61924075 -.00000036 +00000-0 +00000-0 3  9999
2 06932 065.3692 255.5104 7251930 262.4263 017.6880 02.00600524020176
1 06932U 73089  A 76230.61326240 -.00000032 +00000-0 +00000-0 3  9998
2 06932 065.3606 255.2540 7251069 262.3835 017.7132 02.00600422020212
1 06932U 73089  A 76235.59828239 -.00000023 +00000-0 +00000-0 3  9995
2 06932 065.3592 254.6142 7250388 262.2644 017.7671 02.00600222020314
1 06932U 73089  A 76237.59226810 -.00000020 +00000-0 +00000-0 3  9991
2 06932 065.3556 254.3476 7250783 262.2188 017.7820 02.00600254020358
1 06932U 73089  A 76244.07278000 -.00000007 +00000-0 +00000-0 3  9995
2 06932 065.3532 253.4696 7249406 262.0890 017.8468 02.00600364020489
1 06932U 73089  A 76255.53831768  .00000014 +00000-0 +00000-0 3  9991
2 06932 065.3176 251.9536 7247747 261.8465 017.9606 02.00600533020719
1 06932U 73089  A 76263.51433921  .00000028 +00000-0 +00000-0 3  9992
2 06932 065.3082 250.9197 7245588 261.6567 018.0579 02.00601199020876
1 06932U 73089  A 76266.50531247  .00000033 +00000-0 +00000-0 3  9990
2 06932 065.3059 250.5167 7245635 261.5957 018.0827 02.00601526020935
1 06932U 73089  A 76271.98882171  .00000043 +00000-0 +00000-0 3  9994
2 06932 065.3037 249.7903 7242336 261.4744 018.1633 02.00602147021046
1 06932U 73089  A 76274.48131329  .00000046 +00000-0 +00000-0 3  9997
2 06932 065.2998 249.4794 7241429 261.4067 018.1992 02.00602425021098
1 06932U 73089  A 76280.46324968  .00000055 +00000-0 +00000-0 3  9995
2 06932 065.3009 248.6937 7240768 261.2798 018.2581 02.00603209021216
1 06932U 73089  A 76286.94371058  .00000065 +00000-0 +00000-0 3  9997
2 06932 065.2922 247.8485 7237282 261.1380 018.3497 02.00604240021348
1 06932U 73089  A 76298.90746966  .00000080 +00000-0 +00000-0 3  9997
2 06932 065.3332 246.2905 7232427 260.8459 018.5176 02.00606577021580
1 06932U 73089  A 76302.39687308  .00000082 +00000-0 +00000-0 3  9992
2 06932 065.3359 245.8549 7231090 260.7496 018.5711 02.00607293021652
1 06932U 73089  A 76305.88624134  .00000086 +00000-0 +00000-0 3  9991
2 06932 065.3107 245.4025 7231081 260.6842 018.5986 02.00607965021720
1 06932U 73089  A 76313.36348326  .00000092 +00000-0 +00000-0 3  9996
2 06932 065.3109 244.4370 7227006 260.5047 018.7138 02.00609827021878
1 06932U 73089  A 76316.35435867  .00000093 +00000-0 +00000-0 3  9996
2 06932 065.3083 244.0700 7226043 260.4196 018.7591 02.00610498021932
1 06932U 73089  A 76317.84978071  .00000094 +00000-0 +00000-0 3  9991
2 06932 065.3115 243.8830 7225913 260.3811 018.7767 02.00610869021967
1 06932U 73089  A 76322.33603971  .00000097 +00000-0 +00000-0 3  9998
2 06932 065.2835 243.3020 7224881 260.2981 018.8221 02.00611837022054
1 06932U 73089  A 76326.32384946  .00000098 +00000-0 +00000-0 3  9990
2 06932 065.2836 242.8031 7222320 260.1944 018.8911 02.00612683022130
1 06932U 73089  A 76333.80088582  .00000099 +00000-0 +00000-0 3  9999
2 06932 065.2814 241.8638 7221114 259.9916 018.9903 02.00614349022282
1 06932U 73089  A 76341.27790175  .00000100 +00000-0 +00000-0 3  9990
2 06932 065.2771 240.9274 7217795 259.7984 019.1062 02.00616115022432
1 06932U 73089  A 76343.77020478  .00000099 +00000-0 +00000-0 3  9996
2 06932 065.2638 240.6189 7217564 259.7427 019.1326 02.00616661022486
1 06932U 73089  A 76347.75786551  .00000099 +00000-0 +00000-0 3  9999
2 06932 065.2710 240.1084 7217899 259.6434 019.1732 02.00617619022568
1 06932U 73089  A 76351.74553334  .00000099 +00000-0 +00000-0 3  9994
2 06932 065.2649 239.5884 7216234 259.5531 019.2291 02.00618497022643
1 06932U 73089  A 77009.17270356  .00000313 +00000-0 +00000-0 0  9998
2 06932 065.2502 236.6772 7214271 259.0040 019.5986 02.00623883023116
1 06932U 73089  A 77020.13825094  .00000261 +00000-0 +00000-0 0  9994
2 06932 065.2289 235.3001 7211773 258.7398 019.6657 02.00626018023338
1 06932U 73089  A 77030.60537634  .00000287 +00000-0 +00000-0 0  9995
2 06932 065.2213 233.9793 7209997 258.4898 019.8155 02.00628148023548
1 06932U 73089  A 77041.07231751  .00000270 +00000-0 +00000-0 0  9991
2 06932 065.2353 232.6626 7208251 258.2348 019.9233 02.00630017023753
1 06932U 73089  A 77052.03761018  .00000215 +00000-0 +00000-0 0  9992
2 06932 065.2093 231.2797 7207044 257.9719 020.0349 02.00631366023978
1 06932U 73089  A 77063.00290514  .00000236 +00000-0 +00000-0 0  9992
2 06932 065.2105 229.8999 7206058 257.7096 020.1802 02.00632563024199
1 06932U 73089  A 77073.96810019  .00000176 +00000-0 +00000-0 0  9999
2 06932 065.2052 228.5245 7205141 257.4471 020.2908 02.00633161024414
1 06932U 73089  A 77084.93333829  .00000185 +00000-0 +00000-0 0  9997
2 06932 065.2173 227.1441 7204481 257.1832 020.4219 02.00633303024634
1 06932U 73089  A 77095.89856534  .00000173 +00000-0 +00000-0 0  9994
2 06932 065.1999 225.7704 7203926 256.9187 020.5497 02.00633005024850
1 06932U 73089  A 77106.86381969  .00000121 +00000-0 +00000-0 0  9992
2 06932 065.1831 224.4025 7203484 256.6593 020.6883 02.00632355025076
1 06932U 73089  A 77117.82915161  .00000150 +00000-0 +00000-0 0  9999
2 06932 065.1909 223.0313 7203061 256.3931 020.8325 02.00631473025298
1 06932U 73089  A 77128.79449910  .00000104 +00000-0 +00000-0 0  9990
2 06932 065.1904 221.6544 7202938 256.1355 020.9576 02.00630148025515
1 06932U 73089  A 77139.75995360  .00000124 +00000-0 +00000-0 0  9995
2 06932 065.1827 220.2838 7202722 255.8723 021.0799 02.00628455025737
1 06932U 73089  A 77150.72549069  .00000130 +00000-0 +00000-0 0  9993
2 06932 065.1702 218.9161 7202366 255.6047 021.1859 02.00626238025952
1 06932U 73089  A 77161.69116833  .00000092 +00000-0 +00000-0 0  9997
2 06932 065.1557 217.5470 7202594 255.3471 021.3137 02.00623794026179
1 06932U 73089  A 77172.65700520  .00000134 +00000-0 +00000-0 0  9994
2 06932 065.1597 216.1759 7203095 255.0863 021.4136 02.00620895026390
1 06932U 73089  A 77181.62918935  .00000119 +00000-0 +00000-0 0  9995
2 06932 065.1477 215.0571 7203448 254.8760 021.4994 02.00618109026579
1 06932U 73089  A 77192.59536023  .00000123 +00000-0 +00000-0 0  9992
2 06932 065.1438 213.6927 7204184 254.6161 021.6261 02.00615062026794
1 06932U 73089  A 77200.57088450  .00000147 +00000-0 +00000-0 0  9992
2 06932 065.1364 212.6956 7204987 254.4276 021.7296 02.00612786026956
1 06932U 73089  A 77209.54341793  .00000129 +00000-0 +00000-0 0  9990
2 06932 065.1285 211.5813 7205605 254.2072 021.8112 02.00610116027132
1 06932U 73089  A 77217.51914552  .00000125 +00000-0 +00000-0 0  9991
2 06932 065.1214 210.5824 7206755 254.0274 021.9070 02.00607778027295
1 06932U 73089  A 77226.49194391  .00000162 +00000-0 +00000-0 0  9990
2 06932 065.1106 209.4504 7208450 253.8211 022.0163 02.00605417027472
1 06932U 73089  A 77235.46481145  .00000159 +00000-0 +00000-0 0  9999
2 06932 065.0880 208.3283 7209422 253.6028 022.0979 02.00602971027653
1 06932U 73089  A 77246.43180577  .00000152 +00000-0 +00000-0 0  9996
2 06932 065.0831 206.9562 7211484 253.3558 022.2282 02.00600605027874
1 06932U 73089  A 77256.40191570  .00000184 +00000-0 +00000-0 0  9994
2 06932 065.0819 205.7065 7213703 253.1319 022.3452 02.00598737028079
1 06932U 73089  A 77265.37506213  .00000161 +00000-0 +00000-0 0  9999
2 06932 065.0743 204.5802 7215637 252.9317 022.4337 02.00597368028256
1 06932U 73089  A 77275.34529465  .00000186 +00000-0 +00000-0 0  9998
2 06932 065.0684 203.3281 7217429 252.6892 022.5174 02.00596099028456
1 06932U 73089  A 77283.32156788  .00000215 +00000-0 +00000-0 0  9992
2 06932 065.0636 202.3256 7218826 252.4995 022.6157 02.00595235028619
1 06932U 73089  A 77293.29188620  .00000198 +00000-0 +00000-0 0  9999
2 06932 065.0520 201.0714 7221174 252.2770 022.7105 02.00594699028814
1 06932U 73089  A 77303.26222414  .00000239 +00000-0 +00000-0 0  9994
2 06932 065.0442 199.8177 7223417 252.0461 022.7856 02.00594530029011
1 06932U 73089  A 77314.22959059  .00000289 +00000-0 +00000-0 0  9999
2 06932 065.0430 198.4361 7225286 251.7742 022.8821 02.00594827029238
1 06932U 73089  A 77325.19692684  .00000274 +00000-0 +00000-0 0  9999
2 06932 065.0415 197.0542 7227984 251.5158 023.0334 02.00596059029458
1 06932U 73089  A 77336.16415154  .00000337 +00000-0 +00000-0 0  9993
2 06932 065.0436 195.6678 7231059 251.2620 023.1335 02.00597687029678
1 06932U 73089  A 77347.13124525  .00000342 +00000-0 +00000-0 0  9997
2 06932 065.0390 194.2831 7234135 251.0016 023.2641 02.00600132029893
1 06932U 73089  A 77358.09817258  .00000374 +00000-0 +00000-0 0  9991
2 06932 065.0357 192.8928 7237852 250.7535 023.3894 02.00603220030117
1 06932U 73089  A 78004.06489238  .00000415 +00000-0 +00000-0 0  9996
2 06932 065.0423 191.4956 7241107 250.4911 023.5036 02.00606506030334
1 06932U 73089  A 78026.99473832  .00000399 +00000-0 +00000-0 0  9996
2 06932 065.0446 188.5798 7248547 249.9264 023.7919 02.00614436030792
1 06932U 73089  A 78037.96080203  .00000352 +00000-0 +00000-0 0  9990
2 06932 065.0301 187.1861 7252090 249.6484 023.8807 02.00618481031014
1 06932U 73089  A 78049.92359126  .00000345 +00000-0 +00000-0 0  9994
2 06932 065.0220 185.6498 7258084 249.3973 024.0124 02.00622798031259
1 06932U 73089  A 78060.88918744  .00000342 +00000-0 +00000-0 0  9996
2 06932 065.0410 184.2309 7264109 249.1763 024.0807 02.00626636031473
1 06932U 73089  A 78071.85455955  .00000284 +00000-0 +00000-0 0  9990
2 06932 065.0411 182.8044 7268894 248.9214 024.1363 02.00630331031696
1 06932U 73089  A 78082.81981410  .00000281 +00000-0 +00000-0 0  9995
2 06932 065.0321 181.3858 7273469 248.6673 024.2240 02.00633454031912
1 06932U 73089  A 78093.78489973  .00000218 +00000-0 +00000-0 0  9990
2 06932 065.0275 179.9600 7278589 248.4260 024.3559 02.00636840032137
1 06932U 73089  A 78104.74974730  .00000216 +00000-0 +00000-0 0  9997
2 06932 065.0269 178.5296 7283777 248.1760 024.4071 02.00639534032350
1 06932U 73089  A 78115.71451338  .00000232 +00000-0 +00000-0 0  9998
2 06932 065.0080 177.0997 7288911 247.9326 024.4747 02.00641418032571
1 06932U 73089  A 78126.67919681  .00000194 +00000-0 +00000-0 0  9992
2 06932 065.0091 175.6613 7294172 247.6838 024.5315 02.00642729032795
1 06932U 73089  A 78137.64388922  .00000210 +00000-0 +00000-0 0  9998
2 06932 065.0045 174.2131 7300030 247.4490 024.5884 02.00642896033019
1 06932U 73089  A 78148.60859204  .00000165 +00000-0 +00000-0 0  9991
2 06932 065.0036 172.7660 7304553 247.1636 024.6695 02.00642896033237
1 06932U 73089  A 78156.58299247  .00000168 +00000-0 +00000-0 0  9995
2 06932 064.9956 171.7078 7309479 247.0032 024.7363 02.00642180033395
1 06932U 73089  A 78166.55100331  .00000196 +00000-0 +00000-0 0  9999
2 06932 064.9968 170.3974 7314987 246.7928 024.7899 02.00640845033590
1 06932U 73089  A 78174.52548968  .00000139 +00000-0 +00000-0 0  9994
2 06932 064.9870 169.3182 7319622 246.6131 024.8465 02.00639486033754
1 06932U 73089  A 78180.50641159  .00000142 +00000-0 +00000-0 0  9999
2 06932 064.9914 168.5165 7323769 246.5032 024.8913 02.00638342033872
1 06932U 73089  A 78186.48734556  .00000117 +00000-0 +00000-0 0  9998
2 06932 064.9804 167.7126 7327860 246.3926 024.9075 02.00636816033991
1 06932U 73089  A 78194.46200174  .00000148 +00000-0 +00000-0 0  9993
2 06932 064.9748 166.6394 7332530 246.2221 024.9344 02.00634646034157
1 06932U 73089  A 78199.44626877  .00000109 +00000-0 +00000-0 0  9995
2 06932 064.9755 165.9675 7335228 246.1050 025.0004 02.00633335034255
1 06932U 73089  A 78203.43369630  .00000076 +00000-0 +00000-0 0  9994
2 06932 064.9756 165.4292 7337538 246.0186 025.0469 02.00632318034335
1 06932U 73089  A 78206.42427046  .00000081 +00000-0 +00000-0 0  9998
2 06932 064.9753 165.0253 7337914 245.9184 025.0616 02.00631430034393
1 06932U 73089  A 78208.41806990  .00000076 +00000-0 +00000-0 0  9992
2 06932 064.9754 164.7580 7339115 245.8775 025.1212 02.00630769034435
1 06932U 73089  A 78210.41181054  .00000062 +00000-0 +00000-0 0  9997
2 06932 064.9756 164.4904 7340319 245.8366 025.1391 02.00630150034474
1 06932U 73089  A 78211.40869646  .00000055 +00000-0 +00000-0 0  9999
2 06932 064.9756 164.3566 7340922 245.8162 025.1522 02.00629781034497
1 06932U 73089  A 78212.90400720  .00000048 +00000-0 +00000-0 0  9991
2 06932 064.9758 164.1557 7341829 245.7856 025.1516 02.00629022034528
1 06932U 73089  A 78216.89150713  .00000054 +00000-0 +00000-0 0  9994
2 06932 064.9496 163.6018 7343960 245.6849 025.1734 02.00627695034607
1 06932U 73089  A 78221.37749844  .00000080 +00000-0 +00000-0 0  9991
2 06932 064.9506 162.9921 7346582 245.5868 025.2116 02.00626148034693
1 06932U 73089  A 78225.36506970  .00000062 +00000-0 +00000-0 0  9995
2 06932 064.9509 162.4458 7348827 245.5104 025.2291 02.00624667034770
1 06932U 73089  A 78227.35890959  .00000034 +00000-0 +00000-0 0  9998
2 06932 064.9510 162.1763 7350060 245.4703 025.2697 02.00623936034817
1 06932U 73089  A 78228.85427327  .00000018 +00000-0 +00000-0 0  9991
2 06932 064.9511 161.9739 7350987 245.4403 025.2854 02.00623317034844
1 06932U 73089  A 78231.34651994  .00000016 +00000-0 +00000-0 0  9996
2 06932 064.9571 161.6269 7352903 245.3946 025.2800 02.00622336034892
1 06932U 73089  A 78234.33723738  .00000022 +00000-0 +00000-0 0  9991
2 06932 064.9566 161.2178 7354822 245.3390 025.3004 02.00621560034958
1 06932U 73089  A 78237.32796092  .00000005 +00000-0 +00000-0 0  9997
2 06932 064.9552 160.8057 7356877 245.2802 025.3305 02.00620923035017
1 06932U 73089  A 78239.32176463 -.00000002 +00000-0 +00000-0 0  9991
2 06932 064.9394 160.5424 7357566 245.2080 025.1864 02.00615539035059
1 06932U 73089  A 78250.28827279  .00000048 +00000-0 +00000-0 0  9996
2 06932 064.9420 159.0268 7363530 244.9953 025.4704 02.00615245035275
1 06932U 73089  A 78252.28210021  .00000037 +00000-0 +00000-0 0  9997
2 06932 064.9501 158.7511 7364433 244.9481 025.4436 02.00614751035319
1 06932U 73089  A 78254.27599425  .00000014 +00000-0 +00000-0 0  9991
2 06932 064.9436 158.4775 7365600 244.8972 025.4536 02.00614051035354
1 06932U 73089  A 78256.26990694 -.00000000 +00000-0 +00000-0 0  9991
2 06932 064.9399 158.2035 7367054 244.8531 025.4747 02.00613468035394
1 06932U 73089  A 78257.26687362 -.00000001 +00000-0 +00000-0 0  9998
2 06932 064.9285 158.0665 7367845 244.8343 025.4835 02.00613034035414
1 06932U 73089  A 78260.25774452  .00000015 +00000-0 +00000-0 0  9992
2 06932 064.9400 157.6518 7369083 244.7617 025.4894 02.00611972035474
1 06932U 73089  A 78262.25168211  .00000019 +00000-0 +00000-0 0  9998
2 06932 064.9363 157.3767 7370464 244.7220 025.5053 02.00611162035514
1 06932U 73089  A 78264.24561461  .00000011 +00000-0 +00000-0 0  9995
2 06932 064.9329 157.1006 7371643 244.6776 025.5116 02.00610436035552
1 06932U 73089  A 78266.23959284  .00000002 +00000-0 +00000-0 0  9990
2 06932 064.9357 156.8245 7373181 244.6360 025.5364 02.00609571035599
1 06932U 73089  A 78269.23049705  .00000009 +00000-0 +00000-0 0  9998
2 06932 064.9308 156.4087 7375176 244.5790 025.5470 02.00608911035659
1 06932U 73089  A 78273.21838753  .00000052 +00000-0 +00000-0 0  9998
2 06932 064.9340 155.8535 7377404 244.4994 025.5618 02.00607983035738
1 06932U 73089  A 78278.20326879  .00000094 +00000-0 +00000-0 0  9999
2 06932 064.9353 155.1601 7380520 244.4008 025.5643 02.00606776035836
1 06932U 73089  A 78281.19426171  .00000076 +00000-0 +00000-0 0  9997
2 06932 064.9278 154.7427 7382073 244.3300 025.6071 02.00606140035899
1 06932U 73089  A 78285.18221353  .00000072 +00000-0 +00000-0 0  9991
2 06932 064.9172 154.1849 7384636 244.2445 025.6226 02.00605407035976
1 06932U 73089  A 78289.17018102  .00000102 +00000-0 +00000-0 0  9994
2 06932 064.9171 153.6315 7387256 244.1680 025.6315 02.00604663036050
1 06932U 73089  A 78293.15817595  .00000091 +00000-0 +00000-0 0  9997
2 06932 064.9033 153.0699 7389248 244.0670 025.6803 02.00604314036131
1 06932U 73089  A 78304.12504724  .00000205 +00000-0 +00000-0 0  9991
2 06932 064.9090 151.5264 7396298 243.8450 025.6925 02.00603563036355
1 06932U 73089  A 78315.09198978  .00000219 +00000-0 +00000-0 0  9994
2 06932 064.9118 149.9727 7403484 243.6186 025.8180 02.00604608036571
1 06932U 73089  A 78328.05273042  .00000273 +00000-0 +00000-0 0  9990
2 06932 064.9298 148.1225 7411957 243.3470 025.9184 02.00606893036833
1 06932U 73089  A 78338.02233458  .00000271 +00000-0 +00000-0 0  9993
2 06932 064.9213 146.6966 7418629 243.1468 025.9728 02.00609725037037
1 06932U 73089  A 78345.00096468  .00000282 +00000-0 +00000-0 0  9999
2 06932 064.9199 145.6950 7423564 243.0112 026.0133 02.00612013037172
1 06932U 73089  A 78348.98867429  .00000248 +00000-0 +00000-0 0  9994
2 06932 064.9193 145.1260 7426265 242.9368 026.0099 02.00613449037251
1 06932U 73089  A 79003.92644883  .00000250 +00000-0 +00000-0 0  9997
2 06932 064.9111 142.2296 7440328 242.5547 026.1095 02.00625802037656
1 06932U 73089  A 79011.90118864  .00000545 +00000-0 +12482-2 0  9995
2 06932 064.9066 141.0692 7445950 242.3999 026.2898 02.00640193037817
1 06932U 73089  A 79021.86858547  .00000648 +00000-0 +12482-2 0  9994
2 06932 064.9060 139.6057 7452494 242.2162 026.2009 02.00654696038011
1 06932U 73089  A 79026.85212493  .00000617 +00000-0 +12482-2 0  9998
2 06932 064.9005 138.8756 7455739 242.1152 026.2253 02.00662294038115
1 06932U 73089  A 79029.84213147  .00000637 +00000-0 +12482-2 0  9999
2 06932 064.8928 138.4376 7457746 242.0565 026.2305 02.00667275038177
1 06932U 73089  A 79033.82872014  .00000654 +00000-0 +12482-2 0  9995
2 06932 064.8942 137.8496 7460327 241.9777 026.2619 02.00674317038253
1 06932U 73089  A 79037.81512647  .00000631 +00000-0 +12482-2 0  9996
2 06932 064.8864 137.2614 7462973 241.9009 026.2751 02.00681746038339
1 06932U 73089  A 79041.80143098  .00000679 +00000-0 +12482-2 0  9992
2 06932 064.8853 136.6748 7465624 241.8299 026.3110 02.00689449038411
1 06932U 73089  A 79047.78062592  .00001073 +00000-0 +16805-2 0  9996
2 06932 064.8784 135.7764 7469466 241.6876 026.6552 02.00710990038531
1 06932U 73089  A 79058.74055018  .00001090 +00000-0 +15010-2 0  9995
2 06932 064.8584 134.1417 7475923 241.4783 026.4345 02.00737662038754
1 06932U 73089  A 79066.71070714  .00001163 +00000-0 +14356-2 0  9994
2 06932 064.8468 132.9497 7481034 241.3244 026.4713 02.00759829038916
1 06932U 73089  A 79070.19732079  .00001544 +00000-0 +16541-2 0  9991
2 06932 064.8389 132.4240 7483096 241.2573 026.5349 02.00775730038985
1 06932U 73089  A 79076.67175826  .00001794 +00000-0 +16041-2 0  9993
2 06932 064.8321 131.4428 7487036 241.1337 026.6019 02.00803022039110
1 06932U 73089  A 79079.65951447  .00001993 +00000-0 +16489-2 0  9992
2 06932 064.8326 130.9857 7488968 241.0852 026.5522 02.00818593039174
1 06932U 73089  A 79082.64711280  .00002336 +00000-0 +17315-2 0  9995
2 06932 064.8307 130.5333 7491112 241.0259 026.5925 02.00837633039234
1 06932U 73089  A 79083.64281223  .00002492 +00000-0 +17790-2 0  9995
2 06932 064.8314 130.3820 7491697 241.0107 026.5419 02.00845164039259
1 06932U 73089  A 79085.63430321  .00002893 +00000-0 +18940-2 0  9994
2 06932 064.8310 130.0837 7493024 240.9614 026.6053 02.00862381039296
1 06932U 73089  A 79086.62988588  .00003167 +00000-0 +20378-2 0  9990
2 06932 064.8328 129.9301 7493110 240.9419 026.5792 02.00872815039312
1 06932U 73089  A 79089.11885811  .00003874 +00000-0 +22336-2 0  9993
2 06932 064.8232 129.5513 7494918 240.9059 026.6971 02.00901634039361
1 06932U 73089  A 79090.61184932  .00005315 +00000-0 +28149-2 0  9996
2 06932 064.8226 129.3251 7495772 240.8810 026.6532 02.00929408039399
1 06932U 73089  A 79093.09995692  .00005242 +00000-0 +26610-2 0  9994
2 06932 064.8245 128.9426 7496688 240.8166 026.6245 02.00959623039449
1 06932U 73089  A 79093.59757322  .00005234 +00000-0 +26408-2 0  9991
2 06932 064.8268 128.8662 7496808 240.8091 026.6344 02.00965065039454
1 06932U 73089  A 79094.09517772  .00005951 +00000-0 +28149-2 0  9990
2 06932 064.8212 128.7969 7497657 240.8229 026.7155 02.00979773039461
1 06932U 73089  A 79098.57233473  .00006500 +00000-0 +27423-2 0  9995
2 06932 064.8192 128.0879 7499308 240.7199 026.6815 02.01044721039550
1 06932U 73089  A 79104.04270934  .00006573 +00000-0 +23182-2 0  9996
2 06932 064.8088 127.2527 7502291 240.6241 026.7149 02.01120146039667
1 06932U 73089  A 79107.52272182  .00006600 +00000-0 +20825-2 0  9991
2 06932 064.8021 126.7179 7504138 240.5658 026.7053 02.01169013039732
1 06932U 73089  A 79114.48040765  .00006644 +00000-0 +16103-2 0  9996
2 06932 064.7909 125.6468 7508026 240.4469 026.7618 02.01264473039872
1 06932U 73089  A 79116.96437750  .00006707 +00000-0 +14875-2 0  9999
2 06932 064.7898 125.2647 7509245 240.4068 026.7199 02.01299949039929
1 06932U 73089  A 79120.44132740  .00006981 +00000-0 +12698-2 0  9993
2 06932 064.7853 124.7233 7511793 240.3603 026.7768 02.01352259039993
1 06932U 73089  A 79121.43444352  .00007936 +00000-0 +13414-2 0  9996
2 06932 064.7658 124.5703 7512268 240.3439 026.9367 02.01382929040010
1 06932U 73089  A 79137.31440718  .00009440 +00000-0 +67464-3 0  9999
2 06932 064.7523 122.0574 7520006 240.0985 026.7951 02.01645083040337
1 06932U 73089  A 79142.27246480  .00011791 +00000-0 +59562-3 0  9992
2 06932 064.7498 121.2830 7522159 240.0215 027.1629 02.01766189040430
1 06932U 73089  A 79150.19836644  .00015846 +00000-0 +42805-3 0  9996
2 06932 064.7290 120.0245 7525509 239.9239 028.0847 02.02015633040593
1 06932U 73089  A 79156.13408952  .00016695 +00000-0 +21512-3 0  9998
2 06932 064.7110 119.0863 7529714 239.8770 026.9294 02.02203627040718
