1 12603U 81061  D 81203.24382302  .00003341 +00000-0 +03597-3 0  9994
2 12603 047.2171 274.7294 7264190 006.9052 359.7719 02.29142666000618
1 12603U 81061  D 81257.27028604  .00006924 +00000-0 +10563-2 0  9998
2 12603 047.0756 259.1157 7277815 021.9604 357.6503 02.29873474001851
1 12603U 81061  D 81260.31498954  .00006827 +00000-0 +10563-2 0  9998
2 12603 047.0625 258.2942 7275699 022.8102 359.6122 02.30106783001920
1 12603U 81061  D 81285.03736114  .00030097 -46951-4 +17452-2 0  9997
2 12603 046.9777 251.0927 7280055 029.7458 356.0324 02.31012180002498
1 12603U 81061  D 81295.41276696  .00038465 -47586-4 +18157-2 0  9999
2 12603 046.9113 248.0133 7279396 032.7794 352.6636 02.31545898002732
1 12603U 81061  D 81309.20792343  .00046154 +08204-5 +02115-3 0  9990
2 12603 046.8432 243.9665 7278405 036.6555 357.4482 02.32610893003054
