1 06308U 72098  A 73008.44578905 -.00000210 +00000-0 +00000-0 0  9997
2 06308 065.3907 158.5859 7422959 284.4527 009.9373 02.00639979000657
1 06308U 72098  A 73025.39188427 -.00000152 +00000-0 +00000-0 0  9991
2 06308 065.4374 156.2460 7419700 283.9692 010.0608 02.00635046000998
1 06308U 72098  A 73028.38242615 -.00000164 +00000-0 +00000-0 0  9996
2 06308 065.4436 155.8298 7420490 283.8678 010.0783 02.00633740000962
1 06308U 72098  A 73033.36668262 -.00800178 +00000-0 +00000-0 0  9993
2 06308 065.4510 155.1340 7422240 283.6594 010.1135 02.00631971001064
1 06308U 72098  A 73036.35723934 -.00000121 +00000-0 +00000-0 0  9993
2 06308 065.4426 154.7137 7421800 283.5819 010.1331 02.00632036001217
1 06308U 72098  A 73039.34783611 -.00000143 +00000-0 +00000-0 0  9997
2 06308 065.4465 154.2978 7422810 283.4856 010.1482 02.00630656001279
1 06308U 72098  A 73041.34157008 -.00000154 +68085-9 +00000-0 0  9993
2 06308 065.4263 153.9969 7419523 283.4336 010.1791 02.00629318001312
1 06308U 72098  A 73046.32587196 -.00000099 +00000-0 +00000-0 0  9993
2 06308 065.4610 153.3449 7420320 283.2422 010.2165 02.00629944001418
1 06308U 72098  A 73050.31332964 -.00000028 +00000-0 +00000-0 0  9990
2 06308 065.4352 152.7791 7418260 283.1373 010.2519 02.00630283001497
1 06308U 72098  A 73058.28843011 -.00000145 +00000-0 +00000-0 0  9994
2 06308 065.4657 151.6769 7420010 282.8493 010.3056 02.00625717001654
1 06308U 72098  A 73059.78373257 -.00000080 +00000-0 +00000-0 0  9998
2 06308 065.4516 151.4749 7417470 282.8100 010.3295 02.00626672001684
1 06308U 72098  A 73063.27284844 -.00000143 +12334-8 +00000-0 0  9991
2 06308 065.4500 150.9913 7414968 282.7221 010.3642 02.00625064001754
1 06308U 72098  A 73067.26042203  .00000053 +14293-8 +00000-0 0  9990
2 06308 065.4408 150.4407 7413799 282.6027 010.3980 02.00625273001834
1 06308U 72098  A 73071.24797946  .00000053 +12289-8 +00000-0 0  9997
2 06308 065.4407 149.8878 7413795 282.5118 010.4185 02.00625717001913
1 06308U 72098  A 73072.24489148 -.00000085 +12161-8 +00000-0 0  9995
2 06308 065.4554 149.7595 7414151 282.4716 010.4254 02.00623906001938
1 06308U 72098  A 73073.24179684 -.00000114 +12270-8 +00000-0 0  9991
2 06308 065.4557 149.6207 7414098 282.4448 010.4317 02.00623280001959
1 06308U 72098  A 73074.23870566 -.00000141 +12267-8 +00000-0 0  9994
2 06308 065.4562 149.4812 7414059 282.4170 010.4382 02.00622609001972
1 06308U 72098  A 73076.23252918 -.00000191 +12300-8 +00000-0 0  9994
2 06308 065.4575 149.2046 7414017 282.3513 010.4533 02.00621280001913
1 06308U 72098  A 73077.22944800 -.00000225 +12338-8 +00000-0 0  9991
2 06308 065.4568 149.0644 7413867 282.3216 010.4610 02.00620411001932
1 06308U 72098  A 73078.22638271 -.00000271 +12514-8 +00000-0 0  9991
2 06308 065.4575 148.9291 7413155 282.3084 010.4683 02.00619427001956
1 06308U 72098  A 73079.72174299 -.00000244 +12535-8 +00000-0 0  9995
2 06308 065.4588 148.7193 7413561 282.2446 010.4802 02.00619139001987
1 06308U 72098  A 73082.71249748 -.00000181 +13454-8 +00000-0 0  9991
2 06308 065.4540 148.2996 7413547 282.1547 010.5007 02.00618763002044
1 06308U 72098  A 73085.20480861 -.00000155 +12263-8 +00000-0 0  9999
2 06308 065.4605 147.9553 7413279 282.0750 010.5205 02.00618205002094
1 06308U 72098  A 73088.19560011 -.00000161 +12295-8 +00000-0 0  9998
2 06308 065.4571 147.5378 7412945 281.9911 010.5416 02.00617107002154
1 06308U 72098  A 73091.18638067 -.00000107 +12249-8 +00000-0 0  9997
2 06308 065.4552 147.1221 7412716 281.9106 010.5614 02.00617209002218
1 06308U 72098  A 73092.18329506 -.00000057 +12243-8 +00000-0 0  9991
2 06308 065.4513 146.9808 7412492 281.8815 010.5694 02.00617892002238
1 06308U 72098  A 73093.18020146  .00000023 +12224-8 +00000-0 0  9991
2 06308 065.4478 146.8391 7412504 281.8562 010.5751 02.00619058002259
1 06308U 72098  A 73096.17094018  .00000121 +12276-8 +00000-0 0  9998
2 06308 065.4459 146.4205 7412564 281.7692 010.5946 02.00620701002317
1 06308U 72098  A 73098.16477030  .00000088 +12340-8 +00000-0 0  9992
2 06308 065.4275 146.1295 7414207 281.6901 010.6027 02.00620666002352
1 06308U 72098  A 73099.16169260  .00000078 +12340-8 +00000-0 0  9995
2 06308 065.4259 145.9891 7414291 281.6587 010.6094 02.00620478002373
1 06308U 72098  A 73108.13412031 -.00000203 +40600-9 +00000-0 0  9992
2 06308 065.4294 144.7467 7413172 281.3791 010.6806 02.00615389002555
1 06308U 72098  A 73108.13413182 -.00000217 +40600-9 +00000-0 0  9995
2 06308 065.4293 144.7466 7413172 281.3791 010.6806 02.00613816002556
1 06308U 72098  A 73110.12800736 -.00000205 +40537-9 +00000-0 0  9998
2 06308 065.4276 144.4685 7413097 281.3327 010.6918 02.00615435002595
1 06308U 72098  A 73111.12494218 -.00000175 +40197-9 +00000-0 0  9991
2 06308 065.4361 144.3456 7412803 281.2925 010.7029 02.00622554002619
1 06308U 72098  A 73112.12190119 -.00000150 +12397-8 +00000-0 0  9998
2 06308 065.4316 144.1916 7413132 281.2854 010.7025 02.00613709002635
1 06308U 72098  A 73113.61732882 -.00000152 +40193-9 +00000-0 0  9990
2 06308 065.4446 143.9985 7413388 281.2247 010.7150 02.00613597002668
1 06308U 72098  A 73115.61123864 -.00000171 +12336-8 +00000-0 0  9994
2 06308 065.4380 143.7121 7413033 281.1864 010.7261 02.00612280002702
1 06308U 72098  A 73117.10667687 -.00000184 +13009-8 +00000-0 0  9998
2 06308 065.4338 143.5030 7413122 281.1434 010.7355 02.00611565002736
1 06308U 72098  A 73120.09756794 -.00000203 +12362-8 +00000-0 0  9991
2 06308 065.4359 143.0893 7413288 281.0603 010.7538 02.00610131002798
1 06308U 72098  A 73121.09453482 -.00000203 +12362-8 +00000-0 0  9990
2 06308 065.4358 142.9510 7413291 281.0377 010.7590 02.00609724002810
1 06308U 72098  A 73126.07934039 -.00000069 +12362-8 +00000-0 0  9995
2 06308 065.4319 142.2482 7413469 280.8894 010.7925 02.00610273002910
1 06308U 72098  A 73129.56872281 -.00000068 +12362-8 +00000-0 0  9991
2 06308 065.4318 141.7643 7413472 280.8105 010.8109 02.00609788002982
1 06308U 72098  A 73131.06419568 -.00000116 +12362-8 +00000-0 0  9998
2 06308 065.4278 141.5462 7413319 280.7521 010.8255 02.00608672003013
1 06308U 72098  A 73133.05817469 -.00000216 +12362-8 +00000-0 0  9992
2 06308 065.4202 141.2521 7413476 280.6806 010.8413 02.00606483003050
1 06308U 72098  A 73134.55365366 -.00000213 +12362-8 +00000-0 0  9999
2 06308 065.4376 141.0528 7413318 280.6288 010.8545 02.00605960003084
1 06308U 72098  A 73137.04611744 -.00000161 +12362-8 +00000-0 0  9992
2 06308 065.4238 140.6969 7413311 280.5583 010.8711 02.00605589003133
1 06308U 72098  A 73140.03709390 -.00000170 +12362-8 +00000-0 0  9990
2 06308 065.4220 140.2813 7413289 280.4893 010.8874 02.00604435003190
1 06308U 72098  A 73141.03409311 -.00000168 +12362-8 +00000-0 0  9998
2 06308 065.4265 140.1453 7413119 280.4620 010.8949 02.00604042003218
1 06308U 72098  A 73146.01905980 -.00000112 +12362-8 +00000-0 0  9993
2 06308 065.4286 139.4551 7413004 280.3383 010.9248 02.00603641003317
1 06308U 72098  A 73147.01605663 -.00000108 +12362-8 +00000-0 0  9994
2 06308 065.4309 139.3176 7413051 280.3126 010.9306 02.00603502003335
1 06308U 72098  A 73148.51156674 -.00000132 +12362-8 +00000-0 0  9990
2 06308 065.4426 139.1155 7413308 280.2484 010.9442 02.00602723003369
1 06308U 72098  A 73150.00705356 -.00000078 +12362-8 +00000-0 0  9993
2 06308 065.4475 138.9050 7413829 280.1918 010.9544 02.00603344003399
1 06308U 72098  A 73169.94722889 -.00000116 +12362-8 +00000-0 0  9999
2 06308 065.4503 136.1049 7413963 279.5496 011.1068 02.00598193003794
1 06308U 72098  A 73173.93529042 -.00000037 +12362-8 +00000-0 0  9991
2 06308 065.4476 135.5520 7413793 279.4676 011.1277 02.00599126003878
1 06308U 72098  A 73175.92928131  .00000225 +12362-8 +00000-0 0  9992
2 06308 065.4558 135.2795 7413446 279.4163 011.1423 02.00603043003918
1 06308U 72098  A 73186.39796142  .00000002 +12362-8 +00000-0 0  9993
2 06308 065.4380 133.7937 7414269 279.1521 011.2009 02.00600424004126
1 06308U 72098  A 73188.89052935 -.00000025 +12362-8 +00000-0 0  9991
2 06308 065.4439 133.4459 7413395 279.0777 011.2246 02.00599453004175
1 06308U 72098  A 73190.88456862 -.00000025 +12362-8 +00000-0 0  9990
2 06308 065.4438 133.1696 7413395 279.0323 011.2357 02.00599351004216
1 06308U 72098  A 73192.87865830 -.00000203 +12362-8 +00000-0 0  9998
2 06308 065.4476 132.8946 7414003 278.9758 011.2455 02.00596220004254
1 06308U 72098  A 73199.35919659  .00000388 +12362-8 +00000-0 0  9990
2 06308 065.4662 132.0156 7414367 278.7487 011.2986 02.00604410004380
1 06308U 72098  A 73201.35345655 -.00000290 +12362-8 +00000-0 0  9996
2 06308 065.4661 131.7393 7414353 278.7028 011.3100 02.00592631004429
1 06308U 72098  A 73202.84887256 -.00000213 +12362-8 +00000-0 0  9994
2 06308 065.4744 131.5360 7416613 278.6340 011.3122 02.00595688004452
1 06308U 72098  A 73204.84280986 -.00000013 +12362-8 +00000-0 0  9991
2 06308 065.4739 131.2519 7416482 278.5525 011.3330 02.00599952004490
1 06308U 72098  A 73208.83081978  .00000176 +12362-8 +00000-0 0  9993
2 06308 065.4751 130.6979 7416536 278.4210 011.3651 02.00603316004572
1 06308U 72098  A 73211.82181549  .00000235 +12362-8 +00000-0 0  9997
2 06308 065.4784 130.2845 7416418 278.3399 011.3858 02.00604729004637
1 06308U 72098  A 73214.81280944  .00000127 +12362-8 +00000-0 0  9998
2 06308 065.4593 129.8556 7417150 278.2525 011.4027 02.00604441004698
1 06308U 72098  A 73216.80681402  .00000074 +12362-8 +00000-0 0  9994
2 06308 065.4599 129.5794 7416743 278.2027 011.4177 02.00604084004733
1 06308U 72098  A 73218.80081317  .00000018 +12362-8 +00000-0 0  9993
2 06308 065.4621 129.3025 7417405 278.1430 011.4281 02.00603645004779
1 06308U 72098  A 73220.79482309 -.00000037 +12362-8 +00000-0 0  9992
2 06308 065.4541 129.0186 7418089 278.0793 011.4394 02.00602802004819
1 06308U 72098  A 73223.28732090  .00000013 +12362-8 +00000-0 0  9997
2 06308 065.4489 128.6698 7418508 278.0006 011.4562 02.00603294004864
1 06308U 72098  A 73228.77078192  .00000069 +12362-8 +00000-0 0  9993
2 06308 065.4483 127.8996 7419462 277.8485 011.4879 02.00604671004971
1 06308U 72098  A 73230.26630754 -.00000077 +12362-8 +00000-0 0  9998
2 06308 065.4490 127.6912 7420134 277.8037 011.4946 02.00602438005005
1 06308U 72098  A 73231.76180478 -.00000050 +02362-9 +00000-0 0  9998
2 06308 065.4564 127.4798 7420611 277.7555 011.5035 02.00602674005036
1 06308U 72098  A 73232.75872273  .00000171 +02362-9 +00000-0 0  9992
2 06308 065.4594 127.3390 7420922 277.7287 011.5081 02.00606799005058
1 06308U 72098  A 73234.75265434  .00000428 +02362-9 +00000-0 0  9994
2 06308 065.4652 127.0511 7423023 277.6480 011.5144 02.00610209005099
1 06308U 72098  A 73235.74962450  .00000588 +02362-9 +00000-0 0  9993
2 06308 065.4651 126.9122 7423015 277.6249 011.5202 02.00611997005111
1 06308U 72098  A 73236.74658238  .00000442 +02362-9 +00000-0 0  9999
2 06308 065.4549 126.7667 7423124 277.5947 011.5271 02.00611854005134
1 06308U 72098  A 73237.74355152  .00000297 +02362-9 +00000-0 0  9997
2 06308 065.4559 126.6284 7423647 277.5623 011.5318 02.00611019005157
1 06308U 72098  A 73238.74053028  .00000226 +02362-9 +00000-0 0  9997
2 06308 065.4558 126.4894 7423641 277.5392 011.5759 02.00610280005178
1 06308U 72098  A 73240.73445177  .00000203 +02362-9 +00000-0 0  9994
2 06308 065.4622 126.2122 7424062 277.4802 011.5496 02.00611162005218
1 06308U 72098  A 73248.71007141  .00000184 +02440-9 +00000-0 0  9990
2 06308 065.4600 125.0925 7425640 277.2425 011.5988 02.00614262005371
1 06308U 72098  A 73250.20549766  .00000136 +02624-9 +00000-0 0  9992
2 06308 065.4560 124.8819 7426171 277.1943 011.6074 02.00614023005405
1 06308U 72098  A 73252.69786987  .00000100 +02480-9 +00000-0 0  9996
2 06308 065.4505 124.5223 7425991 277.1352 011.6235 02.00614071005450
1 06308U 72098  A 73255.19026106  .00000042 +02624-9 +00000-0 0  9999
2 06308 065.4483 124.1735 7426726 277.0590 011.6379 02.00613332005503
1 06308U 72098  A 73257.68250986  .00000386 +02702-9 +00000-0 0  9998
2 06308 065.4488 123.8203 7426992 276.9934 011.6527 02.00619602005555
1 06308U 72098  A 73258.67954137  .00000139 +03274-9 +00000-0 0  9998
2 06308 065.4492 123.6781 7427197 276.9765 011.6558 02.00615501005579
1 06308U 72098  A 73259.67648068  .00000139 +02479-9 +00000-0 0  9998
2 06308 065.4491 123.5387 7427193 276.9534 011.6615 02.00615788005592
1 06308U 72098  A 73260.67340352  .00000296 +02562-9 +00000-0 0  9992
2 06308 065.4491 123.3993 7427191 276.9304 011.6675 02.00618315005614
1 06308U 72098  A 73263.66406119  .00000371 +03512-9 +00000-0 0  9998
2 06308 065.4396 122.9716 7430316 276.8542 011.6658 02.00621939005675
1 06308U 72098  A 73268.64856329  .00000282 +03299-9 +00000-0 0  9996
2 06308 065.5109 122.2652 7430831 276.6595 011.7119 02.00624204005770
1 06308U 72098  A 73269.64547334  .00000244 +03295-9 +00000-0 0  9994
2 06308 065.5108 122.1258 7430824 276.6357 011.7180 02.00624061005799
1 06308U 72098  A 73270.64236714  .00000243 +04526-9 +00000-0 0  9990
2 06308 065.5107 121.9864 7430818 276.6119 011.7241 02.00624657005819
1 06308U 72098  A 73273.63302155  .00000288 +02564-9 +00000-0 0  9994
2 06308 065.5127 121.5563 7431496 276.5359 011.7390 02.00626826005872
1 06308U 72098  A 73274.62990705  .00000274 +03333-9 +00000-0 0  9998
2 06308 065.5185 121.4187 7431455 276.5100 011.7458 02.00627232005895
1 06308U 72098  A 73275.62678797  .00000274 +03383-9 +00000-0 0  9998
2 06308 065.5184 121.2793 7431449 276.4861 011.7520 02.00627780005912
1 06308U 72098  A 73283.60176571  .00000229 +00000-0 +00000-0 0  9992
2 06308 065.4421 120.0915 7436083 276.2390 011.7839 02.00630975006073
1 06308U 72098  A 73311.51286228  .00000146 +00000-0 +00000-0 0  9993
2 06308 065.4764 116.0654 7444142 275.4870 011.9235 02.00645089006633
1 06308U 72098  A 73315.50002538  .00000144 +00000-0 +00000-0 0  9994
2 06308 065.4721 115.5000 7442602 275.3741 011.9635 02.00645947006716
1 06308U 72098  A 73327.46124681  .00000210 +07335-9 +00000-0 0  9997
2 06308 065.4936 113.7112 7447711 274.9690 012.0345 02.00652671006950
1 06308U 72098  A 73333.44178690  .00000204 +07335-9 +00000-0 0  9994
2 06308 065.5214 112.8957 7445667 274.8113 012.0902 02.00654364007078
1 06308U 72098  A 73335.43531189  .00000214 +07335-9 +00000-0 0  9992
2 06308 065.5215 112.6140 7445661 274.7632 012.1031 02.00654316007116
1 06308U 72098  A 73339.42231291  .00000139 +07335-9 +00000-0 0  9992
2 06308 065.5307 112.0466 7444690 274.6663 012.1356 02.00654602007193
1 06308U 72098  A 73343.40922155  .00000184 +026990  +00000-0 0  9999
2 06308 065.4982 111.4666 7447598 274.5002 012.1594 02.00657296007277
1 06308U 72098  A 73346.39935223  .00000307 +026990  +00000-0 0  9997
2 06308 065.4898 111.0337 7445859 274.4643 012.1811 02.00661111007332
1 06308U 72098  A 73349.38949560  .00000293 +026990  +00000-0 0  9992
2 06308 065.4898 110.6108 7445843 274.3932 012.2002 02.00662470007394
1 06308U 72098  A 73353.37632921  .00000267 +026990  +00000-0 0  9997
2 06308 065.5278 110.0515 7451265 274.1866 012.2174 02.00664115007479
1 06308U 72098  A 74091.02166223  .00000583 +62699-9 +57523-3 0  9998
2 06308 065.5340 094.8934 7496461 271.2900 012.6866 02.00737910009532
1 06308U 72098  A 74114.43542095  .00000594 +62699-9 +57523-3 0  9996
2 06308 065.5112 091.2695 7505749 270.6006 012.8129 02.00751413010006
1 06308U 72098  A 74118.42030618  .00000975 +62699-9 +57523-3 0  9995
2 06308 065.5066 090.6611 7504314 270.4942 012.8540 02.00763272010080
1 06308U 72098  A 74162.73142624  .00003786 +62694-9 +57516-3 0  9999
2 06308 065.4950 083.9038 7521524 269.0523 013.1419 02.00985759010973
1 06308U 72098  A 74183.60870931  .00010942 +20398-7 +43052-3 0  9992
2 06308 065.5413 080.7695 7527634 268.6067 013.2266 02.01387768011393
1 06308U 72098  A 74188.57252306  .00011222 +20397-7 +43051-3 0  9993
2 06308 065.5840 079.9586 7526622 268.5591 013.2486 02.01507889011496
1 06308U 72098  A 74246.61888025  .00003778 +00000-0 +00000-0 0  9999
2 06308 065.6015 071.4632 7508270 266.6733 013.9724 02.01571365012657
1 06308U 72098  A 74248.60329675  .00007516 +11801-7 +14600-2 0  9996
2 06308 065.5092 071.0734 7505577 266.7877 013.9580 02.01611968012695
1 06308U 72098  A 74255.54706808  .00004733 +11798-7 +14599-2 0  9994
2 06308 065.5255 070.0764 7505070 266.7030 013.9888 02.01655637012835
1 06308U 72098  A 74267.94196985  .00005047 +11796-7 +14598-2 0  9996
2 06308 065.5255 068.2332 7504336 266.3874 014.0951 02.01764581013081
1 06308U 72098  A 74274.87908746  .00005716 +11795-7 +14598-2 0  9994
2 06308 065.5113 067.0168 7512495 266.1882 014.0924 02.01849429013221
1 06308U 72098  A 74286.76497220  .00006374 +11794-7 +14598-2 0  9995
2 06308 065.5309 065.2185 7512064 265.8909 014.1914 02.01999330013468
1 06308U 72098  A 74321.32649322  .00030301 +00000-0 +00000-0 0  9998
2 06308 065.5916 059.7126 7514399 264.9446 014.4812 02.03295173014157
1 06308U 72098  A 74349.58093019  .00342195 +00000-0 +00000-0 0  9999
2 06308 065.5510 055.2363 7484672 264.3683 014.8924 02.09749341014737
