1 07248U 74017  D 74089.56525171  .00000000 +00000-0 +00000-0 0  9990
2 07248 047.1176 034.6889 7250696 002.6853 359.7241 02.28086586000068
1 07248U 74017  D 74118.48966265  .00002942 +00000-0 +00000-0 0  9994
2 07248 047.3713 026.9043 7274360 008.7509 359.0455 02.28258817000767
1 07248U 74017  D 74127.68884701  .00002312 +00000-0 +00000-0 0  9991
2 07248 047.4334 024.3776 7270315 011.3569 358.7571 02.28294454000979
1 07248U 74017  D 74162.71998593  .00001562 +00000-0 +00000-0 0  9995
2 07248 047.4975 014.6904 7262062 020.2017 357.7560 02.28404866001778
1 07248U 74017  D 74166.66026588  .00001093 +00000-0 +00000-0 0  9998
2 07248 047.4975 013.5990 7261963 021.2373 357.6367 02.28408074001865
1 07248U 74017  D 74173.22718806  .00000978 +00000-0 +00000-0 0  9990
2 07248 047.4975 011.7802 7261848 022.9633 357.4365 02.28417707002013
1 07248U 74017  D 74199.05505847  .00000138 +00000-0 +00000-0 0  9996
2 07248 047.3813 004.5159 7249001 030.2090 356.5472 02.28434926002600
1 07248U 74017  D 74201.24371099  .00000332 +00000-0 +00000-0 0  9997
2 07248 047.3630 003.8230 7248688 030.9545 356.4544 02.28439068002657
1 07248U 74017  D 74216.12636942  .00000597 +27306-8 +00000-0 0  9990
2 07248 047.3784 359.7865 7247757 034.7918 355.9688 02.28452384002992
1 07248U 74017  D 74228.38219162  .00000163 +27303-8 +00000-0 0  9998
2 07248 047.2942 356.2719 7249127 038.2696 355.5192 02.28454804003279
1 07248U 74017  D 74242.82579845  .00000635 +27301-8 +00000-0 0  9992
2 07248 047.3146 352.2900 7255022 041.9868 355.0343 02.28474745003603
1 07248U 74017  D 74258.14365863  .00000885 +27300-8 +00000-0 0  9993
2 07248 047.2717 347.9228 7259576 046.2787 354.4455 02.28493727003952
1 07248U 74017  D 74267.77110958  .00000973 +27297-8 +00000-0 0  9998
2 07248 047.2659 345.2203 7264559 048.7444 354.1021 02.28512635004176
1 07248U 74017  D 74272.14668510  .00001234 +27297-8 +00000-0 0  9998
2 07248 047.2600 344.0399 7266790 049.9627 353.9283 02.28532351004275
1 07248U 74017  D 74275.20950936  .00001505 +27296-8 +00000-0 0  9994
2 07248 047.2726 343.1562 7265486 050.7681 353.8021 02.28541782004342
1 07248U 74017  D 74287.45914122  .00002305 +27295-8 +00000-0 0  9999
2 07248 047.2528 339.7343 7271229 054.1369 353.3006 02.28596105004621
1 07248U 74017  D 74294.01952645  .00003242 +39400-8 +11592-2 0  9993
2 07248 047.1883 337.7662 7271612 056.1295 352.9815 02.28649665004771
1 07248U 74017  D 74307.57408426  .00002716 +39399-8 +11592-2 0  9994
2 07248 047.1805 333.9021 7274086 059.7590 352.3827 02.28728878005083
1 07248U 74017  D 74359.56328152  .00001694 +39395-8 +11591-2 0  9996
2 07248 047.0478 318.8879 7266509 074.3376 349.4734 02.28982856006271
1 07248U 74017  D 75022.94403171  .00000967 +39391-8 +11590-2 0  9998
2 07248 046.9946 310.6937 7255521 081.9767 347.5256 02.29036898006921
1 07248U 74017  D 75036.47741937  .00000676 +39389-8 +11589-2 0  9998
2 07248 047.0018 306.8925 7253313 085.6698 346.4765 02.29051285007233
1 07248U 74017  D 75050.00948905  .00000837 +39388-8 +11589-2 0  9995
2 07248 046.9585 302.9617 7250533 089.4705 345.2903 02.29072666007548
1 07248U 74017  D 75060.48513698  .00000737 +39387-8 +11588-2 0  9992
2 07248 046.9613 299.9730 7249587 092.3365 344.3269 02.29085484007786
1 07248U 74017  D 75074.45151567  .00000931 +39385-8 +11588-2 0  9991
2 07248 046.9559 295.9985 7250279 096.0830 342.9699 02.29107936008106
1 07248U 74017  D 75088.41604947  .00000985 +00000-0 +00000-0 0  9995
2 07248 046.9692 291.9348 7251729 100.0885 341.3639 02.29134219008426
1 07248U 74017  D 75092.34332132  .00000890 +00000-0 +00000-0 0  9991
2 07248 046.9692 290.8349 7251667 101.1589 340.8987 02.29139286008518
1 07248U 74017  D 75104.12404342  .00001035 +00000-0 +00000-0 0  9996
2 07248 046.9552 287.4080 7251680 104.4838 339.3597 02.29163959008788
1 07248U 74017  D 75112.41342115  .00000957 +00000-0 +00000-0 0  9998
2 07248 046.9865 284.9950 7250545 106.7684 338.1977 02.29178574008975
1 07248U 74017  D 75116.77601764  .00000937 +00000-0 +00000-0 0  9997
2 07248 046.9865 283.7739 7250478 107.9558 337.5667 02.29186030009072
1 07248U 74017  D 75119.82979963  .00000770 +00000-0 +00000-0 0  9990
2 07248 046.9865 282.9191 7250432 108.7870 337.1109 02.29187829009143
1 07248U 74017  D 75133.78873729  .00000670 +00000-0 +00000-0 0  9993
2 07248 046.9738 278.8920 7245602 112.6671 334.7617 02.29206232009464
1 07248U 74017  D 75146.43787284  .00000508 +00000-0 +00000-0 0  9999
2 07248 047.0105 275.2551 7241825 116.2625 332.3130 02.29217680009752
1 07248U 74017  D 75152.10801549  .00000323 +00000-0 +00000-0 0  9996
2 07248 047.0154 273.6518 7238496 117.7387 331.1961 02.29218930009884
1 07248U 74017  D 75155.16103646  .00000371 +00000-0 +00000-0 0  9991
2 07248 047.0167 272.8076 7237657 118.5823 330.5467 02.29222168009950
1 07248U 74017  D 75165.62837071  .00000155 +00000-0 +00000-0 0  9999
2 07248 047.0273 269.8662 7231989 121.4051 328.1920 02.29224130010199
1 07248U 74017  D 75169.11739297  .00000229 +00000-0 +00000-0 0  9990
2 07248 047.0158 268.9303 7230210 122.3026 327.3944 02.29226895010277
1 07248U 74017  D 75175.65921304  .00000135 +00000-0 +00000-0 0  9994
2 07248 047.0156 267.1409 7227759 124.0549 325.7784 02.29227147010428
1 07248U 74017  D 75179.58407016  .00000085 +00000-0 +00000-0 0  9993
2 07248 047.0097 266.0481 7224909 125.1909 324.6574 02.29227916010515
1 07248U 74017  D 75193.53889510  .00000040 +00000-0 +00000-0 0  9998
2 07248 047.0439 262.1572 7218583 129.0044 320.5992 02.29231113010835
1 07248U 74017  D 75200.95216273  .00000200 +00000-0 +00000-0 0  9991
2 07248 047.0553 260.0802 7216331 130.9869 318.2778 02.29229394011004
1 07248U 74017  D 75204.00429388  .00000079 +00000-0 +00000-0 0  9998
2 07248 047.0585 259.2551 7213666 132.0116 316.9863 02.29230827011076
1 07248U 74017  D 75209.23674677  .00000553 +00000-0 +00000-0 0  9998
2 07248 047.0366 257.8337 7211321 133.4421 315.1254 02.29241353011193
1 07248U 74017  D 75214.90570210  .00000108 +00000-0 +00000-0 0  9992
2 07248 047.0210 256.3205 7209196 134.7344 313.3594 02.29233212011321
1 07248U 74017  D 75217.95799920  .00000069 +00000-0 +00000-0 0  9997
2 07248 047.0453 255.4521 7209071 135.5338 312.2460 02.29233324011396
1 07248U 74017  D 75224.93439482  .00000132 +00000-0 +00000-0 0  9998
2 07248 047.0453 253.5489 7209072 137.3793 309.5537 02.29237654011556
1 07248U 74017  D 75237.14243981  .00000366 +00000-0 +00000-0 0  9991
2 07248 047.0151 250.2162 7205937 140.6434 304.2692 02.29242013011838
1 07248U 74017  D 75239.32241438  .00000209 +00000-0 +00000-0 0  9994
2 07248 047.0151 249.6221 7205924 141.2202 303.2793 02.29239956011880
1 07248U 74017  D 75244.11842011  .00000393 +00000-0 +00000-0 0  9995
2 07248 047.0246 248.2861 7204036 142.4277 301.1042 02.29230609011990
1 07248U 74017  D 75246.29828118  .00000157 +00000-0 +00000-0 0  9996
2 07248 047.0246 247.6931 7204051 143.0034 300.0513 02.29233416012043
1 07248U 74017  D 75249.35000657  .00000031 +00000-0 +00000-0 0  9997
2 07248 047.0503 246.7805 7203987 143.8372 298.4857 02.29235316012119
1 07248U 74017  D 75256.32529828  .00000031 +00000-0 +00000-0 0  9998
2 07248 047.0503 244.8836 7203983 145.6763 294.8675 02.29236388012277
1 07248U 74017  D 75263.30027007  .00000098 +00000-0 +00000-0 0  9999
2 07248 047.0502 242.9868 7203979 147.5153 291.0087 02.29238400012430
1 07248U 74017  D 75270.27484274  .00000282 +00000-0 +00000-0 0  9991
2 07248 047.0795 241.0779 7204016 149.4233 286.7392 02.29232920012596
1 07248U 74017  D 75274.19796749  .00000120 +00000-0 +00000-0 0  9990
2 07248 047.0794 240.0116 7204033 150.4556 284.3117 02.29234669012689
1 07248U 74017  D 75277.24925085  .00000303 +00000-0 +00000-0 0  9999
2 07248 047.1217 239.1217 7205223 151.2359 282.4435 02.29240833012753
1 07248U 74017  D 75295.55599257  .00000059 +00000-0 +00000-0 0  9999
2 07248 047.1642 234.0544 7207394 155.9013 270.1302 02.29237028013177
1 07248U 74017  D 75298.60685585  .00000112 +00000-0 +00000-0 0  9998
2 07248 047.1641 233.2248 7207396 156.7013 267.8270 02.29235127013242
1 07248U 74017  D 75302.52919479  .00000005 +00000-0 +00000-0 0  9998
2 07248 047.1640 232.1582 7207403 157.7298 264.7852 02.29237320013334
1 07248U 74017  D 75316.47254130  .00000610 +00000-0 +00000-0 0  9995
2 07248 047.1149 228.4194 7207206 161.8746 251.6039 02.29244921013652
1 07248U 74017  D 75330.41549392  .00000566 +00000-0 +00000-0 0  9992
2 07248 047.1541 224.5844 7207118 165.6801 238.2470 02.29247397013978
1 07248U 74017  D 75333.90005823 -.00000002 +00000-0 +00000-0 0  9991
2 07248 047.1731 223.6551 7209005 166.8500 233.9402 02.29243202014058
1 07248U 74017  D 75339.99989792 -.00000174 +00000-0 +00000-0 0  9992
2 07248 047.0738 222.0572 7208301 168.4455 227.8637 02.29238255014194
1 07248U 74017  D 75343.92084355  .00000356 +00000-0 +00000-0 0  9992
2 07248 047.0738 220.9886 7208313 169.4804 223.8379 02.29248432014288
1 07248U 74017  D 75343.92225265  .00000507 +00000-0 +00000-0 0  9997
2 07248 047.1256 220.9038 7205068 169.1617 225.0479 02.29250047014286
1 07248U 74017  D 75350.89255089 -.00000190 +00000-0 +00000-0 0  9997
2 07248 047.1087 219.0473 7207260 171.0812 217.4707 02.29242659014442
1 07248U 74017  D 75350.89295194 -.00000282 +00000-0 +00000-0 0  9990
2 07248 047.1053 219.0104 7205011 170.9908 217.8118 02.29241795014442
1 07248U 74017  D 75361.78457923  .00000277 +00000-0 +00000-0 0  9993
2 07248 047.0308 216.1133 7204557 173.7227 206.6695 02.29252281014698
1 07248U 74017  D 76017.69268846  .00000528 +00000-0 +00000-0 0  9995
2 07248 046.9759 210.3321 7206965 179.5590 182.0347 02.29255896015173
1 07248U 74017  D 76017.69295883  .00000195 +00000-0 +00000-0 0  9996
2 07248 046.9989 210.3210 7205735 179.5093 182.2465 02.29252850015177
1 07248U 74017  D 76025.09793710  .00000120 +00000-0 +00000-0 0  9999
2 07248 046.9758 208.3114 7206901 181.5249 173.6426 02.29253458015348
1 07248U 74017  D 76035.55239057  .00000182 +00000-0 +00000-0 0  9998
2 07248 046.9939 205.4062 7209761 184.2965 161.8757 02.29256522015588
1 07248U 74017  D 76042.08697223 -.00000304 +00000-0 +00000-0 0  9994
2 07248 046.9452 203.6603 7211182 185.9592 154.9047 02.29249551015739
1 07248U 74017  D 76049.05662154  .00000208 +00000-0 +00000-0 0  9995
2 07248 046.9453 201.7526 7211216 187.8178 147.2467 02.29259793015899
1 07248U 74017  D 76052.97723436  .00000090 +00000-0 +00000-0 0  9990
2 07248 046.9453 200.6795 7211203 188.8634 143.0103 02.29258222015986
1 07248U 74017  D 76056.46223974  .00000046 +00000-0 +00000-0 0  9991
2 07248 046.9453 199.7255 7211197 189.7929 139.2939 02.29258396016060
1 07248U 74017  D 76059.94606637  .00000692 +00000-0 +00000-0 0  9995
2 07248 046.9812 198.7525 7222295 190.9282 134.6973 02.29268024016140
1 07248U 74017  D 76063.43114614  .00000306 +00000-0 +00000-0 0  9995
2 07248 046.9812 197.7927 7222256 191.8617 131.0744 02.29265213016227
1 07248U 74017  D 76083.90715455  .00000022 +00000-0 +00000-0 0  9994
2 07248 046.9907 192.1396 7229022 197.2643 111.2436 02.29269418016698
1 07248U 74017  D 76087.82851171  .00000645 +00000-0 +00000-0 0  9996
2 07248 046.9839 191.0725 7232152 198.1774 108.0845 02.29283328016783
1 07248U 74017  D 76091.74902152  .00000610 +00000-0 +00000-0 0  9990
2 07248 046.9764 189.9855 7231664 199.3708 104.1359 02.29287078016870
1 07248U 74017  D 76122.68137070  .00000718 +00000-0 +00000-0 0  9996
2 07248 046.9900 181.1774 7247250 207.9077 079.1180 02.29330835017581
1 07248U 74017  D 76126.60111376  .00000833 +00000-0 +00000-0 0  9991
2 07248 046.9614 180.0533 7255381 209.3973 075.2790 02.29339519017671
1 07248U 74017  D 76126.60144182  .00001383 +00000-0 +00000-0 0  9993
2 07248 046.9433 180.0506 7256398 209.2481 075.6198 02.29346037017671
1 07248U 74017  D 76129.65094420  .00001175 +00000-0 +00000-0 0  9999
2 07248 046.9614 179.1966 7256682 210.1630 073.4322 02.29351722017744
1 07248U 74017  D 76136.62207173  .00001062 +00000-0 +00000-0 0  9990
2 07248 046.9057 177.2130 7255713 211.9183 069.4511 02.29365883017909
1 07248U 74017  D 76150.56389756  .00001414 +00000-0 +00000-0 0  9998
2 07248 046.8308 173.2045 7259776 215.5533 061.8316 02.29392573018221
1 07248U 74017  D 76157.53329801  .00001218 +00000-0 +00000-0 0  9999
2 07248 046.8283 171.2168 7264985 217.8947 057.3714 02.29407861018385
1 07248U 74017  D 76161.45429894  .00001002 +00000-0 +00000-0 0  9999
2 07248 046.7978 170.1093 7263617 218.9351 055.5758 02.29412300018474
1 07248U 74017  D 76168.42406603  .00001249 +00000-0 +00000-0 0  9999
2 07248 046.8407 167.9818 7268395 220.9597 052.1364 02.29432663018632
1 07248U 74017  D 76171.47358512  .00001330 +00000-0 +00000-0 0  9994
2 07248 046.8177 167.1284 7266670 221.7261 050.9635 02.29441155018707
1 07248U 74017  D 76178.44299745  .00001089 +00000-0 +00000-0 0  9991
2 07248 046.7733 165.1470 7272208 223.8408 047.7126 02.29453760018860
1 07248U 74017  D 76185.41219993  .00001568 +00000-0 +00000-0 0  9995
2 07248 046.8006 163.1223 7273416 225.7766 045.0161 02.29482166019029
1 07248U 74017  D 76189.33214945  .00001459 +00000-0 +00000-0 0  9991
2 07248 046.7727 162.0032 7276648 226.8995 043.4948 02.29492307019113
1 07248U 74017  D 76196.30036206  .00001754 +00000-0 +00000-0 0  9996
2 07248 046.7862 159.9774 7281090 228.9322 040.9179 02.29521356019277
1 07248U 74017  D 76200.21983003  .00001909 +00000-0 +00000-0 0  9990
2 07248 046.7916 158.8575 7282847 230.0070 039.6403 02.29538347019362
1 07248U 74017  D 76209.36437379  .00002402 +00000-0 +00000-0 0  9994
2 07248 046.7787 156.2222 7281201 232.4797 036.9733 02.29585731019572
1 07248U 74017  D 76233.29820387  .00002402 +00000-0 +00000-0 0  9998
2 07248 046.7786 149.3409 7280293 239.2366 030.7359 02.29763547020120
1 07248U 74017  D 76233.29831423  .00003945 +00000-0 +00000-0 0  9994
2 07248 046.8106 149.3435 7277909 239.0375 030.9329 02.29813718020129
1 07248U 74017  D 76247.19170519  .00001262 +00000-0 +00000-0 0  9990
2 07248 046.7417 145.2662 7266557 242.1419 028.6528 02.30452247020449
