1 12116U 80103  A 80359.27697597  .00000935 +00000-0 +32742+1 0  9995
2 12116 065.8300 193.2400 9302998 290.8200 001.2003 00.25316498000009
1 12116U 80103  A 80359.27751017  .00001291 +00000-0 +00000-0 0  9991
2 12116 065.8300 193.2399 9302998 290.8199 001.2469 00.25316500000003
1 12116U 80103  A 80359.27756804  .00001292 +00000-0 +99999-4 0  9990
2 12116 065.8300 193.2400 9302998 290.8200 001.2469 00.25316499000006
1 12116U 80103A   80359.27778759 +.00002150 +00000-0 +10000-3 0  9992
2 12116 065.8300 193.2399 9302998 290.8199 001.2469 00.25316500000003
1 12116U 80103  A 80359.27778795  .00001291 +00000-0 +00000-0 0  9993
2 12116 065.8300 193.2399 9302998 290.8199 001.2469 00.25316500000003
