1 06418U 73018  A 73108.19925669  .00001223 +00000-0 +00000-0 0  9992
2 06418 065.4857 338.0561 7381038 284.7269 010.1210 02.05074284000265
1 06418U 73018  A 73118.65541920  .00000378 +00000-0 +00000-0 0  9998
2 06418 065.4600 336.5043 7422205 284.3986 009.9533 02.00633739000471
1 06418U 73018  A 73143.57624462  .00000090 +00000-0 +00000-0 0  9991
2 06418 065.4318 332.8975 7418757 283.9354 010.0737 02.00638665000978
1 06418U 73018  A 73148.56035186  .00000090 +00000-0 +00000-0 0  9994
2 06418 065.4317 332.2038 7418749 028.3223 010.1011 02.00639563001074
1 06418U 73018  A 73152.54753331  .00000150 +00000-0 +00000-0 0  9993
2 06418 065.4292 331.5860 7424375 283.6365 010.1060 02.00642459001157
1 06418U 73018  A 73155.53797054  .00000124 +00000-0 +00000-0 0  9996
2 06418 065.4358 331.1267 7422469 283.6310 010.1184 02.00642433001215
1 06418U 73018  A 73163.51239589  .00000128 +00000-0 +00000-0 0  9991
2 06418 065.4755 329.9664 7422699 283.4517 010.1563 02.00644288001372
1 06418U 73018  A 73169.49317131  .00000103 +00000-0 +00000-0 0  9997
2 06418 065.4770 329.1033 7421914 283.3214 010.1897 02.00644971001495
1 06418U 73018  A 73173.48038961  .00000064 +00000-0 +00000-0 0  9998
2 06418 065.5520 328.5102 7425772 283.1203 010.2112 02.00644526001577
1 06418U 73018  A 73192.41908667  .00000170 +00000-0 +00000-0 0  9999
2 06418 065.4900 325.6122 7407433 282.9906 010.3492 02.00651684001956
1 06418U 73018  A 73204.87856531  .00000164 +00000-0 +00000-0 0  9998
2 06418 065.5814 323.8917 7403549 282.6740 010.4436 02.00654709002209
1 06418U 73018  A 73207.86883173  .00000146 +00000-0 +00000-0 0  9992
2 06418 065.5880 323.4636 7402419 282.5925 010.4688 02.00654901002264
1 06418U 73018  A 73212.85263713  .00000084 +00000-0 +00000-0 0  9990
2 06418 065.5798 322.7200 7398461 282.5181 010.5095 02.00653990002367
1 06418U 73018  A 73215.34450803  .00000092 +00000-0 +00000-0 0  9994
2 06418 065.6018 322.3777 7398052 282.4486 010.5278 02.00654616002416
1 06418U 73018  A 73219.82978928  .00000165 +00000-0 +00000-0 0  9995
2 06418 065.6052 321.7335 7395523 282.3603 010.5632 02.00657686002501
1 06418U 73018  A 73220.32814822  .00000162 +00000-0 +00000-0 0  9991
2 06418 065.6373 321.6618 7395924 282.3572 010.5615 02.00657870002517
1 06418U 73018  A 73223.31841882  .00000103 +00000-0 +00000-0 0  9994
2 06418 065.6585 321.2520 7394446 282.2545 010.5939 02.00656771002571
1 06418U 73018  A 73226.80705182  .00000067 +00000-0 +00000-0 0  9992
2 06418 065.6663 320.7616 7393556 282.1474 010.6239 02.00656093002648
1 06418U 73018  A 73227.80375154  .00000104 +00000-0 +00000-0 0  9997
2 06418 065.6664 320.6202 7392755 282.1315 010.6324 02.00657439002665
1 06418U 73018  A 73230.29562284  .00000078 +00000-0 +00000-0 0  9996
2 06418 065.6577 320.2801 7391879 282.0549 010.6553 02.00656996002710
1 06418U 73018  A 73247.24014201  .00000052 +00000-0 +00000-0 0  9992
2 06418 065.6894 317.9521 7385279 281.6607 010.7870 02.00657845003056
1 06418U 73018  A 73250.72873935  .00000023 +00000-0 +00000-0 0  9994
2 06418 065.6929 317.4654 7383145 281.5660 010.8223 02.00657177003124
1 06418U 73018  A 73253.22061696 -.00000016 +00000-0 +00000-0 0  9998
2 06418 065.6950 317.1265 7382429 281.4963 010.8430 02.00656056003172
1 06418U 73018  A 73256.70920292 -.00000016 +00000-0 +00000-0 0  9990
2 06418 065.6949 316.6570 7382429 281.4090 010.8634 02.00655937003245
1 06418U 73018  A 73259.20106126  .00000032 +00000-0 +00000-0 0  9997
2 06418 065.6498 316.2750 7378977 281.3257 010.9044 02.00656319003293
1 06418U 73018  A 73262.19129685  .00000010 +00000-0 +00000-0 0  9990
2 06418 065.6332 315.8220 7377821 281.2768 010.9231 02.00655484003357
1 06418U 73018  A 73266.17831122 -.00000216 +00000-0 +00000-0 0  9997
2 06418 065.6675 315.2600 7374483 281.1622 010.9709 02.00652528003437
1 06418U 73018  A 73269.16855231  .00000011 +00000-0 +00000-0 0  9998
2 06418 065.6652 314.8533 7373618 281.0781 010.9962 02.00654197003497
1 06418U 73018  A 73275.64740992  .00000011 +00000-0 +00000-0 0  9995
2 06418 065.6651 313.9855 7373616 280.9190 011.0341 02.00654364003627
1 06418U 73018  A 73287.11023215 -.00000037 +00000-0 +00000-0 0  9991
2 06418 065.6457 312.3372 7374709 280.6210 011.0984 02.00649714003853
1 06418U 73018  A 73289.60219998 -.00000153 +00000-0 +00000-0 0  9991
2 06418 065.6799 312.0080 7373597 280.5676 011.1182 02.00647879003901
1 06418U 73018  A 73292.09420115 -.00000347 +00000-0 +00000-0 0  9998
2 06418 065.6911 311.6318 7372708 280.4939 011.1415 02.00644231003953
1 06418U 73018  A 73293.09101646 -.00000476 +00000-0 +00000-0 0  9997
2 06418 065.6841 311.4902 7372722 280.4703 011.1471 02.00641894003973
1 06418U 73018  A 73296.08140090 -.00000300 +00000-0 +00000-0 0  9991
2 06418 065.7003 311.0811 7372755 280.3974 011.1645 02.00642204004031
1 06418U 73018  A 73300.06850894 -.00000012 +00000-0 +00000-0 0  9995
2 06418 065.6888 310.5167 7372670 280.2997 011.1886 02.00645685004111
1 06418U 73018  A 73305.05259253 -.00000180 +00000-0 +00000-0 0  9997
2 06418 065.5991 309.7336 7372727 280.2131 011.2092 02.00641060004210
1 06418U 73018  A 73306.54780946 -.00000119 +00000-0 +00000-0 0  9992
2 06418 065.6225 309.5207 7372222 280.1784 011.2208 02.00641251004243
1 06418U 73018  A 73308.04304242 -.00000166 +00000-0 +00000-0 0  9992
2 06418 065.6186 309.3104 7371625 280.1621 011.2285 02.00640035004276
1 06418U 73018  A 73310.53507806 -.00000063 +00000-0 +00000-0 0  9996
2 06418 065.6274 308.9610 7371419 280.1005 011.2448 02.00640464004321
1 06418U 73018  A 73313.02712898 -.00000178 +00000-0 +00000-0 0  9999
2 06418 065.6278 308.6143 7371611 280.0717 011.2506 02.00638890004376
1 06418U 73018  A 73317.01443806 -.00000178 +00000-0 +00000-0 0  9992
2 06418 065.6277 308.0802 7371623 279.9755 011.2739 02.00637484004458
1 06418U 73018  A 73321.99881316 -.00000421 +00000-0 +00000-0 0  9997
2 06418 065.6653 307.2814 7366215 279.8887 011.3296 02.00629330004557
1 06418U 73018  A 73327.48159509 -.00000091 +00000-0 +00000-0 0  9992
2 06418 065.6430 306.5005 7366213 279.8886 011.3296 02.00632453004663
1 06418U 73018  A 73330.47194686  .00000061 +00000-0 +00000-0 0  9996
2 06418 065.6395 306.0939 7365553 279.6635 011.3891 02.00635314004727
1 06418U 73018  A 73332.46582872 -.00000349 +00000-0 +00000-0 0  9995
2 06418 065.6361 305.8127 7365563 279.6190 011.3999 02.00627255004761
1 06418U 73018  A 73338.44705440 -.00000079 +00000-0 +00000-0 0  9997
2 06418 065.6359 305.0150 7365599 279.4748 011.4353 02.00628519004884
1 06418U 73018  A 73339.94245525  .00000110 +00000-0 +00000-0 0  9991
2 06418 065.6370 304.7566 7363346 279.4861 011.4470 02.00629997004913
1 06418U 73018  A 73341.43779521  .00000042 +00000-0 +00000-0 0  9990
2 06418 065.6369 304.5574 7363343 279.4500 011.4559 02.00628686004940
1 06418U 73018  A 73344.92694179 -.00000114 +00000-0 +00000-0 0  9993
2 06418 065.6723 304.0667 7359938 279.3492 011.5029 02.00626683005013
1 06418U 73018  A 73345.92389712 -.00000429 +00000-0 +00000-0 0  9997
2 06418 065.7025 303.9013 7360467 279.3206 011.5066 02.00621152005033
1 06418U 73018  A 73354.89612031  .00000228 +00000-0 +00000-0 0  9992
2 06418 065.7138 302.5870 7356978 279.2824 011.5386 02.00625038005213
1 06418U 73018  A 73356.89004256  .00000294 +00000-0 +00000-0 0  9991
2 06418 065.6521 302.2674 7354974 279.2207 011.5670 02.00623655005259
1 06418U 73018  A 73358.88391600 -.00000020 +00000-0 +00000-0 0  9992
2 06418 065.6381 302.0156 7352657 279.1523 011.5992 02.00619912005294
1 06418U 73018  A 73365.36393220  .00000753 +00000-0 +00000-0 0  9995
2 06418 065.6575 301.1509 7345049 278.9090 011.7100 02.00627565005425
1 06418U 73018  A 74002.35783628  .00000200 +00000-0 +00000-0 0  9995
2 06418 065.6917 300.9054 7343952 278.8582 011.7302 02.00619626005460
1 06418U 73018  A 74003.35483911 -.00000562 +00000-0 +00000-0 0  9990
2 06418 065.6874 300.7761 7342023 278.8421 011.7468 02.00612950005483
1 06418U 73018  A 74005.34875638 -.00000562 +00000-0 +00000-0 0  9992
2 06418 065.6873 300.5147 7342042 278.7937 011.7590 02.00610709005521
1 06418U 73018  A 74007.34269591 -.00000562 +00000-0 +00000-0 0  9999
2 06418 065.6872 300.2533 7342061 278.7453 011.7711 02.00608468005568
1 06418U 73018  A 74008.83814650 -.00000426 +00000-0 +00000-0 0  9995
2 06418 065.6978 300.0427 7341760 278.7033 011.7838 02.00608468005597
1 06418U 73018  A 74010.33357998 -.00000339 +00000-0 +00000-0 0  9993
2 06418 065.7044 299.8481 7341546 278.6631 011.7954 02.00608873005625
1 06418U 73018  A 74012.82605524 -.00000398 +00000-0 +00000-0 0  9995
2 06418 065.6971 299.5184 7341384 278.6053 011.8112 02.00605917005676
1 06418U 73018  A 74014.32142360 -.00000118 +00000-0 +00000-0 0  9996
2 06418 065.7013 299.3095 7340025 278.5612 011.8314 02.00610399005702
1 06418U 73018  A 74015.81682980  .00000065 +00000-0 +00000-0 0  9998
2 06418 065.6925 299.1077 7338039 278.5511 011.8471 02.00613189005738
1 06418U 73018  A 74016.81381922  .00000078 +00000-0 +00000-0 0  9995
2 06418 065.6856 298.9671 7335731 278.5448 011.8639 02.00612760005755
1 06418U 73018  A 74019.30635089 -.00000413 +00000-0 +00000-0 0  9992
2 06418 065.6747 298.6372 7333622 278.4769 011.8953 02.00605083005806
1 06418U 73018  A 74021.30036766 -.00000471 +00000-0 +00000-0 0  9996
2 06418 065.6731 298.3719 7332218 278.4203 011.9191 02.00602531005848
1 06418U 73018  A 74024.29128459 -.00000441 +00000-0 +00000-0 0  9995
2 06418 065.6780 297.9662 7330048 278.3301 011.9568 02.00602508005900
1 06418U 73018  A 74025.78678318 -.00000367 +00000-0 +00000-0 0  9991
2 06418 065.6749 297.7733 7329635 278.2952 011.9685 02.00602317005934
1 06418U 73018  A 74029.77470699 -.00000231 +00000-0 +00000-0 0  9996
2 06418 065.6862 297.2283 7330464 278.2399 011.9773 02.00604105006017
1 06418U 73018  A 74033.76270198 -.00000089 +00000-0 +00000-0 0  9993
2 06418 065.6936 296.7055 7327083 278.1377 012.0263 02.00605679006099
1 06418U 73018  A 74037.75077341 -.00000357 +00000-0 +00000-0 0  9999
2 06418 065.7114 296.1776 7323441 277.9961 012.0874 02.00600529006178
1 06418U 73018  A 74038.74775219  .00000011 +00000-0 +00000-0 0  9994
2 06418 065.7012 296.0376 7322806 277.9265 012.1099 02.00603771006195
1 06418U 73018  A 74042.73578691 -.00000064 +00000-0 +00000-0 0  9992
2 06418 065.6911 295.5018 7320960 277.8468 012.1431 02.00602531006274
1 06418U 73018  A 74045.72668313 -.00000609 +00000-0 +00000-0 0  9990
2 06418 065.6790 295.1007 7320905 277.6413 012.1975 02.00598168006330
1 06418U 73018  A 74047.22229719 -.00001025 +00000-0 +00000-0 0  9993
2 06418 065.7033 294.9127 7319375 277.5882 012.2218 02.00591159006366
1 06418U 73018  A 74049.71496963  .00000008 +00000-0 +00000-0 0  9995
2 06418 065.7095 294.5921 7316253 277.6353 012.2304 02.00600338006410
1 06418U 73018  A 74051.70902251 -.00000059 +00000-0 +00000-0 0  9996
2 06418 065.7131 294.3241 7316679 277.5903 012.2394 02.00599051006458
1 06418U 73018  A 74052.70607519 -.00000124 +00000-0 +00000-0 0  9999
2 06418 065.7088 294.1994 7315952 277.5598 012.2524 02.00597572006478
1 06418U 73018  A 74054.70000075  .00000322 +00000-0 +00000-0 0  9994
2 06418 065.7062 293.9372 7314966 277.4990 012.2751 02.00604749006518
1 06418U 73018  A 74055.69702578  .00000213 +00000-0 +00000-0 0  9999
2 06418 065.7006 293.8018 7314829 277.4710 012.2835 02.00603580006537
1 06418U 73018  A 74057.69111061 -.00000047 +00000-0 +00000-0 0  9998
2 06418 065.7144 293.5344 7313676 277.4164 012.3058 02.00600147006579
1 06418U 73018  A 74058.68813943  .00000054 +00000-0 +00000-0 0  9993
2 06418 065.7144 293.4061 7313676 277.3923 012.3122 02.00600839006598
1 06418U 73018  A 74059.68518066 -.00000229 +00000-0 +00000-0 0  9997
2 06418 065.7406 293.2679 7314259 277.3231 012.3267 02.00595951006613
1 06418U 73018  A 74060.68221998 -.00000229 +00000-0 +00000-0 0  9994
2 06418 065.7406 293.1397 7314263 277.2987 012.3331 02.00595498006631
1 06418U 73018  A 74061.67924595 -.00000070 +00000-0 +00000-0 0  9991
2 06418 065.7298 293.0019 7313701 277.2871 012.3401 02.00596809006655
1 06418U 73018  A 74064.67044925 -.00000708 +00000-0 +00000-0 0  9992
2 06418 065.7540 292.6270 7312315 277.2457 012.3606 02.00588894006718
1 06418U 73018  A 74065.66746188 -.00000559 +00000-0 +00000-0 0  9996
2 06418 065.7539 292.4990 7312327 277.2213 012.3669 02.00590658006738
1 06418U 73018  A 74066.66442442 -.00000036 +00000-0 +00000-0 0  9993
2 06418 065.7449 292.3622 7313518 277.1727 012.3718 02.00596333006754
1 06418U 73018  A 74068.65841579  .00000167 +00000-0 +00000-0 0  9992
2 06418 065.7415 292.1057 7313308 277.1389 012.3823 02.00599957006794
1 06418U 73018  A 74071.64946126  .00000238 +00000-0 +00000-0 0  9998
2 06418 065.7170 291.6943 7313119 277.0590 012.4049 02.00601673006850
1 06418U 73018  A 74160.88217828  .00000207 +00000-0 +00000-0 0  9999
2 06418 065.7242 279.6755 7279056 275.0249 013.2057 02.00614369008640
1 06418U 73018  A 74167.86074399  .00000228 +00000-0 +00000-0 0  9991
2 06418 065.7376 278.7950 7277927 274.8443 013.2655 02.00617886008789
1 06418U 73018  A 74203.74881027  .00000235 +00000-0 +00000-0 0  9991
2 06418 065.7409 274.1564 7253381 273.8999 013.7191 02.00634645009503
1 06418U 73018  A 74230.66282796  .00000116 +00000-0 +00000-0 3  9991
2 06418 065.7137 270.7641 7248043 273.3017 013.9376 02.00647440010049
1 06418U 73018  A 74242.62441968  .00000087 +00000-0 +00000-0 3  9995
2 06418 065.6942 269.1952 7235199 272.9043 014.1543 02.00646650010288
1 06418U 73018  A 74287.47929667  .00000034 +29049-9 +00000-0 3  9999
2 06418 065.6344 263.3682 7218976 271.8287 014.6129 02.00649052011186
1 06418U 73018  A 74289.47285411  .00000039 +29048-9 +00000-0 3  9997
2 06418 065.6477 263.0994 7217841 271.7899 014.6340 02.00648891011224
1 06418U 73018  A 74301.43414257  .00000073 +29047-9 +00000-0 3  9997
2 06418 065.6600 261.5809 7211716 271.4920 014.7762 02.00648303011460
1 06418U 73018  A 74321.36995979  .00000125 +29045-9 +00000-0 3  9992
2 06418 065.6817 259.0630 7196723 271.0135 015.0477 02.00645058011863
1 06418U 73018  A 74337.81116438  .00000814 +29044-9 +00000-0 0  9995
2 06418 065.6321 257.1768 7197853 270.5804 015.1813 02.00717432012194
1 06418U 73018  A 74355.24933715  .00000434 +29042-9 +00000-0 3  9996
2 06418 065.6567 254.9787 7183156 270.1062 015.4557 02.00704877012541
1 06418U 73018  A 75019.14998102  .00000616 +29038-9 +00000-0 3  9991
2 06418 065.6410 251.4860 7170225 269.3373 015.8217 02.00671903013125
1 06418U 73018  A 75021.14332008  .00000624 +29037-9 +00000-0 3  9999
2 06418 065.6465 251.2391 7168729 269.2933 015.8488 02.00669338013162
1 06418U 73018  A 75033.60212993  .00000670 +29036-9 +00000-0 3  9993
2 06418 065.6599 249.7127 7164869 268.9608 015.9959 02.00652790013411
1 06418U 73018  A 75040.57955979  .00000688 +29035-9 +00000-0 3  9993
2 06418 065.6316 248.8838 7162669 268.7662 016.0820 02.00642757013557
1 06418U 73018  A 75048.55417489  .00000700 +29034-9 +00000-0 3  9992
2 06418 065.6562 247.8874 7161572 268.5850 016.1548 02.00631206013711
1 06418U 73018  A 75060.51691818  .00000706 +29033-9 +00000-0 3  9997
2 06418 065.6418 246.4185 7157902 268.3030 016.2849 02.00614108013954
1 06418U 73018  A 75078.46309900 -.00000680 +29031-9 +00000-0 3  9998
2 06418 065.6234 244.2145 7150245 267.8697 016.5042 02.00588218014319
1 06418U 73018  A 75084.44559383  .00000665 +00000-0 +00000-0 3  9993
2 06418 065.6387 243.4797 7149523 267.7264 016.5621 02.00580161014433
1 06418U 73018  A 75099.90171194  .00000604 +00000-0 +00000-0 3  9993
2 06418 065.6656 241.6044 7142065 267.3673 016.7557 02.00559236014744
1 06418U 73018  A 75103.39202353  .00000586 +00000-0 +00000-0 3  9993
2 06418 065.6651 241.1819 7139429 267.2830 016.8092 02.00555085014819
1 06418U 73018  A 75112.86598490  .00000534 +00000-0 +00000-0 3  9998
2 06418 065.6574 240.0539 7135677 267.0398 016.9309 02.00544437015001
1 06418U 73018  A 75117.85252281  .00000502 +00000-0 +00000-0 3  9992
2 06418 065.6617 239.4540 7131437 266.9157 017.0130 02.00539357015104
1 06418U 73018  A 75121.84181401  .00000476 +00000-0 +00000-0 3  9991
2 06418 065.6439 238.9892 7130009 266.8010 017.0683 02.00535417015185
1 06418U 73018  A 75127.82590196  .00000434 +00000-0 +00000-0 3  9994
2 06418 065.6469 238.2707 7127691 266.6532 017.1435 02.00529836015304
1 06418U 73018  A 75146.77638339  .00000283 +00000-0 +00000-0 3  9993
2 06418 065.6443 236.0497 7117718 266.1464 017.4216 02.00516885015687
1 06418U 73018  A 75152.76091767  .00000232 +00000-0 +00000-0 3  9991
2 06418 065.6584 235.3559 7117109 265.9982 017.4842 02.00514075015808
1 06418U 73018  A 75165.72772263  .00000115 +00000-0 +00000-0 3  9998
2 06418 065.6132 233.8567 7113047 265.6459 017.6556 02.00509874016066
1 06418U 73018  A 75169.71756791  .00000077 +00000-0 +00000-0 3  9996
2 06418 065.6110 233.3824 7111060 265.5461 017.7119 02.00509120016147
1 06418U 73018  A 75177.19853780  .00000008 +00000-0 +00000-0 3  9997
2 06418 065.6128 232.5262 7109166 265.3321 017.8123 02.00508409016291
1 06418U 73018  A 75180.68965768  .00000025 +00000-0 +00000-0 3  9994
2 06418 065.5917 232.1176 7108806 265.2426 017.8507 02.00508410016367
1 06418U 73018  A 75187.67191458  .00000090 +00000-0 +00000-0 3  9999
2 06418 065.5682 231.3141 7106058 265.0547 017.9490 02.00509228016504
1 06418U 73018  A 75194.65403509  .00000154 +00000-0 +00000-0 3  9999
2 06418 065.5840 230.4926 7105823 264.8818 018.0198 02.00511110016643
1 06418U 73018  A 75196.64893194  .00000172 +00000-0 +00000-0 3  9993
2 06418 065.5838 230.2537 7104866 264.8382 018.0453 02.00511808016680
1 06418U 73018  A 75207.12196489  .00000264 +00000-0 +00000-0 3  9994
2 06418 065.5845 229.0434 7103494 264.5670 018.1662 02.00516522016897
1 06418U 73018  A 75220.08811280  .00000367 +00000-0 +00000-0 3  9991
2 06418 065.6002 227.5437 7101686 264.2490 018.3107 02.00525239017158
1 06418U 73018  A 75224.07754085  .00000396 +00000-0 +00000-0 3  9995
2 06418 065.5947 227.0663 7099961 264.1603 018.3622 02.00528805017231
1 06418U 73018  A 75235.54674146  .00000471 +00000-0 +00000-0 3  9992
2 06418 065.5454 225.7283 7097554 263.8885 018.4948 02.00540323017467
1 06418U 73018  A 75250.50555320  .00000550 +00000-0 +00000-0 3  9995
2 06418 065.5366 223.9556 7093821 263.5344 018.6748 02.00557617017769
1 06418U 73018  A 75257.48593185  .00000577 +00000-0 +00000-0 3  9999
2 06418 065.5433 223.1420 7090490 263.3039 018.8013 02.00565881017909
1 06418U 73018  A 75264.46594571  .00000600 +00000-0 +00000-0 3  9992
2 06418 065.5336 222.3229 7088958 263.1193 018.8921 02.00574999018048
1 06418U 73018  A 75266.95869828  .00000606 +00000-0 +00000-0 3  9994
2 06418 065.5295 222.0391 7089227 263.0777 018.9073 02.00578733018090
1 06418U 73018  A 75270.44850774  .00000612 +00000-0 +00000-0 3  9990
2 06418 065.5253 221.6570 7087727 263.0154 018.9472 02.00583796018166
1 06418U 73018  A 75274.43675085  .00000620 +00000-0 +00000-0 3  9992
2 06418 065.5214 221.1924 7087777 262.9302 018.9828 02.00589048018249
1 06418U 73018  A 75278.42491766  .00000626 +00000-0 +00000-0 3  9993
2 06418 065.5194 220.7174 7085888 262.8272 019.0438 02.00594569018326
1 06418U 73018  A 75280.91747092  .00000628 +00000-0 +00000-0 3  9998
2 06418 065.5267 220.4327 7085064 262.7675 019.0769 02.00597888018375
1 06418U 73018  A 75285.90241476  .00000630 +00000-0 +00000-0 3  9990
2 06418 065.5428 219.8682 7084038 262.6270 019.1461 02.00604997018471
1 06418U 73018  A 75291.38566396  .00000630 +00000-0 +00000-0 3  9990
2 06418 065.5535 219.2292 7082924 262.4927 019.2137 02.00612590018581
1 06418U 73018  A 75295.37337017  .00000626 +00000-0 +00000-0 3  9994
2 06418 065.5470 218.7816 7080905 262.3748 019.2833 02.00618292018669
1 06418U 73018  A 75299.36094331  .00000622 +00000-0 +00000-0 3  9992
2 06418 065.5498 218.3280 7079875 262.2589 019.3426 02.00623798018741
1 06418U 73018  A 75303.34840487  .00000615 +00000-0 +00000-0 3  9999
2 06418 065.5451 217.8644 7078474 262.1547 019.4005 02.00629291018822
1 06418U 73018  A 75314.31343936  .00000589 +00000-0 +00000-0 3  9995
2 06418 065.5396 216.6222 7075813 261.8641 019.5519 02.00643309019046
1 06418U 73018  A 75317.30376527  .00000580 +00000-0 +00000-0 3  9990
2 06418 065.5510 216.2744 7074603 261.7825 019.5990 02.00647291019102
1 06418U 73018  A 75329.26448056  .00000532 +00000-0 +00000-0 3  9992
2 06418 065.5468 214.9262 7073287 261.4453 019.7597 02.00661958019342
1 06418U 73018  A 75342.22094103  .00000463 +00000-0 +00000-0 3  9996
2 06418 065.5386 213.4619 7072280 261.1087 019.9190 02.00676387019605
1 06418U 73018  A 75343.21755071  .00000456 +00000-0 +00000-0 3  9996
2 06418 065.5358 213.3508 7072086 261.0825 019.9324 02.00677492019622
1 06418U 73018  A 75348.20055338  .00000425 +00000-0 +00000-0 3  9995
2 06418 065.5311 212.7885 7072087 260.9726 019.9816 02.00682489019720
1 06418U 73018  A 75352.18689200  .00000399 +00000-0 +00000-0 3  9998
2 06418 065.5315 212.3352 7071387 260.8469 020.0448 02.00686025019807
1 06418U 73018  A 75364.14539336  .00000309 +00000-0 +00000-0 3  9992
2 06418 065.5276 210.9819 7069245 260.5120 020.2167 02.00696212020043
1 06418U 73018  A 76020.07157754  .00000130 +00000-0 +00000-0 3  9996
2 06418 065.5219 208.6077 7068129 260.0061 020.4591 02.00707954020464
1 06418U 73018  A 76022.06452607  .00000113 +00000-0 +00000-0 3  9993
2 06418 065.5366 208.3790 7067079 259.9284 020.5051 02.00708577020502
1 06418U 73018  A 76034.02197360  .00000004 +00000-0 +00000-0 3  9993
2 06418 065.5239 207.0118 7066823 259.6305 020.6462 02.00710591020740
1 06418U 73018  A 76047.97228192 -.00000122 +00000-0 +00000-0 3  9991
2 06418 065.5360 205.4285 7067348 259.2933 020.7988 02.00709516021029
1 06418U 73018  A 76049.96522330 -.00000140 +00000-0 +00000-0 3  9993
2 06418 065.5292 205.2036 7066430 259.2240 020.8403 02.00709042021068
1 06418U 73018  A 76070.89140558 -.00000313 +00000-0 +00000-0 3  9999
2 06418 065.5394 202.8314 7065601 258.6538 021.1196 02.00699559021485
1 06418U 73018  A 76076.87052870 -.00000358 +00000-0 +00000-0 3  9991
2 06418 065.5434 202.1453 7065155 258.4943 021.2005 02.00695504021609
1 06418U 73018  A 76082.84982109 -.00000399 +00000-0 +00000-0 3  9997
2 06418 065.5614 201.4731 7066079 258.3342 021.2689 02.00690195021720
1 06418U 73018  A 76083.84633397 -.00000407 +00000-0 +00000-0 3  9990
2 06418 065.5515 201.3547 7066402 258.2998 021.2821 02.00689961021749
1 06418U 73018  A 76092.81552314 -.00000464 +00000-0 +00000-0 3  9999
2 06418 065.5467 200.3572 7066705 258.0472 021.4013 02.00682360021924
1 06418U 73018  A 76095.80533218 -.00000482 +00000-0 +00000-0 3  9993
2 06418 065.5594 200.0195 7067514 257.9734 021.4295 02.00679495021984
1 06418U 73018  A 76102.78170299 -.00000520 +00000-0 +00000-0 3  9998
2 06418 065.5699 199.2390 7067924 257.7867 021.5166 02.00672865022125
1 06418U 73018  A 76109.75832078 -.00000553 +00000-0 +00000-0 3  9998
2 06418 065.5741 198.4489 7069499 257.5813 021.6016 02.00665359022261
1 06418U 73018  A 76116.73523136 -.00000581 +00000-0 +00000-0 3  9997
2 06418 065.5735 197.6557 7070028 257.3969 021.6875 02.00657237022406
1 06418U 73018  A 76122.71567486 -.00000601 +00000-0 +00000-0 3  9991
2 06418 065.5657 196.9810 7071292 257.2389 021.7530 02.00650129022527
1 06418U 73018  A 76125.70596882 -.00000610 +00000-0 +00000-0 3  9995
2 06418 065.5611 196.6404 7071878 257.1666 021.7830 02.00646420022588
1 06418U 73018  A 76130.19151875 -.00000621 +00000-0 +00000-0 3  9995
2 06418 065.5534 196.1246 7072266 257.0481 021.8382 02.00640758022678
1 06418U 73018  A 76141.15675399 -.00000641 +00000-0 +00000-0 3  9997
2 06418 065.5486 194.8705 7074377 256.7637 021.9591 02.00626154022894
1 06418U 73018  A 76144.64587683 -.00000644 +00000-0 +00000-0 3  9995
2 06418 065.5404 194.4854 7074807 256.6694 022.0022 02.00621494022966
1 06418U 73018  A 76146.63969277 -.00000646 +00000-0 +00000-0 3  9991
2 06418 065.5411 194.2568 7075252 256.6165 022.0245 02.00618870023009
1 06418U 73018  A 76152.62131544 -.00000647 +00000-0 +00000-0 3  9996
2 06418 065.5325 193.5703 7076231 256.4713 022.0878 02.00610633023125
1 06418U 73018  A 76155.61223123 -.00000647 +00000-0 +00000-0 3  9993
2 06418 065.5186 193.2346 7076045 256.3964 022.1280 02.00606347023181
1 06418U 73018  A 76158.60318613 -.00000646 +00000-0 +00000-0 3  9993
2 06418 065.5156 192.8927 7076461 256.3206 022.1623 02.00602318023241
1 06418U 73018  A 76162.59120556 -.00000643 +00000-0 +00000-0 3  9990
2 06418 065.5124 192.4378 7078158 256.2208 022.1956 02.00596872023323
1 06418U 73018  A 76165.58228444 -.00000639 +00000-0 +00000-0 3  9992
2 06418 065.5089 192.0901 7078745 256.1565 022.2224 02.00592861023387
1 06418U 73018  A 76173.55884262 -.00000626 +00000-0 +00000-0 3  9990
2 06418 065.4982 191.1835 7080138 255.9634 022.3067 02.00582219023547
1 06418U 73018  A 76180.04016537 -.00000609 +00000-0 +00000-0 3  9995
2 06418 065.4634 190.4390 7079376 255.7612 022.4189 02.00573814023676
1 06418U 73018  A 76187.51887272 -.00000586 +00000-0 +00000-0 3  9990
2 06418 065.4630 189.5877 7081246 255.5875 022.4897 02.00564078023824
1 06418U 73018  A 76189.51325700 -.00000578 +00000-0 +00000-0 3  9996
2 06418 065.4508 189.3543 7081798 255.5335 022.5118 02.00561589023864
1 06418U 73018  A 76196.49379537 -.00000549 +00000-0 +00000-0 3  9996
2 06418 065.4422 188.5524 7082037 255.3624 022.5985 02.00553206024001
1 06418U 73018  A 76210.45574154 -.00000477 +00000-0 +00000-0 3  9991
2 06418 065.4481 186.9639 7084645 255.0224 022.7497 02.00537705024281
1 06418U 73018  A 76216.43973336 -.00000440 +00000-0 +00000-0 3  9990
2 06418 065.4464 186.2857 7086395 254.8438 022.8254 02.00531863024400
1 06418U 73018  A 76222.42394146 -.00000400 +00000-0 +00000-0 3  9998
2 06418 065.4462 185.6054 7086826 254.7019 022.8966 02.00526045024522
1 06418U 73018  A 76224.41870391 -.00000386 +00000-0 +00000-0 3  9993
2 06418 065.4546 185.3836 7087370 254.6434 022.9218 02.00524359024566
1 06418U 73018  A 76228.40827937 -.00000357 +00000-0 +00000-0 3  9992
2 06418 065.4490 184.9372 7089174 254.5496 022.9523 02.00521077024647
1 06418U 73018  A 76230.40307713 -.00000342 +00000-0 +00000-0 3  9994
2 06418 065.4615 184.7049 7090181 254.5087 022.9636 02.00519621024682
1 06418U 73018  A 76235.39018491 -.00000303 +00000-0 +00000-0 3  9996
2 06418 065.4542 184.1392 7091118 254.3828 023.0208 02.00515899024789
1 06418U 73018  A 76238.38249245 -.00000279 +00000-0 +00000-0 3  9993
2 06418 065.4475 183.8078 7091758 254.3067 023.0549 02.00513620024841
1 06418U 73018  A 76243.36971513 -.00000237 +00000-0 +00000-0 3  9991
2 06418 065.4413 183.2384 7094192 254.1614 023.1070 02.00510648024946
1 06418U 73018  A 76256.33679816 -.00000120 +00000-0 +00000-0 3  9994
2 06418 065.4357 181.7492 7098840 253.8241 023.2394 02.00505122025203
1 06418U 73018  A 76260.32676717 -.00000081 +00000-0 +00000-0 3  9991
2 06418 065.4325 181.2854 7099674 253.7047 023.2956 02.00504018025289
1 06418U 73018  A 76264.31669159 -.00000044 +00000-0 +00000-0 3  9995
2 06418 065.4464 180.8252 7101769 253.6424 023.3070 02.00503124025361
1 06418U 73018  A 76271.29914396  .00000023 +00000-0 +00000-0 3  9992
2 06418 065.4486 180.0244 7105665 253.4404 023.3749 02.00502384025509
1 06418U 73018  A 76274.29162435  .00000053 +00000-0 +00000-0 3  9997
2 06418 065.4474 179.6722 7106264 253.3556 023.4150 02.00502451025562
1 06418U 73018  A 76278.28157374  .00000091 +00000-0 +00000-0 3  9998
2 06418 065.4483 179.2187 7107865 253.2618 023.4491 02.00502905025640
1 06418U 73018  A 76281.27407448  .00000121 +00000-0 +00000-0 3  9995
2 06418 065.4436 178.8733 7108431 253.1519 023.5036 02.00503508025702
1 06418U 73018  A 76287.25891599  .00000179 +00000-0 +00000-0 3  9996
2 06418 065.4451 178.1753 7112402 253.0353 023.5247 02.00505359025825
1 06418U 73018  A 76298.23094356  .00000281 +00000-0 +00000-0 3  9996
2 06418 065.4318 176.8977 7118090 252.7703 023.6092 02.00510702026046
1 06418U 73018  A 76302.22067094  .00000317 +00000-0 +00000-0 3  9990
2 06418 065.4292 176.4214 7119173 252.6780 023.6491 02.00513384026125
1 06418U 73018  A 76305.21293502  .00000342 +00000-0 +00000-0 3  9995
2 06418 065.4324 176.0720 7119890 252.6011 023.6840 02.00515610026180
1 06418U 73018  A 76316.18423077  .00000431 +00000-0 +00000-0 3  9994
2 06418 065.4270 174.7790 7124207 252.3359 023.7851 02.00525521026402
1 06418U 73018  A 76317.18160113  .00000438 +00000-0 +00000-0 3  9991
2 06418 065.4269 174.6641 7124193 252.3084 023.8010 02.00526491026420
1 06418U 73018  A 76326.15759566  .00000500 +00000-0 +00000-0 3  9994
2 06418 065.4191 173.6092 7127080 252.0413 023.9199 02.00536603026609
1 06418U 73018  A 76333.13869804  .00000539 +00000-0 +00000-0 3  9999
2 06418 065.4301 172.7981 7123847 251.7774 024.1065 02.00545320026748
1 06418U 73018  A 76341.11652167  .00000580 +00000-0 +00000-0 3  9994
2 06418 065.4262 171.8585 7128120 251.6124 024.1536 02.00556106026906
1 06418U 73018  A 77003.03540406  .00000849 +00000-0 +00000-0 0  9998
2 06418 065.4157 168.6703 7141921 250.9556 024.3764 02.00596209027465
1 06418U 73018  A 77004.03242532  .00001038 +00000-0 +49336-1 0  9995
2 06418 065.4143 168.5455 7143891 250.9724 024.5707 02.00603659027487
1 06418U 73018  A 77022.97339791  .00000920 +00000-0 +36788-1 0  9998
2 06418 065.4196 166.3094 7152695 250.4638 024.5415 02.00633596027862
1 06418U 73018  A 77033.93824955  .00000894 +00000-0 +34016-1 0  9999
2 06418 065.4224 165.0081 7158729 250.2022 024.7187 02.00650573028082
1 06418U 73018  A 77044.90205923  .00000801 +00000-0 +33308-1 0  9997
2 06418 065.4166 163.7022 7164643 249.9323 024.8129 02.00667213028309
1 06418U 73018  A 77046.89535676  .00000773 +00000-0 +33308-1 0  9996
2 06418 065.4166 163.4655 7165791 249.8857 024.8161 02.00670036028341
1 06418U 73018  A 77047.89201103  .00000756 +00000-0 +30911-1 0  9990
2 06418 065.4166 163.3470 7166367 249.8624 024.8149 02.00671166028360
1 06418U 73018  A 77058.85479385  .00000692 +00000-0 +23890-1 0  9994
2 06418 065.4362 162.0250 7172132 249.5807 024.8857 02.00685197028586
1 06418U 73018  A 77069.81685654  .00000643 +00000-0 +29229-1 0  9998
2 06418 065.4489 160.7106 7177674 249.3080 025.0061 02.00699449028808
1 06418U 73018  A 77080.77809529  .00000546 +00000-0 +28178-1 0  9999
2 06418 065.4575 159.3874 7183056 249.0196 025.0284 02.00711379029025
1 06418U 73018  A 77091.24063831  .00000444 +00000-0 +21880-1 0  9991
2 06418 065.4614 158.1186 7188649 248.7606 025.0869 02.00719727029234
1 06418U 73018  A 77101.70280843  .00000259 +00000-0 +12494-1 0  9993
2 06418 065.4675 156.8470 7194705 248.4981 025.1461 02.00724962029444
1 06418U 73018  A 77112.66300943  .00000147 +00000-0 +20121-2 0  9997
2 06418 065.4738 155.5093 7200733 248.2170 025.1740 02.00726585029665
1 06418U 73018  A 77123.62327333  .00000087 +00000-0 +27407-2 0  9994
2 06418 065.4663 154.1652 7207207 247.9469 025.3392 02.00727194029884
1 06418U 73018  A 77132.59066383 -.00000075 +00000-0 -59191-2 0  9999
2 06418 065.4576 153.0599 7212886 247.7375 025.3392 02.00723351030061
1 06418U 73018  A 77143.55125429 -.00000189 +00000-0 -11586-1 0  9995
2 06418 065.4425 151.7064 7219746 247.4720 025.4634 02.00716468030284
1 06418U 73018  A 77154.51220711 -.00000207 +00000-0 +00000-0 0  9991
2 06418 065.4160 150.3439 7227083 247.2199 025.6345 02.00710807030509
1 06418U 73018  A 77157.50158023 -.00000234 +00000-0 +00000-0 0  9999
2 06418 065.4102 149.9691 7229284 247.1567 025.6184 02.00708012030564
1 06418U 73018  A 77161.48754522 -.00000231 +00000-0 +00000-0 0  9994
2 06418 065.4200 149.4684 7230342 247.0170 025.6119 02.00703799030640
1 06418U 73018  A 77168.46323936 -.00000285 +00000-0 +00000-0 0  9999
2 06418 065.4085 148.5950 7234845 246.8369 025.6997 02.00696343030781
1 06418U 73018  A 77173.44611738 -.00000297 +00000-0 +00000-0 0  9996
2 06418 065.3971 147.9694 7238382 246.7295 025.7977 02.00690308030884
1 06418U 73018  A 77178.42905006 -.00000326 +00000-0 +00000-0 0  9996
2 06418 065.3998 147.3426 7241335 246.6213 025.8307 02.00684616030985
1 06418U 73018  A 77181.91720683 -.00000397 +00000-0 +00000-0 0  9998
2 06418 065.3937 146.9023 7242741 246.5274 025.9005 02.00680237031054
1 06418U 73018  A 77185.90377688 -.00000416 +00000-0 +00000-0 0  9996
2 06418 065.3901 146.3982 7245248 246.4236 025.9490 02.00675090031133
1 06418U 73018  A 77188.89379822 -.00000412 +00000-0 +00000-0 0  9995
2 06418 065.3915 146.0189 7247317 246.3610 025.9578 02.00670566031194
1 06418U 73018  A 77192.88055432 -.00000443 +00000-0 +00000-0 0  9991
2 06418 065.3956 145.5146 7250312 246.2694 025.9939 02.00665117031272
1 06418U 73018  A 77202.34957130 -.00000457 +00000-0 +00000-0 0  9995
2 06418 065.3795 144.3114 7256703 246.0564 026.0731 02.00651426031460
1 06418U 73018  A 77207.33347104 -.00000511 +00000-0 +00000-0 0  9994
2 06418 065.3759 143.6761 7259805 245.9481 026.1235 02.00644895031565
1 06418U 73018  A 77211.81912125 -.00000555 +00000-0 +00000-0 0  9991
2 06418 065.3770 143.1073 7262167 245.8494 026.0915 02.00637476031658
1 06418U 73018  A 77214.80980207 -.00000538 +00000-0 +00000-0 0  9990
2 06418 065.3764 142.7279 7264188 245.7847 026.1421 02.00632187031714
1 06418U 73018  A 77218.29892116 -.00000545 +00000-0 +00000-0 0  9996
2 06418 065.3699 142.2764 7266240 245.6890 026.1847 02.00626773031786
1 06418U 73018  A 77221.28966078 -.00000563 +00000-0 +00000-0 0  9998
2 06418 065.3639 141.9002 7268102 245.6130 026.2380 02.00622432031845
1 06418U 73018  A 77225.27737163 -.00000561 +00000-0 +00000-0 0  9990
2 06418 065.3457 141.3877 7270975 245.5179 026.2390 02.00615713031924
1 06418U 73018  A 77225.27748811 -.00000532 +00000-0 +19876-2 0  9993
2 06418 065.3492 141.3830 7270528 245.5144 026.2999 02.00614037031921
1 06418U 73018  A 77233.25322199 -.00000511 +00000-0 +19876-2 0  9994
2 06418 065.3394 140.3607 7275768 245.3457 026.2909 02.00604819032085
1 06418U 73018  A 77235.24725214 -.00000540 +00000-0 +19876-2 0  9992
2 06418 065.3461 140.0951 7276959 245.2967 026.3351 02.00602120032127
1 06418U 73018  A 77238.23830223 -.00000557 +00000-0 +19876-2 0  9999
2 06418 065.3351 139.7156 7278731 245.2251 026.2994 02.00597075032183
1 06418U 73018  A 77240.23249092 -.00000538 +00000-0 +19876-2 0  9999
2 06418 065.3347 139.4595 7280085 245.1832 026.3579 02.00594130032225
1 06418U 73018  A 77242.22662575 -.00000516 +00000-0 +19876-2 0  9991
2 06418 065.3269 139.2008 7281123 245.1310 026.3433 02.00591029032267
1 06418U 73018  A 77245.21787747 -.00000508 +00000-0 +19876-2 0  9993
2 06418 065.3285 138.8079 7282958 245.0668 026.3424 02.00586715032323
1 06418U 73018  A 77247.21210514 -.00000511 +00000-0 +19876-2 0  9992
2 06418 065.3289 138.5528 7284113 245.0161 026.3595 02.00583707032367
1 06418U 73018  A 77250.20353969 -.00000502 +00000-0 +19876-2 0  9997
2 06418 065.3230 138.1725 7286148 244.9400 026.3982 02.00578722032420
1 06418U 73018  A 77253.19498286 -.00000473 +00000-0 +19876-2 0  9997
2 06418 065.3260 137.7826 7288068 244.8726 026.4098 02.00574584032480
1 06418U 73018  A 77256.18649511 -.00000429 +00000-0 +19876-2 0  9999
2 06418 065.3182 137.3934 7290238 244.8065 026.4000 02.00570326032547
1 06418U 73018  A 77259.17805732 -.00000402 +00000-0 +19876-2 0  9991
2 06418 065.3175 137.0060 7292270 244.7445 026.3923 02.00566177032604
1 06418U 73018  A 77261.17248477 -.00000411 +00000-0 +19876-2 0  9991
2 06418 065.3247 136.7376 7292902 244.6895 026.4332 02.00563706032644
1 06418U 73018  A 77262.16972783 -.00000418 +00000-0 +19876-2 0  9992
2 06418 065.3236 136.6042 7292919 244.6495 026.4048 02.00559142032660
1 06418U 73018  A 77267.15598243 -.00000395 +00000-0 +19876-2 0  9995
2 06418 065.3144 135.9640 7296814 244.5522 026.5093 02.00555233032761
1 06418U 73018  A 77268.15323084 -.00000376 +00000-0 +19876-2 0  9994
2 06418 065.3141 135.8343 7297491 244.5317 026.4936 02.00553795032789
1 06418U 73018  A 77274.13687770 -.00000325 +00000-0 +19876-2 0  9998
2 06418 065.2936 135.0521 7301845 244.3937 026.4607 02.00546129032907
1 06418U 73018  A 77276.13152328 -.00000313 +00000-0 +19876-2 0  9993
2 06418 065.3031 134.7930 7302794 244.3449 026.4886 02.00543545032948
1 06418U 73018  A 77279.12350323 -.00000274 +00000-0 +19876-2 0  9996
2 06418 065.3114 134.3990 7304129 244.2676 026.5077 02.00539946033008
1 06418U 73018  A 77281.11825512 -.00000237 +00000-0 +19876-2 0  9994
2 06418 065.3108 134.1382 7305481 244.2268 026.5566 02.00537689033042
1 06418U 73018  A 77284.11029477 -.00000174 +00000-0 +19876-2 0  9993
2 06418 065.3001 133.7431 7310096 244.2371 026.5336 02.00534585033101
1 06418U 73018  A 77286.10493390 -.00000147 +00000-0 +19876-2 0  9993
2 06418 065.2846 133.4828 7310215 244.1477 026.4786 02.00532565033141
1 06418U 73018  A 77288.09972811 -.00000144 +00000-0 +19876-2 0  9990
2 06418 065.2876 133.2196 7311772 244.1153 026.5369 02.00530618033189
1 06418U 73018  A 77291.09182631 -.00000151 +00000-0 +19876-2 0  9995
2 06418 065.2866 132.8260 7313797 244.0550 026.5238 02.00527357033242
1 06418U 73018  A 77293.08405336 -.00000107 +00000-0 +19876-2 0  9997
2 06418 065.2798 132.4260 7317264 244.0138 026.5518 02.00524542033285
1 06418U 73018  A 77296.07887235 -.00000063 +00000-0 +19876-2 0  9992
2 06418 065.2847 132.1567 7318395 243.9618 026.5272 02.00522113033340
1 06418U 73018  A 77299.07115694 -.00000029 +00000-0 +19876-2 0  9990
2 06418 065.2876 131.7637 7317238 243.7647 026.5492 02.00525075033401
1 06418U 73018  A 77302.06355343 -.00000010 +00000-0 +19876-2 0  9991
2 06418 065.2892 131.3688 7321408 243.7888 026.6601 02.00518016033468
1 06418U 73018  A 77304.05840481  .00000010 +00000-0 +19876-2 0  9993
2 06418 065.2885 131.1047 7322753 243.7487 026.6551 02.00516632033507
1 06418U 73018  A 77309.04561451  .00000107 +00000-0 +19876-2 0  9991
2 06418 065.2901 130.4371 7325832 243.6221 026.6591 02.00514037033606
1 06418U 73018  A 77314.03293995  .00000192 +00000-0 +19876-2 0  9995
2 06418 065.2892 129.7712 7329335 243.5224 026.6958 02.00512277033701
1 06418U 73018  A 77317.02535961  .00000184 +00000-0 +19876-2 0  9990
2 06418 065.2873 129.3723 7330361 243.4200 026.7597 02.00511358033767
1 06418U 73018  A 77322.01281808  .00000241 +00000-0 +19876-2 0  9997
2 06418 065.2860 128.6989 7333284 243.3159 026.8503 02.00509939033869
1 06418U 73018  A 77327.00017328  .00000302 +00000-0 +19876-2 0  9993
2 06418 065.2731 128.0342 7337544 243.1999 026.8385 02.00508747033961
1 06418U 73018  A 77337.97232577  .00000443 +00000-0 +19876-2 0  9991
2 06418 065.2662 126.5641 7346007 242.9784 027.0579 02.00513813034185
1 06418U 73018  A 77339.96715187  .00000470 +00000-0 +19876-2 0  9995
2 06418 065.2662 126.2972 7347533 242.9343 027.0605 02.00515643034223
1 06418U 73018  A 77343.95679137  .00000456 +00000-0 +19876-2 0  9997
2 06418 065.2645 125.7589 7350177 242.8560 027.1343 02.00519584034307
1 06418U 73018  A 78001.89612730  .00000633 +00000-0 +19876-2 0  9995
2 06418 065.2520 122.6348 7366085 242.3670 027.3097 02.00540972034763
1 06418U 73018  A 78024.83240389  .00000672 +00000-0 +19876-2 0  9994
2 06418 065.2441 119.4737 7380909 241.8884 027.3733 02.00572899035225
1 06418U 73018  A 78031.81221825  .00000718 +00000-0 +19876-2 0  9995
2 06418 065.2406 118.5082 7385368 241.7547 027.4847 02.00585470035369
1 06418U 73018  A 78048.76109952  .00000703 +00000-0 +19876-2 0  9997
2 06418 065.2356 116.1434 7394631 241.3331 027.6389 02.00618465035700
1 06418U 73018  A 78054.74233146  .00000790 +00000-0 +09876-3 0  9991
2 06418 065.2342 115.3019 7398535 241.2029 027.6684 02.00630999035822
1 06418U 73018  A 78058.72965150  .00000801 +00000-0 +09876-3 0  9993
2 06418 065.2304 114.7347 7401580 241.1275 027.7087 02.00639296035900
1 06418U 73018  A 78063.71353988  .00000770 +00000-0 +09876-3 0  9993
2 06418 065.2217 114.0279 7405400 241.0463 027.7265 02.00649738036005
1 06418U 73018  A 78070.69060311  .00000796 +00000-0 +09876-3 0  9991
2 06418 065.2257 113.0358 7409118 240.8821 027.7748 02.00663733036143
1 06418U 73018  A 78074.67724516  .00000773 +00000-0 +09876-3 0  9992
2 06418 065.2216 112.4693 7411838 240.8035 027.7960 02.00672221036229
1 06418U 73018  A 78077.66710238  .00000801 +00000-0 +09876-3 0  9992
2 06418 065.2203 112.0429 7413798 240.7409 027.8135 02.00678730036281
1 06418U 73018  A 78080.65688707  .00000848 +00000-0 +09876-3 0  9991
2 06418 065.2220 111.6152 7415872 240.6775 027.8432 02.00685215036341
1 06418U 73018  A 78087.63275182  .00000840 +00000-0 +09876-3 0  9997
2 06418 065.2247 110.6205 7419717 240.5097 027.9037 02.00699401036485
1 06418U 73018  A 78098.09572028  .00000824 +00000-0 +09876-3 0  9990
2 06418 065.2196 109.1177 7426167 240.2858 027.9522 02.00718164036698
1 06418U 73018  A 78108.55778222  .00000866 +00000-0 +09876-3 0  9993
2 06418 065.2107 107.6068 7433470 240.0883 027.9903 02.00735760036901
1 06418U 73018  A 78114.53566866  .00000834 +00000-0 +09876-3 0  9992
2 06418 065.2068 106.7457 7436922 239.9774 027.9668 02.00745273037022
1 06418U 73018  A 78119.51718084  .00000807 +00000-0 +09876-3 0  9996
2 06418 065.2035 106.0258 7439768 239.8853 027.9662 02.00751114037122
1 06418U 73018  A 78124.49852259  .00000819 +00000-0 +09876-3 0  9995
2 06418 065.1897 105.2960 7444068 239.7499 027.9062 02.00752163037222
1 06418U 73018  A 78129.47992681  .00000776 +00000-0 +09876-3 0  9994
2 06418 065.1863 104.5722 7447782 239.6757 028.0094 02.00757909037326
1 06418U 73018  A 78133.46486437  .00000790 +00000-0 +09876-3 0  9991
2 06418 065.1995 103.9823 7449000 239.5921 028.0535 02.00765634037407
1 06418U 73018  A 78135.45731801  .00000794 +00000-0 +09876-3 0  9994
2 06418 065.1872 103.6931 7449280 239.5214 028.0887 02.00767922037449
1 06418U 73018  A 78145.41941352  .00000753 +00000-0 +09876-3 0  9990
2 06418 065.1455 102.2389 7455409 239.2737 027.9634 02.00768352037643
1 06418U 73018  A 78148.40831015  .00000774 +00000-0 +09876-3 0  9999
2 06418 065.1572 101.7949 7457023 239.2261 028.2537 02.00773001037705
1 06418U 73018  A 78156.37732340 -.00000171 +00000-0 +00917-4 0  9995
2 06418 065.1392 100.6237 7464167 239.1360 027.3515 02.00755668037861
1 06418U 73018  A 78166.34105003 -.00000209 +00000-0 +00917-4 0  9995
2 06418 065.1342 099.1441 7468843 238.9097 028.2482 02.00752926038064
1 06418U 73018  A 78169.32994028 -.00000281 +00000-0 +00917-4 0  9999
2 06418 065.1319 098.7011 7470450 238.8571 028.3022 02.00751114038125
1 06418U 73018  A 78174.31136503 -.00000341 +00000-0 +00917-4 0  9997
2 06418 065.1090 097.9598 7472210 238.7292 028.2574 02.00746298038226
1 06418U 73018  A 78176.30418642 -.00000347 +00000-0 +00917-4 0  9991
2 06418 065.1129 097.6538 7473104 238.6994 028.3738 02.00744033038263
1 06418U 73018  A 78182.28212812 -.00000479 +00000-0 +00917-4 0  9992
2 06418 065.1084 096.7645 7476267 238.5957 028.3874 02.00739813038387
1 06418U 73018  A 78195.23478300 -.00000492 +00000-0 +00917-4 0  9992
2 06418 065.0964 094.8175 7483813 238.3412 028.6897 02.00734067038642
1 06418U 73018  A 78201.21284432 -.00000539 +00000-0 +20917-3 0  9992
2 06418 065.0917 093.9209 7486872 238.2387 028.6652 02.00730995038764
1 06418U 73018  A 78203.20556514 -.00000536 +00000-0 +20917-3 0  9993
2 06418 065.0849 093.6200 7487405 238.1720 028.7025 02.00730456038801
1 06418U 73018  A 78205.19830975 -.00000546 +00000-0 +20917-3 0  9990
2 06418 065.0604 093.3164 7489225 238.0892 028.8268 02.00735036038840
1 06418U 73018  A 78214.16550263 -.00000579 +00000-0 +20917-3 0  9992
2 06418 065.0411 091.9621 7493719 237.9414 029.0400 02.00735577039021
1 06418U 73018  A 78217.15426706 -.00000513 +00000-0 +20917-3 0  9996
2 06418 065.0323 091.5086 7496122 237.8901 028.9204 02.00735631039082
1 06418U 73018  A 78219.14686335 -.00000492 +00000-0 +20917-3 0  9999
2 06418 065.0307 091.2063 7497096 237.8575 028.8946 02.00735691039127
1 06418U 73018  A 78220.14316314 -.00000489 +00000-0 +20917-3 0  9994
2 06418 065.0298 091.0550 7497581 237.8411 028.9147 02.00736679039146
1 06418U 73018  A 78222.13578105  .00000048 +00000-0 +47081-3 0  9994
2 06418 065.0322 090.7460 7497559 237.7824 029.0116 02.00746018039182
1 06418U 73018  A 78228.11337898  .00000823 +00000-0 +75823-3 0  9996
2 06418 065.0168 089.8355 7499897 237.6574 029.3029 02.00766859039305
1 06418U 73018  A 78231.10148835  .00001183 +00000-0 +80625-3 0  9996
2 06418 065.0310 089.3723 7502054 237.6033 029.1189 02.00779812039362
1 06418U 73018  A 78236.08180570  .00002080 +00000-0 +10186-2 0  9991
2 06418 065.0124 088.6108 7504393 237.5215 029.3098 02.00812010039463
1 06418U 73018  A 78241.06100521  .00002205 +00000-0 +89579-3 0  9995
2 06418 065.0118 087.8461 7507204 237.4327 029.0996 02.00836645039561
1 06418U 73018  A 78246.03996902  .00005566 +00000-0 +15303-2 0  9999
2 06418 064.9927 087.0797 7509152 237.3319 029.6149 02.00902226039661
1 06418U 73018  A 78252.01146298  .00005258 +00000-0 +11854-2 0  9994
2 06418 064.9891 086.1616 7512256 237.2450 029.2914 02.00969759039788
1 06418U 73018  A 78254.00156772  .00005857 +00000-0 +12968-2 0  9995
2 06418 064.9971 085.8476 7512008 237.1729 029.2875 02.01001802039828
1 06418U 73018  A 78256.98634104  .00006509 +00000-0 +11855-2 0  9993
2 06418 064.9923 085.3823 7514296 237.1632 029.3710 02.01047416039886
1 06418U 73018  A 78258.97562254  .00006810 +00000-0 +10834-2 0  9991
2 06418 064.9647 085.0839 7515915 237.1299 029.3208 02.01079402039928
1 06418U 73018  A 78270.90657295  .00005498 +00000-0 +69146-3 0  9990
2 06418 064.9653 083.2229 7518569 236.9281 029.6236 02.01229956040167
1 06418U 73018  A 78286.30523223  .00007168 +00000-0 +38660-3 0  9997
2 06418 064.9335 080.8106 7525553 236.6713 030.1744 02.01431891040477
1 06418U 73018  A 78290.77156043  .00009760 +00000-0 +51614-3 0  9999
2 06418 064.9177 080.0677 7524228 236.6465 030.0183 02.01537504040562
1 06418U 73018  A 78293.25045277  .00208427 +00000-0 +33186-2 0  9995
2 06418 064.8537 079.6680 7529024 236.5370 029.4419 02.02147678040612
1 06418U 73018  A 78293.25142569  .00219596 +00000-0 +34295-2 0  9998
2 06418 064.8531 079.6625 7528933 236.5372 030.1557 02.02174846040614
