1 18636U 87100  F 87348.09999998  .00000150 +00000-0 +99999-4 0  9997
2 18636 047.4640 259.4540 7206534 000.5690 108.3750 02.32398738000006
1 18636U 87100  F 87348.10026492  .00000149 +00000-0 +00000-4 0  9992
2 18636 047.4640 259.4540 7206534 000.5689 108.3750 02.32398739000005
1 18636U 87100  F 87360.43291580  .00000754 +00000-0 +84707-3 0  9991
2 18636 047.3212 255.9958 7205708 003.7905 359.6641 02.32699448000293
1 18636U 87100  F 87361.72205655  .00000898 +00000-0 +10124-2 0  9992
2 18636 047.3174 255.6364 7206075 004.1424 359.6167 02.32702734000327
1 18636U 87100  F 87362.15202098  .00000903 +00000-0 +10138-2 0  9990
2 18636 047.3102 255.5072 7206247 004.2643 359.5874 02.32703449000337
1 18636U 87100  F 87363.01118639  .00000892 +00000-0 +99403-3 0  9993
2 18636 047.2960 255.2792 7206420 004.4913 359.5611 02.32704668000354
1 18636U 87100  F 87364.30032437  .00001059 +00000-0 +11854-2 0  9996
2 18636 047.2952 254.9118 7206687 004.8399 359.5395 02.32708827000383
1 18636U 87100  F 87365.15974527  .00001005 +00000-0 +11053-2 0  9997
2 18636 047.2937 254.6692 7207115 005.0736 359.5135 02.32709630000403
1 18636U 87100  F 88001.44886757  .00000995 +00000-0 +10707-2 0  9996
2 18636 047.2848 254.3083 7207741 005.4198 359.4896 02.32711602000434
1 18636U 87100  F 88003.16769352  .00000876 +00000-0 +86671-3 0  9990
2 18636 047.2966 253.8060 7209963 005.8956 359.4092 02.32711902000473
1 18636U 87100  F 88003.16775834  .00000874 +00000-0 +86284-3 0  9990
2 18636 047.2972 253.8049 7209998 005.8957 359.4633 02.32711879000470
1 18636U 87100  F 88004.88657150  .00000634 +00000-0 +61719-3 0  9990
2 18636 047.2782 253.3221 7209325 006.3635 359.4099 02.32711863000513
1 18636U 87100  F 88006.17569455  .00000664 +00000-0 +63741-3 0  9994
2 18636 047.2744 252.9519 7209913 006.7161 359.3916 02.32713537000547
1 18636U 87100  F 88007.89473921  .00000763 +00000-0 +72116-3 0  9992
2 18636 047.2654 252.4617 7210863 007.1808 359.3354 02.32716792000586
1 18636U 87100  F 88008.32415015  .00000800 +00000-0 +75853-3 0  9994
2 18636 047.2646 252.3401 7210900 007.2970 359.3249 02.32717865000596
1 18636U 87100  F 88009.18351593  .00000821 +00000-0 +76522-3 0  9996
2 18636 047.2661 252.0926 7211458 007.5306 359.2914 02.32719336000613
1 18636U 87100  F 88010.47283998  .00000832 +00000-0 +75274-3 0  9998
2 18636 047.2618 251.7267 7212380 007.8776 359.2432 02.32721253000647
1 18636U 87100  F 88012.19128090  .00000833 +00000-0 +73374-3 0  9990
2 18636 047.2607 251.2404 7213160 008.3456 359.1814 02.32723525000682
1 18636U 87100  F 88013.05092034  .00000853 +00000-0 +74766-3 0  9992
2 18636 047.2582 250.9949 7213362 008.5806 359.1636 02.32725066000706
1 18636U 87100  F 88014.33994816  .00000868 +00000-0 +74768-3 0  9991
2 18636 047.2543 250.6285 7213893 008.9323 359.1279 02.32727092000737
1 18636U 87100  F 88015.19902206  .00000878 +00000-0 +74721-3 0  9998
2 18636 047.2518 250.3835 7214258 009.1672 359.1092 02.32728453000750
1 18636U 87100  F 88015.19929981  .00000878 +00000-0 +74721-3 0  9997
2 18636 047.2518 250.3834 7214258 009.1671 359.1092 02.32728453000758
1 18636U 87100  F 88016.91770986  .00001104 +00000-0 +93398-3 0  9991
2 18636 047.2525 249.8880 7214919 009.6409 359.0977 02.32733937000796
1 18636U 87100  F 88017.77700361  .00001185 +00000-0 +99154-3 0  9991
2 18636 047.2471 249.6457 7215369 009.8748 359.0564 02.32736403000818
1 18636U 87100  F 88019.92524975  .00001226 +00000-0 +99726-3 0  9996
2 18636 047.2400 249.0346 7216210 010.4623 358.9848 02.32741283000867
1 18636U 87100  F 88022.93268071  .00001130 +00000-0 +88354-3 0  9992
2 18636 047.2310 248.1711 7217107 011.2887 358.8441 02.32747302000934
1 18636U 87100  F 88025.08111601  .00001110 +00000-0 +83015-3 0  9994
2 18636 047.2153 247.5641 7218275 011.8780 358.7695 02.32751073000984
1 18636U 87100  F 88034.10313591  .00000951 +00000-0 +61100-3 0  9992
2 18636 047.1991 244.9794 7221957 014.3709 358.4968 02.32763630001199
1 18636U 87100  F 88036.25113678  .00000976 +00000-0 +60209-3 0  9990
2 18636 047.1909 244.3642 7223043 014.9607 358.4274 02.32767361001246
1 18636U 87100  F 88037.96948614  .00001036 +00000-0 +62441-3 0  9993
2 18636 047.1859 243.8722 7223753 015.4326 358.3582 02.32771132001281
1 18636U 87100  F 88040.97653790  .00001121 +00000-0 +63207-3 0  9992
2 18636 047.1613 243.0053 7225599 016.2585 358.2392 02.32777208001350
1 18636U 87100  F 88042.26525239  .00001387 +00000-0 +76936-3 0  9999
2 18636 047.1507 242.6300 7226339 016.6245 358.2010 02.32783317001380
1 18636U 87100  F 88046.99042922  .00001250 +00000-0 +64850-3 0  9997
2 18636 047.1461 241.2801 7227781 017.9219 358.0420 02.32791658001499
1 18636U 87100  F 88049.13812484  .00001400 +00000-0 +70292-3 0  9998
2 18636 047.1353 240.6606 7228714 018.5187 357.9515 02.32797954001547
1 18636U 87100  F 88052.14478031  .00001481 +00000-0 +70345-3 0  9997
2 18636 047.1286 239.7969 7230084 019.3492 357.7968 02.32806142001612
1 18636U 87100  F 88053.43334958  .00000128 +00000-0 +23391-4 0  9996
2 18636 047.1358 239.4284 7230840 019.7095 357.6120 02.32793851001646
1 18636U 87100  F 88056.86951122  .00001324 +00000-0 +55928-3 0  9993
2 18636 047.1109 238.4355 7232653 020.6602 357.6530 02.32814996001725
1 18636U 87100  F 88059.87599954  .00001597 +00000-0 +62408-3 0  9991
2 18636 047.1106 237.5707 7234614 021.4988 357.5563 02.32825373001791
1 18636U 87100  F 88062.02339249  .00001678 +00000-0 +62721-3 0  9999
2 18636 047.1045 236.9505 7235607 022.0942 357.4695 02.32831921001849
1 18636U 87100  F 88067.17688149  .00001669 +00000-0 +56110-3 0  9991
2 18636 047.0837 235.4533 7237809 023.5410 357.1744 02.32845163001962
1 18636U 87100  F 88071.04196463  .00001668 +00000-0 +51471-3 0  9999
2 18636 047.0722 234.3386 7239542 024.6177 357.1392 02.32856465002054
1 18636U 87100  F 88075.33612415  .00002060 +00000-0 +61542-3 0  9992
2 18636 047.0329 233.0789 7240311 025.8242 357.0293 02.32873570002158
1 18636U 87100  F 88080.05909052  .00002275 +00000-0 +53629-3 0  9998
2 18636 047.0429 231.7206 7245014 027.1345 356.7326 02.32894401002263
1 18636U 87100  F 88080.91786628  .00002581 +00000-0 +60275-3 0  9990
2 18636 047.0343 231.4670 7245254 027.3770 356.7718 02.32900832002283
1 18636U 87100  F 88087.78665740  .00002147 +00000-0 +42411-3 0  9993
2 18636 047.0065 229.4503 7248032 029.3161 356.4737 02.32928633002444
1 18636U 87100  F 88087.78693518  .00002147 +00000-0 +42411-3 0  9997
2 18636 047.0065 229.4502 7248032 029.3161 356.4737 02.32928633002443
1 18636U 87100  F 88090.36244145  .00004387 +00000-0 +85784-3 0  9991
2 18636 046.9923 228.6861 7248453 030.0375 356.6185 02.32964026002508
1 18636U 87100  F 88090.36271891  .00004387 +00000-0 +85784-3 0  9999
2 18636 046.9923 228.6860 7248453 030.0375 356.6185 02.32964026002507
1 18636U 87100  F 88092.50828866  .00004434 +00000-0 +82256-3 0  9991
2 18636 047.0007 228.0812 7249296 030.6322 356.3467 02.32980477002550
1 18636U 87100  F 88092.50856644  .00004434 +00000-0 +82256-3 0  9996
2 18636 047.0007 228.0811 7249296 030.6321 356.3467 02.32980477002558
1 18636U 87100  F 88099.37467828  .00005336 +00000-0 +90146-3 0  9999
2 18636 046.9862 226.0939 7250467 032.5602 356.3903 02.33055054002717
1 18636U 87100  F 88099.37495574  .00005336 +00000-0 +90146-3 0  9998
2 18636 046.9862 226.0939 7250467 032.5602 356.3903 02.33055054002717
1 18636U 87100  F 88111.81265316  .00000707 +00000-0 +99999-4 0  9994
2 18636 047.0233 222.4555 7250224 036.0199 355.8372 02.33241169003018
1 18636U 87100  F 88111.81293127  .00000707 +00000-0 +00000-4 0  9990
2 18636 047.0233 222.4554 7250224 036.0199 355.8372 02.33241169003017
1 18636U 87100  F 88120.81211192  .00000867 +00000-0 +99999-4 0  9994
2 18636 047.0112 219.7946 7252570 038.7907 355.4792 02.33434950003226
1 18636U 87100  F 88120.81239003  .00000866 +00000-0 +00000-4 0  9999
2 18636 047.0112 219.7945 7252570 038.7906 355.4792 02.33434950003224
1 18636U 87100  F 88135.36061021  .00030880 -49100-4 +14889-2 0  9994
2 18636 046.9332 215.4699 7258577 042.5689 355.3933 02.34032739003562
1 18636U 87100  F 88138.77653812  .00009689 -49299-4 +00000-4 0  9991
2 18636 046.9590 214.4119 7262551 043.9387 354.8052 02.34278664003645
1 18636U 87100  F 88143.89341456  .00010134 -49400-4 +00000-4 0  9999
2 18636 046.9385 212.8718 7260805 045.2196 354.6194 02.34730804003764
1 18636U 87100  F 88143.89342687  .00051120 -49500-4 +19039-2 0  9997
2 18636 046.8658 212.8366 7257841 045.2489 354.6102 02.34726945003766
1 18636U 87100  F 88144.74526459  .00010156 -49500-4 +00000-4 0  9997
2 18636 046.9309 212.6076 7260205 045.4566 354.5838 02.34812212003782
1 18636U 87100  F 88149.00015292  .00010563 -49700-4 +00000-4 0  9993
2 18636 046.9195 211.3449 7258297 046.7197 354.3963 02.35227727003887
1 18636U 87100  F 88150.69984315  .00057105 -49600-4 +16321-2 0  9994
2 18636 046.8960 210.7366 7255860 047.2693 354.3253 02.35399076003921
1 18636U 87100  F 88153.67150566 -.00020579 -49600-4 -82725-3 0  9997
2 18636 046.8513 209.8555 7255692 048.0812 355.1752 02.35552693003995
1 18636U 87100  F 88158.80027714  .00012860 -49700-4 +00000-4 0  9995
2 18636 046.8990 208.3369 7252177 049.6720 037.5560 02.36686218000000
1 18636U 87100  F 88161.70332267  .00098719 -49700-4 +26040-2 0  9997
2 18636 046.8503 207.5059 7243204 050.4776 353.8954 02.37211277000077
1 18636U 87100  F 88164.65026584  .00118544 -49700-4 +22898-2 0  9992
2 18636 046.8495 206.4635 7241583 051.3582 353.8434 02.37854205000143
1 18636U 87100  F 88166.75001756  .00130857 -49600-4 +26348-2 0  9993
2 18636 046.8478 205.8211 7237103 052.0085 353.8554 02.38382872000191
1 18636U 87100  F 88173.43520761  .00028837 -49500-4 +00000-4 0  9990
2 18636 046.8709 203.7516 7232127 054.0208 353.1873 02.40216741000352
1 18636U 87100  F 88176.75847473  .00158300 -49299-4 +18833-2 0  9995
2 18636 046.7996 202.6781 7219042 055.0471 353.0248 02.41218014000435
1 18636U 87100  F 88177.17284102  .00026761 -49400-4 +00000-4 0  9994
2 18636 046.8713 202.5428 7222661 055.2034 352.9570 02.41365567000441
1 18636U 87100  F 88185.03897184  .00223494 +48826-4 +11137-2 0  9991
2 18636 046.8185 200.1296 7195043 057.5221 037.8734 02.44948826000637
1 18636U 87100  F 88185.03924962  .00223494 -48800-4 +11137-2 0  9999
2 18636 046.8185 200.1295 7195043 057.5221 037.8734 02.44948826000636
1 18636U 87100  F 88185.39557149  .01379603 +48544-4 +83363-2 0  9996
2 18636 046.8079 200.0052 7189418 057.6905 352.4119 02.45555996000644
1 18636U 87100  F 88185.39584927  .01379602 -48500-4 +83363-2 0  9992
2 18636 046.8079 200.0052 7189418 057.6905 352.4119 02.45555996000644
1 18636U 87100  F 88190.27007323  .00260645 +48163-4 +10955-2 0  9991
2 18636 046.8155 198.4549 7175921 059.0575 355.4342 02.47584609000762
1 18636U 87100  F 88191.87703931  .00377830 +48048-4 +14946-2 0  9997
2 18636 046.8150 197.8953 7166004 059.6873 352.1206 02.48939921000808
1 18636U 87100  F 88191.87731708  .00377830 -48000-4 +14946-2 0  9999
2 18636 046.8150 197.8953 7166004 059.6872 352.1206 02.48939921000807
1 18636U 87100  F 88193.87920156  .00381422 +47799-4 +15784-2 0  9994
2 18636 046.8190 197.1781 7154245 060.3576 351.8839 02.50445137000854
1 18636U 87100  F 88194.27810934  .00380774 +47614-4 +16121-2 0  9992
2 18636 046.8094 197.0119 7151854 060.5012 351.7411 02.50740351000863
1 18636U 87100  F 88194.27838713  .00380774 -47600-4 +16121-2 0  9993
2 18636 046.8094 197.0119 7151854 060.5012 351.7411 02.50740351000863
1 18636U 87100  F 88198.63440939  .00407488 +46923-4 +10567-2 0  9992
2 18636 046.8271 195.5653 7128433 061.9177 351.8020 02.54256197000973
1 18636U 87100  F 88198.63468718  .00407488 -46900-4 +10567-2 0  9993
2 18636 046.8271 195.5652 7128433 061.9176 351.8020 02.54256197000971
1 18636U 87100  F 88202.93224939  .00393683 +46325-4 +11990-2 0  9999
2 18636 046.7709 194.1560 7102357 063.2885 351.0746 02.57557051001084
1 18636U 87100  F 88202.93252654  .00393683 -46300-4 +11990-2 0  9998
2 18636 046.7709 194.1559 7102357 063.2885 351.0746 02.57557052001083
1 18636U 87100  F 88207.60027842  .00104628 -45400-4 +00000-4 0  9997
2 18636 046.7670 192.5189 7072421 064.9179 041.9750 02.62710374001201
1 18636U 87100  F 88238.89999998  .00434871 +35006-4 +99999-4 0  9993
2 18636 046.7420 180.2240 6652985 077.1240 017.7070 03.23028664000004
1 18636U 87100  F 88238.90027777  .00434871 -35000-4 +00000-4 0  9992
2 18636 046.7420 180.2239 6652985 077.1239 017.7070 03.23028664000000
1 18636U 87100  F 88242.89989999  .00321166 +32986-4 +99999-4 0  9994
2 18636 046.7300 178.3480 6546552 078.7460 096.4300 03.37894461000133
