1 19083U 88034  F 88119.24278736  .00000260 +00000-0 +99999-4 0  9997
2 19083 047.4473 271.0255 7322199 353.7592 000.3828 02.21301400000016
1 19083U 88034  F 88119.24316923  .00000260 +00000-0 +00000-4 0  9993
2 19083 047.4466 271.0308 7322206 353.7563 000.4658 02.21300920000012
1 19083U 88034  F 88122.40587306  .00000271 +00000-0 +99999-4 0  9997
2 19083 047.4216 270.1955 7323542 354.5535 000.3850 02.21304714000080
1 19083U 88034  F 88122.40615083  .00000271 +00000-0 +00000-4 0  9996
2 19083 047.4216 270.1955 7323542 354.5535 000.3850 02.21304715000081
1 19083U 88034  F 88129.63577470  .00000297 +00000-0 +00000-4 0  9993
2 19083 047.4077 268.2700 7326240 356.3824 000.5177 02.21319136000246
1 19083U 88034  F 88141.38098312  .00001993 +00000-0 +72239-3 0  9998
2 19083 047.3680 265.0902 7329680 359.4373 359.9273 02.21375992000507
1 19083U 88034  F 88146.34955173  .00002027 +00000-0 +72239-3 0  9995
2 19083 047.3441 263.7516 7329838 000.7674 359.8872 02.21399810000614
1 19083U 88034  F 88151.31746776  .00002336 +00000-0 +77569-3 0  9999
2 19083 047.3337 262.4121 7331218 002.0760 359.7263 02.21423511000723
1 19083U 88034  F 88161.25186124  .00003003 +00000-0 +77569-3 0  9990
2 19083 047.2806 259.6864 7335750 004.5637 000.1823 02.21493269000940
1 19083U 88034  F 88175.23969278  .00000692 +00000-0 +00000-4 0  9990
2 19083 047.3109 255.8070 7343065 008.3782 359.1448 02.21674456001259
1 19083U 88034  F 88175.23997055  .00000692 +00000-0 +00000-4 0  9994
2 19083 047.3109 255.8070 7343065 008.3782 359.1448 02.21674456001259
