1 09893U 76105  K 77084.97408193 -.00001380 +00000-0 +00000-0 0  9998
2 09893 063.0199 096.0022 7374454 317.2485 004.7433 02.01009369003107
1 09893U 76105  K 77088.95410005 -.00001380 +00000-0 +00000-0 0  9995
2 09893 062.9808 095.3866 7373977 317.2994 004.7552 02.00998791003189
1 09893U 76105  K 77097.90989502 -.00001080 +00000-0 +00000-0 0  9990
2 09893 062.9549 094.0480 7374444 317.3260 004.9877 02.00983547003361
1  9893U 76105K   77097.90989502 -.00001344 +00000-0 +00000-0 0  9993
2  9893 062.9549 094.0480 7374444 317.3260 004.9877 02.00983547002911
1 09893U 76105K   77097.90989502 -.00001344 +00000-0 +00000-0 0  9993
2 09893 062.9549 094.0480 7374444 317.3260 004.9877 02.00983547002911
1 09893U 76105K   77097.90989502 -.00001337  00000-0  10000-3 0  9999
2 09893 062.9549 094.0480 7374444 317.3260 004.9877 02.00983547  2911
1 09893U 76105K   77097.90989502 -.00001337 +00000-0 +10000-3 0  9999
2 09893 062.9549 094.0480 7374444 317.3260 004.9877 02.00983547002911
