1 15577U 85016  D 85053.27235718  .00000083 +00000-0 +99999-5 0  9992
2 15577 047.4424 279.4998 7266893 359.9737 359.5448 02.25002626000029
1 15577U 85016  D 85055.93959366  .00000201 +00000-0 +16380-3 0  9992
2 15577 047.4292 278.7795 7267924 000.6592 000.0487 02.25004556000085
1 15577U 85016  D 85057.27284931  .00000202 +00000-0 +16380-3 0  9991
2 15577 047.4176 278.4259 7268091 000.9994 000.0085 02.25005794000116
1 15577U 85016  D 85058.60610221  .00000205 +00000-0 +16380-3 0  9997
2 15577 047.4134 278.0608 7268815 001.3488 359.9731 02.25006760000142
1 15577U 85016  D 85060.38380279  .00000205 +00000-0 +16380-3 0  9992
2 15577 047.4083 277.5882 7268876 001.8054 359.9417 02.25006759000187
1 15577U 85016  D 85060.82820608  .00000207 +00000-0 +16380-3 0  9998
2 15577 047.4118 277.4666 7269170 001.9230 359.9175 02.25006788000194
1 15577U 85016  D 85070.16082632  .00000163 +00000-0 +09999-5 0  9994
2 15577 047.3881 274.9104 7271558 004.4011 359.5655 02.25008488000409
1 15577U 85016  D 85070.60524385  .00000165 +00000-0 +09999-5 0  9991
2 15577 047.3824 274.8011 7272100 004.5022 359.5548 02.25008512000419
1 15577U 85016  D 85074.16055975  .00000170 +00000-0 +99999-4 0  9994
2 15577 047.3638 273.8228 7273481 005.4274 359.4688 02.25009241000495
1 15577U 85016  D 85078.60465383  .00000177 +00000-0 +99999-4 0  9992
2 15577 047.3650 272.6981 7275470 006.5598 359.3442 02.25010776000596
1 15577U 85016  D 85095.49166241  .00000336 +00000-0 +19989-3 0  9996
2 15577 047.2991 268.0602 7282549 010.9459 358.7725 02.25019399000971
1 15577U 85016  D 85099.04669137  .00000243 +00000-0 +11974-3 0  9996
2 15577 047.2815 267.0815 7284005 011.8840 358.5920 02.25019789001052
1 15577U 85016  D 85103.49060926  .00000298 +00000-0 +14703-3 0  9995
2 15577 047.2851 265.8921 7286157 013.0141 358.5086 02.25022248001152
1 15577U 85016  D 85105.71249907  .00000315 +00000-0 +15304-3 0  9998
2 15577 047.2699 265.2694 7287040 013.6105 358.4228 02.25023387001209
1 15577U 85016  D 85107.48997955  .00000379 +00000-0 +19321-3 0  9990
2 15577 047.2238 264.7471 7287252 014.1552 358.3415 02.25025243001246
1 15577U 85016  D 85111.04495851  .00000422 +00000-0 +20846-3 0  9998
2 15577 047.2085 263.7645 7288694 015.0926 358.2200 02.25027916001323
1 15577U 85016  D 85115.93303333  .00000508 +00000-0 +23698-3 0  9996
2 15577 047.1941 262.4385 7290965 016.3274 358.1115 02.25032736001436
1 15577U 85016  D 85124.37573427  .00000658 +00000-0 +28095-3 0  9999
2 15577 047.1859 260.1387 7293966 018.5146 357.8868 02.25043169001621
1 15577U 85016  D 85126.15301801  .00000673 +00000-0 +27940-3 0  9997
2 15577 047.1697 259.6270 7294669 019.0128 357.7707 02.25045180001662
1 15577U 85016  D 85132.37369348  .00000787 +00000-0 +28359-3 0  9999
2 15577 047.1466 257.9155 7298081 020.6517 357.6322 02.25053536001803
1 15577U 85016  D 85145.70252352  .00001325 +00000-0 +37959-3 0  9991
2 15577 047.0557 254.1554 7303557 024.2591 357.3389 02.25085219002109
1 15577U 85016  D 85147.47945865  .00000800 +00000-0 +21415-3 0  9992
2 15577 047.0535 253.6890 7303807 024.7118 357.2008 02.25085009002148
1 15577U 85016  D 85152.81047868  .00001284 +00000-0 +31626-3 0  9994
2 15577 047.0254 252.2102 7306279 026.1190 357.1667 02.25100892002260
1 15577U 85016  D 85159.91756423  .00002166 +00000-0 +48052-3 0  9997
2 15577 047.0171 250.1739 7308686 028.0860 356.9065 02.25129180002428
1 15577U 85016  D 85193.64511505  .00014154 +00000-0 +13531-2 0  9998
2 15577 046.9243 240.5349 7319117 037.3060 355.8917 02.25662303003189
