1 06208U 72075  A 72285.15581937  .00000000 +00000-0 +00000-0 0  9990
2 06208 065.4809 291.7350 7403649 284.9582 009.9402 02.04775950000214
1 06208U 72075  A 72287.10920067  .00000000 +00000-0 +00000-0 0  9998
2 06208 065.4809 291.4532 7403649 284.9109 009.9504 02.04775677000251
1 06208U 72075  A 72306.00324416  .00000373 +00000-0 +00000-0 0  9998
2 06208 065.3950 288.4903 7418989 284.6763 009.9121 02.00703323000633
1 06208U 72075  A 72311.98228660  .00000211 +00000-0 +00000-0 0  9996
2 06208 065.4040 287.6465 7419709 284.5251 009.9404 02.00703823000752
1 06208U 72075  A 72314.97186348  .00000106 +00000-0 +00000-0 0  9997
2 06208 065.3994 287.2201 7419729 284.4586 009.9546 02.00702120000818
1 06208U 72075  A 72320.95101284  .00000028 +00000-0 +00000-0 0  9991
2 06208 065.4117 286.3763 7418559 284.3265 009.9899 02.00700581000935
1 06208U 72075  A 72326.93013805 -.00000014 +00000-0 +00000-0 0  9992
2 06208 065.4142 285.5298 7417169 284.2146 010.0222 02.00699665001057
1 06208U 72075  A 72353.83727125 -.00000372 +00000-0 +00000-0 0  9995
2 06208 065.4962 281.6641 7401790 283.6272 010.2409 02.00683704001597
1 06208U 72075  A 73002.28799861 -.00000141 +00000-0 +00000-0 0  9996
2 06208 065.4900 279.5942 7390220 283.3495 010.3714 02.00681245001888
1 06208U 72075  A 73008.76649387 -.00000613 +00000-0 +00000-0 0  9996
2 06208 065.4971 278.7137 7384560 283.2111 010.4362 02.00666088002011
1 06208U 72075  A 73023.21844690 -.00000041 +00000-0 +00000-0 0  9992
2 06208 065.5215 276.7388 7367800 282.7633 010.6386 02.00663811002301
1 06208U 72075  A 73025.71023944 -.00000336 +00000-0 +00000-0 0  9997
2 06208 065.5214 276.4044 7367800 282.7061 010.6518 02.00659448002354
1 06208U 72075  A 73032.18922791 -.00000457 +00000-0 +00000-0 0  9998
2 06208 065.5199 275.5167 7364390 282.5810 010.7012 02.00650731002483
1 06208U 72075  A 73035.67801701 -.00000547 +00000-0 +00000-0 0  9992
2 06208 065.5193 275.0454 7362470 282.4968 010.7324 02.00645241002555
1 06208U 72075  A 73037.67157568 -.00000482 +64756-9 +00000-0 0  9994
2 06208 065.5212 274.7780 7361720 282.4392 010.7503 02.00644672002593
1 06208U 72075  A 73041.65872914 -.00000221 +70177-9 +00000-0 0  9991
2 06208 065.5119 274.2430 7359582 282.3144 010.7923 02.00645397002673
1 06208U 72075  A 73044.64917805 -.00000367 +64364-9 +00000-0 0  9994
2 06208 065.5224 273.8428 7359444 282.2541 010.8072 02.00641039002731
1 06208U 72075  A 73045.64603667 -.00000420 +67760-9 +00000-0 0  9996
2 06208 065.5236 273.7083 7358637 282.2104 010.8223 02.00638914002756
1 06208U 72075  A 73046.64300500 -.00000704 +00000-0 +00000-0 0  9997
2 06208 065.5175 273.5706 7357950 282.1889 010.8315 02.00631761002771
1 06208U 72075  A 73048.63662514 -.00000599 +64334-9 +00000-0 0  9995
2 06208 065.5199 273.3143 7357728 282.1376 010.8449 02.00632410002819
1 06208U 72075  A 73052.62404353 -.00000583 +63808-9 +00000-0 0  9992
2 06208 065.5177 272.7777 7356240 282.0397 010.8769 02.00628600002890
1 06208U 72075  A 73055.61465810 -.00000459 +65122-9 +00000-0 0  9992
2 06208 065.5321 272.3770 7356015 281.9381 010.9022 02.00627453002956
1 06208U 72075  A 73057.60845034 -.00000490 +62011-9 +00000-0 0  9992
2 06208 065.5376 272.1027 7355533 281.8868 010.9172 02.00624804002999
1 06208U 72075  A 73059.60227236 -.00000554 +62955-9 +00000-0 0  9990
2 06208 065.5530 271.8395 7354827 281.8275 010.9355 02.00621511003033
1 06208U 72075  A 73060.59917489 -.00000522 +00000-0 +00000-0 0  9995
2 06208 065.5309 271.6854 7356120 281.7768 010.9395 02.00621040003052
1 06208U 72075  A 73063.58989826 -.00000515 +59671-9 +00000-0 0  9990
2 06208 065.4874 271.2447 7344858 281.8724 010.9864 02.00618618003115
1 06208U 72075  A 73064.58681008 -.00000407 +58253-9 +00000-0 0  9997
2 06208 065.4588 271.0961 7342216 281.8877 010.9991 02.00619042003136
1 06208U 72075  A 73066.58064833 -.00000356 +57970-9 +00000-0 0  9998
2 06208 065.4518 270.8243 7344928 281.7817 011.0075 02.00618167003170
1 06208U 72075  A 73068.57450721 -.00000326 +57634-9 +00000-0 0  9998
2 06208 065.4542 270.5558 7344769 281.7395 011.0185 02.00617001003210
1 06208U 72075  A 73070.56849756 -.00000557 +60653-9 +00000-0 0  9991
2 06208 065.4686 270.2757 7344952 281.6800 011.0314 02.00610586003250
1 06208U 72075  A 73072.56245346 -.00000616 +61981-9 +00000-0 0  9999
2 06208 065.4691 270.0061 7345863 281.6122 011.0419 02.00607329003292
1 06208U 72075  A 73076.55042991 -.00000671 +62577-9 +00000-0 0  9996
2 06208 065.5179 269.4913 7346517 281.4943 011.0660 02.00601571003378
1 06208U 72075  A 73085.52354587 -.00000683 +12015-8 +00000-0 0  9994
2 06208 065.4555 268.1567 7336396 281.4207 011.1466 02.00593014003550
1 06208U 72075  A 73086.52059830 -.00000692 +12042-8 +00000-0 0  9998
2 06208 065.4592 268.0261 7338038 281.3447 011.1546 02.00591656003572
1 06208U 72075  A 73088.51469553 -.00000551 +11729-8 +00000-0 0  9991
2 06208 065.4663 267.7602 7335956 281.3325 011.1706 02.00591148003616
1 06208U 72075  A 73089.51174569 -.00000459 +11561-8 +00000-0 0  9993
2 06208 065.4742 267.6325 7336822 281.2872 011.1761 02.00591166003637
1 06208U 72075  A 73090.50878841 -.00000377 +11464-8 +00000-0 0  9999
2 06208 065.4788 267.5015 7336296 281.2721 011.1830 02.00591532003656
1 06208U 72075  A 73092.50288397 -.00000221 +11275-8 +00000-0 0  9990
2 06208 065.4903 267.2420 7337661 281.1914 011.1939 02.00592086003691
1 06208U 72075  A 73094.49701394 -.00000207 +11367-8 +00000-0 0  9993
2 06208 065.4710 266.9639 7340185 281.0926 011.2019 02.00590894003732
1 06208U 72075  A 73095.99264046 -.00000296 +11482-8 +00000-0 0  9993
2 06208 065.4734 266.7616 7338648 281.0898 011.2122 02.00588723003766
1 06208U 72075  A 73098.48541355 -.00000549 +11724-8 +00000-0 0  9991
2 06208 065.5027 266.4324 7345155 280.8771 011.2227 02.00582799003812
1 06208U 72075  A 73100.47966272 -.00000709 +12046-8 +00000-0 0  9999
2 06208 065.5442 266.1724 7351351 280.6687 011.2341 02.00578176003858
1 06208U 72075  A 73102.47385570 -.00000577 +11778-8 +00000-0 0  9991
2 06208 065.5581 265.8845 7349909 280.6120 011.2570 02.00578280003894
1 06208U 72075  A 73104.46806384 -.00000367 +11426-8 +00000-0 0  9990
2 06208 065.5509 265.5954 7348753 280.5686 011.2748 02.00579321003933
1 06208U 72075  A 73106.46228647 -.00000262 +15300-8 +00000-0 0  9991
2 06208 065.5564 265.3234 7344062 280.6356 011.2883 02.00579443003976
1 06208U 72075  A 73107.45940777 -.00000170 +11305-8 +00000-0 0  9995
2 06208 065.5173 265.1706 7342477 280.6235 011.3012 02.00579709003990
1 06208U 72075  A 73109.45371910 -.00000394 +11426-8 +00000-0 0  9996
2 06208 065.5329 264.8992 7341311 280.5862 011.3176 02.00575170004032
1 06208U 72075  A 73111.44806530 -.00000640 +11952-8 +00000-0 0  9997
2 06208 065.4798 264.6057 7339729 280.5690 011.3319 02.00569871004074
1 06208U 72075  A 73112.94379909 -.00000607 +12667-8 +00000-0 0  9995
2 06208 065.4699 264.4069 7327461 280.7829 011.3573 02.00568957004101
1 06208U 72075  A 73114.43956933 -.00000617 +11721-8 +00000-0 0  9990
2 06208 065.4893 264.2034 7326735 280.7305 011.3747 02.00566911004133
1 06208U 72075  A 73118.42823312 -.00000274 +11075-8 +00000-0 0  9998
2 06208 065.5389 263.6632 7325371 280.6325 011.4075 02.00568136004212
1 06208U 72075  A 73119.42537727 -.00000099 +10899-8 +00000-0 0  9999
2 06208 065.5690 263.5287 7324784 280.5747 011.4254 02.00570096004235
1 06208U 72075  A 73121.41973120 -.00000161 +10899-8 +00000-0 0  9992
2 06208 065.5759 263.2511 7324653 280.5220 011.4392 02.00568547004274
1 06208U 72075  A 73122.41691019 -.00000184 +10899-8 +00000-0 0  9992
2 06208 065.5744 263.1194 7324637 280.4975 011.4453 02.00567872004292
1 06208U 72075  A 73123.41412950 -.00000351 +10899-8 +00000-0 0  9994
2 06208 065.5801 262.9775 7324664 280.4623 011.4538 02.00564909004313
1 06208U 72075  A 73124.41134679 -.00000511 +10899-8 +00000-0 0  9992
2 06208 065.5673 262.8331 7324139 280.4316 011.4647 02.00562079004332
1 06208U 72075  A 73127.40298521 -.00000510 +10899-8 +00000-0 0  9990
2 06208 065.5672 262.4438 7324166 280.3635 011.4814 02.00559022004394
1 06208U 72075  A 73129.39740115 -.00000395 +10899-8 +00000-0 0  9992
2 06208 065.5535 262.1596 7322960 280.3288 011.4977 02.00558847004437
1 06208U 72075  A 73133.38621298 -.00000097 +10899-8 +00000-0 0  9995
2 06208 065.4832 261.5843 7319553 280.2619 011.5361 02.00560753004511
1 06208U 72075  A 73136.37790394 -.00000226 +10899-8 +00000-0 0  9995
2 06208 065.4891 261.1814 7317517 280.1945 011.5659 02.00557606004578
1 06208U 72075  A 73138.87101664 -.00000402 +10899-8 +00000-0 0  9994
2 06208 065.5275 260.8672 7309374 280.2110 011.6140 02.00554104004622
1 06208U 72075  A 73140.36691597 -.00000462 +10899-8 +00000-0 0  9996
2 06208 065.5507 260.6789 7308271 280.1560 011.6349 02.00551753004651
1 06208U 72075  A 73142.86000235 -.00000187 +10899-8 +00000-0 0  9990
2 06208 065.5570 260.3544 7306572 280.1112 011.6570 02.00553855004709
1 06208U 72075  A 73144.35586547 -.00000012 +10899-8 +00000-0 0  9998
2 06208 065.5708 260.1598 7305692 280.0583 011.6760 02.00555258004735
1 06208U 72075  A 73145.35311273 -.00000032 +10899-8 +00000-0 0  9993
2 06208 065.5737 260.0319 7305602 280.0362 011.6821 02.00554855004755
1 06208U 72075  A 73146.35034025  .00000054 +10899-8 +00000-0 0  9994
2 06208 065.5819 259.9023 7305279 280.0060 011.6918 02.00555968004775
1 06208U 72075  A 73151.83526377 -.00000385 +10899-8 +00000-0 0  9997
2 06208 065.5947 259.1697 7303316 279.8489 011.7441 02.00549519004886
1 06208U 72075  A 73157.32023413 -.00000303 +10899-8 +00000-0 0  9990
2 06208 065.5913 258.4555 7295428 279.7622 011.8172 02.00547378004991
1 06208U 72075  A 73159.31472128  .00000082 +10899-8 +00000-0 0  9995
2 06208 065.5750 258.1918 7293265 279.6895 011.8497 02.00551582005036
1 06208U 72075  A 73161.80786483  .00000185 +10899-8 +00000-0 0  9998
2 06208 065.5685 257.8670 7292446 279.6216 011.8724 02.00552970005081
1 06208U 72075  A 73163.30377630  .00000106 +10899-8 +00000-0 0  9998
2 06208 065.5663 257.6682 7292015 279.5933 011.8824 02.00551872005110
1 06208U 72075  A 73165.29837688 -.00000177 +10899-8 +00000-0 0  9991
2 06208 065.5863 257.4093 7291189 279.5289 011.9043 02.00547564005152
1 06208U 72075  A 73166.29569717 -.00000516 +10899-8 +00000-0 0  9994
2 06208 065.5873 257.2833 7290447 279.4899 011.9192 02.00543221005178
1 06208U 72075  A 73172.27935797  .00000034 +10899-8 +00000-0 0  9998
2 06208 065.5754 256.4965 7288043 279.3611 011.9680 02.00547368005294
1 06208U 72075  A 73174.27388399  .00000165 +10899-8 +00000-0 0  9995
2 06208 065.5921 256.2494 7288224 279.3039 011.9815 02.00549567005338
1 06208U 72075  A 73177.76437533 -.00000062 +10899-8 +00000-0 0  9994
2 06208 065.5965 255.7922 7283354 279.2700 012.0222 02.00546757005409
1 06208U 72075  A 73180.25755482 -.00000089 +10899-8 +00000-0 0  9997
2 06208 065.5898 255.4760 7280248 279.1655 012.0697 02.00546798005454
1 06208U 72075  A 73181.75346883 -.00000009 +10899-8 +00000-0 0  9996
2 06208 065.5835 255.2822 7279711 279.1197 012.0852 02.00547430005486
1 06208U 72075  A 73183.74797581  .00000236 +10899-8 +00000-0 0  9993
2 06208 065.5844 255.0386 7276657 279.0836 012.1147 02.00551034005522
1 06208U 72075  A 73186.24113357  .00000300 +10899-8 +00000-0 0  9996
2 06208 065.5694 254.7174 7275627 279.0101 012.1406 02.00552303005570
1 06208U 72075  A 73189.73158166  .00000011 +10899-8 +00000-0 0  9999
2 06208 065.5636 254.2707 7274326 278.9299 012.1703 02.00550083005645
1 06208U 72075  A 73192.22478270 -.00000116 +10899-8 +00000-0 0  9995
2 06208 065.5672 253.9551 7273595 278.8689 012.1910 02.00548152005696
1 06208U 72075  A 73194.21933611 -.00000084 +10899-8 +00000-0 0  9995
2 06208 065.5794 253.7097 7272601 278.8099 012.2131 02.00548266005733
1 06208U 72075  A 73195.71520271  .00000026 +10899-8 +00000-0 0  9990
2 06208 065.5731 253.5217 7271957 278.7759 012.2263 02.00550236005760
1 06208U 72075  A 73198.20836423  .00000184 +10899-8 +00000-0 0  9991
2 06208 065.5793 253.2077 7270253 278.7241 012.2513 02.00552139005811
1 06208U 72075  A 73199.70424390  .00000226 +10899-8 +00000-0 0  9990
2 06208 065.5856 253.0177 7269520 278.6734 012.2695 02.00553284005847
1 06208U 72075  A 73205.18912260  .00000212 +10899-8 +00000-0 0  9993
2 06208 065.5647 252.3235 7266962 278.5496 012.3193 02.00555214005954
1 06208U 72075  A 73206.18640407  .00000046 +10899-8 +00000-0 0  9990
2 06208 065.5625 252.1931 7266862 278.5269 012.3260 02.00553098005973
1 06208U 72075  A 73207.18366214 -.00000063 +10899-8 +00000-0 0  9992
2 06208 065.5646 252.0702 7266284 278.4832 012.3415 02.00552163005990
1 06208U 72075  A 73208.67948993  .00000080 +10899-8 +00000-0 0  9995
2 06208 065.5567 251.8737 7265128 278.4524 012.3574 02.00554889006029
1 06208U 72075  A 73210.17536689  .00000054 +10899-8 +00000-0 0  9999
2 06208 065.5556 251.6840 7264473 278.4136 012.3721 02.00554634006056
1 06208U 72075  A 73211.17262485  .00000053 +10899-8 +00000-0 0  9999
2 06208 065.5481 251.5483 7263943 278.3957 012.3804 02.00554347006071
1 06208U 72075  A 73212.66844562  .00000186 +10899-8 +00000-0 0  9993
2 06208 065.5469 251.3635 7262971 278.3497 012.3992 02.00557165006106
1 06208U 72075  A 73216.65733264  .00000247 +10899-8 +00000-0 0  9990
2 06208 065.5277 250.8507 7261455 278.2404 012.4386 02.00560049006189
1 06208U 72075  A 73218.15322196 -.00000149 +10899-8 +00000-0 0  9997
2 06208 065.5736 250.6749 7260353 278.2062 012.4551 02.00556090006210
1 06208U 72075  A 73219.64901455  .00000206 +10899-8 +00000-0 0  9996
2 06208 065.5251 250.4610 7260331 278.1828 012.4616 02.00560203006248
1 06208U 72075  A 73221.64345559  .00000145 +10899-8 +00000-0 0  9998
2 06208 065.5241 250.2102 7259805 278.1471 012.4747 02.00560181006283
1 06208U 72075  A 73224.63513256  .00000098 +10899-8 +00000-0 0  9998
2 06208 065.5241 249.8362 7258742 278.0788 012.5002 02.00559856006343
1 06208U 72075  A 73226.62942057  .00000410 +10899-8 +00000-0 0  9992
2 06208 065.5598 249.5870 7258529 278.0313 012.5144 02.00566658006385
1 06208U 72075  A 73229.62095430  .00000471 +10899-8 +00000-0 0  9996
2 06208 065.5775 249.2136 7257308 277.9563 012.5429 02.00570092006443
1 06208U 72075  A 73232.61249506  .00000330 +00899-9 +00000-0 0  9998
2 06208 065.5636 248.8382 7256725 277.8822 012.5668 02.00570226006507
1 06208U 72075  A 73236.10266957  .00000038 +00899-9 +00000-0 0  9990
2 06208 065.5770 248.4106 7253396 277.7362 012.6290 02.00568485006578
1 06208U 72075  A 73238.59572514 -.00000370 +00899-9 +00000-0 0  9994
2 06208 065.5770 248.1002 7253394 277.6816 012.6438 02.00561690006622
1 06208U 72075  A 73246.07394192  .00000547 +00899-9 +00000-0 0  9995
2 06208 065.5706 247.1058 7252908 277.4680 012.7054 02.00582552006779
1 06208U 72075  A 73252.55495216  .00000661 +00899-9 +00000-0 0  9991
2 06208 065.5327 246.2465 7247354 277.4386 012.7514 02.00591922006909
1 06208U 72075  A 73271.49827069  .00000473 +00899-9 +00000-0 0  9991
2 06208 065.5452 243.7611 7236960 276.9292 012.9639 02.00607896007284
1 06208U 72075  A 73275.98473716  .00000344 +00899-9 +00000-0 0  9992
2 06208 065.5593 243.1942 7237279 276.8610 012.9808 02.00608563007378
1 06208U 72075  A 73278.47676359  .00000732 +00000-0 +00000-0 0  9993
2 06208 065.5591 242.8866 7237242 276.8073 012.9960 02.00623274007421
1 06208U 72075  A 73280.47060786  .00000625 +00000-0 +00000-0 0  9998
2 06208 065.5590 242.6405 7237215 276.7644 013.0082 02.00623703007468
1 06208U 72075  A 73282.96295527  .00000671 +00000-0 +00000-0 0  9998
2 06208 065.5549 242.2989 7233522 276.7507 013.0377 02.00626373007519
1 06208U 72075  A 73283.95990208  .00000669 +00000-0 +00000-0 0  9993
2 06208 065.5548 242.1760 7233510 276.7294 013.0438 02.00626469007530
1 06208U 72075  A 73286.95060986  .00000379 +00000-0 +00000-0 0  9995
2 06208 065.5547 241.8076 7233473 276.6654 013.0620 02.00625610007598
1 06208U 72075  A 73288.94408654  .00000968 +00000-0 +00000-0 0  9998
2 06208 065.5699 241.5636 7229070 276.5529 013.1244 02.00640464007635
1 06208U 72075  A 73288.94438253  .00000379 +00000-0 +00000-0 0  9992
2 06208 065.5546 241.5620 7233459 276.6227 013.0741 02.00627136007633
1 06208U 72075  A 73293.92841772  .00000297 +00000-0 +00000-0 0  9999
2 06208 065.5393 240.9447 7225786 276.4775 013.1687 02.00635624007735
1 06208U 72075  A 73297.91543512  .00000640 +00000-0 +00000-0 0  9995
2 06208 065.5808 240.4329 7225205 276.3592 013.2064 02.00647902007813
1 06208U 72075  A 73298.91234527  .00000472 +00000-0 +00000-0 0  9992
2 06208 065.6057 240.2836 7222718 276.3188 013.2353 02.00644946007836
1 06208U 72075  A 73300.40749231  .00000520 +00000-0 +00000-0 0  9997
2 06208 065.6011 240.0868 7221927 276.2878 013.2497 02.00647879007865
1 06208U 72075  A 73301.90266830  .00000565 +00000-0 +00000-0 0  9991
2 06208 065.5947 239.8943 7220698 276.2603 013.2662 02.00649953007894
1 06208U 72075  A 73304.39452767  .00000672 +00000-0 +00000-0 0  9992
2 06208 065.5883 239.5746 7219228 276.1958 013.2950 02.00654769007947
1 06208U 72075  A 73311.37155353  .00000610 +00000-0 +00000-0 0  9991
2 06208 065.5931 238.7256 7215429 276.0341 013.3682 02.00664568008089
1 06208U 72075  A 73313.86332991  .00000603 +00000-0 +00000-0 0  9994
2 06208 065.6002 238.4071 7214132 275.9856 013.3913 02.00666809008133
1 06208U 72075  A 73315.85671683  .00000626 +00000-0 +00000-0 0  9994
2 06208 065.6101 238.1372 7212577 275.9160 013.4224 02.00669241008176
1 06208U 72075  A 73317.35172874  .00000614 +00000-0 +00000-0 0  9996
2 06208 065.6097 237.9548 7212011 275.8830 013.4359 02.00670910008206
1 06208U 72075  A 73323.82989817  .00000577 +00000-0 +00000-0 0  9996
2 06208 065.6075 237.1566 7207013 275.7508 013.5098 02.00679493008331
1 06208U 72075  A 73328.81275949  .00000901 +00000-0 +00000-0 0  9995
2 06208 065.5937 236.5537 7204859 275.6715 013.5482 02.00693107008438
1 06208U 72075  A 73332.79920135  .00000594 +00000-0 +00000-0 0  9999
2 06208 065.5960 236.0663 7202795 275.5677 013.5933 02.00691485008519
1 06208U 72075  A 73337.28392869  .00000295 +00000-0 +00000-0 0  9993
2 06208 065.5949 235.5235 7198800 275.4214 013.6648 02.00688958008607
1 06208U 72075  A 73338.28044598  .00000524 +00000-0 +00000-0 0  9992
2 06208 065.6100 235.3876 7196517 275.3869 013.6913 02.00694084008628
1 06208U 72075  A 73341.27003485  .00000457 +00000-0 +00000-0 0  9990
2 06208 065.6142 235.0279 7196197 275.3365 013.7085 02.00697088008687
1 06208U 72075  A 73344.75792981  .00000524 +00000-0 +00000-0 0  9997
2 06208 065.6203 234.6001 7193143 275.2446 013.7576 02.00701308008754
1 06208U 72075  A 73348.74405438  .00000535 +00000-0 +00000-0 0  9990
2 06208 065.5807 234.1735 7189422 275.0935 013.8293 02.00705051008833
1 06208U 72075  A 73349.74064291  .00000299 +00000-0 +00000-0 0  9996
2 06208 065.5792 234.0609 7187405 275.0712 013.8505 02.00702381008858
1 06208U 72075  A 73352.23184963  .00000492 +00000-0 +00000-0 0  9998
2 06208 065.5767 233.7610 7185405 274.9793 013.8924 02.00707912008909
1 06208U 72075  A 73354.22477377  .00000536 +00000-0 +00000-0 0  9992
2 06208 065.5661 233.5222 7184022 274.9149 013.9217 02.00711417008943
1 06208U 72075  A 73355.71955704  .00000306 +00000-0 +00000-0 0  9997
2 06208 065.5715 233.3167 7181171 274.8692 013.9562 02.00708389008973
1 06208U 72075  A 73356.71604831  .00000352 +00000-0 +00000-0 0  9991
2 06208 065.5714 233.1977 7181165 274.8483 013.9625 02.00709176008997
1 06208U 72075  A 73360.20378466  .00000152 +00000-0 +00000-0 0  9990
2 06208 065.5634 232.7794 7180110 274.7736 013.9926 02.00707603009065
1 06208U 72075  A 73364.68794388  .00000152 +00000-0 +00000-0 0  9991
2 06208 065.5633 232.2441 7180097 274.6802 014.0209 02.00708961009159
1 06208U 72075  A 73365.68430486  .00000520 +00000-0 +00000-0 0  9997
2 06208 065.5750 232.1109 7177247 274.6570 014.0487 02.00716257009171
1 06208U 72075  A 74003.17539947  .00000630 +00000-0 +00000-0 0  9995
2 06208 065.5693 231.8205 7176192 274.6015 014.0732 02.00720334009222
1 06208U 72075  A 74007.16124927  .00000097 +00000-0 +00000-0 0  9993
2 06208 065.5725 231.3452 7175150 274.5088 014.1089 02.00713849009307
1 06208U 72075  A 74011.14692362  .00000311 +00000-0 +00000-0 0  9998
2 06208 065.5725 230.8710 7175143 274.4258 014.1343 02.00719595009383
1 06208U 72075  A 74017.62398554 -.00000241 +00000-0 +00000-0 0  9996
2 06208 065.5528 230.1234 7174244 274.2933 014.1812 02.00710297009513
1 06208U 72075  A 74041.53896475 -.00002030 +00000-0 +00000-0 0  9996
2 06208 065.5542 227.2089 7158272 273.6600 014.4951 02.00693941009985
1 06208U 72075  A 74043.53201675 -.00001340 +00000-0 +00000-0 0  9993
2 06208 065.5628 226.9760 7157580 273.4893 014.5537 02.00691128010028
1 06208U 72075  A 74056.48664903 -.00000108 +00000-0 +00000-0 0  9999
2 06208 065.5616 225.3849 7155512 273.1911 014.6632 02.00699472010282
1 06208U 72075  A 74057.48322010 -.00000289 +00000-0 +00000-0 0  9990
2 06208 065.6044 225.2786 7155515 273.1598 014.6731 02.00696564010303
1 06208U 72075  A 74058.47975969 -.00000289 +00000-0 +00000-0 0  9997
2 06208 065.6043 225.1615 7155519 273.1389 014.6797 02.00695992010322
1 06208U 72075  A 74059.47631692 -.00000344 +00000-0 +00000-0 0  9992
2 06208 065.5834 225.0351 7151620 273.1760 014.6973 02.00694442010344
1 06208U 72075  A 74060.47290897 -.00000577 +00000-0 +00000-0 0  9990
2 06208 065.6146 224.9198 7150879 273.1433 014.7133 02.00690603010366
1 06208U 72075  A 74062.46602630 -.00000438 +00000-0 +00000-0 0  9999
2 06208 065.6725 224.7015 7155100 272.9909 014.7298 02.00690770010404
1 06208U 72075  A 74064.45916986 -.00000438 +00000-0 +00000-0 0  9992
2 06208 065.6724 224.4682 7155116 272.9479 014.7433 02.00689030010441
1 06208U 72075  A 74066.45232628 -.00000442 +00000-0 +00000-0 0  9993
2 06208 065.6566 224.2235 7153808 272.9222 014.7614 02.00687194010483
1 06208U 72075  A 74069.44213056 -.00000477 +00000-0 +00000-0 0  9997
2 06208 065.6594 223.8674 7153924 272.8364 014.7879 02.00683641010544
1 06208U 72075  A 74073.42862653  .00000521 +00000-0 +00000-0 0  9992
2 06208 065.6354 223.3811 7151795 272.7548 014.8301 02.00678515010627
1 06208U 72075  A 74075.42193317  .00000565 +00000-0 +00000-0 0  9996
2 06208 065.6670 223.1425 7147108 272.7482 014.8679 02.00675368010662
1 06208U 72075  A 74076.41858769  .00000620 +00000-0 +00000-0 0  9997
2 06208 065.6538 223.0174 7146845 272.7145 014.8807 02.00673366010689
1 06208U 72075  A 74077.41524887  .00000634 +00000-0 +00000-0 0  9994
2 06208 065.6535 222.8976 7146783 272.6927 014.8882 02.00671864010708
1 06208U 72075  A 74079.90693712  .00000672 +00000-0 +00000-0 0  9996
2 06208 065.6375 222.6001 7146449 272.6347 014.9093 02.00667882010757
1 06208U 72075  A 74082.39860296  .00000584 +00000-0 +00000-0 0  9998
2 06208 065.6327 222.2955 7144618 272.5874 014.9386 02.00666857010800
1 06208U 72075  A 74083.39529847  .00000560 +00000-0 +00000-0 0  9997
2 06208 065.6311 222.1593 7142263 272.5568 014.9664 02.00665951010829
1 06208U 72075  A 74084.89035463 -.00000579 +00000-0 +00000-0 0  9990
2 06208 065.6172 221.9684 7141752 272.4991 014.9889 02.00663853010854
1 06208U 72075  A 74087.88053560  .00000624 +00000-0 +00000-0 0  9990
2 06208 065.6171 221.6203 7141784 272.4367 015.0089 02.00658727010914
1 06208U 72075  A 74092.36583709  .00000663 +00000-0 +00000-0 0  9995
2 06208 065.6195 221.0959 7140769 272.3330 015.0503 02.00653123011000
1 06208U 72075  A 74094.35937261  .00000687 +00000-0 +00000-0 0  9998
2 06208 065.6161 220.8547 7139678 272.3099 015.0662 02.00649900011040
1 06208U 72075  A 74095.35620117  .00000686 +00000-0 +00000-0 0  9997
2 06208 065.6160 220.7388 7139690 272.2891 015.0728 02.00647745011064
1 06208U 72075  A 74096.85132789  .00000653 +00000-0 +00000-0 0  9990
2 06208 065.6109 220.5569 7138619 272.2505 015.0936 02.00646856011094
1 06208U 72075  A 74101.83541342  .00000742 +00000-0 +00000-0 0  9993
2 06208 065.6240 219.9774 7138642 272.1438 015.1282 02.00637894011198
1 06208U 72075  A 74104.32761855  .00000865 +00000-0 +00000-0 0  9999
2 06208 065.6225 219.6767 7138041 272.0793 015.1541 02.00630791011249
1 06208U 72075  A 74105.32432264  .00000529 +00000-0 +00000-0 0  9996
2 06208 065.5923 219.5542 7131743 271.9311 015.2513 02.00635846011267
1 06208U 72075  A 74107.31801314  .00000529 +00000-0 +00000-0 0  9993
2 06208 065.5922 219.3233 7131763 271.8902 015.2646 02.00633736011306
1 06208U 72075  A 74108.31490368  .00000649 +00000-0 +00000-0 0  9990
2 06208 065.5842 219.1944 7128379 271.9018 015.2870 02.00630307011324
1 06208U 72075  A 74109.81022164  .00000683 +00000-0 +00000-0 0  9999
2 06208 065.6086 219.0068 7127276 271.8590 015.3097 02.00627885011352
1 06208U 72075  A 74111.30556056  .00000708 +00000-0 +00000-0 0  9996
2 06208 065.6086 218.8332 7126960 271.8173 015.3259 02.00625263011380
1 06208U 72075  A 74113.79781767  .00000631 +00000-0 +00000-0 0  9995
2 06208 065.5805 218.5422 7125767 271.7635 015.3530 02.00622314011433
1 06208U 72075  A 74115.29320949  .00000667 +00000-0 +00000-0 0  9992
2 06208 065.5902 218.3664 7124908 271.7191 015.3744 02.00619614011469
1 06208U 72075  A 74119.77941985  .00000667 +00000-0 +00000-0 0  9998
2 06208 065.5901 217.8490 7124965 271.6276 015.4044 02.00613628011558
1 06208U 72075  A 74123.26881120  .00000684 +00000-0 +00000-0 0  9990
2 06208 065.6171 217.4467 7123874 271.5192 015.4491 02.00608505011624
1 06208U 72075  A 74125.26280590  .00000738 +00000-0 +00000-0 0  9996
2 06208 065.6208 217.2130 7122175 271.4798 015.4755 02.00604698011660
1 06208U 72075  A 74126.25980947  .00000753 +00000-0 +00000-0 0  9996
2 06208 065.6173 217.0972 7120263 271.4770 015.4914 02.00603030011687
1 06208U 72075  A 74127.25683161  .00000789 +00000-0 +00000-0 0  9994
2 06208 065.6180 216.9830 7119571 271.4507 015.5056 02.00600902011700
1 06208U 72075  A 74130.74647425  .00000872 +00000-0 +00000-0 0  9998
2 06208 065.6207 216.5812 7119117 271.3617 015.5390 02.00593567011779
1 06208U 72075  A 74132.24206585  .00000883 +00000-0 +00000-0 0  9995
2 06208 065.6208 216.4096 7119104 271.3282 015.5504 02.00590712011807
1 06208U 72075  A 74138.22454924  .00000795 +00000-0 +00000-0 0  9993
2 06208 065.6010 215.7109 7118210 271.1801 015.6073 02.00582387011921
1 06208U 72075  A 74141.21589041  .00000778 +00000-0 +00000-0 0  9996
2 06208 065.6108 215.3649 7118360 271.1165 015.6276 02.00578062011989
1 06208U 72075  A 74144.20717477  .00000703 +00000-0 +00000-0 0  9992
2 06208 065.6071 215.0256 7117570 271.0233 015.6655 02.00576304012042
1 06208U 72075  A 74145.20431467  .00000703 +00000-0 +00000-0 0  9995
2 06208 065.6070 214.9112 7117582 271.0028 015.6722 02.00574899012069
1 06208U 72075  A 74148.69427011  .00000623 +00000-0 +00000-0 0  9992
2 06208 065.5732 214.5171 7111453 270.7982 015.7903 02.00571574012137
1 06208U 72075  A 74152.68302150  .00000763 +00000-0 +00000-0 0  9997
2 06208 065.5640 214.0498 7109744 270.7499 015.8204 02.00563799012219
1 06208U 72075  A 74156.67178627  .00000668 +00000-0 +00000-0 0  9994
2 06208 065.5717 213.5945 7109655 270.6710 015.8482 02.00560367012295
1 06208U 72075  A 74162.15675068  .00000769 +00000-0 +00000-0 0  9997
2 06208 065.5560 212.9731 7108368 270.5509 015.8996 02.00549122012401
1 06208U 72075  A 74164.64993759  .00000743 +00000-0 +00000-0 0  9995
2 06208 065.5611 212.6927 7107849 270.5059 015.9193 02.00545987012455
1 06208U 72075  A 74166.64440103  .00000611 +00000-0 +00000-0 0  9991
2 06208 065.5595 212.4658 7107448 270.4582 015.9390 02.00547010012492
1 06208U 72075  A 74168.63887594  .00000530 +00000-0 +00000-0 0  9991
2 06208 065.5809 212.2348 7107965 270.3986 015.9554 02.00547321012537
1 06208U 72075  A 74172.62820480  .00000682 +00000-0 +00000-0 0  9994
2 06208 065.5628 211.7865 7108867 270.2855 015.9873 02.00537695012616
1 06208U 72075  A 74174.62284181  .00000660 +00000-0 +00000-0 0  9994
2 06208 065.5758 211.5680 7108465 270.2494 016.0030 02.00535890012652
1 06208U 72075  A 74176.61740683  .00000602 +00000-0 +00000-0 0  9995
2 06208 065.5739 211.3382 7108691 270.2054 016.0164 02.00535823012699
1 06208U 72075  A 74178.61212871  .00000619 +00000-0 +00000-0 0  9998
2 06208 065.5461 211.0911 7108411 270.1862 016.0254 02.00532593012738
1 06208U 72075  A 74186.59103149  .00000589 +00000-0 +00000-0 0  9997
2 06208 065.5460 210.1783 7108816 270.0280 016.0771 02.00524554012895
1 06208U 72075  A 74188.58591554  .00000609 +00000-0 +00000-0 0  9992
2 06208 065.5222 209.9325 7108841 269.9984 016.0873 02.00520862012931
1 06208U 72075  A 74191.57817837  .00000609 +00000-0 +00000-0 0  9990
2 06208 065.5221 209.5900 7108876 269.9397 016.1075 02.00517212012997
1 06208U 72075  A 74195.56772708  .00000444 +00000-0 +00000-0 0  9997
2 06208 065.5223 209.1099 7103143 269.7430 016.2228 02.00519276013075
1 06208U 72075  A 74198.56004521  .00000377 +00000-0 +00000-0 0  9996
2 06208 065.5222 208.7686 7103168 269.6846 016.2431 02.00516751013136
1 06208U 72075  A 74201.55229803  .00000354 +00000-0 +00000-0 0  9997
2 06208 065.5268 208.4481 7104885 269.7237 016.2154 02.00516373013196
1 06208U 72075  A 74204.54476447  .00000338 +00000-0 +00000-0 0  9999
2 06208 065.5426 208.1102 7098061 269.4807 016.3568 02.00514492013254
1 06208U 72075  A 74212.02570770  .00000280 +00000-0 +00000-0 0  9991
2 06208 065.5394 207.2553 7095191 269.2607 016.4585 02.00510997013408
1 06208U 72075  A 74213.02321954  .00000346 +00000-0 +00000-0 0  9993
2 06208 065.5387 207.1440 7095585 269.2517 016.4585 02.00508562013428
1 06208U 72075  A 74219.00802035  .00000298 +00000-0 +00000-0 0  9997
2 06208 065.5381 206.4631 7094545 269.1013 016.5209 02.00506836013540
1 06208U 72075  A 74223.49659202  .00000205 +00000-0 +00000-0 0  9999
2 06208 065.5221 205.9528 7092777 268.9750 016.5808 02.00507716013635
1 06208U 72075  A 74225.49150319  .00000082 +00000-0 +00000-0 0  9999
2 06208 065.5221 205.7266 7092784 268.9363 016.5947 02.00510180013677
1 06208U 72075  A 74227.48645779  .00000158 +00000-0 +00000-0 0  9993
2 06208 065.4912 205.4963 7090704 268.8550 016.6413 02.00508054013712
1 06208U 72075  A 74228.98264788  .00000127 +00000-0 +00000-0 0  9992
2 06208 065.4984 205.3149 7091241 268.8400 016.6423 02.00508504013741
1 06208U 72075  A 74230.47885461  .00000110 +00000-0 +00000-0 0  9998
2 06208 065.4927 205.1442 7090792 268.7984 016.6611 02.00508651013773
1 06208U 72075  A 74232.47367428  .00000015 +00000-0 +00000-0 0  9992
2 06208 065.5021 204.9103 7091066 268.7559 016.6742 02.00511760013818
1 06208U 72075  A 74234.46855542  .00000027 +00000-0 +00000-0 0  9995
2 06208 065.5014 204.6757 7090754 268.7155 016.6914 02.00513085013854
1 06208U 72075  A 74243.44548746  .00000176 +23777-9 +69061-1 0  9991
2 06208 065.5100 203.6501 7089244 268.5184 016.7757 02.00517852014031
1 06208U 72075  A 74248.93135495  .00000152 +19145-9 +60019-1 0  9995
2 06208 065.5066 203.0336 7088423 268.4111 016.8218 02.00519106014148
1 06208U 72075  A 74251.42494344  .00000132 +19149-9 +52127-1 0  9997
2 06208 065.5114 202.7465 7088908 268.3612 016.8360 02.00518885014190
1 06208U 72075  A 74252.92111013  .00000131 +19275-9 +52490-1 0  9994
2 06208 065.5058 202.5891 7087224 268.3392 016.8581 02.00519372014224
1 06208U 72075  A 74253.91833350  .00000228 +20131-9 +91047-1 0  9990
2 06208 065.4965 202.4745 7086605 268.2975 016.8786 02.00523742014240
1 06208U 72075  A 74255.41446683  .00000230 +19699-9 +92746-1 0  9993
2 06208 065.4983 202.3038 7085330 268.2332 016.9128 02.00524359014274
1 06208U 72075  A 74259.40408371  .00000310 +21577-9 +12964-0 0  9998
2 06208 065.5056 201.8457 7080239 268.0960 017.0061 02.00528626014351
1 06208U 72075  A 74261.39882515  .00000310 +20362-9 +12963-0 0  9995
2 06208 065.5056 201.6210 7080224 268.0578 017.0204 02.00529865014394
1 06208U 72075  A 74262.89487309  .00000310 +20724-9 +12963-0 0  9995
2 06208 065.5056 201.4524 7080213 268.0291 017.0311 02.00530793014425
1 06208U 72075  A 74266.38555713  .00000369 +20873-9 +15419-0 0  9996
2 06208 065.5197 201.0387 7079948 267.9559 017.0605 02.00534934014496
1 06208U 72075  A 74268.38009024  .00000433 +29821-9 +18207-0 0  9999
2 06208 065.5369 200.8048 7079110 267.8199 017.1182 02.00539364014536
1 06208U 72075  A 74270.87342215  .00000466 +25535-9 +19818-0 0  9991
2 06208 065.5222 200.5263 7077274 267.7665 017.1536 02.00542217014585
1 06208U 72075  A 74275.85991570  .00000549 +25322-9 +23740-0 0  9993
2 06208 065.5231 199.9671 7074978 267.6461 017.2181 02.00548870014689
1 06208U 72075  A 74277.35585020  .00000510 +22849-9 +21985-0 0  9997
2 06208 065.5229 199.7988 7075299 267.6161 017.2267 02.00549278014711
1 06208U 72075  A 74279.84903857  .00000493 +24317-9 +21395-0 0  9992
2 06208 065.5316 199.5147 7074401 267.5475 017.2600 02.00551414014765
1 06208U 72075  A 74280.84631438  .00000480 +22718-9 +20848-0 0  9998
2 06208 065.5288 199.4048 7074296 267.5272 017.2685 02.00551952014781
1 06208U 72075  A 74282.34214161  .00000527 +23677-9 +22922-0 0  9997
2 06208 065.5254 199.2391 7074058 267.4827 017.2874 02.00555053014814
1 06208U 72075  A 74285.33383988  .00000531 +23109-9 +23089-0 0  9993
2 06208 065.5204 198.9009 7073886 267.4068 017.3175 02.00558418014875
1 06208U 72075  A 74287.82687184  .00000568 +24186-9 +24827-0 0  9991
2 06208 065.5263 198.6151 7073270 267.3260 017.3532 02.00562110014922
1 06208U 72075  A 74287.82688616  .00000531 +23107-9 +23089-0 0  9993
2 06208 065.5204 198.6210 7073860 267.3589 017.3358 02.00561065014926
1 06208U 72075  A 74290.31993914  .00000525 +23109-9 +23089-0 0  9996
2 06208 065.5205 198.3386 7072406 267.2742 017.3803 02.00563516014976
1 06208U 72075  A 74292.31427522  .00000592 +25002-9 +26040-0 0  9993
2 06208 065.5155 198.1156 7072213 267.2161 017.4039 02.00567613015014
1 06208U 72075  A 74295.30575795  .00000601 +24269-9 +26410-0 0  9997
2 06208 065.5389 197.7775 7072293 267.1421 017.4314 02.00571683015075
1 06208U 72075  A 74297.30004450  .00000621 +24764-9 +27243-0 0  9991
2 06208 065.5450 197.5441 7072508 267.0572 017.4619 02.00574565015112
1 06208U 72075  A 74302.28569742  .00000621 +24693-9 +27243-0 0  9996
2 06208 065.5450 196.9854 7072435 266.9604 017.4995 02.00580763015211
1 06208U 72075  A 74304.77846332  .00000621 +25233-9 +27242-0 0  9995
2 06208 065.5450 196.7060 7072398 266.9120 017.5184 02.00583858015263
1 06208U 72075  A 74307.76972958  .00000674 +25812-9 +30252-0 0  9997
2 06208 065.5478 196.3695 7069131 266.7588 017.6052 02.00589478015326
1 06208U 72075  A 74330.20229864  .00000527 +25810-9 +00000-0 3  9999
2 06208 065.5533 193.8048 7064740 266.0402 017.9228 02.00614077015772
1 06208U 72075  A 74348.14566373  .00000489 +25809-9 +00000-0 3  9995
2 06208 065.5751 191.8851 7061663 265.5180 018.1563 02.00636345016130
1 06208U 72075  A 75006.07058811  .00000550 +25235-9 +26206-0 0  9997
2 06208 065.5646 189.3398 7059729 265.0764 018.3504 02.00669299016595
1 06208U 72075  A 75012.05058622  .00000553 +25347-9 +26335-0 0  9992
2 06208 065.5582 188.7039 7059629 264.9248 018.4126 02.00675626016719
1 06208U 72075  A 75019.02700519  .00000480 +25705-9 +22599-0 0  9990
2 06208 065.5060 187.8340 7061452 264.8004 018.4468 02.00680943016853
1 06208U 72075  A 75024.01015853  .00000424 +23427-9 +20111-0 0  9990
2 06208 065.5217 187.2945 7060520 264.6323 018.5235 02.00683567016958
1 06208U 72075  A 75027.99681090  .00000186 +68541-9 +88893-1 0  9995
2 06208 065.5216 186.8498 7060480 264.5561 018.5550 02.00679876017031
1 06208U 72075  A 75031.48474502  .00000242 +30338-9 +11553-0 0  9996
2 06208 065.5188 186.4237 7059861 264.4248 018.6144 02.00689174017108
1 06208U 72075  A 75032.97965526  .00000241 +29977-9 +11526-0 0  9998
2 06208 065.5304 186.2536 7059312 264.3712 018.6414 02.00686077017136
1 06208U 72075  A 75034.47453021  .00000253 +30200-9 +12114-0 0  9995
2 06208 065.5432 186.0830 7058983 264.3107 018.6693 02.00692167017163
1 06208U 72075  A 75036.46772145  .00000323 +22584-9 +15531-0 0  9997
2 06208 065.5529 185.8874 7058318 264.2335 018.7070 02.00689641017207
1 06208U 72075  A 75037.96263026  .00000322 +30811-9 +15500-0 0  9993
2 06208 065.5534 185.7200 7058429 264.2016 018.7193 02.00683911017237
1 06208U 72075  A 75039.95572089  .00000197 +30793-9 +15500-0 3  9998
2 06208 065.5538 185.4804 7058448 264.1512 018.7399 02.00691815017273
1 06208U 72075  A 75048.42669677  .00000141 +30792-9 +15499-0 3  9995
2 06208 065.5525 184.5137 7059470 263.8544 018.8540 02.00687789017448
1 06208U 72075  A 75054.90440463  .00000095 +30791-9 +15499-0 3  9992
2 06208 065.5476 183.7813 7059774 263.6919 018.9189 02.00688471017579
1 06208U 72075  A 75060.88379669  .00000053 +30790-9 +15499-0 3  9998
2 06208 065.5810 183.1066 7060271 263.5156 018.9882 02.00689059017697
1 06208U 72075  A 75078.32393407 -.00000067 +30788-9 +15498-0 3  9994
2 06208 065.5958 181.1649 7061732 263.0256 019.1822 02.00685963018041
1 06208U 72075  A 75089.28646659  .00000138 +00000-0 +00000-0 3  9997
2 06208 065.6087 179.9331 7063797 262.7245 019.2917 02.00682233018262
1 06208U 72075  A 75099.75097512  .00000202 +00000-0 +00000-0 3  9990
2 06208 065.5988 178.7639 7065133 262.4294 019.4063 02.00676884018478
1 06208U 72075  A 75112.70758771  .00000271 +00000-0 +00000-0 3  9998
2 06208 065.6078 177.3413 7064928 262.0435 019.5758 02.00667120018732
1 06208U 72075  A 75117.69102618  .00000295 +00000-0 +00000-0 3  9990
2 06208 065.5907 176.7751 7066677 261.9064 019.6191 02.00663013018839
1 06208U 72075  A 75121.67788168  .00000311 +00000-0 +00000-0 3  9992
2 06208 065.5796 176.3222 7067033 261.8044 019.6607 02.00659561018912
1 06208U 72075  A 75127.65825458  .00000335 +00000-0 +00000-0 3  9996
2 06208 065.5703 175.6514 7068126 261.6431 019.7212 02.00654915019033
1 06208U 72075  A 75131.64526649  .00000349 +00000-0 +00000-0 3  9995
2 06208 065.5665 175.1963 7068926 261.5396 019.7595 02.00651470019116
1 06208U 72075  A 75135.63231035  .00000362 +00000-0 +00000-0 3  9995
2 06208 065.5547 174.7387 7069184 261.4434 019.7996 02.00648158019191
1 06208U 72075  A 75141.61306043  .00000379 +00000-0 +00000-0 3  9990
2 06208 065.5297 174.0619 7071032 261.3009 019.8452 02.00642147019310
1 06208U 72075  A 75146.59714075  .00000391 +00000-0 +00000-0 3  9994
2 06208 065.5593 173.4948 7071493 261.1737 019.8975 02.00637424019417
1 06208U 72075  A 75152.57817029  .00000403 +00000-0 +00000-0 3  9996
2 06208 065.5421 172.8183 7072450 261.0355 019.9499 02.00631839019539
1 06208U 72075  A 75166.53455491  .00000420 +00000-0 +00000-0 3  9997
2 06208 065.5312 171.2425 7073344 260.6596 020.1105 02.00618956019819
1 06208U 72075  A 75169.52530905  .00000422 +00000-0 +00000-0 3  9995
2 06208 065.5285 170.9049 7074480 260.5802 020.1357 02.00616187019876
1 06208U 72075  A 75176.00541637  .00000424 +00000-0 +00000-0 3  9992
2 06208 065.5291 170.1676 7074891 260.4137 020.2068 02.00610284020006
1 06208U 72075  A 75180.49176211  .00000424 +00000-0 +00000-0 3  9992
2 06208 065.5236 169.6668 7075609 260.2944 020.2544 02.00606318020092
1 06208U 72075  A 75204.91895865  .00000394 +00000-0 +00000-0 3  9995
2 06208 065.5501 166.8831 7079309 259.6994 020.4915 02.00584713020588
1 06208U 72075  A 75209.90444038  .00000383 +00000-0 +00000-0 3  9999
2 06208 065.5497 166.3266 7081398 259.5463 020.5425 02.00580558020681
1 06208U 72075  A 75211.89866255  .00000378 +00000-0 +00000-0 3  9993
2 06208 065.5475 166.1015 7082178 259.4955 020.5582 02.00578880020723
1 06208U 72075  A 75223.36569830 -.00000345 +00000-0 +00000-0 3  9992
2 06208 065.5441 164.8277 7086920 259.1544 020.6710 02.00569953020951
1 06208U 72075  A 75225.85860535  .00000336 +00000-0 +00000-0 3  9993
2 06208 065.5453 164.5427 7087709 259.0861 020.6951 02.00567995021003
1 06208U 72075  A 75229.34870194  .00000323 +00000-0 +00000-0 3  9999
2 06208 065.5352 164.1494 7088478 258.9994 020.7285 02.00565519021078
1 06208U 72075  A 75235.33186240  .00000299 +00000-0 +00000-0 3  9999
2 06208 065.5230 163.4821 7090521 258.8367 020.7847 02.00561271021192
1 06208U 72075  A 75239.81929395  .00000280 +00000-0 +00000-0 3  9992
2 06208 065.5235 162.9700 7092691 258.7152 020.8209 02.00558486021285
1 06208U 72075  A 75246.30126712  .00000249 +00000-0 +00000-0 3  9991
2 06208 065.5197 162.2395 7094868 258.5430 020.8808 02.00554387021416
1 06208U 72075  A 75258.26821709  .00000187 +00000-0 +00000-0 3  9998
2 06208 065.5197 160.8692 7100875 258.2217 020.9739 02.00548544021654
1 06208U 72075  A 75261.75864506  .00000168 +00000-0 +00000-0 3  9997
2 06208 065.5206 160.4724 7102658 258.1306 020.9996 02.00547234021724
1 06208U 72075  A 75264.25182435  .00000154 +00000-0 +00000-0 3  9994
2 06208 065.5218 160.1833 7104242 258.0624 021.0164 02.00546361021772
1 06208U 72075  A 75267.24365755  .00000136 +00000-0 +00000-0 3  9994
2 06208 065.5289 159.8301 7105766 257.9842 021.0390 02.00545330021830
1 06208U 72075  A 75269.23821686  .00000124 +00000-0 +00000-0 3  9992
2 06208 065.5308 159.5950 7106411 257.9354 021.0557 02.00544728021874
1 06208U 72075  A 75275.22192808  .00000087 +00000-0 +00000-0 3  9993
2 06208 065.5442 158.9033 7109040 257.7821 021.1033 02.00543128021992
1 06208U 72075  A 75276.21922636  .00000081 +00000-0 +00000-0 3  9997
2 06208 065.5459 158.7866 7109751 257.7539 021.1097 02.00542817022015
1 06208U 72075  A 75281.20569180  .00000049 +00000-0 +00000-0 3  9997
2 06208 065.5417 158.1989 7112632 257.6321 021.1398 02.00541739022116
1 06208U 72075  A 75286.19217203  .00000018 +00000-0 +00000-0 3  9992
2 06208 065.5178 157.6365 7113929 257.4944 021.1933 02.00541322022215
1 06208U 72075  A 75294.17054320  .00000033 +00000-0 +00000-0 3  9995
2 06208 065.5173 156.6931 7118103 257.2995 021.2460 02.00541355022370
1 06208U 72075  A 75295.16783950  .00000039 +00000-0 +00000-0 3  9999
2 06208 065.5044 156.5756 7118295 257.2730 021.2569 02.00541411022395
1 06208U 72075  A 75299.15701819  .00000065 +00000-0 +00000-0 3  9995
2 06208 065.4918 156.1086 7118896 257.1724 021.3000 02.00541709022475
1 06208U 72075  A 75302.14888189  .00000083 +00000-0 +00000-0 3  9995
2 06208 065.4986 155.7675 7120289 257.0951 021.3239 02.00542197022532
1 06208U 72075  A 75314.11620898  .00000156 +00000-0 +00000-0 3  9997
2 06208 065.4814 154.3681 7124309 256.7919 021.4322 02.00545527022771
1 06208U 72075  A 75317.10800883  .00000174 +00000-0 +00000-0 3  9993
2 06208 065.4819 154.0231 7126017 256.7198 021.4499 02.00546731022831
1 06208U 72075  A 75340.04431008  .00000295 +00000-0 +00000-0 3  9995
2 06208 065.4735 151.3259 7133222 256.1929 021.6380 02.00559205023292
1 06208U 72075  A 75344.03310820  .00000312 +00000-0 +00000-0 3  9996
2 06208 065.4683 150.8772 7133732 256.0403 021.7092 02.00562250023374
1 06208U 72075  A 75364.97307155  .00000386 +00000-0 +00000-0 3  9999
2 06208 065.5189 148.4359 7139533 255.4443 021.9512 02.00579611023796
1 06208U 72075  A 76004.95850849  .00000397 +00000-0 +00000-0 3  9994
2 06208 065.5502 147.8712 7140270 255.2601 022.0378 02.00584548023893
1 06208U 72075  A 76034.86826944  .00000429 +00000-0 +00000-0 3  9992
2 06208 065.5393 144.3827 7161324 254.5602 022.1767 02.00614558024491
1 06208U 72075  A 76046.83096981  .00000420 +00000-0 +00000-0 3  9993
2 06208 065.5471 142.9605 7169402 254.2572 022.2490 02.00626541024730
1 06208U 72075  A 76049.82155036  .00000418 +00000-0 +00000-0 3  9999
2 06208 065.5597 142.5900 7172544 254.1804 022.2552 02.00629206024797
1 06208U 72075  A 76052.31361580  .00000414 +00000-0 +00000-0 3  9996
2 06208 065.5593 142.2781 7174454 254.1356 022.2586 02.00631761024843
1 06208U 72075  A 76055.30406999  .00000407 +00000-0 +00000-0 3  9994
2 06208 065.5489 141.9257 7175989 254.0644 022.2793 02.00634784024909
1 06208U 72075  A 76059.78960561  .00000395 +00000-0 +00000-0 3  9996
2 06208 065.5538 141.4031 7179951 253.9369 022.3039 02.00639923024997
1 06208U 72075  A 76062.28149128  .00000387 +00000-0 +00000-0 3  9994
2 06208 065.5537 141.0965 7181909 253.8512 022.3279 02.00643094025040
1 06208U 72075  A 76074.74091577  .00000346 +00000-0 +00000-0 3  9997
2 06208 065.5639 139.5859 7188450 253.5324 022.4259 02.00654829025297
1 06208U 72075  A 76077.73105287  .00000335 +00000-0 +00000-0 3  9991
2 06208 065.5734 139.2102 7190889 253.4640 022.4359 02.00657336025354
1 06208U 72075  A 76079.72447109  .00000327 +00000-0 +00000-0 3  9995
2 06208 065.5608 138.9579 7191656 253.4139 022.4545 02.00658800025392
1 06208U 72075  A 76083.71121168  .00000309 +00000-0 +00000-0 3  9993
2 06208 065.5658 138.4743 7193792 253.3112 022.4859 02.00662082025472
1 06208U 72075  A 76090.18958806  .00000279 +00000-0 +00000-0 3  9995
2 06208 065.5326 137.6630 7199129 253.1525 022.5129 02.00666769025608
1 06208U 72075  A 76092.68120765  .00000267 +00000-0 +00000-0 3  9994
2 06208 065.5265 137.3382 7200414 253.1318 022.5100 02.00669037025656
1 06208U 72075  A 76095.67114305  .00000252 +00000-0 +00000-0 3  9993
2 06208 065.5280 136.9622 7201505 253.0717 022.5301 02.00670842025715
1 06208U 72075  A 76101.65094089  .00000217 +00000-0 +00000-0 3  9996
2 06208 065.5220 136.2423 7204502 252.8989 022.5905 02.00674830025833
1 06208U 72075  A 76109.62379071  .00000170 +00000-0 +00000-0 3  9996
2 06208 065.5059 135.2195 7208013 252.7114 022.6533 02.00679261025996
1 06208U 72075  A 76116.10164307  .00000129 +00000-0 +00000-0 3  9995
2 06208 065.4866 134.4177 7212478 252.5433 022.6954 02.00682268026128
1 06208U 72075  A 76122.57945630  .00000087 +00000-0 +00000-0 3  9992
2 06208 065.4770 133.5985 7213447 252.3846 022.7708 02.00684509026254
1 06208U 72075  A 76130.55202481  .00000033 +00000-0 +00000-0 3  9990
2 06208 065.4801 132.6080 7219069 252.2140 022.8019 02.00686074026410
1 06208U 72075  A 76132.54516024  .00000020 +00000-0 +00000-0 3  9998
2 06208 065.4768 132.3442 7220015 252.1751 022.8126 02.00686307026453
1 06208U 72075  A 76137.52798602 -.00000014 +00000-0 +00000-0 3  9999
2 06208 065.4781 131.7178 7220693 252.0549 022.8713 02.00686730026556
1 06208U 72075  A 76141.51424786 -.00000042 +00000-0 +00000-0 3  9993
2 06208 065.4696 131.2329 7223616 251.9526 022.8948 02.00686869026637
1 06208U 72075  A 76145.50052542 -.00000069 +00000-0 +00000-0 3  9992
2 06208 065.4768 130.7246 7225592 251.8602 022.9240 02.00686844026716
1 06208U 72075  A 76147.49367523 -.00000082 +00000-0 +00000-0 3  9995
2 06208 065.4729 130.4692 7225805 251.8128 022.9476 02.00686595026753
1 06208U 72075  A 76152.47656340 -.00000116 +00000-0 +00000-0 3  9995
2 06208 065.4606 129.8641 7226521 251.6789 023.0138 02.00685747026856
1 06208U 72075  A 76155.46630905 -.00000136 +00000-0 +00000-0 3  9998
2 06208 065.4653 129.5023 7228776 251.6002 023.0323 02.00684993026916
1 06208U 72075  A 76158.45606086 -.00000155 +00000-0 +00000-0 3  9994
2 06208 065.4586 129.1241 7231255 251.5268 023.0454 02.00684163026978
1 06208U 72075  A 76162.44240710 -.00000181 +00000-0 +00000-0 3  9995
2 06208 065.4625 128.6155 7232087 251.4294 023.0904 02.00682902027051
1 06208U 72075  A 76165.43219372 -.00000201 +00000-0 +00000-0 3  9990
2 06208 065.4649 128.2592 7233356 251.3434 023.1242 02.00681791027111
1 06208U 72075  A 76179.88318105 -.00000285 +00000-0 +00000-0 3  9990
2 06208 065.4734 126.4747 7241828 250.9790 023.2332 02.00674524027400
1 06208U 72075  A 76187.35813471 -.00000322 +00000-0 +00000-0 3  9999
2 06208 065.4711 125.5486 7248853 250.7871 023.2621 02.00669214027555
1 06208U 72075  A 76189.35147329 -.00000332 +00000-0 +00000-0 3  9994
2 06208 065.4582 125.3064 7249581 250.7349 023.2834 02.00667703027591
1 06208U 72075  A 76207.29238262 -.00000401 +00000-0 +00000-0 3  9992
2 06208 065.4559 123.0728 7262833 250.2617 023.4020 02.00652279027956
1 06208U 72075  A 76218.25695704 -.00000429 +00000-0 +00000-0 3  9998
2 06208 065.4687 121.6552 7272445 250.0165 023.4327 02.00642145028179
1 06208U 72075  A 76222.24424811 -.00000437 +00000-0 +00000-0 3  9990
2 06208 065.4855 121.1610 7276733 249.9071 023.4464 02.00638154028259
1 06208U 72075  A 76224.23790441 -.00000440 +00000-0 +00000-0 3  9990
2 06208 065.4831 120.8994 7279575 249.8760 023.4313 02.00636169028296
1 06208U 72075  A 76229.22216496 -.00000445 +00000-0 +00000-0 3  9992
2 06208 065.4820 120.2341 7282704 249.7665 023.4585 02.00631277028392
1 06208U 72075  A 76235.20345000 -.00000449 +00000-0 +00000-0 3  9995
2 06208 065.4770 119.4689 7287398 249.6395 023.4781 02.00624689028515
1 06208U 72075  A 76239.19104736 -.00000449 +00000-0 +00000-0 3  9996
2 06208 065.4822 118.9394 7293533 249.6055 023.4268 02.00620465028597
1 06208U 72075  A 76244.17575825 -.00000446 +00000-0 +00000-0 3  9998
2 06208 065.4736 118.2640 7294159 249.4461 023.5122 02.00615319028695
1 06208U 72075  A 76256.13951335 -.00000430 +00000-0 +00000-0 3  9994
2 06208 065.4673 116.6629 7302545 249.1624 023.5798 02.00602548028937
1 06208U 72075  A 76260.12762394 -.00000422 +00000-0 +00000-0 3  9994
2 06208 065.4433 116.1422 7302586 249.0324 023.6553 02.00598683029012
1 06208U 72075  A 76264.11573278 -.00000413 +00000-0 +00000-0 3  9998
2 06208 065.4493 115.6163 7306714 248.9626 023.6483 02.00595061029091
1 06208U 72075  A 76266.10981041 -.00000407 +00000-0 +00000-0 3  9993
2 06208 065.4459 115.3379 7308892 248.9338 023.6396 02.00593273029139
1 06208U 72075  A 76272.09214848 -.00000389 +00000-0 +00000-0 3  9991
2 06208 065.4253 114.5036 7311697 248.8467 023.6578 02.00587692029254
1 06208U 72075  A 76274.08630532 -.00000382 +00000-0 +00000-0 3  9997
2 06208 065.4220 114.2419 7312900 248.7966 023.6734 02.00585963029298
1 06208U 72075  A 76278.07478221 -.00000367 +00000-0 +00000-0 3  9998
2 06208 065.4117 113.7137 7315548 248.6898 023.7053 02.00582139029374
1 06208U 72075  A 76281.06613421 -.00000354 +00000-0 +00000-0 3  9990
2 06208 065.3994 113.2964 7316910 248.6386 023.7195 02.00579574029438
1 06208U 72075  A 76287.04890126 -.00000328 +00000-0 +00000-0 3  9994
2 06208 065.3898 112.4879 7318808 248.5398 023.7555 02.00574521029557
1 06208U 72075  A 76299.01493672 -.00000266 +00000-0 +00000-0 3  9990
2 06208 065.3541 110.8715 7323326 248.2391 023.8812 02.00565639029797
1 06208U 72075  A 76302.00653462 -.00000250 +00000-0 +00000-0 3  9992
2 06208 065.3574 110.4846 7324013 248.1263 023.9406 02.00563962029859
1 06208U 72075  A 76304.99816272 -.00000233 +00000-0 +00000-0 3  9993
2 06208 065.3578 110.0835 7326176 248.0420 023.9655 02.00562234029917
1 06208U 72075  A 76316.96486055 -.00000158 +00000-0 +00000-0 3  9991
2 06208 065.3419 108.4910 7329271 247.7414 024.1096 02.00556184030151
1 06208U 72075  A 76317.96210017 -.00000152 +00000-0 +00000-0 3  9999
2 06208 065.3373 108.3617 7330144 247.7163 024.1143 02.00555758030176
1 06208U 72075  A 76322.94822182 -.00000118 +00000-0 +00000-0 3  9997
2 06208 065.3354 107.6754 7335531 247.6703 024.0782 02.00553886030272
1 06208U 72075  A 76325.93993291 -.00000098 +00000-0 +00000-0 3  9996
2 06208 065.3263 107.2781 7336126 247.6027 024.1119 02.00552987030330
1 06208U 72075  A 76333.91795536 -.00000043 +00000-0 +00000-0 3  9995
2 06208 065.3296 106.2452 7342578 247.3829 024.1684 02.00551550030494
1 06208U 72075  A 76340.89873251  .00000005 +00000-0 +00000-0 3  9998
2 06208 065.3342 105.3107 7344988 247.2167 024.2412 02.00551066030632
1 06208U 72075  A 76365.83012076  .00000183 +00000-0 +00000-0 0  9993
2 06208 065.3422 101.9256 7368553 246.7270 024.6123 02.00558865031134
1 06208U 72075  A 77002.82136824  .00000184 +00000-0 +00000-0 0  9990
2 06208 065.3403 101.5127 7370352 246.6686 024.3550 02.00560234031196
1 06208U 72075  A 77003.81857896  .00000188 +00000-0 +00000-0 0  9993
2 06208 065.3396 101.3749 7370950 246.6491 024.3610 02.00560716031218
1 06208U 72075  A 77009.80182026  .00000255 +00000-0 +00000-0 0  9999
2 06208 065.3388 100.5422 7374799 246.5166 024.4170 02.00564530031334
1 06208U 72075  A 77016.78198876  .00000197 +00000-0 +00000-0 0  9999
2 06208 065.3316 099.5733 7378909 246.3603 024.4736 02.00569679031470
1 06208U 72075  A 77022.76487990  .00000262 +00000-0 +00000-0 0  9995
2 06208 065.3254 098.7406 7382491 246.2295 024.4676 02.00574536031590
1 06208U 72075  A 77028.74760427  .00000248 +00000-0 +00000-0 0  9992
2 06208 065.3161 097.9092 7386470 246.0688 024.5984 02.00582425031717
1 06208U 72075  A 77034.72999951  .00000308 +00000-0 +00000-0 0  9990
2 06208 065.3114 097.0647 7389096 245.9506 024.5029 02.00586607031835
1 06208U 72075  A 77049.68528665  .00000358 +00000-0 +00000-0 0  9996
2 06208 065.3055 094.9557 7398453 245.6333 024.5062 02.00603569032135
1 06208U 72075  A 77052.67629186  .00000350 +00000-0 +00000-0 0  9991
2 06208 065.2937 094.5376 7401015 245.5403 024.6999 02.00611780032194
1 06208U 72075  A 77060.65160002  .00000385 +00000-0 +00000-0 0  9993
2 06208 065.2855 093.3933 7404309 245.3161 024.6945 02.00624025032352
1 06208U 72075  A 77077.59806732  .00000608 +00000-0 +12230-2 0  9999
2 06208 065.2788 090.9754 7415278 245.0032 024.8424 02.00645514032699
1 06208U 72075  A 77088.56217750  .00000640 +00000-0 +12230-2 0  9990
2 06208 065.2707 089.4029 7422090 244.7916 024.8425 02.00660497032918
1 06208U 72075  A 77099.52554859  .00000620 +00000-0 +12230-2 0  9990
2 06208 065.2562 087.8233 7429756 244.5849 024.9217 02.00675836033133
1 06208U 72075  A 77107.49836774  .00000627 +00000-0 +12230-2 0  9992
2 06208 065.2459 086.6682 7434069 244.4011 024.8436 02.00685764033296
1 06208U 72075  A 77111.48474380  .00000604 +00000-0 +12230-2 0  9992
2 06208 065.2426 086.0893 7436147 244.3276 024.9190 02.00690588033376
1 06208U 72075  A 77114.47446614  .00000622 +00000-0 +12230-2 0  9993
2 06208 065.2419 085.6533 7437837 244.2587 024.9636 02.00694243033439
1 06208U 72075  A 77115.47104316  .00000633 +00000-0 +12230-2 0  9996
2 06208 065.2410 085.5082 7438350 244.2403 024.9449 02.00694926033458
1 06208U 72075  A 77118.46073064  .00000661 +00000-0 +12230-2 0  9994
2 06208 065.2342 085.0712 7440324 244.1808 024.9860 02.00698647033517
1 06208U 72075  A 77120.45378825  .00000654 +00000-0 +12230-2 0  9991
2 06208 065.2325 084.7803 7441345 244.1443 024.9781 02.00700789033551
1 06208U 72075  A 77122.44684075  .00000629 +00000-0 +12230-2 0  9991
2 06208 065.2261 084.4934 7443312 244.0988 024.9962 02.00702090033593
1 06208U 72075  A 77123.44338368  .00000606 +00000-0 +12230-2 0  9998
2 06208 065.2265 084.3493 7443628 244.0612 025.0192 02.00702821033612
1 06208U 72075  A 77126.43290604  .00000571 +00000-0 +12230-2 0  9991
2 06208 065.2216 083.9133 7444868 243.9891 024.9872 02.00703523033677
1 06208U 72075  A 77127.42956639  .00000232 +00000-0 +98507-4 0  9995
2 06208 065.2171 083.7693 7446791 243.9936 025.0543 02.00699211033690
1 06208U 72075  A 77138.39121586  .00000110 +00000-0 +98507-4 0  9993
2 06208 065.2177 082.1564 7451680 243.7315 025.2239 02.00705743033915
1 06208U 72075  A 77149.35254131  .00000050 +00000-0 +98507-4 0  9997
2 06208 065.1988 080.5425 7458626 243.5481 025.3286 02.00710492034136
1 06208U 72075  A 77158.32059681 -.00000047 +00000-0 +98507-4 0  9994
2 06208 065.1874 079.2127 7464344 243.3743 025.2109 02.00710363034317
1 06208U 72075  A 77170.27831393 -.00000166 +00000-0 +98507-4 0  9992
2 06208 065.1660 077.4313 7469790 243.1293 025.2737 02.00709828034552
1 06208U 72075  A 77180.24318518 -.00000284 +00000-0 +98507-4 0  9990
2 06208 065.1645 075.9406 7475007 242.9363 025.2988 02.00706589034755
1 06208U 72075  A 77186.22234279 -.00000284 +00000-0 +98507-4 0  9995
2 06208 065.1636 075.0397 7479096 242.8279 025.3288 02.00703340034871
1 06208U 72075  A 77194.19452369 -.00000367 +00000-0 +98507-4 0  9994
2 06208 065.1341 073.8417 7481780 242.6276 025.3650 02.00699661035033
1 06208U 72075  A 77202.16703168 -.00000316 +00000-0 +98507-4 0  9991
2 06208 065.1286 072.6314 7486570 242.4953 025.4535 02.00696085035193
1 06208U 72075  A 77210.13946553 -.00000365 +00000-0 +98507-4 0  9998
2 06208 065.1037 071.4266 7489862 242.3076 025.4405 02.00691300035351
1 06208U 72075  A 77221.10201915 -.00000389 +00000-0 +98507-4 0  9999
2 06208 065.1032 069.7556 7495100 242.0603 025.6886 02.00689310035570
1 06208U 72075  A 77226.08494154 -.00000308 +00000-0 +98507-4 0  9991
2 06208 065.0916 069.0023 7497467 241.9665 025.7201 02.00688954035672
1 06208U 72075  A 77231.06781016  .00000052 +00000-0 +26082-3 0  9994
2 06208 065.1011 068.2287 7498956 241.8384 025.9302 02.00696915035774
1 06208U 72075  A 77239.03983832  .00000180 +00000-0 +26082-3 0  9991
2 06208 065.0873 066.9997 7503217 241.6829 025.8800 02.00703156035937
1 06208U 72075  A 77242.02925048  .00000239 +00000-0 +26082-3 0  9994
2 06208 065.0768 066.5412 7505382 241.6285 025.8914 02.00707729035991
1 06208U 72075  A 77244.02209803  .00000266 +00000-0 +26082-3 0  9990
2 06208 065.0689 066.2375 7506682 241.5753 025.9017 02.00711447036034
1 06208U 72075  A 77247.01138576  .00000312 +00000-0 +26082-3 0  9992
2 06208 065.0651 065.7736 7507877 241.5220 025.9285 02.00716354036099
1 06208U 72075  A 77250.00063112  .00000406 +00000-0 +26082-3 0  9992
2 06208 065.0618 065.3129 7509082 241.4721 025.9417 02.00721256036150
1 06208U 72075  A 77251.99341148  .00000477 +00000-0 +26082-3 0  9997
2 06208 065.0595 065.0055 7509879 241.4389 025.9611 02.00725820036194
1 06208U 72075  A 77260.46250171  .00000704 +00000-0 +26082-3 0  9997
2 06208 065.0593 063.6841 7513734 241.2791 026.2687 02.00744262036366
1 06208U 72075  A 77265.44356298  .00001029 +00000-0 +26082-3 0  9998
2 06208 065.0384 062.9106 7516919 241.1888 026.6493 02.00769247036464
1 06208U 72075  A 77271.91763378  .00002406 +00000-0 +37825-3 0  9995
2 06208 065.0584 061.8939 7519988 241.0645 027.1468 02.00826894036591
1 06208U 72075  A 77279.88283297  .00001586 +00000-0 +22775-3 0  9992
2 06208 065.0433 060.6509 7523028 240.9511 025.9935 02.00847944036756
1 06208U 72075  A 77282.87035486  .00002090 +00000-0 +23147-3 0  9995
2 06208 065.0306 060.1803 7525029 240.8891 026.2800 02.00865824036819
1 06208U 72075  A 77284.86155216  .00002349 +00000-0 +23809-3 0  9992
2 06208 065.0311 059.8667 7525725 240.8556 026.2539 02.00879278036850
1 06208U 72075  A 77287.34600556  .00003092 +00000-0 +26722-3 0  9993
2 06208 064.9965 059.3258 7528056 240.7868 026.5118 02.00907589036919
1 06208U 72075  A 77287.84823209  .00003092 +00000-0 +26722-3 0  9990
2 06208 065.0275 059.3989 7526705 240.8065 026.4055 02.00907589036914
1 06208U 72075  A 77294.31694058  .00005541 +00000-0 +29453-3 0  9993
2 06208 064.9878 058.3730 7529988 240.7073 026.3189 02.00999141037045
1 06208U 72075  A 77296.30681712  .00006025 +00000-0 +30951-3 0  9990
2 06208 064.9530 058.0717 7530016 240.6671 026.4280 02.01032067037082
1 06208U 72075  A 77297.30146422  .00006407 +00000-0 +29995-3 0  9995
2 06208 064.9521 057.9130 7530727 240.6498 026.3979 02.01051509037104
1 06208U 72075  A 77298.29606352  .00006776 +00000-0 +30043-3 0  9992
2 06208 064.9567 057.7527 7531053 240.6353 026.3749 02.01070577037128
1 06208U 72075  A 77301.77693404  .00007624 +00000-0 +28529-3 0  9993
2 06208 064.9565 057.2008 7532038 240.5851 026.5592 02.01134907037194
1 06208U 72075  A 77304.75940003  .00007933 +00000-0 +25668-3 0  9998
2 06208 064.9493 056.7300 7532901 240.5322 026.4211 02.01186830037251
1 06208U 72075  A 77307.74132147  .00008343 +00000-0 +22710-3 0  9993
2 06208 064.9463 056.2566 7533889 240.4901 026.4819 02.01242551037319
1 06208U 72075  A 77308.73496166  .00008754 +00000-0 +22995-3 0  9998
2 06208 064.9461 056.0957 7533940 240.4554 026.4468 02.01265659037337
1 06208U 72075  A 77312.70907785  .00012763 +00000-0 +25790-3 0  9995
2 06208 064.9410 055.4647 7534622 240.3934 027.1419 02.01395123037412
1 06208U 72075  A 77314.69400387  .00013103 +00000-0 +24338-3 0  9997
2 06208 064.9384 055.1489 7534797 240.3625 026.5421 02.01451819037458
1 06208U 72075  A 77321.64042054  .00033370 +00000-0 +66384-3 0  9998
2 06208 064.9020 054.0555 7529522 240.2166 030.8017 02.01938710037590
1 06208U 72075  A 77324.60447557  .00031541 +00000-0 +12643-2 0  9990
2 06208 064.8129 053.5335 7521392 240.1031 028.0501 02.02143557037658
