1 14166U 83066  D 83183.40188035  .00000076 +00000-0 +00000-0 0  9996
2 14166 047.2478 286.3710 7305098 000.2651 359.9372 02.22008485000059
1 14166U 83066  D 83188.35523785  .00000076 +00000-0 +00000-0 0  9990
2 14166 047.2311 285.0342 7306845 001.5397 359.7947 02.22055797000160
1 14166U 83066  D 83189.25589572  .00000076 +00000-0 +00000-0 0  9996
2 14166 047.2277 284.7947 7306432 001.7758 359.8031 02.22056823000181
1 14166U 83066  D 83189.70619384  .00000077 +00000-0 +00000-0 0  9992
2 14166 047.2218 284.6713 7306742 001.8817 359.7730 02.22056847000199
1 14166U 83066  D 83191.50751757  .00000077 +00000-0 +00000-0 0  9994
2 14166 047.2214 284.1919 7307613 002.3282 359.7562 02.22057003000231
1 14166U 83066  D 83202.31482502  .00001474 +00000-0 +89618-3 0  9992
2 14166 047.2177 281.2931 7311618 005.1441 000.2334 02.22098590000476
1 14166U 83066  D 83221.22057681  .00001990 +00000-0 +92690-3 0  9996
2 14166 047.1257 276.1047 7317656 010.1378 359.0900 02.22174124000896
1 14166U 83066  D 83222.57080335  .00003615 +00000-0 +16679-2 0  9995
2 14166 047.1162 275.7324 7318129 010.4975 359.1341 02.22193643000927
1 14166U 83066  D 83223.92077908  .00003259 +00000-0 +14626-2 0  9991
2 14166 047.1093 275.3592 7318649 010.8543 358.9614 02.22199125000959
1 14166U 83066  D 83226.17090197  .00003028 +00000-0 +12689-2 0  9997
2 14166 047.1133 274.7577 7320018 011.3975 358.9164 02.22211325001002
1 14166U 83066  D 83231.12067727  .00003319 +00000-0 +12792-2 0  9999
2 14166 047.0924 273.3974 7321634 012.7057 358.8020 02.22241241001118
1 14166U 83066  D 83234.27018687  .00003084 +00000-0 +11242-2 0  9997
2 14166 047.0914 272.5410 7322613 013.5635 358.7251 02.22259899001182
1 14166U 83066  D 83234.27019335  .00003113 +00000-0 +11545-2 0  9997
2 14166 047.0673 272.5186 7322255 013.6130 358.7279 02.22260171001182
1 14166U 83066  D 83239.21880387  .00003091 +00000-0 +10471-2 0  9991
2 14166 047.0502 271.1576 7323892 014.9568 358.5431 02.22289502001297
1 14166U 83066  D 83239.21881135  .00003418 +00000-0 +11595-2 0  9994
2 14166 047.0449 271.1581 7323913 014.9325 358.5679 02.22290732001299
1 14166U 83066  D 83240.11849873  .00003062 +00000-0 +10922-2 0  9996
2 14166 047.0422 270.8932 7322778 015.2261 358.5234 02.22294603001318
1 14166U 83066  D 83246.41568951  .00003453 +00000-0 +10886-2 0  9993
2 14166 047.0165 269.1612 7325060 016.8912 358.3479 02.22333219001456
1 14166U 83066  D 83249.11411638  .00003160 +00000-0 +92973-3 0  9995
2 14166 047.0327 268.4429 7326244 017.5814 358.2632 02.22349972001518
1 14166U 83066  D 83250.46325395  .00003247 +00000-0 +93307-3 0  9997
2 14166 047.0215 268.0652 7326657 017.9559 358.2136 02.22358249001545
1 14166U 83066  D 83253.16135055  .00003431 +00000-0 +93588-3 0  9995
2 14166 047.0065 267.3168 7327569 018.6865 358.0964 02.22375299001601
1 14166U 83066  D 83254.06038137  .00003822 +00000-0 +96961-3 0  9990
2 14166 046.9929 267.0541 7328871 018.8561 358.0148 02.22393088001624
1 14166U 83066  D 83258.55648415  .00004208 +00000-0 +97435-3 0  9990
2 14166 046.9705 265.8050 7330345 020.0781 357.9411 02.22427492001724
1 14166U 83066  D 83262.15279712  .00004297 +00000-0 +89222-3 0  9994
2 14166 046.9636 264.8223 7332043 021.0706 357.9881 02.22463374001802
1 14166U 83066  D 83263.50103609  .00004985 +00000-0 +10374-2 0  9990
2 14166 046.9297 264.4203 7331915 021.5661 357.8014 02.22482135001837
1 14166U 83066  D 83265.29873993  .00005160 +00000-0 +11195-2 0  9996
2 14166 046.9246 263.9327 7331026 021.9956 357.7224 02.22501169001871
1 14166U 83066  D 83267.54566890  .00005172 +00000-0 +94497-3 0  9991
2 14166 046.9295 263.3054 7333874 022.5296 357.6364 02.22524726001927
1 14166U 83066  D 83277.42955630  .00004809 +00000-0 +74397-3 0  9996
2 14166 046.8813 260.5376 7335926 025.2336 356.9790 02.22612847002145
1 14166U 83066  D 83280.57403216  .00006089 +00000-0 +76042-3 0  9995
2 14166 046.8521 259.6810 7339039 026.0411 357.3424 02.22663155002210
1 14166U 83066  D 83281.02289007  .00006191 +00000-0 +70832-3 0  9991
2 14166 046.8809 259.5013 7340332 026.1771 357.1471 02.22669687002228
1 14166U 83066  D 83283.71711504  .00007239 +00000-0 +86087-3 0  9994
2 14166 046.8263 258.8220 7339462 026.8932 357.0997 02.22711249002282
1 14166U 83066  D 83284.61502672  .00007390 +00000-0 +86893-3 0  9991
2 14166 046.8330 258.5642 7339529 027.1496 357.0397 02.22725052002309
1 14166U 83066  D 83288.65498514  .00008757 +00000-0 +93281-3 0  9995
2 14166 046.8156 257.3711 7340459 028.2733 356.9166 02.22799891002392
1 14166U 83066  D 83290.45011040  .00009203 +00000-0 +93281-3 0  9998
2 14166 046.8085 256.8651 7340927 028.7645 356.8792 02.22834371002439
1 14166U 83066  D 83291.34748197  .00009368 +00000-0 +92539-3 0  9994
2 14166 046.8050 256.6120 7341152 029.0103 356.8227 02.22853354002451
1 14166U 83066  D 83291.34752972  .00009427 +00000-0 +93281-3 0  9991
2 14166 046.8050 256.6119 7341152 029.0103 356.8219 02.22850614002456
1 14166U 83066  D 83293.14214591  .00009427 +00000-0 +88620-3 0  9992
2 14166 046.7979 256.1054 7341597 029.5021 356.7504 02.22886983002493
1 14166U 83066  D 83293.14215247  .00009833 +00000-0 +92539-3 0  9996
2 14166 046.7979 256.1054 7341597 029.5021 356.7505 02.22886433002494
1 14166U 83066  D 83297.17887506  .00016591 -49067-4 +80853-3 0  9992
2 14166 046.7820 254.9648 7342564 030.6096 356.5757 02.22971561002588
1 14166U 83066  D 83297.62737119  .00016712 -49090-4 +80853-3 0  9997
2 14166 046.7803 254.8378 7342672 030.7330 356.5787 02.22979658002599
1 14166U 83066  D 83299.42106247  .00017284 -49267-4 +80853-3 0  9990
2 14166 046.7733 254.3299 7343098 031.2263 356.5840 02.23021988002632
1 14166U 83066  D 83301.66259929  .00018053 -49295-4 +81304-3 0  9994
2 14166 046.7646 253.6945 7343605 031.8435 356.4787 02.23071553002683
1 14166U 83066  D 83303.45549722  .00018753 -49466-4 +81304-3 0  9993
2 14166 046.7578 253.1856 7343975 032.3379 356.4977 02.23125315002728
1 14166U 83066  D 83305.24783707  .00019381 -49514-4 +81304-3 0  9997
2 14166 046.7509 252.6763 7344321 032.8328 356.3401 02.23167452002761
1 14166U 83066  D 83306.59184707  .00022177 -49550-4 +94586-3 0  9994
2 14166 046.7458 252.2941 7344567 033.2041 356.3756 02.23224203002791
1 14166U 83066  D 83306.59192084  .00019919 -49628-4 +81304-3 0  9991
2 14166 046.7458 252.2941 7344567 033.2042 356.2832 02.23204637002795
1 14166U 83066  D 83311.96529553  .00023677 -49852-4 +87433-3 0  9997
2 14166 046.7255 250.7643 7345258 034.6903 356.3516 02.23405858002913
1 14166U 83066  D 83312.41250150  .00025924 -49986-4 +96972-3 0  9995
2 14166 046.7238 250.6367 7345301 034.8145 356.0984 02.23436498002926
1 14166U 83066  D 83312.41257876  .00023928 -50055-4 +87433-3 0  9990
2 14166 046.7238 250.6366 7345301 034.8145 356.1152 02.23421424002926
1 14166U 83066  D 83315.09711336  .00032437 -50034-4 +11732-2 0  9993
2 14166 046.7138 249.8698 7345443 035.5598 356.2748 02.23580357002989
1 14166U 83066  D 83316.43833603  .00033435 -50189-4 +11732-2 0  9994
2 14166 046.7089 249.4859 7345339 035.9331 355.9925 02.23649308003012
1 14166U 83066  D 83317.33244204  .00034100 -50175-4 +11732-2 0  9992
2 14166 046.7056 249.2298 7345255 036.1821 355.9510 02.23696142003035
1 14166U 83066  D 83321.79975583  .00035584 -50522-4 +10836-2 0  9995
2 14166 046.6894 247.9489 7344672 037.4270 355.7617 02.23956599003137
1 14166U 83066  D 83324.47783032  .00037827 -50531-4 +10836-2 0  9991
2 14166 046.6798 247.1789 7344283 038.1758 355.7094 02.24110713003198
1 14166U 83066  D 83324.92397621  .00036520 -50558-4 +10022-2 0  9991
2 14166 046.6903 247.1351 7344408 038.2466 355.7184 02.24141594003200
1 14166U 83066  D 83325.81609350  .00034867 -50604-4 +94157-3 0  9991
2 14166 046.6814 246.8691 7344178 038.5102 355.5049 02.24175923003221
1 14166U 83066  D 83326.26232592  .00035237 -50670-4 +92812-3 0  9992
2 14166 046.6770 246.7376 7344278 038.6264 355.6546 02.24200665003238
1 14166U 83066  D 83329.82709125  .00038781 -50786-4 +86594-3 0  9993
2 14166 046.6641 245.7114 7343724 039.6022 355.5469 02.24517297003316
1 14166U 83066  D 83333.38689898  .00055376 -50962-4 +12387-2 0  9996
2 14166 046.6630 244.6899 7341433 040.6386 355.3922 02.24888446003399
1 14166U 83066  D 83333.38831086  .00055373 -50929-4 +12387-2 0  9994
2 14166 046.6630 244.6894 7341432 040.6391 356.5353 02.24888583003392
1 14166U 83066  D 83336.49669583  .00064292 -50991-4 +12658-2 0  9990
2 14166 046.7147 243.6848 7339948 041.5659 355.2708 02.25258871003460
1 14166U 83066  D 83337.38431665  .00065693 -51052-4 +12657-2 0  9991
2 14166 046.6958 243.4355 7339326 041.8079 355.2566 02.25366745003483
1 14166U 83066  D 83344.90297380  .00069270 -51196-4 +12657-2 0  9995
2 14166 046.6961 241.1797 7329970 044.0145 354.9727 02.26617217003653
