1 17710U 87028  F 87081.74544237  .00000289 +00000-0 +99999-4 0  9999
2 17710 047.3660 242.9439 7281673 000.8898 359.7625 02.26658261000122
1 17710U 87028  F 87081.74570826  .00000289 +00000-0 +00000-4 0  9997
2 17710 047.3660 242.9439 7281673 000.8898 359.7625 02.26658262000123
1 17710U 87028  F 87083.51014271  .00000560 +00000-0 +22629-3 0  9993
2 17710 047.3494 242.4368 7281747 001.3937 359.7134 02.26661102000162
1 17710U 87028  F 87083.51040892  .00000560 +00000-0 +22629-3 0  9991
2 17710 047.3494 242.4368 7281747 001.3936 359.7134 02.26661102000161
1 17710U 87028  F 87098.95065930  .00000964 +00000-0 +29759-3 0  9994
2 17710 047.3261 238.1522 7288625 005.4989 359.6107 02.26688785000516
1 17710U 87028  F 87098.95092583  .00000964 +00000-0 +29759-3 0  9998
2 17710 047.3261 238.1522 7288625 005.4988 359.6107 02.26688786000516
1 17710U 87028  F 87102.47907599  .00000946 +00000-0 +26435-3 0  9991
2 17710 047.3085 237.1176 7290522 006.4694 359.1341 02.26694865000596
1 17710U 87028  F 87107.77228667  .00001923 +00000-0 +50804-3 0  9994
2 17710 047.2877 235.7136 7292469 007.8187 359.2243 02.26720124000712
1 17710U 87028  F 87109.97729807  .00002507 +00000-0 +63156-3 0  9993
2 17710 047.2806 235.1013 7293512 008.4029 359.0017 02.26733794000763
1 17710U 87028  F 87115.71027090  .00003139 +00000-0 +90623-3 0  9998
2 17710 047.2690 233.4371 7290724 009.9965 358.7789 02.26765274000893
1 17710U 87028  F 87118.35601338  .00002625 +00000-0 +56627-3 0  9999
2 17710 047.2576 232.7560 7296112 010.6652 358.7416 02.26778090000951
1 17710U 87028  F 87124.08799221  .00003402 +00000-0 +64241-3 0  9990
2 17710 047.2439 231.1380 7298375 012.2191 358.7674 02.26817848001087
1 17710U 87028  F 87130.70009254  .00004786 +00000-0 +75055-3 0  9997
2 17710 047.2419 229.2401 7301240 014.0064 358.6563 02.26883467001235
1 17710U 87028  F 87131.58131875  .00004874 +00000-0 +69647-3 0  9997
2 17710 047.2152 229.0305 7302725 014.2005 358.4424 02.26892727001251
1 17710U 87028  F 87136.86953645  .00006282 +00000-0 +60507-3 0  9991
2 17710 047.2445 227.4744 7308371 015.6123 358.7254 02.26965838001375
1 17710U 87028  F 87141.71478047  .00008651 +00000-0 +99801-3 0  9990
2 17710 047.2062 226.1579 7304974 016.9780 358.6332 02.27061893001487
1 17710U 87028  F 87151.39722888  .00019129 +00000-0 +17367-2 0  9998
2 17710 047.1962 223.3405 7306175 019.6800 358.1046 02.27378201001706
1 17710U 87028  F 87156.23241598  .00027121 -45777-4 +12089-2 0  9992
2 17710 047.1878 221.9965 7310581 020.9107 357.8017 02.27580800001814
1 17710U 87028  F 87156.23244893  .00025681 -45676-4 +14539-2 0  9992
2 17710 047.1718 221.9867 7307216 020.9517 357.8218 02.27572913001813
1 17710U 87028  F 87156.23245173  .00025822 -45672-4 +14566-2 0  9997
2 17710 047.1714 221.9853 7307284 020.9798 357.8210 02.27573658001819
1 17710U 87028  F 87159.74645367  .00027708 -45808-4 +99170-3 0  9996
2 17710 047.1878 220.9681 7312225 021.8876 357.7624 02.27727887001897
1 17710U 87028  F 87160.18553219  .00037962 -45923-4 +20798-2 0  9990
2 17710 047.1628 220.8472 7307359 022.0702 357.8480 02.27790027001909
1 17710U 87028  F 87162.37967065  .00035209 -45965-4 +17262-2 0  9991
2 17710 047.1522 220.2183 7307599 022.6668 357.6338 02.27915002001955
1 17710U 87028  F 87165.88811856  .00042319 -46170-4 +19937-2 0  9996
2 17710 047.1212 219.2381 7306482 023.6361 358.0697 02.28180329002030
1 17710U 87028  F 87167.20190812  .00042555 -46141-4 +20116-2 0  9997
2 17710 047.1632 218.8292 7305678 024.0559 357.5444 02.28277599002065
1 17710U 87028  F 87167.63985988  .00043112 -46182-4 +19610-2 0  9992
2 17710 047.1769 218.7270 7305941 024.1620 357.4790 02.28309385002077
1 17710U 87028  F 87172.89696631  .00058752 -46385-4 +17462-2 0  9994
2 17710 047.1300 217.1733 7307737 025.5971 002.5851 02.28784657002192
1 17710U 87028  F 87174.63793593  .00070971 -46340-4 +24770-2 0  9991
2 17710 047.1380 216.6362 7304309 026.1154 357.2787 02.29020290002234
1 17710U 87028  F 87179.43433856  .00080518 -46494-4 +21120-2 0  9991
2 17710 047.1196 215.2131 7302712 027.4839 357.1055 02.29636470002340
1 17710U 87028  F 87179.86977018  .00070486 -46435-4 +12954-2 0  9994
2 17710 047.0979 215.1046 7305743 027.5044 357.1086 02.29689834002355
1 17710U 87028  F 87180.30506534  .00074466 -46622-4 +17202-2 0  9997
2 17710 047.1280 214.9912 7302834 027.6837 357.1896 02.29778186002368
1 17710U 87028  F 87182.47942862  .00072911 -46555-4 +15754-2 0  9993
2 17710 047.1218 214.3504 7301229 028.3057 356.9436 02.30064590002411
1 17710U 87028  F 87184.65131312  .00074599 -46558-4 +16624-2 0  9999
2 17710 047.1423 213.6985 7298585 028.9755 356.9419 02.30363067002462
1 17710U 87028  F 87185.08528316  .00075543 -46627-4 +16283-2 0  9999
2 17710 047.1323 213.5869 7298468 029.0831 356.8828 02.30421920002475
1 17710U 87028  F 87185.51919899  .00076515 -46525-4 +16360-2 0  9990
2 17710 047.1224 213.4466 7298090 029.2242 356.8724 02.30481864002485
1 17710U 87028  F 87185.95299966  .00076114 -46637-4 +13715-2 0  9994
2 17710 047.1025 213.3245 7299278 029.3227 356.8647 02.30542821002497
1 17710U 87028  F 87188.12029578  .00087477 -46557-4 +13902-2 0  9999
2 17710 047.0971 212.6919 7297603 029.9003 357.2590 02.30920336002543
1 17710U 87028  F 87188.55270607  .00088247 -46636-4 +13510-2 0  9996
2 17710 047.0785 212.5410 7297226 030.0493 356.7854 02.30993130002558
1 17710U 87028  F 87188.55271327  .00091571 -46670-4 +13548-2 0  9999
2 17710 047.0891 212.5547 7297276 030.1030 356.8048 02.31007589002551
1 17710U 87028  F 87192.44115898  .00125271 -46639-4 +14423-2 0  9995
2 17710 047.1111 211.3863 7291393 031.1854 356.8602 02.31918337002642
1 17710U 87028  F 87194.16397787  .00126576 -46642-4 +10099-2 0  9993
2 17710 047.0865 210.8912 7289983 031.6447 356.5344 02.32331825002687
1 17710U 87028  F 87194.59426664  .00127744 -46633-4 +10230-2 0  9992
2 17710 047.0941 210.7671 7289171 031.7615 356.5048 02.32433673002696
1 17710U 87028  F 87197.17204032  .00137042 -46515-4 +84375-3 0  9995
2 17710 047.0711 210.0310 7285738 032.4602 356.3810 02.33056828002759
1 17710U 87028  F 87197.17205555  .00151078 -46622-4 +65112-3 0  9998
2 17710 047.0946 209.9882 7287365 032.4397 356.3950 02.33117398002754
1 17710U 87028  F 87197.60089353  .00146979 -46483-4 +64753-3 0  9991
2 17710 047.0951 209.8571 7286389 032.5783 356.3594 02.33224538002769
1 17710U 87028  F 87201.02388183  .00169090 -46526-4 +59043-3 0  9999
2 17710 047.0843 208.8394 7279101 033.4843 357.3760 02.34350674002849
1 17710U 87028  F 87201.44912848  .00172655 -46529-4 +12715-2 0  9994
2 17710 047.0804 208.7040 7273532 033.8710 356.2441 02.34505107002850
1 17710U 87028  F 87202.30140528  .00207165 -46438-4 +17487-2 0  9993
2 17710 047.0927 208.4229 7268926 034.1580 357.0009 02.35009238002878
1 17710U 87028  F 87203.57549687  .00230119 -46310-4 +92535-3 0  9994
2 17710 047.0848 208.0327 7267969 034.4338 356.6805 02.35676103002909
1 17710U 87028  F 87205.26924942  .00266214 -46229-4 +88353-3 0  9990
2 17710 047.0452 207.5425 7262036 034.8720 356.6818 02.36601341002943
