1 17909U 87036  F 87115.01541074  .00010385 -19509-4 +99999-4 0  9999
2 17909 064.8605 077.6393 5665588 296.6275 016.9222 04.66625882000012
1 17909U 87036  F 87117.89999999  .00010346 -19046-4 +99999-4 0  9993
2 17909 064.9730 076.3380 5637258 296.6180 168.9320 04.71170389000001
1 17909U 87036  F 87118.29999999  .00011883 -19133-4 +99999-4 0  9992
2 17909 064.9620 076.1430 5633871 296.5610 128.3530 04.72265122000001
1 17909U 87036  F 87118.44634055  .02105617 -18952-4 +19601-1 0  9996
2 17909 064.9805 076.1407 5629596 296.4637 017.8977 04.73418121000015
1 17909U 87036  F 87119.49730489  .01101468 -18694-4 +10649-1 0  9995
2 17909 064.9886 075.7786 5609072 296.3514 014.9248 04.76612786000069
1 17909U 87036  F 87121.37901700  .01445807 -18444-4 +14377-1 0  9994
2 17909 064.9834 074.8029 5573853 296.2840 023.0115 04.82220522000154
1 17909U 87036  F 87124.65447620  .01807091 -17473-4 +16923-1 0  9991
2 17909 065.0166 073.1755 5504812 296.0971 018.3529 04.93613769000319
1 17909U 87036  F 87125.46239465  .01709868 -17207-4 +15964-1 0  9999
2 17909 064.9854 072.8262 5488559 296.0554 017.7085 04.96275426000357
1 17909U 87036  F 87126.06618759  .01592641 -17105-4 +14524-1 0  9990
2 17909 064.9929 072.5386 5477809 295.9817 018.3345 04.98103103000383
1 17909U 87036  F 87127.46539704  .01663952 -16896-4 +17210-1 0  9992
2 17909 065.0075 071.8817 5446895 295.8804 019.1350 05.02777433000456
