1 04779U 70101  A 70333.18589328  .00000000 +00000-0 +00000-0 0  9996
2 04779 065.4831 281.3208 7396169 285.4325 009.8812 02.36528468000035
1 04779U 70101  A 70340.06160036  .00002007 +00000-0 +00000-0 0  9991
2 04779 065.4830 280.3475 7395429 285.2693 009.9223 02.03633571000171
1 04779U 70101  A 70343.49899483  .00001799 +00000-0 +00000-0 0  9993
2 04779 065.4686 279.9085 7407650 285.0469 009.8982 02.03621173000244
1 04779U 70101  A 70356.83225985  .00000000 +00000-0 +00000-0 0  9999
2 04779 065.4119 277.9768 7424030 284.6855 009.8831 02.00610304000105
1 04779U 70101  A 71008.28275944  .00000765 +00000-0 +00000-0 0  9991
2 04779 065.3998 275.6901 7413350 284.3200 010.0216 02.00613403000437
1 04779U 70101  A 71010.77536446 -.00000432 +00000-0 +00000-0 0  9997
2 04779 065.4233 275.3160 7412740 284.2388 010.0428 02.00597239000480
1 04779U 70101  A 71012.76937488 -.00000342 +00000-0 +00000-0 0  9999
2 04779 065.4266 275.0373 7411470 284.1994 010.0587 02.00598431000526
1 04779U 70101  A 71017.25572137  .00000399 +00000-0 +00000-0 0  9995
2 04779 065.4257 274.4149 7409325 284.0838 010.0964 02.00609136000616
1 04779U 70101  A 71019.24971552  .00000157 +00000-0 +00000-0 0  9992
2 04779 065.4044 274.1430 7408240 284.0513 010.1098 02.00607157000659
1 04779U 70101  A 71021.24371089  .00000140 +00000-0 +00000-0 0  9996
2 04779 065.4022 273.8642 7407330 284.0129 010.1235 02.00606990000699
1 04779U 70101  A 71022.73921012  .00000101 +00000-0 +00000-0 0  9995
2 04779 065.4029 273.6569 7406880 283.9779 010.1339 02.00606441000720
1 04779U 70101  A 71024.23486514 -.00000374 +00000-0 +00000-0 0  9998
2 04779 065.4162 273.4417 7403680 283.9221 010.1648 02.00598907000758
1 04779U 70101  A 71025.73036400 -.00000175 +00000-0 +00000-0 0  9998
2 04779 065.4179 273.2350 7402048 283.8749 010.1848 02.00601053000783
1 04779U 70101  A 71026.72737389 -.00000122 +00000-0 +00000-0 0  9994
2 04779 065.4273 273.0948 7400331 283.8207 010.2069 02.00601506000803
1 04779U 70101  A 71026.72737394 -.00000121 +00000-0 +00000-0 0  9999
2 04779 065.4272 273.0946 7400319 283.8204 010.2069 02.00601482000817
1 04779U 70101  A 71028.22288169 -.00000125 +00000-0 +00000-0 0  9991
2 04779 065.4216 272.8922 7398639 283.7722 010.2274 02.00601864000846
1 04779U 70101  A 71030.21685208 -.00000653 +00000-0 +00000-0 0  9994
2 04779 065.4869 272.6283 7397215 283.7269 010.2459 02.00604582000882
1 04779U 70101  A 71034.20486830 -.00000080 +00000-0 +00000-0 0  9991
2 04779 065.4264 272.0632 7396780 283.6537 010.2646 02.00602698000969
1 04779U 70101  A 71036.19893155 -.00003865 +00000-0 +00000-0 0  9997
2 04779 065.4273 271.7432 7394328 283.5988 010.2914 02.00591135001005
1 04779U 70101  A 71037.69443328  .00004103 +00000-0 +00000-0 0  9991
2 04779 065.4592 271.5664 7393054 283.5828 010.3025 02.00609207001039
1 04779U 70101  A 71038.69146821 -.00000281 +00000-0 +00000-0 0  9994
2 04779 065.4418 271.4416 7395429 283.5496 010.2958 02.00598288001051
1 04779U 70101  A 71039.68852044 -.00003017 +00000-0 +00000-0 0  9995
2 04779 065.4327 271.2838 7391288 283.5194 010.3269 02.00591111001076
1 04779U 70101  A 71041.18393697  .00000311 +00000-0 +00000-0 0  9990
2 04779 065.4247 271.0878 7392780 283.4850 010.3258 02.00604606001101
1 04779U 70101  A 71042.67944006 -.00000356 +00000-0 +00000-0 0  9991
2 04779 065.4105 270.9045 7389726 283.4377 010.3546 02.00605536001134
1 04779U 70101  A 71043.67642716  .00000726 +00000-0 +00000-0 0  9995
2 04779 065.4350 270.7699 7390040 283.4058 010.3598 02.00607157001156
1 04779U 70101  A 71045.17187986  .00000342 +00000-0 +00000-0 0  9999
2 04779 065.4204 270.5400 7392080 283.4003 010.3489 02.00607562001180
1 04779U 70101  A 71048.16288512  .00000148 +00000-0 +00000-0 0  9992
2 04779 065.4171 270.1320 7391350 283.3290 010.3691 02.00605893001243
1 04779U 70101  A 71048.66143493 -.00000312 +00000-0 +00000-0 0  9999
2 04779 065.4251 270.0603 7389990 283.2991 010.3839 02.00601363001252
1 04779U 70101  A 71051.65244444 -.00000125 +00000-0 +00000-0 0  9992
2 04779 065.4223 269.6535 7390229 283.2437 010.3949 02.00601912001310
1 04779U 70101  A 71053.64649689 -.00000254 +00000-0 +00000-0 0  9996
2 04779 065.4156 269.3814 7390044 283.1941 010.4072 02.00599265001355
1 04779U 70101  A 71054.14497628 -.00000159 +00000-0 +00000-0 0  9990
2 04779 065.4125 269.3124 7389470 283.1804 010.4137 02.00600791001364
1 04779U 70101  A 71059.62836885  .00000203 +00000-0 +00000-0 0  9999
2 04779 065.4261 268.5457 7386860 283.0228 010.4648 02.00607324001472
1 04779U 70101  A 71063.61635372  .00000102 +00000-0 +00000-0 0  9999
2 04779 065.4460 267.9839 7384960 282.9505 010.4926 02.00606322001550
1 04779U 70101  A 71066.60734500 -.00000059 +00000-0 +00000-0 0  9996
2 04779 065.4355 267.5575 7383340 282.8884 010.5163 02.00604415001618
1 04779U 70101  A 71073.58619721  .00000235 +00000-0 +00000-0 0  9993
2 04779 065.4875 266.6064 7382100 282.7160 010.5631 02.00609183001759
1 04779U 70101  A 71076.07867959 -.00000270 +00000-0 +00000-0 0  9998
2 04779 065.4372 266.2072 7380255 282.6670 010.5854 02.00604177001801
1 04779U 70101  A 71077.07565869 -.00000606 +00000-0 +00000-0 0  9997
2 04779 065.3679 266.0542 7380093 282.6614 010.5876 02.00604534001821
1 04779U 70101  A 71078.07267916 -.00000856 +00000-0 +00000-0 0  9997
2 04779 065.3813 265.9131 7378758 282.6209 010.6050 02.00602412001848
1 04779U 70101  A 71081.06364163  .00000153 +00000-0 +00000-0 0  9991
2 04779 065.3733 265.4901 7377375 282.5662 010.6259 02.00606441001909
1 04779U 70101  A 71082.55910098 -.00000261 +00000-0 +00000-0 0  9991
2 04779 065.4369 265.2904 7375316 282.5260 010.6477 02.00610352001934
1 04779U 70101  A 71084.05453869 -.00001667 +00000-0 +00000-0 0  9997
2 04779 065.4026 265.0833 7374902 282.4876 010.6590 02.00608587001961
1 04779U 70101  A 71085.54995019  .00008053 +00000-0 +00000-0 0  9995
2 04779 065.4222 264.8787 7374894 282.4565 010.6662 02.00628066001996
1 04779U 70101  A 71086.54695567 -.00001062 +00000-0 +00000-0 0  9995
2 04779 065.3733 264.7109 7375038 282.4427 010.6685 02.00607371002012
1 04779U 70101  A 71088.04244203 -.00001192 +00000-0 +00000-0 0  9993
2 04779 065.4392 264.5086 7374968 282.4039 010.6778 02.00603533002048
1 04779U 70101  A 71089.53790578 -.00003747 +00000-0 +00000-0 0  9997
2 04779 065.4589 264.2393 7373652 282.3855 010.6901 02.00601268002072
1 04779U 70101  A 71090.53490155 -.00002363 +00000-0 +00000-0 0  9990
2 04779 065.4557 264.1012 7373785 282.3624 010.6945 02.00599861002090
1 04779U 70101  A 71092.03035253  .00002267 +00000-0 +00000-0 0  9993
2 04779 065.4691 263.9170 7370736 282.3365 010.7191 02.00614142002124
1 04779U 70101  A 71093.52582505 -.00000174 +00000-0 +00000-0 0  9991
2 04779 065.3983 263.7419 7372420 282.2922 010.7191 02.00606680002152
1 04779U 70101  A 71095.02125645 -.00000277 +00000-0 +00000-0 0  9990
2 04779 065.3791 263.5030 7368700 282.2744 010.7459 02.00612259002183
1 04779U 70101  A 71096.51669709  .00000041 +00000-0 +00000-0 0  9997
2 04779 065.4053 263.3301 7371757 282.2310 010.7373 02.00609851002212
1 04779U 70101  A 71097.51364819  .00000160 +00000-0 +00000-0 0  9994
2 04779 065.4338 263.1824 7371240 282.2098 010.7454 02.00611496002236
1 04779U 70101  A 71099.50754563  .00000290 +00000-0 +00000-0 0  9998
2 04779 065.4733 262.9007 7370296 282.1641 010.7618 02.00613928002276
1 04779U 70101  A 71100.50451287 -.00000436 +00000-0 +00000-0 0  9991
2 04779 065.4836 262.7365 7367897 282.1466 010.7805 02.00610685002290
1 04779U 70101  A 71101.50147897 -.00000467 +00000-0 +00000-0 0  9995
2 04779 065.5230 262.5947 7367858 282.1254 010.7857 02.00609660002316
1 04779U 70101  A 71102.99689706  .00000129 +00000-0 +00000-0 0  9993
2 04779 065.5252 262.4075 7368480 282.0800 010.7925 02.00613523002341
1 04779U 70101  A 71104.49235813 -.00000021 +00000-0 +00000-0 0  9998
2 04779 065.5087 262.1930 7367675 282.0540 010.8035 02.00611520002371
1 04779U 70101  A 71105.48932297 -.00000042 +00000-0 +00000-0 0  9991
2 04779 065.5188 262.0583 7367539 282.0302 010.8098 02.00611186002390
1 04779U 70101  A 71106.98473819 -.00000048 +00000-0 +00000-0 0  9993
2 04779 065.5113 261.8694 7367523 281.9721 010.8235 02.00611520002423
1 04779U 70101  A 71114.46173263  .00000352 +00000-0 +00000-0 0  9992
2 04779 065.4892 260.8028 7363005 281.8264 010.8853 02.00619864002579
1 04779U 70101  A 71115.45866517  .00000352 +00000-0 +00000-0 0  9993
2 04779 065.5298 260.6667 7363029 281.8226 010.8861 02.00620270002595
1 04779U 70101  A 71116.45564377  .00000074 +00000-0 +00000-0 0  9994
2 04779 065.4823 260.5273 7362251 281.7895 010.8987 02.00616717002610
1 04779U 70101  A 71125.92638074  .00000363 +00000-0 +00000-0 0  9993
2 04779 065.4799 259.1511 7354430 281.6390 010.9824 02.00623226002805
1 04779U 70101  A 71127.92017508  .00000430 +00000-0 +00000-0 0  9993
2 04779 065.4471 258.8792 7351650 281.5872 011.0119 02.00625300002842
1 04779U 70101  A 71128.91712285  .00000423 +00000-0 +00000-0 0  9999
2 04779 065.5297 258.7586 7351100 281.5084 011.0341 02.00624943002865
1 04779U 70101  A 71130.41246230  .00000425 +00000-0 +00000-0 0  9991
2 04779 065.5195 258.5558 7349820 281.4740 011.0502 02.00626111002894
1 04779U 70101  A 71131.40936734  .00000334 +00000-0 +00000-0 0  9995
2 04779 065.5314 258.4210 7349650 281.4492 011.0572 02.00625610002919
1 04779U 70101  A 71132.90469519  .00000266 +00000-0 +00000-0 0  9997
2 04779 065.4682 258.2213 7347548 281.4813 011.0627 02.00625849002946
1 04779U 70101  A 71135.39695006  .00000297 +00000-0 +00000-0 0  9999
2 04779 065.5290 257.8846 7345819 281.3798 011.0976 02.00626969002995
1 04779U 70101  A 71137.39071142  .00000382 +00000-0 +00000-0 0  9995
2 04779 065.5046 257.6212 7344510 281.3362 011.1163 02.00628805003039
1 04779U 70101  A 71138.88597582  .00000530 +00000-0 +00000-0 0  9996
2 04779 065.5089 257.4269 7343031 281.3151 011.1305 02.00632668003062
1 04779U 70101  A 71140.87970464  .00000455 +00000-0 +00000-0 0  9998
2 04779 065.5115 257.1537 7341926 281.2603 011.1506 02.00633502003105
1 04779U 70101  A 71142.87342432  .00000260 +00000-0 +00000-0 0  9992
2 04779 065.5087 256.8741 7341440 281.2356 011.1596 02.00632715003140
1 04779U 70101  A 71144.36873845  .00000196 +00000-0 +00000-0 0  9993
2 04779 065.5109 256.6747 7340232 281.2064 011.1742 02.00632167003170
1 04779U 70101  A 71145.86406241  .00000061 +00000-0 +00000-0 0  9992
2 04779 065.5173 256.4823 7338739 281.1497 011.1971 02.00630927003202
1 04779U 70101  A 71147.35937003  .00000034 +00000-0 +00000-0 0  9993
2 04779 065.5481 256.2795 7338155 281.1077 011.2110 02.00630665003234
1 04779U 70101  A 71150.34985900  .00000381 +00000-0 +00000-0 0  9990
2 04779 065.5366 255.8683 7334881 281.0220 011.2523 02.00636935003298
1 04779U 70101  A 71151.84509815  .00000349 +00000-0 +00000-0 0  9997
2 04779 065.5329 255.6759 7334359 280.9910 011.2631 02.00638032003327
1 04779U 70101  A 71153.83871808  .00000461 +00000-0 +00000-0 0  9997
2 04779 065.5303 255.4083 7332979 280.9453 011.2829 02.00641465003362
1 04779U 70101  A 71155.33395225  .00000487 +00000-0 +00000-0 0  9996
2 04779 065.5343 255.2035 7331319 280.9125 011.3013 02.00642776003399
1 04779U 70101  A 71158.32448828  .00000137 +00000-0 +00000-0 0  9998
2 04779 065.5377 254.8014 7328690 280.8591 011.3309 02.00639081003452
1 04779U 70101  A 71159.32136925 -.00000216 +00000-0 +00000-0 0  9990
2 04779 065.5373 254.6715 7328671 280.8411 011.3354 02.00634789003476
1 04779U 70101  A 71162.31169306  .00000277 +00000-0 +00000-0 0  9998
2 04779 065.5221 254.2891 7326221 280.7638 011.3699 02.00643468003531
1 04779U 70101  A 71164.30524112  .00000415 +00000-0 +00000-0 0  9993
2 04779 065.4979 254.0356 7325618 280.7335 011.3811 02.00647068003577
1 04779U 70101  A 71165.30206815  .00000410 +00000-0 +00000-0 0  9996
2 04779 065.5486 253.8851 7323199 280.6801 011.4094 02.00647378003597
1 04779U 70101  A 71166.29885806  .00000403 +00000-0 +00000-0 0  9990
2 04779 065.5338 253.7454 7322359 280.6613 011.4193 02.00647902003615
1 04779U 70101  A 71167.79393882  .00000520 +00000-0 +00000-0 0  9994
2 04779 065.5122 253.5679 7321646 280.6673 011.4225 02.00652480003643
1 04779U 70101  A 71169.78754825  .00000634 +00000-0 +00000-0 0  9999
2 04779 065.5564 253.3035 7317669 280.5887 011.4672 02.00653434003683
1 04779U 70101  A 71171.28274628  .00000180 +00000-0 +00000-0 0  9991
2 04779 065.5176 253.1183 7315389 280.5154 011.4998 02.00650811003719
1 04779U 70101  A 71172.27953725  .00000077 +00000-0 +00000-0 0  9998
2 04779 065.5170 252.9902 7314654 280.4936 011.5099 02.00649810003732
1 04779U 70101  A 71174.27309135  .00000037 +00000-0 +00000-0 0  9996
2 04779 065.5290 252.7306 7313082 280.4419 011.5328 02.00649881003778
1 04779U 70101  A 71175.26983016  .00000154 +00000-0 +00000-0 0  9992
2 04779 065.5290 252.6044 7312700 280.4234 011.5398 02.00651932003796
1 04779U 70101  A 71177.76170652  .00000235 +00000-0 +00000-0 0  9993
2 04779 065.5737 252.2745 7313989 280.3684 011.5451 02.00653195003843
1 04779U 70101  A 71179.25673457  .00000544 +00000-0 +00000-0 0  9993
2 04779 065.5761 252.0821 7312543 280.3277 011.5646 02.00659418003879
1 04779U 70101  A 71180.75180918  .00000681 +00000-0 +00000-0 0  9997
2 04779 065.5773 251.8882 7311629 280.2868 011.5806 02.00662613003908
1 04779U 70101  A 71182.24692229  .00000464 +00000-0 +00000-0 0  9995
2 04779 065.5242 251.7007 7309070 280.2308 011.6109 02.00661802003932
1 04779U 70101  A 71186.23385822  .00000191 +00000-0 +00000-0 0  9993
2 04779 065.5652 251.2005 7306500 280.1613 011.6449 02.00660467004016
1 04779U 70101  A 71187.23058253  .00000115 +00000-0 +00000-0 0  9995
2 04779 065.5631 251.0447 7306969 280.1290 011.6500 02.00659513004031
1 04779U 70101  A 71190.22074475  .00000146 +00000-0 +00000-0 0  9996
2 04779 065.5751 250.6914 7303940 280.0642 011.6858 02.00661349004096
1 04779U 70101  A 71192.21413850  .00000253 +00000-0 +00000-0 0  9990
2 04779 065.5712 250.4273 7303152 279.9955 011.7082 02.00663805004132
1 04779U 70101  A 71193.70909126  .00000583 +00000-0 +00000-0 0  9997
2 04779 065.5596 250.2172 7302737 279.9868 011.7130 02.00669956004169
1 04779U 70101  A 71194.70587113  .00000332 +00000-0 +00000-0 0  9998
2 04779 065.5118 250.1134 7299060 279.9113 011.7558 02.00667691004183
1 04779U 70101  A 71195.70248534  .00000440 +00000-0 +00000-0 0  9990
2 04779 065.5613 249.9664 7302980 279.9432 011.7224 02.00669312004202
1 04779U 70101  A 71197.19748924  .00000440 +00000-0 +00000-0 0  9993
2 04779 065.5613 249.7741 7302960 279.9096 011.7310 02.00670624004237
1 04779U 70101  A 71198.69259363  .00000207 +00000-0 +00000-0 0  9994
2 04779 065.5673 249.5889 7301140 279.8670 011.7535 02.00667524004267
1 04779U 70101  A 71200.18766991  .00000096 +00000-0 +00000-0 0  9998
2 04779 065.5539 249.3818 7298668 279.7944 011.7880 02.00666165004297
1 04779U 70101  A 71202.18109072 -.00000232 +00000-0 +00000-0 0  9994
2 04779 065.5102 249.1137 7298005 279.7446 011.8049 02.00662494004331
1 04779U 70101  A 71203.67600289  .00000198 +00000-0 +00000-0 0  9995
2 04779 065.4881 248.9458 7296940 279.7021 011.8225 02.00670171004362
1 04779U 70101  A 71205.17100279  .00000198 +00000-0 +00000-0 0  9996
2 04779 065.4881 248.7537 7296929 279.6698 011.8309 02.00670767004391
1 04779U 70101  A 71206.66593529  .00000482 +00000-0 +00000-0 0  9991
2 04779 065.5397 248.5585 7295625 279.6496 011.8445 02.00675917004420
1 04779U 70101  A 71209.65590127  .00000443 +00000-0 +00000-0 0  9991
2 04779 065.5565 248.1753 7293516 279.5730 011.8779 02.00677371004489
1 04779U 70101  A 71210.15423417  .00000345 +00000-0 +00000-0 0  9996
2 04779 065.4722 248.0921 7292720 279.5393 011.8916 02.00676680004496
1 04779U 70101  A 71211.15092425  .00000069 +00000-0 +00000-0 0  9991
2 04779 065.4939 247.9661 7291990 279.5083 011.9042 02.00673842004510
1 04779U 70101  A 71212.14757376  .00000069 +00000-0 +00000-0 0  9994
2 04779 065.4939 247.8384 7291980 279.4867 011.9099 02.00673985004531
1 04779U 70101  A 71213.64257715 -.00000085 +00000-0 +00000-0 0  9991
2 04779 065.5323 247.6442 7292159 279.4634 011.9148 02.00672174004560
1 04779U 70101  A 71216.63253988  .00000020 +00000-0 +00000-0 0  9999
2 04779 065.5105 247.2552 7290588 279.3768 011.9472 02.00673509004627
1 04779U 70101  A 71221.61564765  .00000362 +00000-0 +00000-0 0  9990
2 04779 065.5288 246.6161 7290640 279.2796 011.9719 02.00680327004728
1 04779U 70101  A 71226.59879753  .00000213 +00000-0 +00000-0 0  9993
2 04779 065.4745 245.9611 7287453 279.1686 012.0215 02.00680876004825
1 04779U 70101  A 71233.57525753  .00000124 +00000-0 +00000-0 0  9998
2 04779 065.4552 245.0618 7280570 278.9427 012.1256 02.00680661004965
1 04779U 70101  A 71234.57189362  .00000045 +00000-0 +00000-0 0  9993
2 04779 065.4609 244.9303 7280731 278.9215 012.1300 02.00679517004981
1 04779U 70101  A 71235.56853071 -.00000061 +00000-0 +00000-0 0  9997
2 04779 065.4759 244.7762 7280700 278.9147 012.1319 02.00678301005413
1 04779U 70101  A 71237.06347553 -.00000087 +00000-0 +00000-0 0  9995
2 04779 065.4930 244.6035 7280188 278.8693 012.1473 02.00678086005445
1 04779U 70101  A 71240.05336554 -.00000087 +00000-0 +00000-0 0  9997
2 04779 065.4929 244.2233 7280190 278.8053 012.1640 02.00677562005503
1 04779U 70101  A 71241.54836745 -.00000188 +00000-0 +00000-0 0  9991
2 04779 065.4984 244.0283 7279920 278.7660 012.1761 02.00675201005534
1 04779U 70101  A 71242.04668921 -.00000188 +00000-0 +00000-0 0  9996
2 04779 065.4983 243.9649 7279920 278.7553 012.1789 02.00675011005548
1 04779U 70101  A 71243.54165738 -.00000188 +00000-0 +00000-0 0  9990
2 04779 065.4982 243.7749 7279920 278.7232 012.1873 02.00674462005576
1 04779U 70101  A 71246.53156193 -.00000040 +00000-0 +00000-0 0  9994
2 04779 065.4810 243.3617 7277766 278.6664 012.2165 02.00676346005635
1 04779U 70101  A 71248.02651850 -.00000040 +00000-0 +00000-0 0  9990
2 04779 065.4809 243.1717 7277760 278.6346 012.2249 02.00676203005661
1 04779U 70101  A 71251.51475416 -.00000040 +00000-0 +00000-0 0  9990
2 04779 065.4808 242.7287 7277760 278.5604 012.2444 02.00675941005736
1 04779U 70101  A 71253.50808270 -.00000109 +00000-0 +00000-0 0  9995
2 04779 065.4698 242.4096 7276149 278.5225 012.2652 02.00674629005774
1 04779U 70101  A 71260.48472834 -.00000039 +00000-0 +00000-0 0  9995
2 04779 065.4614 241.4931 7271780 278.3543 012.3389 02.00672746005918
1 04779U 70101  A 71262.47810038 -.00000292 +00000-0 +00000-0 0  9999
2 04779 065.4953 241.2499 7269552 278.2479 012.3822 02.00670075005951
1 04779U 70101  A 71263.97317200 -.00000493 +00000-0 +00000-0 0  9991
2 04779 065.5313 241.0695 7269105 278.2059 012.3964 02.00665998005984
1 04779U 70101  A 71269.95328558 -.00000328 +00000-0 +00000-0 0  9990
2 04779 065.4572 240.2972 7267460 278.1191 012.4306 02.00664401006101
1 04779U 70101  A 71272.44503751 -.00000328 +00000-0 +00000-0 0  9998
2 04779 065.4571 239.9825 7267470 278.0670 012.4444 02.00662756006153
1 04779U 70101  A 71275.93351501 -.00000195 +00000-0 +00000-0 0  9991
2 04779 065.5071 239.4969 7263550 277.9763 012.4953 02.00663400006229
1 04779U 70101  A 71278.92362942 -.00000195 +00000-0 +00000-0 0  9994
2 04779 065.5070 239.1209 7263560 277.9125 012.5124 02.00662231006283
1 04779U 70101  A 71279.92038995 -.00000205 +00000-0 +00000-0 0  9995
2 04779 065.4985 238.9864 7260810 277.8953 012.5356 02.00661492006302
1 04779U 70101  A 71283.40895763 -.00000235 +00000-0 +00000-0 0  9990
2 04779 065.5277 238.5499 7259228 277.8455 012.5598 02.00658870006376
1 04779U 70101  A 71284.90409858 -.00000336 +00000-0 +00000-0 0  9994
2 04779 065.4959 238.3394 7256960 277.7977 012.5881 02.00656724006407
1 04779U 70101  A 71287.89431848 -.00000336 +00000-0 +00000-0 0  9999
2 04779 065.4958 237.9647 7256970 277.7345 012.6051 02.00654721006463
1 04779U 70101  A 71288.89107186 -.00000260 +00000-0 +00000-0 0  9991
2 04779 065.4892 237.8316 7255110 277.6996 012.6273 02.00655317006488
1 04779U 70101  A 71292.87821708 -.00000486 +00000-0 +00000-0 0  9997
2 04779 065.5000 237.3172 7252090 277.5960 012.6760 02.00648713006561
1 04779U 70101  A 71294.37333964 -.00000408 +00000-0 +00000-0 0  9990
2 04779 065.4999 237.1305 7252100 277.5644 012.6846 02.00649023006597
1 04779U 70101  A 71296.86528551 -.00000408 +00000-0 +00000-0 0  9994
2 04779 065.4998 236.8193 7252110 277.5118 012.6988 02.00646996006643
1 04779U 70101  A 71297.86220542 -.00000486 +00000-0 +00000-0 0  9990
2 04779 065.5231 236.6635 7245920 277.4426 012.7601 02.00644612006663
1 04779U 70101  A 71303.34458299 -.00000358 +00000-0 +00000-0 0  9991
2 04779 065.5179 235.9755 7244119 277.3343 012.8022 02.00642633006776
1 04779U 70101  A 71304.83979287 -.00000366 +00000-0 +00000-0 0  9990
2 04779 065.5418 235.7613 7241419 277.2934 012.8321 02.00642204006808
1 04779U 70101  A 71307.83028591 -.00000583 +00000-0 +00000-0 0  9997
2 04779 065.5453 235.3839 7240269 277.2349 012.8562 02.00636697006867
1 04779U 70101  A 71309.82396685 -.00000583 +00000-0 +00000-0 0  9990
2 04779 065.5452 235.1371 7240289 277.1922 012.8679 02.00634384006908
1 04779U 70101  A 71311.81767088 -.00000583 +00000-0 +00000-0 0  9991
2 04779 065.5451 234.8903 7240309 277.1495 012.8795 02.00632048006940
1 04779U 70101  A 71313.31293084 -.00000276 +00000-0 +00000-0 0  9997
2 04779 065.5399 234.6896 7236519 277.1259 012.9122 02.00634074006975
1 04779U 70101  A 71314.80820704 -.00001019 +00000-0 +00000-0 0  9993
2 04779 065.5379 234.4972 7230159 277.0406 012.9799 02.00631094007007
1 04779U 70101  A 71320.78946103 -.00000688 +00000-0 +00000-0 0  9990
2 04779 065.5423 233.7528 7228649 276.9127 013.0261 02.00624323007121
1 04779U 70101  A 71321.78636069 -.00000688 +00000-0 +00000-0 0  9998
2 04779 065.5423 233.6304 7228662 276.8916 013.0320 02.00622964007149
1 04779U 70101  A 71323.78018028 -.00000688 +00000-0 +00000-0 0  9999
2 04779 065.5422 233.3853 7228679 276.8492 013.0437 02.00620222007189
1 04779U 70101  A 71324.77708586 -.00000596 +00000-0 +00000-0 0  9992
2 04779 065.5353 233.2538 7226486 276.8362 013.0626 02.00620103007202
1 04779U 70101  A 71326.77087756 -.00000271 +00000-0 +00000-0 0  9993
2 04779 065.5377 233.0073 7224169 276.7741 013.0961 02.00622058007243
1 04779U 70101  A 71328.76469814 -.00000271 +00000-0 +00000-0 0  9993
2 04779 065.5376 232.7629 7224169 276.7320 013.1080 02.00620985007282
1 04779U 70101  A 71329.76159507 -.00000080 +00000-0 +00000-0 0  9997
2 04779 065.5239 232.6503 7220309 276.6800 013.1496 02.00623226007309
1 04779U 70101  A 71331.75540012 -.00000080 +00000-0 +00000-0 0  9994
2 04779 065.5238 232.4063 7220309 276.6382 013.1614 02.00622916007343
1 04779U 70101  A 71332.75238738 -.00001046 +00000-0 +00000-0 0  9997
2 04779 065.5207 232.2860 7218239 276.6072 013.1847 02.00614452007363
1 04779U 70101  A 71334.74627169 -.00000732 +00000-0 +00000-0 0  9999
2 04779 065.5249 232.0437 7217719 276.5555 013.2030 02.00613308007403
1 04779U 70101  A 71335.74326785 -.00001156 +00000-0 +00000-0 0  9991
2 04779 065.5256 231.9213 7217699 276.5223 013.2125 02.00607991007428
1 04779U 70101  A 71338.73409237 -.00000560 +00000-0 +00000-0 0  9995
2 04779 065.5325 231.5603 7217072 276.4651 013.2333 02.00610089007482
1 04779U 70101  A 71342.22340310 -.00000137 +00000-0 +00000-0 0  9990
2 04779 065.5335 231.1207 7209949 276.3721 013.3097 02.00613189007550
1 04779U 70101  A 71345.21439887 -.00001395 +00000-0 +00000-0 0  9997
2 04779 065.5241 230.7591 7207929 276.2827 013.3496 02.00600958007619
1 04779U 70101  A 71346.70985545 -.00000636 +00000-0 +00000-0 0  9996
2 04779 065.5228 230.5759 7207849 276.2304 013.3652 02.00604153007647
1 04779U 70101  A 71348.70386100 -.00000636 +00000-0 +00000-0 0  9990
2 04779 065.5227 230.3338 7207869 276.1890 013.3769 02.00601625007682
1 04779U 70101  A 71350.69786568 -.00000519 +00000-0 +00000-0 0  9993
2 04779 065.5318 230.1008 7207549 276.1175 013.3998 02.00601053007720
1 04779U 70101  A 71351.69488034 -.00000519 +00000-0 +00000-0 0  9991
2 04779 065.5317 229.9798 7207549 276.0967 013.4057 02.00600004007743
1 04779U 70101  A 71357.67692627 -.00000069 +00000-0 +00000-0 0  9990
2 04779 065.5279 229.2666 7202789 275.9438 013.4837 02.00601745007861
1 04779U 70101  A 71359.67099493 -.00000396 +00000-0 +00000-0 0  9997
2 04779 065.5165 229.0276 7202439 275.8877 013.5025 02.00597620007909
1 04779U 70101  A 71362.66212204 -.00000506 +00000-0 +00000-0 0  9990
2 04779 065.5223 228.6668 7201249 275.8188 013.5309 02.00593972007964
1 04779U 70101  A 71363.65919237 -.00000630 +00000-0 +00000-0 0  9998
2 04779 065.5275 228.5469 7200819 275.7890 013.5427 02.00591540007982
1 04779U 70101  A 72001.65034331 -.00000232 +00000-0 +00000-0 0  9999
2 04779 065.5290 228.1843 7197699 275.7291 013.5824 02.00592873008046
1 04779U 70101  A 72004.64149087 -.00000088 +00000-0 +00000-0 0  9995
2 04779 065.5174 227.8264 7196709 275.6307 013.6182 02.00593451008106
1 04779U 70101  A 72005.63857574 -.00000311 +00000-0 +00000-0 0  9991
2 04779 065.5193 227.7048 7195799 275.5929 013.6358 02.00590919008126
1 04779U 70101  A 72007.63274955 -.00000525 +00000-0 +00000-0 0  9996
2 04779 065.5311 227.4635 7195149 275.5437 013.6549 02.00586896008165
1 04779U 70101  A 72008.62983471 -.00000525 +00000-0 +00000-0 0  9996
2 04779 065.5310 227.3434 7195149 275.5230 013.6610 02.00585849008189
1 04779U 70101  A 72010.12547210 -.00000525 +00000-0 +00000-0 0  9991
2 04779 065.5309 227.1633 7195159 275.4920 013.6700 02.00584276008219
1 04779U 70101  A 72011.62113496 -.00000605 +00000-0 +00000-0 0  9991
2 04779 065.5260 226.9887 7194769 275.4480 013.6858 02.00581781008245
1 04779U 70101  A 72012.61824587 -.00000605 +00000-0 +00000-0 0  9991
2 04779 065.5259 226.8686 7194779 275.4274 013.6918 02.00580572008267
1 04779U 70101  A 72015.11093681 -.00000350 +00000-0 +00000-0 0  9999
2 04779 065.5487 226.5697 7193227 275.3708 013.7197 02.00582978008315
1 04779U 70101  A 72021.09360281 -.00000208 +00000-0 +00000-0 0  9998
2 04779 065.4939 225.8693 7190149 275.2158 013.7876 02.00581625008437
1 04779U 70101  A 72022.58926816 -.00000208 +00000-0 +00000-0 0  9995
2 04779 065.4938 225.6894 7190149 275.1855 013.7966 02.00581002008462
1 04779U 70101  A 72024.08498422 -.00000353 +00000-0 +00000-0 0  9990
2 04779 065.4978 225.4982 7188743 275.1413 013.8200 02.00578602008496
1 04779U 70101  A 72028.07351268 -.00000198 +00000-0 +00000-0 0  9996
2 04779 065.5277 225.0143 7187015 275.0491 013.8599 02.00577628008577
1 04779U 70101  A 72032.56069563 -.00000298 +00000-0 +00000-0 0  9990
2 04779 065.5346 224.4913 7184109 274.8927 013.9277 02.00574338008663
1 04779U 70101  A 72033.55784223 -.00000298 +00000-0 +00000-0 0  9997
2 04779 065.5345 224.3720 7184109 274.8721 013.9339 02.00573743008689
1 04779U 70101  A 72035.05360457 -.00000427 +00000-0 +00000-0 0  9997
2 04779 065.5079 224.1888 7183059 274.8217 013.9567 02.00571434008711
1 04779U 70101  A 72038.54368812 -.00000427 +00000-0 +00000-0 0  9997
2 04779 065.5078 223.7711 7183079 274.7507 013.9778 02.00568450008788
1 04779U 70101  A 72043.03098127 -.00000223 +00000-0 +00000-0 0  9990
2 04779 065.5063 223.2101 7180929 274.6304 014.0298 02.00568068008879
1 04779U 70101  A 72045.02531861 -.00000091 +00000-0 +00000-0 0  9991
2 04779 065.5232 222.9600 7179709 274.5915 014.0505 02.00569184008914
1 04779U 70101  A 72046.52107570 -.00000091 +00000-0 +00000-0 0  9993
2 04779 065.5231 222.7815 7179709 274.5609 014.0597 02.00568908008946
1 04779U 70101  A 72048.01685687 -.00000091 +00000-0 +00000-0 0  9999
2 04779 065.5541 222.5933 7178893 274.5206 014.0780 02.00568360008974
1 04779U 70101  A 72051.50697459 -.00000091 +00000-0 +00000-0 0  9997
2 04779 065.5540 222.1775 7178889 274.4483 014.0998 02.00567719009041
1 04779U 70101  A 72053.00274297 -.00000091 +00000-0 +00000-0 0  9995
2 04779 065.5539 221.9994 7178889 274.4173 014.1093 02.00567443009079
1 04779U 70101  A 72054.99710383 -.00000091 +00000-0 +00000-0 0  9995
2 04779 065.5538 221.7617 7178889 274.3760 014.1218 02.00567077009116
1 04779U 70101  A 72058.48739536 -.00000052 +00000-0 +00000-0 0  9991
2 04779 065.5521 221.3155 7173899 274.2647 014.1924 02.00565189009183
1 04779U 70101  A 72061.97756623 -.00000052 +00000-0 +00000-0 0  9995
2 04779 065.5520 220.9010 7173899 274.1927 014.2145 02.00564822009254
1 04779U 70101  A 72063.97202704 -.00000342 +00000-0 +00000-0 0  9995
2 04779 065.5519 220.6640 7173899 274.1516 014.2271 02.00560377009297
1 04779U 70101  A 72065.96644304 -.00000150 +00000-0 +00000-0 0  9999
2 04779 065.4894 220.4074 7173100 274.1202 014.2426 02.00561218009330
1 04779U 70101  A 72069.45672224 -.00000070 +00000-0 +00000-0 0  9990
2 04779 065.4890 219.9835 7170559 274.0075 014.2960 02.00561214009403
1 04779U 70101  A 72071.45117824 -.00000117 +00000-0 +00000-0 0  9995
2 04779 065.5256 219.7374 7168069 273.9501 014.3321 02.00560917009446
1 04779U 70101  A 72076.93582548  .00000064 +00000-0 +00000-0 0  9992
2 04779 065.5472 219.0754 7166409 273.8275 014.3824 02.00562678009550
1 04779U 70101  A 72078.93026284 -.00000043 +00000-0 +00000-0 0  9992
2 04779 065.5555 218.8309 7165254 273.7755 014.4072 02.00561604009592
1 04779U 70101  A 72082.91915380 -.00000049 +00000-0 +00000-0 0  9995
2 04779 065.5609 218.3458 7162424 273.6792 014.4582 02.00560731009673
1 04779U 70101  A 72084.91356749  .00000296 +00000-0 +00000-0 0  9998
2 04779 065.5651 218.1093 7161309 273.6250 014.4833 02.00563744009714
1 04779U 70101  A 72086.90799612  .00000082 +00000-0 +00000-0 0  9992
2 04779 065.5720 217.8743 7160888 273.5772 014.5015 02.00562433009759
1 04779U 70101  A 72088.90243075 -.00000012 +00000-0 +00000-0 0  9995
2 04779 065.5742 217.6371 7159998 273.5256 014.5243 02.00561659009791
1 04779U 70101  A 72090.39827319 -.00000120 +00000-0 +00000-0 0  9990
2 04779 065.5789 217.4560 7159419 273.4851 014.5411 02.00560167009822
1 04779U 70101  A 72093.88853397 -.00000041 +00000-0 +00000-0 0  9994
2 04779 065.5701 217.0298 7157481 273.3975 014.5833 02.00560679009896
1 04779U 70101  A 72094.88575669  .00000218 +00000-0 +00000-0 0  9993
2 04779 065.5770 216.9029 7156309 273.3599 014.6038 02.00562490009916
1 04779U 70101  A 72098.87457159  .00000189 +00000-0 +00000-0 0  9996
2 04779 065.5540 216.4212 7154669 273.2771 014.6424 02.00564083009995
1 04779U 70101  A 72099.87182117 -.00000070 +00000-0 +00000-0 0  9996
2 04779 065.5456 216.2975 7152649 273.2391 014.6694 02.00562052010017
1 04779U 70101  A 72102.86344390 -.00000070 +00000-0 +00000-0 0  9993
2 04779 065.5455 215.9464 7152649 273.1784 014.6886 02.00561627010076
1 04779U 70101  A 72106.35361262  .00000788 +00000-0 +00000-0 0  9993
2 04779 065.5560 215.5229 7148549 273.0629 014.7562 02.00567531010149
1 04779U 70101  A 72107.84937323  .00000788 +00000-0 +00000-0 0  9995
2 04779 065.5559 215.3478 7148519 273.0324 014.7662 02.00569891010175
1 04779U 70101  A 72109.84376515  .00000660 +00000-0 +00000-0 0  9996
2 04779 065.5604 215.1132 7147129 272.9670 014.7975 02.00570335010216
1 04779U 70101  A 72111.83813997  .00000237 +00000-0 +00000-0 0  9998
2 04779 065.5564 214.8785 7146885 272.9237 014.8134 02.00568336010258
1 04779U 70101  A 72115.82685035  .00000162 +00000-0 +00000-0 0  9998
2 04779 065.5589 214.4088 7145096 272.8277 014.8577 02.00569478010331
1 04779U 70101  A 72117.82119148 -.00000025 +00000-0 +00000-0 0  9996
2 04779 065.4947 214.1713 7145124 272.8187 014.8604 02.00568884010377
1 04779U 70101  A 72119.81554518 -.00000244 +00000-0 +00000-0 0  9994
2 04779 065.5029 213.9389 7144398 272.7731 014.8805 02.00567760010411
1 04779U 70101  A 72121.80991703  .00000053 +00000-0 +00000-0 0  9994
2 04779 065.5316 213.7133 7142955 272.6929 014.9173 02.00569544010455
1 04779U 70101  A 72123.30572041 -.00000093 +00000-0 +00000-0 0  9996
2 04779 065.5663 213.5335 7141499 272.6298 014.9485 02.00567760010480
1 04779U 70101  A 72124.30291600 -.00000135 +00000-0 +00000-0 0  9993
2 04779 065.5646 213.4133 7140779 272.6037 014.9624 02.00567054010501
1 04779U 70101  A 72125.30008539 -.00000007 +00000-0 +00000-0 0  9999
2 04779 065.5616 213.2948 7140109 272.5789 014.9756 02.00568330010526
1 04779U 70101  A 72126.79572769  .00000602 +00000-0 +00000-0 0  9994
2 04779 065.5618 213.1245 7138989 272.5291 015.0002 02.00576738010558
1 04779U 70101  A 72131.28288732  .00000350 +00000-0 +00000-0 0  9998
2 04779 065.5538 212.6012 7136599 272.4054 015.0586 02.00576929010645
1 04779U 70101  A 72132.28003745  .00000285 +00000-0 +00000-0 0  9995
2 04779 065.5523 212.4845 7136399 272.3800 015.0685 02.00576518010663
1 04779U 70101  A 72133.27719393  .00000122 +00000-0 +00000-0 0  9998
2 04779 065.5535 212.3667 7136449 272.3620 015.0739 02.00575232010687
1 04779U 70101  A 72135.27149514 -.00000076 +00000-0 +00000-0 0  9991
2 04779 065.5546 212.1333 7136359 272.3140 015.0902 02.00573718010728
1 04779U 70101  A 72136.26861306  .00000067 +00000-0 +00000-0 0  9990
2 04779 065.5556 212.0163 7136259 272.2905 015.0987 02.00575559010746
1 04779U 70101  A 72137.26575233  .00000067 +00000-0 +00000-0 0  9992
2 04779 065.5555 211.9004 7136249 272.2703 015.1053 02.00575692010767
1 04779U 70101  A 72147.23690113 -.00000431 +00000-0 +00000-0 0  9991
2 04779 065.5220 210.7206 7128539 272.0363 015.2413 02.00574657010963
1 04779U 70101  A 72149.72948288  .00000879 +00000-0 +00000-0 0  9991
2 04779 065.5490 210.4545 7127569 271.9341 015.2826 02.00590301011010
1 04779U 70101  A 72150.22804037  .00000679 +00000-0 +00000-0 0  9999
2 04779 065.5516 210.4001 7126689 271.9122 015.2966 02.00588773011021
1 04779U 70101  A 72151.72368279  .00000479 +00000-0 +00000-0 0  9996
2 04779 065.5516 210.2272 7126670 271.8823 015.3068 02.00587559011054
1 04779U 70101  A 72155.21343365  .00000205 +00000-0 +00000-0 0  9990
2 04779 065.5554 209.8281 7126219 271.7859 015.3420 02.00589392011124
1 04779U 70101  A 72156.21047664  .00000276 +00000-0 +00000-0 0  9992
2 04779 065.5518 209.7086 7125969 271.7579 015.3532 02.00591239011145
1 04779U 70101  A 72159.20163992  .00000286 +00000-0 +00000-0 0  9998
2 04779 065.5443 209.3576 7126049 271.6743 015.3803 02.00593124011207
1 04779U 70101  A 72161.19574070  .00000331 +00000-0 +00000-0 0  9993
2 04779 065.5370 209.1251 7124279 271.5915 015.4217 02.00593920011245
1 04779U 70101  A 72163.68834751  .00000291 +00000-0 +00000-0 0  9999
2 04779 065.5184 208.8236 7127739 271.5032 015.4241 02.00595350011292
1 04779U 70101  A 72166.18090410  .00000500 +00000-0 +00000-0 0  9996
2 04779 065.5183 208.5409 7125031 271.4482 015.4639 02.00599353011345
1 04779U 70101  A 72169.17195426  .00000454 +00000-0 +00000-0 0  9999
2 04779 065.5190 208.1937 7123959 271.3884 015.4920 02.00601702011409
1 04779U 70101  A 72170.16897666  .00000333 +00000-0 +00000-0 0  9991
2 04779 065.5095 208.0764 7123959 271.3655 015.4997 02.00601214011420
1 04779U 70101  A 72171.66451789  .00000109 +00000-0 +00000-0 0  9990
2 04779 065.5146 207.9074 7122879 271.3258 015.5215 02.00599650011455
1 04779U 70101  A 72173.65854766  .00000065 +00000-0 +00000-0 0  9994
2 04779 065.5170 207.6776 7121759 271.2769 015.5468 02.00599774011491
1 04779U 70101  A 72175.65254793  .00000308 +00000-0 +00000-0 0  9990
2 04779 065.5169 207.4474 7121749 271.2376 015.5600 02.00603124011533
1 04779U 70101  A 72179.64022161  .00001660 +00000-0 +00000-0 0  9997
2 04779 065.5204 206.9878 7119109 271.1233 015.6193 02.00623522011614
1 04779U 70101  A 72210.54507317  .00000399 +00000-0 +00000-0 0  9991
2 04779 065.4912 203.4724 7109900 270.3156 015.9686 02.00632725012238
1 04779U 70101  A 72219.51673314  .00000427 +17825-8 +00000-0 0  9991
2 04779 065.5051 202.4035 7108849 270.0978 016.0527 02.00638163012415
1 04779U 70101  A 72221.51038221  .00000429 +00000-0 +00000-0 0  9997
2 04779 065.5050 202.1749 7108820 270.0589 016.0664 02.00639877012459
1 04779U 70101  A 72223.00560921  .00000375 +00000-0 +00000-0 0  9990
2 04779 065.5133 202.0121 7109700 270.0594 016.0591 02.00640304012487
1 04779U 70101  A 72225.49764334  .00000375 +00000-0 +00000-0 0  9999
2 04779 065.5133 201.7263 7109670 270.0106 016.0764 02.00642174012530
1 04779U 70101  A 72227.49129057  .00000352 +21221-9 +00000-0 0  9990
2 04779 065.5024 201.4919 7109528 269.9582 016.0959 02.00642836012576
1 04779U 70101  A 72229.48494730  .00000311 +45106-9 +00000-0 0  9997
2 04779 065.5066 201.2478 7107914 269.8818 016.1356 02.00643174012611
1 04779U 70101  A 72230.98018068  .00000241 +00000-0 +00000-0 0  9997
2 04779 065.5275 201.0685 7107180 269.8364 016.1574 02.00642878012647
1 04779U 70101  A 72234.96738684  .00000227 +00000-0 +00000-0 0  9996
2 04779 065.5257 200.6106 7106920 269.7511 016.1894 02.00644605012728
1 04779U 70101  A 72240.94804891  .00000358 +00000-0 +00000-0 0  9990
2 04779 065.5231 199.9157 7104710 269.5932 016.2630 02.00650781012839
1 04779U 70101  A 72242.44323353  .00000340 +00000-0 +00000-0 0  9997
2 04779 065.5409 199.7422 7104110 269.5438 016.2853 02.00651197012877
1 04779U 70101  A 72244.93517165  .00000290 +00000-0 +00000-0 0  9993
2 04779 065.5441 199.4592 7103040 269.4508 016.3269 02.00651816012922
1 04779U 70101  A 72246.92872243  .00000207 +00000-0 +00000-0 0  9993
2 04779 065.5434 199.2319 7101600 269.3704 016.3672 02.00651920012964
1 04779U 70101  A 72248.42386124  .00000207 +00000-0 +00000-0 0  9998
2 04779 065.5434 199.0613 7101590 269.3409 016.3777 02.00652541012998
1 04779U 70101  A 72251.41407656  .00000330 +00000-0 +00000-0 0  9992
2 04779 065.5434 198.7203 7101570 269.2818 016.3989 02.00655942013051
1 04779U 70101  A 72254.40430758  .00000324 +00000-0 +00000-0 0  9996
2 04779 065.5434 198.3793 7101540 269.2227 016.4202 02.00657351013114
1 04779U 70101  A 72257.39462082  .00000036 +76691-9 +00000-0 0  9990
2 04779 065.5500 198.0247 7098592 269.1228 016.4802 02.00654321013177
1 04779U 70101  A 72260.38483197  .00000119 +00000-0 +00000-0 0  9997
2 04779 065.5481 197.6830 7098090 269.0477 016.5111 02.00656086013237
1 04779U 70101  A 72262.37827653  .00000239 +00000-0 +00000-0 0  9990
2 04779 065.5481 197.4561 7098080 269.0083 016.5254 02.00658437013272
1 04779U 70101  A 72264.37172883  .00000239 +77012-9 +00000-0 0  9996
2 04779 065.5481 197.2293 7098068 268.9690 016.5397 02.00659395013317
1 04779U 70101  A 72266.86351236  .00000246 +00000-0 +00000-0 0  9995
2 04779 065.5426 196.9384 7097130 268.8928 016.5748 02.00661260013364
1 04779U 70101  A 72267.86027203  .00000172 +00000-0 +00000-0 0  9998
2 04779 065.5426 196.8250 7097120 268.8731 016.5819 02.00659876013387
1 04779U 70101  A 72269.85380895  .00000016 +75615-9 +00000-0 0  9998
2 04779 065.5387 196.5987 7096988 268.8436 016.5937 02.00657200013425
1 04779U 70101  A 72272.84387249  .00000332 +77619-9 +00000-0 0  9998
2 04779 065.5339 196.2636 7092864 268.7106 016.6758 02.00664783013484
1 04779U 70101  A 72274.33894934  .00000114 +76340-9 +00000-0 0  9996
2 04779 065.5274 196.0952 7092971 268.6708 016.6894 02.00662540013511
1 04779U 70101  A 72277.32910039  .00000135 +76477-9 +00000-0 0  9997
2 04779 065.5233 195.7570 7093182 268.5897 016.7171 02.00662529013573
1 04779U 70101  A 72280.31925785  .00000982 +11133-8 +00000-0 0  9991
2 04779 065.5178 195.4053 7090625 268.5281 016.7608 02.00670017013633
1 04779U 70101  A 72285.30282923  .00000982 +00000-0 +00000-0 0  9998
2 04779 065.5190 194.8582 7090880 268.4403 016.7907 02.00673385013739
1 04779U 70101  A 72287.29618477  .00000980 +00000-0 +00000-0 0  9993
2 04779 065.5187 194.6403 7090570 268.3842 016.8137 02.00676097013770
1 04779U 70101  A 72288.79126757  .00000099 +00000-0 +00000-0 0  9995
2 04779 065.5247 194.4648 7090780 268.2531 016.8600 02.00663215013800
1 04779U 70101  A 72290.28634527  .00000036 +75983-9 +00000-0 0  9993
2 04779 065.5231 194.2981 7090348 268.2149 016.8778 02.00662544013839
1 04779U 70101  A 72292.27976070  .00000036 +00000-0 +00000-0 0  9995
2 04779 065.5231 194.0720 7090340 268.1761 016.8920 02.00662694013878
1 04779U 70101  A 72295.26993711 -.00000058 +76304-9 +00000-0 0  9992
2 04779 065.5206 193.7387 7089520 268.1048 016.9251 02.00661186013931
1 04779U 70101  A 72297.26333276  .00000074 +00000-0 +00000-0 0  9996
2 04779 065.5222 193.5142 7088910 268.0545 016.9488 02.00663271013972
1 04779U 70101  A 72300.25352045  .00000223 +00000-0 +00000-0 0  9991
2 04779 065.5310 193.1604 7087440 268.0024 016.9804 02.00664846014037
1 04779U 70101  A 72301.74856335  .00000223 +91816-9 +00000-0 0  9991
2 04779 065.5311 192.9912 7087432 267.9732 016.9913 02.00665515014060
1 04779U 70101  A 72305.23698303  .00000213 +00000-0 +00000-0 0  9993
2 04779 065.5370 192.5963 7085590 267.9075 017.0311 02.00667603014132
1 04779U 70101  A 72306.73203639 -.00000010 +00000-0 +00000-0 0  9999
2 04779 065.5492 192.4261 7085680 267.8029 017.0692 02.00663789014161
1 04779U 70101  A 72309.22381542 -.00000140 +75715-9 +00000-0 0  9994
2 04779 065.5456 192.1454 7085800 267.7439 017.0903 02.00661824014219
1 04779U 70101  A 72311.71895083 -.00000207 +00000-0 +00000-0 0  9991
2 04779 065.5455 191.9763 7085800 267.7147 017.1011 02.00659388014251
1 04779U 70101  A 72313.70909181 -.00000168 +14885-8 +00000-0 0  9997
2 04779 065.5879 191.6135 7085550 267.6784 017.1168 02.00660403014319
1 04779U 70101  A 72316.20086846 -.00000032 +00000-0 +00000-0 0  9995
2 04779 065.5766 191.3370 7083659 267.5645 017.1753 02.00661370014364
1 04779U 70101  A 72318.19426869  .00000123 +00000-0 +00000-0 0  9998
2 04779 065.5766 191.1122 7083659 267.5249 017.1902 02.00663515014401
1 04779U 70101  A 72319.68929478  .00000234 +00000-0 +00000-0 0  9990
2 04779 065.5527 190.9547 7084119 267.4605 017.2105 02.00665271014431
1 04779U 70101  A 72321.18435339  .00000219 +00000-0 +00000-0 0  9999
2 04779 065.5744 190.7763 7083899 267.4014 017.2346 02.00665176014462
1 04779U 70101  A 72326.16801041 -.00000160 +00000-0 +00000-0 0  9995
2 04779 065.5829 190.2296 7083589 267.3045 017.2737 02.00659419014569
1 04779U 70101  A 72328.16148956 -.00000434 +00000-0 +00000-0 0  9990
2 04779 065.5732 190.0060 7084289 267.2222 017.2988 02.00654898014602
1 04779U 70101  A 72330.15485696 -.00000019 +81522-9 +00000-0 0  9993
2 04779 065.5482 189.7887 7084325 267.1278 017.3343 02.00660313014646
1 04779U 70101  A 72333.14504973 -.00000097 +00000-0 +00000-0 0  9994
2 04779 065.5443 189.4497 7083939 267.0422 017.3700 02.00658703014701
1 04779U 70101  A 72340.12223793 -.00000135 +00000-0 +00000-0 0  9991
2 04779 065.4950 188.6746 7084609 266.8735 017.4284 02.00655151014847
1 04779U 70101  A 72342.11572666 -.00000127 +76062-9 +00000-0 0  9999
2 04779 065.4950 188.4491 7084616 266.8354 017.4430 02.00654704014887
1 04779U 70101  A 72349.59148088 -.00000414 +00000-0 +00000-0 0  9994
2 04779 065.4949 187.6033 7084629 266.6924 017.4974 02.00647446015039
1 04779U 70101  A 72363.04808362 -.00001114 +00000-0 +00000-0 0  9996
2 04779 065.4998 186.0678 7080609 266.2230 017.7132 02.00632095015304
1 04779U 70101  A 73010.50502142 -.00000318 +00000-0 +00000-0 0  9999
2 04779 065.4859 184.5251 7077320 265.9682 017.8411 02.00636762015578
1 04779U 70101  A 73011.50190945 -.00000541 +00000-0 +00000-0 0  9992
2 04779 065.4945 184.4251 7073530 265.9559 017.8790 02.00633601015596
1 04779U 70101  A 73014.49249005 -.00000541 +00000-0 +00000-0 0  9995
2 04779 065.4944 184.0889 7073560 265.8991 017.9010 02.00630369015651
1 04779U 70101  A 73021.96869711 -.00000255 +95327-9 +00000-0 0  9994
2 04779 065.5326 183.2607 7084413 265.6130 017.9187 02.00633704015805
1 04779U 70101  A 73024.95956586 -.00000355 +96522-9 +00000-0 0  9992
2 04779 065.5286 182.9288 7079538 265.5016 018.0055 02.00625541015867
1 04779U 70101  A 73026.95331180 -.00000076 +10290-8 +00000-0 0  9998
2 04779 065.5089 182.6833 7079261 265.4633 018.0231 02.00627692015908
1 04779U 70101  A 73029.94400405 -.00000516 +10436-8 +00000-0 0  9998
2 04779 065.5332 182.3471 7078806 265.3720 018.0633 02.00621297015961
1 04779U 70101  A 73032.43624743 -.00000459 +00000-0 +00000-0 0  9993
2 04779 065.5401 182.0905 7076799 265.2450 018.1315 02.00620727016017
1 04779U 70101  A 73036.42386042  .00000193 +00000-0 +00000-0 0  9997
2 04779 065.5400 181.6423 7076839 265.1675 018.1622 02.00625639016095
1 04779U 70101  A 73037.91930041 -.00000256 +00000-0 +00000-0 0  9997
2 04779 065.5343 181.4626 7078139 265.1476 018.1586 02.00618982016124
1 04779U 70101  A 73041.90702181 -.00000256 +95064-9 +00000-0 0  9996
2 04779 065.5343 181.0140 7078163 265.0703 018.1894 02.00616952016206
1 04779U 70101  A 73049.88258234 -.00000206 +88603-9 +00000-0 0  9992
2 04779 065.5349 180.1357 7080885 264.8171 018.2670 02.00613334016363
1 04779U 70101  A 73051.37812468 -.00000456 +00000-0 +00000-0 0  9997
2 04779 065.5377 179.9590 7079569 264.8037 018.2840 02.00607781016398
1 04779U 70101  A 73053.87059142 -.00000457 +97489-9 +00000-0 0  9993
2 04779 065.5377 179.6785 7079596 264.7553 018.3033 02.00605508016449
1 04779U 70101  A 73058.85547122  .00000075 +86348-9 +00000-0 0  9993
2 04779 065.5454 179.1162 7079581 264.5686 018.3790 02.00609261016549
1 04779U 70101  A 73060.84951664 -.00000330 +00000-0 +00000-0 0  9992
2 04779 065.5510 178.8992 7079979 264.5137 018.3976 02.00603129016588
1 04779U 70101  A 73062.84353035 -.00000291 +76308-9 +00000-0 0  9991
2 04779 065.5461 178.6715 7080134 264.4573 018.4192 02.00602260016623
1 04779U 70101  A 73065.83457130 -.00000309 +75889-9 +00000-0 0  9997
2 04779 065.5685 178.3472 7081442 264.3677 018.4441 02.00600472016681
1 04779U 70101  A 73067.82862749 -.00000334 +82857-9 +00000-0 0  9995
2 04779 065.5677 178.1252 7081202 264.3159 018.4673 02.00598757016729
1 04779U 70101  A 73070.32119882 -.00000292 +75237-9 +00000-0 0  9994
2 04779 065.5741 177.8497 7081054 264.2473 018.4966 02.00597797016774
1 04779U 70101  A 73071.31823715 -.00000248 +52081-8 +00000-0 0  9993
2 04779 065.5692 177.7415 7080771 264.1974 018.5196 02.00597802016793
1 04779U 70101  A 73072.31526607 -.00000253 +74375-9 +00000-0 0  9991
2 04779 065.5735 177.6266 7080854 264.1924 018.5209 02.00597159016814
1 04779U 70101  A 73075.80492030 -.00000277 +75523-9 +00000-0 0  9992
2 04779 065.5716 177.2323 7081780 264.0975 018.5515 02.00594668016886
1 04779U 70101  A 73078.79608995 -.00000401 +84231-9 +00000-0 0  9997
2 04779 065.5607 176.9086 7082318 264.0073 018.5837 02.00591352016945
1 04779U 70101  A 73080.79021490 -.00000335 +76223-9 +00000-0 0  9997
2 04779 065.5560 176.6682 7082615 263.9664 018.5979 02.00590668016986
1 04779U 70101  A 73082.78434432 -.00000370 +76649-9 +00000-0 0  9993
2 04779 065.5526 176.4410 7083579 263.9096 018.6126 02.00589095017027
1 04779U 70101  A 73085.27704133 -.00000370 +76677-9 +00000-0 0  9999
2 04779 065.5526 176.1600 7083600 263.8607 018.6325 02.00587254017078
1 04779U 70101  A 73086.27411675 -.00000387 +88617-9 +00000-0 0  9991
2 04779 065.5566 176.0571 7083995 263.8120 018.6491 02.00586704017090
1 04779U 70101  A 73087.27121614 -.00000376 +76649-9 +00000-0 0  9993
2 04779 065.5442 175.9296 7083656 263.8037 018.6555 02.00585793017117
1 04779U 70101  A 73088.26827957 -.00000263 +75640-9 +00000-0 0  9991
2 04779 065.5396 175.8159 7083355 263.7739 018.6706 02.00587005017134
1 04779U 70101  A 73090.26244546 -.00000203 +75309-9 +00000-0 0  9997
2 04779 065.5404 175.5904 7083038 263.7234 018.6943 02.00586940017171
1 04779U 70101  A 73092.25666018 -.00000457 +45375-8 +00000-0 0  9990
2 04779 065.5266 175.3448 7084302 263.6426 018.7164 02.00582766017218
1 04779U 70101  A 73096.24506187 -.00000274 +80366-9 +00000-0 0  9990
2 04779 065.5404 174.9153 7084613 263.5522 018.7510 02.00582352017295
1 04779U 70101  A 73098.73784005 -.00000274 +76605-9 +00000-0 0  9994
2 04779 065.5403 174.6340 7084628 263.5035 018.7712 02.00580992017342
1 04779U 70101  A 73101.23060215 -.00000207 +75558-9 +00000-0 0  9996
2 04779 065.5382 174.3512 7086458 263.4038 018.7961 02.00580922017395
1 04779U 70101  A 73105.21908070 -.00000211 +75273-9 +00000-0 0  9997
2 04779 065.5502 173.9095 7086909 263.2812 018.8432 02.00579279017475
1 04779U 70101  A 73107.71190516 -.00000197 +76424-9 +00000-0 0  9994
2 04779 065.5493 173.6269 7087473 263.2195 018.8639 02.00578004017525
1 04779U 70101  A 73109.70619224 -.00000276 +76148-9 +00000-0 0  9998
2 04779 065.5507 173.4026 7087800 263.1619 018.8850 02.00575854017563
1 04779U 70101  A 73113.19620369 -.00000415 +78114-9 +00000-0 0  9998
2 04779 065.5396 173.0041 7088495 263.0598 018.9216 02.00572754017639
1 04779U 70101  A 73114.19334918 -.00000294 +76302-9 +00000-0 0  9993
2 04779 065.5392 172.8899 7088355 263.0274 018.9365 02.00573485017658
1 04779U 70101  A 73117.18480307 -.00000212 +76111-9 +00000-0 0  9997
2 04779 065.4976 172.5426 7088751 262.9577 018.9622 02.00572798017711
1 04779U 70101  A 73118.68053917 -.00000214 +76266-9 +00000-0 0  9999
2 04779 065.4985 172.3751 7089142 262.9241 018.9728 02.00572016017746
1 04779U 70101  A 73120.67486838 -.00000253 +82626-9 +00000-0 0  9993
2 04779 065.5019 172.1510 7089651 262.8624 018.9942 02.00570636017783
1 04779U 70101  A 73120.67486845 -.00000253 +82626-9 +00000-0 0  9991
2 04779 065.5018 172.1509 7089650 262.8624 018.9942 02.00570635017788
1 04779U 70101  A 73122.17060426 -.00000152 +82626-9 +00000-0 0  9999
2 04779 065.5017 171.9812 7089657 262.8337 019.0063 02.00570574017811
1 04779U 70101  A 73124.16491005 -.00000154 +82626-9 +00000-0 0  9993
2 04779 065.5349 171.7488 7090450 262.8020 019.0123 02.00570765017851
1 04779U 70101  A 73126.15925511 -.00000183 +82626-9 +00000-0 0  9990
2 04779 065.5377 171.5239 7091111 262.7417 019.0319 02.00569515017890
1 04779U 70101  A 73127.65501284 -.00000151 +82626-9 +00000-0 0  9998
2 04779 065.5349 171.3555 7091296 262.6898 019.0522 02.00569489017924
1 04779U 70101  A 73129.64935539 -.00000123 +82626-9 +00000-0 0  9992
2 04779 065.5327 171.1277 7091441 262.6433 019.0705 02.00569241017969
1 04779U 70101  A 73133.63807466 -.00000163 +82626-9 +00000-0 0  9997
2 04779 065.5290 170.6754 7092052 262.5509 019.1043 02.00567355018044
1 04779U 70101  A 73135.63244706 -.00000193 +82626-9 +00000-0 0  9994
2 04779 065.5262 170.4450 7092722 262.4865 019.1256 02.00566209018089
1 04779U 70101  A 73138.62401949 -.00000200 +82626-9 +00000-0 0  9999
2 04779 065.5250 170.1017 7093084 262.4106 019.1546 02.00564977018141
1 04779U 70101  A 73142.61277524 -.00000123 +82626-9 +00000-0 0  9997
2 04779 065.4945 169.6545 7093666 262.3110 019.1918 02.00564888018223
1 04779U 70101  A 73147.59877037 -.00000128 +82626-9 +00000-0 0  9999
2 04779 065.4912 169.0871 7094167 262.1814 019.2428 02.00563548018329
1 04779U 70101  A 73151.08898390 -.00000125 +82626-9 +00000-0 0  9990
2 04779 065.4718 168.6919 7094652 262.0783 019.2826 02.00562708018390
1 04779U 70101  A 73155.07776382 -.00000021 +82626-9 +00000-0 0  9994
2 04779 065.4723 168.2392 7095320 262.0031 019.3088 02.00563605018473
1 04779U 70101  A 73156.07493813  .00000082 +82626-9 +00000-0 0  9996
2 04779 065.4923 168.1222 7094295 261.9575 019.3381 02.00565771018491
1 04779U 70101  A 73159.06653202  .00000065 +82626-9 +00000-0 0  9999
2 04779 065.5150 167.7750 7094043 261.8743 019.3764 02.00565830018550
1 04779U 70101  A 73167.54278947 -.00000108 +82626-9 +00000-0 0  9999
2 04779 065.4937 166.7904 7097365 261.6471 019.4440 02.00561739018723
1 04779U 70101  A 73173.02737412  .00000023 +82626-9 +00000-0 0  9991
2 04779 065.5094 166.1714 7097233 261.5286 019.4970 02.00563831018833
1 04779U 70101  A 73176.51760468 -.00000066 +82626-9 +00000-0 0  9993
2 04779 065.5056 165.7669 7097927 261.4338 019.5319 02.00562225018904
1 04779U 70101  A 73182.00210678  .00000294 +82626-9 +00000-0 0  9999
2 04779 065.5080 165.1446 7099424 261.2669 019.5910 02.00568365019018
1 04779U 70101  A 73188.48391866 -.00000090 +82626-9 +00000-0 0  9991
2 04779 065.5002 164.3923 7100775 261.1165 019.6445 02.00563511019141
1 04779U 70101  A 73195.46415306  .00000214 +82626-9 +00000-0 0  9990
2 04779 065.5038 163.6257 7101145 260.9007 019.7364 02.00568824019284
1 04779U 70101  A 73200.45011608  .00000102 +82626-9 +00000-0 0  9999
2 04779 065.4830 163.0481 7101044 260.8115 019.7771 02.00567585019389
1 04779U 70101  A 73204.93722634  .00000151 +82626-9 +00000-0 0  9998
2 04779 065.4877 162.5420 7106664 260.5984 019.8183 02.00568605019473
1 04779U 70101  A 73206.43299399  .00000112 +82626-9 +00000-0 0  9999
2 04779 065.4611 162.3755 7106470 260.5722 019.8320 02.00568579019500
1 04779U 70101  A 73208.42727974  .00000364 +82626-9 +00000-0 0  9994
2 04779 065.4622 162.1429 7105919 260.5461 019.8489 02.00573678019541
1 04779U 70101  A 73210.42146554  .00000786 +82626-9 +00000-0 0  9994
2 04779 065.4683 161.9003 7106199 260.5013 019.8662 02.00581316019582
1 04779U 70101  A 73211.91726550  .00000358 +82626-9 +00000-0 0  9994
2 04779 065.4856 161.7238 7105421 260.4931 019.8774 02.00576764019616
1 04779U 70101  A 73213.41299691  .00000175 +82626-9 +00000-0 0  9999
2 04779 065.4833 161.5585 7105749 260.4532 019.8921 02.00575412019640
1 04779U 70101  A 73216.40447310 -.00000076 +82626-9 +00000-0 0  9995
2 04779 065.4971 161.2202 7106186 260.3843 019.9189 02.00572644019704
1 04779U 70101  A 73218.89434886  .00000112 +82626-9 +00000-0 0  9994
2 04779 065.5162 160.8178 7107939 260.2797 019.9490 02.00576152019745
1 04779U 70101  A 73223.38431501  .00000143 +82626-9 +00000-0 0  9999
2 04779 065.5303 160.4208 7109120 260.1973 019.9748 02.00577890019848
1 04779U 70101  A 73226.37566985  .00000137 +82626-9 +00000-0 0  9999
2 04779 065.5271 160.0876 7109519 260.1113 020.0098 02.00579368019907
1 04779U 70101  A 73230.36414242  .00000180 +82626-9 +00000-0 0  9999
2 04779 065.5127 159.6455 7110221 260.0029 020.0521 02.00580973019984
1 04779U 70101  A 73232.85688442  .00000251 +026260  +00000-0 0  9991
2 04779 065.5141 159.3590 7110252 259.9493 020.0762 02.00583458020039
1 04779U 70101  A 73234.35249641  .00000321 +026260  +00000-0 0  9990
2 04779 065.5153 159.1896 7110473 259.9009 020.0960 02.00585747020063
1 04779U 70101  A 73236.34671060  .00000026 +026260  +00000-0 0  9997
2 04779 065.5051 158.9699 7110296 259.8189 020.1351 02.00582886020100
1 04779U 70101  A 73238.34079088  .00000430 +026260  +00000-0 0  9990
2 04779 065.5070 158.7364 7111679 259.7661 020.1458 02.00589681020140
1 04779U 70101  A 73241.33210060  .00000113 +026260  +00000-0 0  9998
2 04779 065.5070 158.3931 7111654 259.7078 020.1726 02.00586700020205
1 04779U 70101  A 73245.32029521  .00000189 +00344-9 +00000-0 0  9999
2 04779 065.5090 157.9337 7114158 259.5924 020.2010 02.00589848020283
1 04779U 70101  A 73258.28143580  .00000455 +021450  +00000-0 0  9997
2 04779 065.5202 156.4252 7130360 259.4753 020.0966 02.00601268020548
1 04779U 70101  A 73260.27559814  .00000181 +090770  +00000-0 0  9997
2 04779 065.5370 156.1824 7128092 259.4068 020.1501 02.00598383020587
1 04779U 70101  A 73266.25729532  .00000558 +042180  +00000-0 0  9997
2 04779 065.5418 155.5088 7134697 259.0633 020.2432 02.00608420020709
1 04779U 70101  A 73273.73459063  .00000518 +073580  +00000-0 0  9991
2 04779 065.5781 154.5920 7135273 258.8506 020.3360 02.00614071020859
1 04779U 70101  A 73275.72850257  .00000480 +067530  +00000-0 0  9998
2 04779 065.5733 154.3611 7134958 258.8035 020.3609 02.00615501020896
1 04779U 70101  A 73277.22391794  .00000505 +033820  +00000-0 0  9994
2 04779 065.5608 154.1931 7135080 258.7627 020.3787 02.00617027020929
1 04779U 70101  A 73280.21487821  .00000034 +085910  +00000-0 0  9998
2 04779 065.5553 153.8500 7134550 258.7069 020.4099 02.00611782020982
1 04779U 70101  A 73286.19644469  .00000325 +003310  +00000-0 0  9991
2 04779 065.5645 153.1359 7133730 258.5273 020.5020 02.00619674021101
1 04779U 70101  A 73288.68882947  .00000600 +036890  +00000-0 0  9997
2 04779 065.5026 152.8822 7131300 258.4747 020.5507 02.00624299021155
1 04779U 70101  A 73314.10854012  .00000202 +065350  +00000-0 0  9997
2 04779 065.5690 149.8161 7135766 257.5840 020.9293 02.00640154021668
1 04779U 70101  A 73317.09891909  .00000182 +002080  +00000-0 0  9992
2 04779 065.5304 149.4873 7137882 257.5372 020.9305 02.00641847021728
1 04779U 70101  A 73359.45978071  .00000691 +028610  +00000-0 0  9996
2 04779 065.4757 144.4953 7157704 256.6837 021.1430 02.00675941022572
1 04779U 70101  A 73361.95152655 -.00000888 +00720-9 +00000-0 0  9997
2 04779 065.5098 144.2169 7167263 256.5098 021.1303 02.00654411022621
1 04779U 70101  A 73363.94486334 -.00000268 +050300  +00000-0 0  9993
2 04779 065.5041 143.9854 7168486 256.4323 021.1558 02.00661469022661
1 04779U 70101  A 73365.43990940  .00000179 +06571-9 +00000-0 0  9993
2 04779 065.5085 143.8028 7168979 256.4016 021.1659 02.00664186022691
1 04779U 70101  A 74019.37680884  .00000099 +00015-9 +00000-0 0  9994
2 04779 065.5489 141.5483 7175550 255.9133 021.3393 02.00669265023079
1 04779U 70101  A 74052.26742839 -.00000092 +00249-9 +04026-2 0  9995
2 04779 065.5619 137.6092 7198610 255.0187 021.5474 02.00663328023737
1 04779U 70101  A 74091.63893413  .00000126 +88418-9 +14611-1 0  9995
2 04779 065.4423 132.7266 7227131 254.0218 021.7545 02.00644822024520
1 04779U 70101  A 74094.13092088  .00000090 +87690-9 +10862-1 0  9997
2 04779 065.4422 132.4195 7227138 253.9712 021.7806 02.00646924024571
1 04779U 70101  A 74095.62619638  .00000545 +96340-9 +61505-1 0  9995
2 04779 065.4317 132.2163 7230883 253.9069 021.7738 02.00637475024602
1 04779U 70101  A 74097.61983728  .00000480 +98767-9 +53398-1 0  9994
2 04779 065.4960 131.9356 7232119 253.8666 021.7815 02.00636338024649
1 04779U 70101  A 74099.61349486  .00000365 +92222-9 +40307-1 0  9991
2 04779 065.4929 131.6837 7232779 253.8119 021.8028 02.00636285024682
1 04779U 70101  A 74101.10876412  .00000365 +88896-9 +40307-1 0  9995
2 04779 065.4928 131.4992 7232791 253.7806 021.8187 02.00635196024717
1 04779U 70101  A 74104.59769150  .00000260 +88818-9 +28339-1 0  9990
2 04779 065.4915 131.0680 7234018 253.7140 021.8402 02.00634606024780
1 04779U 70101  A 74106.59139009  .00000387 +90113-9 +41518-1 0  9991
2 04779 065.4994 130.8124 7235553 253.6689 021.8470 02.00631924024829
1 04779U 70101  A 74108.58513874  .00000501 +92050-9 +53104-1 0  9992
2 04779 065.4970 130.5630 7236858 253.6138 021.8618 02.00628529024865
1 04779U 70101  A 74110.57887552  .00000494 +92019-9 +51630-1 0  9999
2 04779 065.4805 130.3164 7238109 253.5950 021.8582 02.00626645024906
1 04779U 70101  A 74112.07415052  .00000451 +97542-9 +46167-1 0  9996
2 04779 065.4353 130.1243 7240034 253.5789 021.8458 02.00626115024937
1 04779U 70101  A 74113.56947990  .00000391 +91573-9 +40009-1 0  9992
2 04779 065.4310 129.9337 7240112 253.5330 021.8689 02.00625875024960
1 04779U 70101  A 74117.55701160  .00000157 +89634-9 +15809-1 0  9997
2 04779 065.4261 129.4289 7241129 253.4262 021.9134 02.00626633025047
1 04779U 70101  A 74120.04925531  .00000237 +89659-9 +23658-1 0  9992
2 04779 065.4402 129.1014 7242218 253.3648 021.9340 02.00624390025096
1 04779U 70101  A 74123.53848596  .00000404 +92180-9 +40016-1 0  9990
2 04779 065.4434 128.6548 7243247 253.2794 021.9675 02.00619424025162
1 04779U 70101  A 74125.53236674  .00000531 +93980-9 +52213-1 0  9992
2 04779 065.4368 128.3951 7244044 253.2279 021.9859 02.00615945025200
1 04779U 70101  A 74127.52617546  .00000389 +10530-8 +37599-1 0  9994
2 04779 065.4251 128.1400 7245532 253.1931 021.9882 02.00616519025243
1 04779U 70101  A 74129.52004332  .00000265 +90825-9 +25601-1 0  9999
2 04779 065.4251 127.8914 7245549 253.1526 022.0093 02.00616821025283
1 04779U 70101  A 74131.51395606  .00000318 +91497-9 +30506-1 0  9993
2 04779 065.4263 127.6392 7246041 253.0895 022.0371 02.00614620025329
1 04779U 70101  A 74133.50787112  .00000377 +92495-9 +35880-1 0  9995
2 04779 065.4174 127.3867 7247080 253.0359 022.0540 02.00612270025364
1 04779U 70101  A 74135.50182100  .00000482 +93298-9 +45292-1 0  9990
2 04779 065.4532 127.1284 7248236 252.9852 022.0682 02.00608971025408
1 04779U 70101  A 74138.49277445  .00000566 +94579-9 +52598-1 0  9991
2 04779 065.4686 126.7451 7249362 252.9054 022.0982 02.00605036025462
1 04779U 70101  A 74140.48674248  .00000484 +93376-9 +44719-1 0  9994
2 04779 065.4416 126.4936 7249822 252.8589 022.1179 02.00604455025509
1 04779U 70101  A 74142.48043776  .00000305 +91831-9 +25613-1 0  9990
2 04779 065.4778 126.2384 7258303 253.0061 021.9481 02.00605558025549
1 04779U 70101  A 74144.47450445  .00000175 +90770-9 +14902-1 0  9991
2 04779 065.4475 125.9861 7256506 252.8559 022.0468 02.00606240025581
1 04779U 70101  A 74146.46867988  .00000251 +91084-9 +22353-1 0  9999
2 04779 065.4322 125.7380 7252914 252.6558 022.1920 02.00603819025620
1 04779U 70101  A 74148.46270461  .00000383 +93132-9 +33798-1 0  9992
2 04779 065.4347 125.4869 7254049 252.6047 022.2068 02.00600903025669
1 04779U 70101  A 74150.45669698  .00000505 +94410-9 +43089-1 0  9998
2 04779 065.4542 125.2312 7256995 252.6046 022.1747 02.00597582025704
1 04779U 70101  A 74152.45071030  .00000524 +10878-8 +43668-1 0  9996
2 04779 065.4520 124.9800 7259148 252.6051 022.1509 02.00595530025748
1 04779U 70101  A 74153.94629811  .00000429 +98191-9 +36136-1 0  9998
2 04779 065.4826 124.7828 7258137 252.5259 022.2042 02.00595667025778
1 04779U 70101  A 74155.44184588  .00000327 +91897-9 +27512-1 0  9993
2 04779 065.4729 124.5954 7258294 252.4705 022.2320 02.00596164025803
1 04779U 70101  A 74157.43591735  .00000249 +91089-9 +20711-1 0  9990
2 04779 065.4710 124.3482 7258989 252.4261 022.2481 02.00595842025849
1 04779U 70101  A 74161.42415662  .00000340 +92246-9 +28091-1 0  9995
2 04779 065.4800 123.8517 7259860 252.3285 022.2908 02.00591855025929
1 04779U 70101  A 74165.41252611  .00000480 +66442-9 +39588-1 0  9998
2 04779 065.4798 123.3506 7260253 252.2442 022.3318 02.00585816026006
1 04779U 70101  A 74168.40383241  .00000480 +49846-9 +39588-1 0  9993
2 04779 065.4797 122.9752 7260284 252.1812 022.3653 02.00582946026066
1 04779U 70101  A 74170.39803456  .00000458 +41773-9 +37390-1 0  9994
2 04779 065.4820 122.7285 7261224 252.1036 022.3969 02.00581732026102
1 04779U 70101  A 74174.38636731  .00000359 +29843-9 +28906-1 0  9994
2 04779 065.5062 122.2276 7262514 251.9999 022.4387 02.00581692026182
1 04779U 70101  A 74177.37769027  .00000352 +24633-9 +27953-1 0  9997
2 04779 065.4856 121.8473 7263698 251.9525 022.4512 02.00579772026248
1 04779U 70101  A 74184.35755057  .00000308 +21485-9 +23602-1 0  9991
2 04779 065.4986 120.9659 7266912 251.7707 022.5144 02.00576384026383
1 04779U 70101  A 74186.35184760  .00000309 +20908-9 +23591-1 0  9997
2 04779 065.5008 120.7138 7267117 251.7193 022.5401 02.00575080026429
1 04779U 70101  A 74189.34316490  .00000310 +18253-9 +22084-1 0  9994
2 04779 065.5151 120.3359 7273015 251.7140 022.4776 02.00573119026486
1 04779U 70101  A 74194.32900095  .00000350 +24814-9 +23858-1 0  9992
2 04779 065.5242 119.7036 7276813 251.5194 022.5415 02.00568736026588
1 04779U 70101  A 74195.82471653  .00000334 +25389-9 +22251-1 0  9997
2 04779 065.5128 119.5120 7278726 251.4833 022.5399 02.00568245026617
1 04779U 70101  A 74201.30923553  .00000289 +24175-9 +19148-1 0  9991
2 04779 065.5232 118.8167 7279198 251.3036 022.6331 02.00566205026727
1 04779U 70101  A 74203.30345391  .00000262 +24063-9 +16259-1 0  9998
2 04779 065.5343 118.5586 7284406 251.2962 022.5791 02.00566137026764
1 04779U 70101  A 74205.29784675  .00000262 +24109-9 +16259-1 0  9991
2 04779 065.5342 118.3051 7284417 251.2525 022.6030 02.00565095026809
1 04779U 70101  A 74207.29209278  .00000214 +23779-9 +12451-1 0  9993
2 04779 065.5397 118.0411 7289819 251.2187 022.5612 02.00565378026844
1 04779U 70101  A 74209.28641839  .00000195 +23687-9 +11010-1 0  9993
2 04779 065.5513 117.7828 7291854 251.1804 022.5594 02.00565246026886
1 04779U 70101  A 74211.28074784  .00000151 +23527-9 +83241-2 0  9996
2 04779 065.5486 117.5302 7294044 251.1347 022.5600 02.00565607026920
1 04779U 70101  A 74213.27514550  .00000149 +25126-9 +81503-2 0  9990
2 04779 065.5522 117.2755 7294559 251.0700 022.5899 02.00565029026965
1 04779U 70101  A 74216.26677317  .00000175 +25300-9 +94113-2 0  9997
2 04779 065.5541 116.8930 7295915 250.9668 022.6315 02.00563251027021
1 04779U 70101  A 74219.25841807  .00000187 +23827-9 +99716-2 0  9995
2 04779 065.5485 116.5085 7296481 250.8850 022.6704 02.00561789027089
1 04779U 70101  A 74225.24159046  .00000131 +23613-9 +66781-2 0  9996
2 04779 065.5327 115.7312 7299790 250.7299 022.7191 02.00561753027206
1 04779U 70101  A 74227.23594948  .00000101 +23592-9 +49972-2 0  9997
2 04779 065.5295 115.4718 7302247 250.6770 022.7208 02.00562125027249
1 04779U 70101  A 74229.23037857  .00000100 +23620-9 +49538-2 0  9999
2 04779 065.5224 115.2132 7302413 250.6271 022.7466 02.00561745027287
1 04779U 70101  A 74234.21638674  .00000087 +23792-9 +40975-2 0  9997
2 04779 065.4920 114.5598 7305524 250.5326 022.7642 02.00561136027384
1 04779U 70101  A 74239.20237919  .00000011 +23671-9 +47796-3 0  9990
2 04779 065.4999 113.9141 7306381 250.3539 022.8544 02.00563289027487
1 04779U 70101  A 74241.19662522  .00000013 +23784-9 +65098-3 0  9995
2 04779 065.4755 113.6412 7310925 250.3703 022.7936 02.00564194027522
1 04779U 70101  A 74245.18528027  .00000017 +23941-9 +74967-3 0  9993
2 04779 065.4884 113.0979 7316997 250.2926 022.7683 02.00564636027607
1 04779U 70101  A 74247.17959162  .00000029 +23980-9 +11629-2 0  9993
2 04779 065.5183 112.7972 7321184 250.2355 022.7527 02.00565033027642
1 04779U 70101  A 74249.17395209  .00000052 +24138-9 +20182-2 0  9997
2 04779 065.4874 112.5309 7322279 250.1980 022.7613 02.00565766027682
1 04779U 70101  A 74250.66965050  .00000107 +24296-9 +39975-2 0  9996
2 04779 065.4952 112.3222 7324205 250.1736 022.7530 02.00567694027715
1 04779U 70101  A 74252.16542620  .00000117 +24331-9 +43549-2 0  9990
2 04779 065.4952 112.1271 7324201 250.1406 022.7716 02.00568152027746
1 04779U 70101  A 74255.15682931  .00000158 +24461-9 +55603-2 0  9995
2 04779 065.5235 111.7121 7327844 250.0824 022.7628 02.00570541027803
1 04779U 70101  A 74257.15118454  .00000163 +24704-9 +56494-2 0  9996
2 04779 065.4910 111.4360 7328712 249.9765 022.8123 02.00571274027849
1 04779U 70101  A 74259.14550921  .00000151 +24691-9 +51689-2 0  9999
2 04779 065.4779 111.1700 7329725 249.9289 022.8276 02.00571577027882
1 04779U 70101  A 74261.13974140  .00000179 +24858-9 +58343-2 0  9993
2 04779 065.4885 110.8852 7332900 249.9122 022.8008 02.00572861027924
1 04779U 70101  A 74264.13120026  .00000206 +25118-9 +67085-2 0  9996
2 04779 065.4664 110.4930 7332879 249.8456 022.8385 02.00574613027987
1 04779U 70101  A 74269.11685703  .00000249 +25535-9 +80204-2 0  9995
2 04779 065.4429 109.8341 7333497 249.7273 022.8983 02.00578310028081
1 04779U 70101  A 74271.60961960  .00000256 +26443-9 +80308-2 0  9996
2 04779 065.4199 109.5005 7335212 249.6953 022.8969 02.00579859028139
1 04779U 70101  A 74274.10239266  .00000264 +27518-9 +81386-2 0  9991
2 04779 065.4328 109.1597 7336336 249.6473 022.9111 02.00581368028183
1 04779U 70101  A 74276.09662723  .00000264 +25862-9 +81305-2 0  9990
2 04779 065.4222 108.8954 7336351 249.5995 022.9381 02.00582413028220
1 04779U 70101  A 74278.09073543  .00000321 +26510-9 +96213-2 0  9997
2 04779 065.4086 108.6178 7338226 249.5638 022.9369 02.00585384028261
1 04779U 70101  A 74280.08491417  .00000330 +26576-9 +98552-2 0  9993
2 04779 065.3980 108.3536 7338271 249.5185 022.9621 02.00586964028306
1 04779U 70101  A 74286.06965299  .00000882 +37360-9 +25065-1 0  9994
2 04779 065.4095 107.5136 7341708 249.3503 023.0184 02.00540957028423
1 04779U 70101  A 74292.05515957  .00000954 +24203-8 +26010-1 0  9994
2 04779 065.3624 106.6513 7345087 249.1838 023.0747 02.00497057028542
1 04779U 70101  A 74296.04541254  .00000348 +18926-8 +96247-2 0  9998
2 04779 065.3543 106.1209 7344474 249.0723 023.1459 02.00495483028621
1 04779U 70101  A 74300.03552866  .00000392 +10296-8 +10689-1 0  9990
2 04779 065.3578 105.5854 7345189 248.9894 023.1854 02.00499215028704
1 04779U 70101  A 74302.03053093  .00000435 +81666-9 +11732-1 0  9998
2 04779 065.3504 105.3167 7345848 248.9543 023.1980 02.00501806028745
1 04779U 70101  A 74304.02551364  .00000544 +67437-9 +14776-1 0  9995
2 04779 065.3729 105.0474 7345187 248.8786 023.2494 02.00506297028780
1 04779U 70101  A 74306.02040956  .00000606 +62263-9 +16216-1 0  9999
2 04779 065.4054 104.7646 7346105 248.8485 023.2562 02.00510213028820
1 04779U 70101  A 74308.01521445  .00000899 +69307-9 +23527-1 0  9990
2 04779 065.4130 104.4717 7347404 248.8075 023.2649 02.00517978028864
1 04779U 70101  A 74311.00736185  .00000864 +68425-9 +21020-1 0  9990
2 04779 065.4322 104.0633 7351930 248.8300 023.1992 02.00522275028923
1 04779U 70101  A 74313.00214433  .00000816 +67285-9 +19028-1 0  9994
2 04779 065.4447 103.7886 7354538 248.8058 023.1828 02.00524357028969
1 04779U 70101  A 74314.99695539  .00000794 +66264-9 +18591-1 0  9998
2 04779 065.4701 103.5085 7354230 248.7457 023.2213 02.00527200029007
1 04779U 70101  A 74316.99174497  .00000804 +72976-9 +19011-1 0  9992
2 04779 065.4666 103.2467 7353592 248.6296 023.2962 02.00530892029044
1 04779U 70101  A 74318.98644636  .00000825 +67514-9 +19343-1 0  9993
2 04779 065.4664 102.9744 7354104 248.5855 023.3159 02.00534593029081
1 04779U 70101  A 74334.93493124  .00003536 +14141-8 +00000-0 0  9998
2 04779 065.3954 100.8478 7363870 248.2169 023.4172 02.00695995029404
1 04779U 70101  A 74351.87835688  .00000947 +14140-8 +00000-0 0  9997
2 04779 065.4599 098.5091 7371391 247.6555 023.6610 02.00690681029746
1 04779U 70101  A 74358.85371349  .00001186 +14138-8 +00000-0 0  9994
2 04779 065.4692 097.5605 7389631 247.6452 023.4506 02.00704913029883
1 04779U 70101  A 75021.75305938  .00000621 +14135-8 +00000-0 0  9992
2 04779 065.4652 093.7028 7409078 246.9587 023.6291 02.00740918030447
1 04779U 70101  A 75036.69721841  .00000348 +14134-8 +00000-0 0  9991
2 04779 065.4120 091.5641 7420692 246.5884 023.7133 02.00752937030748
1 04779U 70101  A 75048.65200996  .00000277 +14133-8 +00000-0 0  9993
2 04779 065.3866 089.7674 7432089 246.3587 023.7152 02.00758804030986
1 04779U 70101  A 75061.10503482  .00000207 +14132-8 +00000-0 3  9999
2 04779 065.3693 087.9635 7436998 246.1140 023.8052 02.00753848031239
1 04779U 70101  A 75071.56554984  .00000335 +14130-8 +00000-0 3  9993
2 04779 065.3269 086.3111 7447380 245.9042 023.8073 02.00750128031449
1 04779U 70101  A 75075.55065393  .00000383 +14129-8 +00000-0 3  9998
2 04779 065.3119 085.7218 7447199 245.8099 023.8678 02.00747213031524
1 04779U 70101  A 75078.53951120 -.00000419 +14128-8 +00000-0 3  9991
2 04779 065.3064 085.2851 7448642 245.7398 023.8934 02.00744831031580
1 04779U 70101  A 75089.49903869  .00000534 +00000-0 +00000-0 3  9998
2 04779 065.2939 083.6252 7452517 245.5146 023.9855 02.00734163031807
1 04779U 70101  A 75099.46292638  .00000624 +00000-0 +00000-0 3  9991
2 04779 065.2782 082.1368 7457212 245.3068 024.0574 02.00721085032005
1 04779U 70101  A 75103.44868706  .00000658 +00000-0 +00000-0 3  9997
2 04779 065.2430 081.5882 7457986 245.1927 024.1191 02.00714816032087
1 04779U 70101  A 75117.89798160  .00000754 +00000-0 +00000-0 3  9994
2 04779 065.2516 079.4635 7465408 244.8505 024.2431 02.00692275032374
1 04779U 70101  A 75121.88431498  .00000775 +00000-0 +00000-0 3  9999
2 04779 065.2634 078.8815 7469408 244.7614 024.2497 02.00685521032459
1 04779U 70101  A 75127.36577459  .00000798 +00000-0 +00000-0 3  9991
2 04779 065.2507 078.0639 7470955 244.6436 024.3053 02.00675624032568
1 04779U 70101  A 75138.32940434  .00000833 +00000-0 +00000-0 3  9996
2 04779 065.2460 076.4737 7479800 244.3842 024.3602 02.00656285032789
1 04779U 70101  A 75141.81803417  .00000840 +00000-0 +00000-0 3  9991
2 04779 065.2414 075.9523 7480731 244.3031 024.4006 02.00650168032851
1 04779U 70101  A 75146.80198382  .00000849 +00000-0 +00000-0 3  9992
2 04779 065.2462 075.2451 7485865 244.1711 024.4209 02.00641224032952
1 04779U 70101  A 75152.78304863  .00000851 +00000-0 +00000-0 3  9992
2 04779 065.2510 074.3306 7490597 244.0651 024.4292 02.00630812033072
1 04779U 70101  A 75166.24138876  .00000843 +00000-0 +00000-0 3  9998
2 04779 065.2457 072.3285 7501544 243.7817 024.4743 02.00609467033344
1 04779U 70101  A 75177.20783181  .00000016 +00000-0 +00000-0 3  9993
2 04779 065.2564 070.6519 7507393 243.5798 024.5315 02.00614803033568
1 04779U 70101  A 75180.69750163  .00000016 +00000-0 +00000-0 3  9994
2 04779 065.2405 070.1028 7508174 243.5260 024.5563 02.00609846033638
1 04779U 70101  A 75197.14692304  .00000000 +00000-0 +00000-0 3  9997
2 04779 065.1603 067.5864 7522101 243.1523 024.6237 02.00623488033962
1 04779U 70101  A 75201.13334606  .00001720 +00000-0 +00000-0 0  9997
2 04779 065.1595 067.0051 7525778 243.1375 024.5862 02.00670389034048
1 04779U 70101  A 75204.12335725  .00002538 +00000-0 +00000-0 0  9990
2 04779 065.2185 066.5705 7521368 243.0085 024.7279 02.00688425034103
1 04779U 70101  A 75205.11993358  .00002501 +00000-0 +00000-0 0  9992
2 04779 065.1774 066.4141 7521495 242.9920 024.7371 02.00692936034123
