1 25355U 98033B   98151.05655399 -.00001065 +00000-0 +10000-3 0  9996
2 25355 024.4061 035.7284 8652766 179.8927 180.2961 00.80029504000118
1 25355U 98033B   98151.06005160 -.00001177  00000-0  00000+0 0  9991
2 25355 024.4088 035.7236 8652841 179.9005 181.3044 00.80029057    01
1 25355U 98033B   98152.30037758 -.00001305 +00000-0 +10000-3 0  9995
2 25355 024.4315 035.5937 8652851 180.1281 178.6403 00.80038329000102
1 25355U 98033B   98260.20000000 +.00000554 -10715-5 +10000-3 0  9998
2 25355 022.3890 023.2530 8646842 203.0280 037.9240 00.81388605000761
1 25355U 98033B   98267.61821547 +.00012373 +38428-5 +90649-3 0  9996
2 25355 022.3853 022.2941 8651361 204.6965 052.8032 00.81532384000832
1 25355U 98033B   98271.28849304 +.00028702 -80379-6 +25167-2 0  9994
2 25355 022.4278 021.8949 8647515 205.4517 051.8085 00.81780791000862
1 25355U 98033B   98274.94301334 +.00022661 -74848-6 +19897-2 0  9991
2 25355 022.4386 021.4584 8645741 206.2436 048.7576 00.81946420000897
1 25355U 98033B   98278.59397703 +.00126408 +41681-5 +25257-2 0  9999
2 25355 022.4296 021.0197 8643582 207.2120 046.1947 00.82509333000922
1 25355U 98033B   98284.59001426 +.00130053 -79766-6 +91587-2 0  9997
2 25355 022.4418 020.2912 8622950 208.5508 043.6946 00.84058707000976
1 25355U 98033B   98284.59092014 +.00130053 -79830-6 +91585-2 0  9990
2 25355 022.4418 020.2911 8622947 208.5510 043.9687 00.84058938000975
