1 27963U 87079BC  03277.01011570 +.00135084 +00000-0 +21255-0 0  9998
2 27963 065.2235 102.8630 5787227 079.5753 337.7327 04.20476276005731
1 27963U 87079BC  03277.96105327  .00118028  00000-0  18468+0 0  9996
2 27963 065.2382 102.5312 5786149 079.4692 337.5122 04.20683544  5774
1 27963U 87079BC  03278.67413402 +.00090115 +00000-0 +13921-0 0  9997
2 27963 065.2082 102.2194 5786348 079.5139 337.4759 04.20774401005806
1 27963U 87079BC  03278.91188713 +.00086777 +00000-0 +13530-0 0  9993
2 27963 065.2117 102.1285 5785483 079.4900 337.6350 04.20810443005816
1 27963U 87079BC  03280.57479346  .00086921  00000-0  13632+0 0  9996
2 27963 065.2351 101.5141 5783093 079.4461 337.6651 04.21099962  5884
1 27963U 87079BC  03280.81219736  .00097856  00000-0  15434+0 0  9999
2 27963 065.2310 101.4106 5782177 079.3616 337.6956 04.21177602  5899
1 27963U 87079BC  03280.81225566 +.00103070 +00000-0 +16183-0 0  9996
2 27963 065.2183 101.4200 5782385 079.4559 337.7759 04.21188330005892
1 27963U 87079BC  03281.28695530 +.00107757 +00000-0 +16720-0 0  9993
2 27963 065.2187 101.2428 5782419 079.4112 337.6553 04.21295694005915
1 27963U 87079BC  03281.76162309  .00097934  00000-0  15538+0 0  9999
2 27963 065.2190 101.0828 5780404 079.4979 337.5828 04.21373087  5933
1 27963U 87079BC  03282.71070414 +.00081047 +00000-0 +12597-0 0  9991
2 27963 065.2155 100.7180 5780809 079.3901 337.4931 04.21508803005978
1 27963U 87079BC  03283.89675320 -.00195664 +00000-0 -24945-0 0  9991
2 27963 065.2195 100.1675 5794713 079.0153 337.6049 04.21346845006025
1 27963U 87079BC  03284.60921186 +.00000116 +00000-0 +10000-3 0  9990
2 27963 065.2048 099.9681 5778312 078.7885 339.2759 04.21627723006055
1 27963U 87079BC  03290.53029045  .00081284  00000-0  13077+0 0  9990
2 27963 065.2084 097.7313 5770769 079.1179 337.6789 04.22633385  6307
1 27963U 87079BC  03295.49416957  .00103066  00000-0  17550+0 0  9995
2 27963 065.1990 095.8448 5760629 079.0345 337.6402 04.23543781  6503
1 27963U 87079BC  03297.41595480 +.00056480 +00000-0 +95558-1 0  9991
2 27963 065.1698 095.1396 5758890 078.7764 029.3027 04.23843521006593
1 27963U 87079BC  03300.68384232 +.00077923 +00000-0 +13623-0 0  9993
2 27963 065.1703 093.9000 5752492 078.5576 339.5484 04.24458219006735
1 27963U 87079BC  03301.86037507  .00093834  00000-0  16018+0 0  9993
2 27963 065.1880 093.4728 5752350 078.2638 338.0722 04.24716778  6783
1 27963U 87079BC  03302.56647664 +.00146543 +00000-0 +26949-0 0  9993
2 27963 065.1687 093.1763 5745460 078.6219 337.8798 04.24969200006811
1 27963U 87079BC  03302.80161061  .00308930  00000-0  57321+0 0  9999
2 27963 065.1576 093.0755 5743133 078.5202 337.7703 04.25214432  6821
1 27963U 87079BC  03303.50669985 +.00250423 +00000-0 +46664-0 0  9997
2 27963 065.1594 092.8141 5740461 078.4976 337.5187 04.25555893006851
1 27963U 87079BC  03307.49734369 +.00060996 +00000-0 +12102-0 0  9992
2 27963 065.1439 091.2868 5730809 078.3647 337.6404 04.26294524007022
1 27963U 87079BC  03310.54544624  .00064205  00000-0  13047+0 0  9990
2 27963 065.1657 090.1601 5726377 078.3074 337.6396 04.26691955  7159
1 27963U 87079BC  03310.54547155  .00063193  00000-0  12251+0 0  9993
2 27963 065.1739 090.1932 5729773 078.2845 337.6762 04.26687955  7157
1 27963U 87079BC  03310.54557294 +.00295143 +00000-0 +63505-0 0  9999
2 27963 065.1408 090.1254 5721359 078.1522 337.8643 04.26817299007156
1 27963U 87079BC  03311.71728816 +.00029302 +00000-0 +64182-1 0  9994
2 27963 065.1378 089.6859 5720761 078.0927 337.6568 04.26706546007202
1 27963U 87079BC  03312.42032220 +.00023682 +00000-0 +52496-1 0  9990
2 27963 065.1407 089.4260 5719716 078.0832 337.6366 04.26733279007234
1 27963U 87079BC  03313.12332713 +.00021483 +00000-0 +47961-1 0  9996
2 27963 065.1375 089.1622 5719031 078.0563 337.6513 04.26761228007260
1 27963U 87079BC  03314.76346475 +.00023847 +00000-0 +55475-1 0  9992
2 27963 065.1370 088.5243 5715482 077.9029 337.7003 04.26838689007337
1 27963U 87079BC  03315.46628096 +.00025128 +00000-0 +59765-1 0  9992
2 27963 065.1309 088.2778 5713547 077.9671 337.6952 04.26876703007366
1 27963U 87079BC  03316.40324159 +.00030391 +00000-0 +74003-1 0  9990
2 27963 065.1306 087.9222 5711319 077.9287 337.6856 04.26937611007405
1 27963U 87079BC  03316.40324159 +.00030391 +00000-0 +74003-1 0  9990
2 27963 065.1306 087.9222 5711319 077.9287 337.6856 04.26937611007405
1 27963U 87079BC  03323.42658455 +.00012913 +00000-0 +33369-1 0  9999
2 27963 065.1307 085.3673 5705200 077.3620 334.4548 04.27106603007701
1 27963U 87079BC  03324.13118976  .00007480  00000-0  21871-1 0  9995
2 27963 065.1169 085.0229 5695397 077.4553 337.7861 04.27100364  7737
1 27963U 87079BC  03324.59943189 +.00007484 +00000-0 +21871-1 0  9991
2 27963 065.1169 084.8520 5695455 077.4319 337.7436 04.27107327007759
1 27963U 87079BC  03324.59944192  .00007363  00000-0  21715-1 0  9999
2 27963 065.1258 084.8477 5695106 077.4478 337.7550 04.27107094  7745
1 27963U 87079BC  03330.68632474  .00010496  00000-0  33021-1 0  9997
2 27963 065.0620 082.5498 5687955 077.3754 341.7028 04.27397510  8014
1 27963U 87079BC  03331.38564337 +.00002957 +00000-0 +10313-1 0  9999
2 27963 065.0966 082.3020 5679543 077.0957 337.7077 04.27385036008044
1 27963U 87079BC  03332.32161033 +.00004181 +00000-0 +14871-1 0  9994
2 27963 065.0993 081.9770 5677604 077.1023 337.7891 04.27395240008088
1 27963U 87079BC  03332.55556039 -.00000452  00000-0 -16618-2 0  9994
2 27963 065.0992 081.9018 5675656 077.0441 337.7502 04.27386987  8098
1 27963U 87079BC  03333.49150064 +.00003062 +00000-0 +11349-1 0  9999
2 27963 065.0876 081.5547 5673859 076.9611 337.8199 04.27397809008135
1 27963U 87079BC  03333.72545313  .00001824  00000-0  67558-2 0  9998
2 27963 065.0864 081.4656 5673719 076.9278 337.7914 04.27397299  8144
1 27963U 87079BC  03334.42738732 +.00003524 +00000-0 +13364-1 0  9999
2 27963 065.0921 081.2294 5671850 076.9307 337.8124 04.27404415008177
1 27963U 87079BC  03335.12928381  .00004462  00000-0  17151-1 0  9998
2 27963 065.0841 080.9309 5670740 076.8203 337.8220 04.27411200  8203
1 27963U 87079BC  03335.59721998 +.00008074 +00000-0 +31670-1 0  9999
2 27963 065.0882 080.7475 5668998 076.8349 337.8377 04.27422693008226
1 27963U 87079BC  03336.29907590  .00002432  00000-0  95742-2 0  9994
2 27963 065.0881 080.5012 5668793 076.7972 337.7837 04.27419406  8255
1 27963U 87079BC  03336.53305975 +.00001072 +00000-0 +42894-2 0  9999
2 27963 065.0900 080.4312 5667602 076.7757 337.8141 04.27417423008265
1 27963U 87079BC  03337.46892110 +.00000969 +00000-0 +39609-2 0  9998
2 27963 065.0926 080.0921 5666702 076.6792 337.8443 04.27419547008302
1 27963U 87079BC  03337.70288610  .00002379  00000-0  96898-2 0  9999
2 27963 065.0826 079.9914 5666375 076.6963 337.8423 04.27421277  8318
1 27963U 87079BC  03338.40476973 +.00003550 +00000-0 +13654-1 0  9998
2 27963 065.1174 079.7626 5671289 076.6409 337.8521 04.27432048008348
1 27963U 87079BC  03340.27643354 +.00001124 +00000-0 +50686-2 0  9997
2 27963 065.0880 079.0371 5659924 076.5608 337.6866 04.27405583008426
1 27963U 87079BC  03341.68036529 +.00008643 +00000-0 +40026-1 0  9992
2 27963 065.0822 078.5338 5654741 076.3972 337.8305 04.27411099008488
1 27963U 87079BC  03345.65757131 +.00008343 +00000-0 +40026-1 0  9999
2 27963 065.0696 077.1060 5651380 076.0297 337.1227 04.27391585008659
1 27963U 87079BC  03348.46578039 +.00003703 +00000-0 +20000-1 0  9994
2 27963 065.1030 076.1099 5640476 075.9940 337.4494 04.27353862008778
1 27963U 87079BC  03351.50805683 -.00010180 +00000-0 -59179-1 0  9999
2 27963 065.0763 074.9838 5633563 075.7740 337.4303 04.27285068008908
1 27963U 87079BC  03352.67853957 -.00000002  00000-0  00000+0 0  9993
2 27963 065.0890 074.6082 5629688 076.1150 337.8530 04.27301296  8964
1 27963U 87079BC  03355.48747517 -.00003813 +00000-0 -24069-1 0  9996
2 27963 065.0736 073.5534 5624685 075.5347 338.3430 04.27238255009078
1 27963U 87079BC  03359.23245565 -.00001698 +00000-0 -11420-1 0  9995
2 27963 065.0755 072.2261 5617531 075.3787 337.9639 04.27195174009236
1 27963U 87079BC  03362.50981790 -.00014320 +00000-0 -10764-0 0  9991
2 27963 065.0772 071.0632 5608558 075.0504 337.8656 04.27132836009376
1 27963U 87079BC  03364.14896253 +.00002615 +00000-0 +20372-1 0  9991
2 27963 065.0763 070.4864 5607127 075.0056 338.3828 04.27144793009449
1 27963U 87079BC  04001.25584058 +.00000402 +00000-0 +37685-2 0  9997
2 27963 065.0940 069.7639 5602454 074.9051 337.9548 04.27115518009535
1 27963U 87079BC  04001.49012001 +.00000530 +00000-0 +48198-2 0  9990
2 27963 065.0791 069.6514 5601986 074.7560 338.2191 04.27115412009544
1 27963U 87079BC  04004.53384306 +.00000202 +00000-0 +22788-2 0  9991
2 27963 065.0756 068.6080 5596965 074.5494 338.0558 04.27085287009671
1 27963U 87079BC  04008.28038817 -.00008529 +00000-0 -75504-1 0  9995
2 27963 065.0868 067.3044 5591489 074.3057 338.0857 04.27036959009832
1 27963U 87079BC  04009.21731190 +.00003269 +00000-0 +29761-1 0  9991
2 27963 065.1081 066.9944 5589958 074.3246 338.4812 04.27053709009873
1 27963U 87079BC  04010.15390691 +.00000865 +00000-0 +81629-2 0  9994
2 27963 065.0989 066.6570 5588786 074.1746 338.4186 04.27053259009911
1 27963U 87079BC  04011.55891448 +.00005606 +00000-0 +52286-1 0  9999
2 27963 065.1030 066.1770 5586679 074.0129 338.4908 04.27061668009970
1 27963U 87079BC  04013.19801178 +.00001605 +00000-0 +15468-1 0  9998
2 27963 065.1071 065.5695 5585086 073.9704 338.3714 04.27047908010047
1 27963U 87079BC  04013.90060048 +.00005370 +00000-0 +51177-1 0  9990
2 27963 065.1066 065.3541 5584520 073.8574 338.5537 04.27060525010073
1 27963U 87079BC  04016.24214044 +.00001821 +00000-0 +18235-1 0  9992
2 27963 065.1234 064.5852 5581650 073.7470 338.2855 04.27039481010179
1 27963U 87079BC  04020.45738000 +.00001442 +00000-0 +14875-1 0  9998
2 27963 065.1180 063.0965 5578709 073.3444 338.4813 04.27024528010358
1 27963U 87079BC  04021.16009005 +.00002924 +00000-0 +29848-1 0  9995
2 27963 065.1296 062.8824 5577814 073.2797 338.7697 04.27031485010389
1 27963U 87079BC  04022.33096602 +.00001015 +00000-0 +10608-1 0  9998
2 27963 065.1313 062.4780 5577876 073.1969 338.7815 04.27033296010434
1 27963U 87079BC  04023.26768402 +.00003115 +00000-0 +32300-1 0  9991
2 27963 065.1303 062.1647 5575779 073.1757 338.7941 04.27029420010475
1 27963U 87079BC  04026.54610655 -.00006293 +00000-0 -64013-1 0  9999
2 27963 065.1432 061.0397 5575571 072.9165 338.6305 04.27009742010612
1 27963U 87079BC  04027.24885347  .00000796  00000-0  89069-2 0  9998
2 27963 065.1478 060.7893 5574456 072.8590 338.9747 04.27025446 10646
1 27963U 87079BC  04027.48299026 +.00002778 +00000-0 +29428-1 0  9991
2 27963 065.1450 060.7128 5574518 072.8421 338.9146 04.27028799010657
1 27963U 87079BC  04028.18552386  .00002325  00000-0  24753-1 0  9994
2 27963 065.1439 060.4734 5574604 072.7959 338.9277 04.27031780 10687
1 27963U 87079BC  04028.65388086 +.00000393 +00000-0 +47764-2 0  9991
2 27963 065.1377 060.2931 5574899 072.6967 338.9536 04.27029762010707
1 27963U 87079BC  04032.40074866 +.00000576 +00000-0 +66141-2 0  9990
2 27963 065.1469 059.0215 5572891 072.4915 338.9218 04.27017407010868
1 27963U 87079BC  04033.33758063  .00002116  00000-0  22808-1 0  9994
2 27963 065.1533 058.7033 5572284 072.4409 339.0931 04.27023147 10905
1 27963U 87079BC  04033.57175356 +.00000260 +00000-0 +31937-2 0  9990
2 27963 065.1570 058.6310 5572387 072.4157 339.0824 04.27020927010912
1 27963U 87079BC  04034.04012765 +.00000265 +00000-0 +31937-2 0  9992
2 27963 065.1570 058.4671 5572472 072.3931 339.1026 04.27021209010935
1 27963U 87079BC  04034.50849650  .00003076  00000-0  32776-1 0  9998
2 27963 065.1570 058.3113 5572421 072.3751 339.1254 04.27027727 10955
1 27963U 87079BC  04035.44520450 +.00001370 +00000-0 +14638-1 0  9998
2 27963 065.1537 057.9782 5573073 072.2773 339.1393 04.27028861010990
1 27963U 87079BC  04036.14775751  .00002250  00000-0  23817-1 0  9999
2 27963 065.1558 057.7381 5573015 072.2142 339.1917 04.27033342 11029
1 27963U 87079BC  04036.61610994 +.00002252 +00000-0 +23799-1 0  9999
2 27963 065.1590 057.5808 5573054 072.2051 339.1966 04.27035270011047
1 27963U 87079BC  04037.55281398 +.00002327 +00000-0 +24489-1 0  9995
2 27963 065.1668 057.2746 5573332 072.1539 339.2186 04.27038603011082
1 27963U 87079BC  04038.25533289  .00000034  00000-0  48881-3 0  9999
2 27963 065.1716 056.9564 5580242 071.7591 339.3041 04.27036154 11115
1 27963U 87079BC  04038.48959023 +.00000450 +00000-0 +48986-2 0  9999
2 27963 065.1620 056.9186 5572755 072.2019 339.2959 04.27030305011120
1 27963U 87079BC  04039.42623416 +.00001496 +00000-0 +15537-1 0  9994
2 27963 065.1625 056.6295 5575415 071.8751 339.3374 04.27041281011168
1 27963U 87079BC  04040.12875159  .00002367  00000-0  24802-1 0  9999
2 27963 065.1682 056.3824 5573954 071.9876 339.3215 04.27044482 11194
1 27963U 87079BC  04040.36289541 +.00002636 +00000-0 +27593-1 0  9998
2 27963 065.1688 056.3040 5574033 071.9825 339.2837 04.27045938011201
1 27963U 87079BC  04041.53373200 +.00003424 +00000-0 +35761-1 0  9996
2 27963 065.1776 055.9143 5574210 071.9322 339.2942 04.27052763011253
1 27963U 87079BC  04042.47038906 +.00000991 +00000-0 +10515-1 0  9997
2 27963 065.1682 055.5902 5575139 071.8813 339.3021 04.27053888011295
1 27963U 87079BC  04043.17289487  .00002371  00000-0  24530-1 0  9993
2 27963 065.1716 055.3640 5575977 071.7441 339.3609 04.27059142 11321
1 27963U 87079BC  04043.40706913 +.00003477 +00000-0 +35885-1 0  9990
2 27963 065.1754 055.2772 5575738 071.7317 339.3884 04.27062723011330
1 27963U 87079BC  04044.10954306  .00005793  00000-0  59603-1 0  9996
2 27963 065.1815 055.0352 5575575 071.7079 339.4018 04.27072734 11360
1 27963U 87079BC  04044.57784300 +.00003353 +00000-0 +34587-1 0  9996
2 27963 065.1826 054.8748 5575762 071.6744 339.3958 04.27073761011389
1 27963U 87079BC  04045.28031023  .00003505  00000-0  36075-1 0  9995
2 27963 065.1863 054.6351 5575871 071.6729 339.4147 04.27079199 11418
1 27963U 87079BC  04045.51445713 +.00003372 +00000-0 +34670-1 0  9997
2 27963 065.1865 054.5515 5576019 071.6678 339.4101 04.27080432011422
1 27963U 87079BC  04046.21690865  .00002543  00000-0  25986-1 0  9994
2 27963 065.1843 054.3129 5576915 071.6274 339.4209 04.27082582 11454
1 27963U 87079BC  04046.91936722 +.00004608 +00000-0 +46673-1 0  9996
2 27963 065.1923 054.0655 5577165 071.5721 339.4694 04.27091520011481
1 27963U 87079BC  04047.38765187 +.00004604 +00000-0 +46346-1 0  9996
2 27963 065.1935 053.9074 5577768 071.5201 339.4786 04.27095507011503
1 27963U 87079BC  04048.09008404  .00005689  00000-0  56833-1 0  9993
2 27963 065.1916 053.6696 5578367 071.4630 339.5179 04.27105236 11531
1 27963U 87079BC  04048.55835784 +.00005673 +00000-0 +56451-1 0  9992
2 27963 065.1941 053.5149 5578725 071.4370 339.5295 04.27110546011551
1 27963U 87079BC  04049.02662695  .00001140  00000-0  11418-1 0  9993
2 27963 065.1928 053.3590 5579186 071.4266 339.5164 04.27104393 11570
1 27963U 87079BC  04049.72905557 +.00007092 +00000-0 +69576-1 0  9997
2 27963 065.1994 053.1225 5580132 071.3641 339.6112 04.27124599011603
1 27963U 87079BC  04050.43140174 +.00002831 +00000-0 +27559-1 0  9994
2 27963 065.1849 052.8916 5581377 071.3637 339.5450 04.27122340011631
1 27963U 87079BC  04051.36792828 +.00005514 +00000-0 +53596-1 0  9997
2 27963 065.2113 052.5660 5581293 071.2777 339.6021 04.27130058011674
1 27963U 87079BC  04052.07029564  .00003418  00000-0  33115-1 0  9992
2 27963 065.2094 052.3267 5582019 071.1961 339.6176 04.27132453 11700
1 27963U 87079BC  04052.53855377 +.00003812 +00000-0 +36831-1 0  9998
2 27963 065.2084 052.1592 5582338 071.1803 339.6487 04.27136439011722
1 27963U 87079BC  04053.24090749  .00004518  00000-0  43454-1 0  9994
2 27963 065.2063 051.9099 5582799 071.1509 339.6607 04.27143626 11755
1 27963U 87079BC  04053.47502093 +.00004094 +00000-0 +39311-1 0  9995
2 27963 065.2037 051.8256 5583121 071.1657 339.6534 04.27144687011762
1 27963U 87079BC  04054.17736090  .00002269  00000-0  21710-1 0  9995
2 27963 065.2013 051.5875 5584504 071.0527 339.6714 04.27146270 11794
1 27963U 87079BC  04054.41149602 +.00002905 +00000-0 +27666-1 0  9992
2 27963 065.2054 051.4944 5584602 071.0417 339.7125 04.27149215011803
1 27963U 87079BC  04055.34793795  .00004422  00000-0  41807-1 0  9992
2 27963 065.2103 051.1772 5584948 071.0298 339.7231 04.27159111 11842
1 27963U 87079BC  04055.58203630 +.00004423 +00000-0 +41807-1 0  9993
2 27963 065.2103 051.0951 5584972 071.0181 339.7140 04.27161203011853
1 27963U 87079BC  04056.28435058 +.00008630 +00000-0 +80198-1 0  9992
2 27963 065.2072 050.8598 5586184 070.9449 339.7577 04.27178796011886
1 27963U 87079BC  04056.98662651  .00008378  00000-0  76970-1 0  9992
2 27963 065.2094 050.6224 5587373 070.8765 339.7655 04.27190206 11916
1 27963U 87079BC  04057.45481652 +.00005741 +00000-0 +52322-1 0  9991
2 27963 065.2177 050.4551 5588474 070.8629 339.7864 04.27193759011931
1 27963U 87079BC  04057.45482356  .00006870  00000-0  63582-1 0  9997
2 27963 065.2230 050.4485 5585900 070.8895 339.7893 04.27193108 11933
1 27963U 87079BC  04058.15708479  .00004077  00000-0  36985-1 0  9996
2 27963 065.2277 050.2270 5589147 070.8262 339.8050 04.27198468 11962
1 27963U 87079BC  04058.39117924 +.00005632 +00000-0 +50667-1 0  9992
2 27963 065.2323 050.1545 5589720 070.8317 339.8184 04.27202611011971
1 27963U 87079BC  04059.09342722  .00003970  00000-0  35146-1 0  9994
2 27963 065.2304 049.9232 5591591 070.7295 339.8414 04.27206600 12005
1 27963U 87079BC  04059.32753125 +.00004003 +00000-0 +35371-1 0  9991
2 27963 065.2297 049.8405 5591727 070.7390 339.8762 04.27208601012014
1 27963U 87079BC  04060.49792321 +.00004390 +00000-0 +38377-1 0  9990
2 27963 065.2304 049.4463 5592473 070.6862 339.9010 04.27219506012063
1 27963U 87079BC  04060.96607287  .00003797  00000-0  33079-1 0  9992
2 27963 065.2314 049.2820 5592779 070.6422 339.9162 04.27222291 12085
1 27963U 87079BC  04061.43422351 +.00005544 +00000-0 +47851-1 0  9997
2 27963 065.2337 049.1234 5593545 070.6327 339.9336 04.27228910012104
1 27963U 87079BC  04062.37049275 +.00003742 +00000-0 +31916-1 0  9994
2 27963 065.2387 048.7899 5594694 070.5906 339.9425 04.27234330012145
1 27963U 87079BC  04063.07270091  .00006728  00000-0  56308-1 0  9993
2 27963 065.2229 048.5038 5596558 070.4332 340.0194 04.27246526 12175
1 27963U 87079BC  04063.07271202 +.00006932 +00000-0 +58229-1 0  9999
2 27963 065.2359 048.5399 5596162 070.4787 340.0233 04.27247168012171
1 27963U 87079BC  04064.00893129  .00008779  00000-0  73003-1 0  9999
2 27963 065.2357 048.2255 5597086 070.4338 340.0403 04.27264893 12213
1 27963U 87079BC  04064.47702494 +.00008957 +00000-0 +73385-1 0  9995
2 27963 065.2390 048.0745 5598616 070.4834 340.0267 04.27273903012235
1 27963U 87079BC  04065.17914879 +.00007742 +00000-0 +62419-1 0  9992
2 27963 065.2464 047.8032 5600246 070.4027 340.0486 04.27285101012269
1 27963U 87079BC  04066.11529823  .00004916  00000-0  38125-1 0  9995
2 27963 065.2401 047.4903 5604305 070.1543 340.1068 04.27292457 12307
1 27963U 87079BC  04066.34938543 +.00003919 +00000-0 +30190-1 0  9999
2 27963 065.2341 047.4187 5605018 070.2187 340.1718 04.27292952012314
1 27963U 87079BC  04067.05147882  .00003168  00000-0  24381-1 0  9997
2 27963 065.2400 047.1682 5605164 070.2298 340.1622 04.27296611 12345
1 27963U 87079BC  04067.51953768 +.00004052 +00000-0 +31155-1 0  9996
2 27963 065.2427 047.0082 5605295 070.2310 340.1565 04.27300484012369
1 27963U 87079BC  04068.22162011  .00006036  00000-0  46130-1 0  9991
2 27963 065.2440 046.7793 5605903 070.1945 340.1734 04.27311696 12396
1 27963U 87079BC  04068.68965977 +.00002928 +00000-0 +22197-1 0  9996
2 27963 065.2481 046.6244 5606940 070.1834 340.1566 04.27310433012414
1 27963U 87079BC  04069.15771877  .00002401  00000-0  18204-1 0  9993
2 27963 065.2472 046.4644 5607044 070.1798 340.1803 04.27313505 12430
1 27963U 87079BC  04069.39173688 +.00004885 +00000-0 +36699-1 0  9991
2 27963 065.2519 046.3787 5607778 070.1321 340.1906 04.27319180012445
1 27963U 87079BC  04070.32780935 +.00007383 +00000-0 +54333-1 0  9996
2 27963 065.2598 046.0358 5609788 070.0141 340.2439 04.27335604012480
1 27963U 87079BC  04071.02983918  .00014522  00000-0  10447+0 0  9999
2 27963 065.2580 045.8042 5611854 069.8486 340.3261 04.27364081 12512
1 27963U 87079BC  04071.49781987  .00008045  00000-0  59639-1 0  9993
2 27963 065.2669 045.6582 5608620 070.0412 340.2510 04.27359710 12538
1 27963U 87079BC  04071.49782521 +.00010632 +00000-0 +75803-1 0  9994
2 27963 065.2632 045.6825 5612783 069.9601 340.2859 04.27369279012537
1 27963U 87079BC  04072.19979543 +.00010076 +00000-0 +70474-1 0  9995
2 27963 065.2546 045.4508 5614669 069.9912 340.2799 04.27381885012560
1 27963U 87079BC  04073.36970243 +.00003977 +00000-0 +26785-1 0  9991
2 27963 065.2700 045.0090 5618569 069.8062 340.3120 04.27389209012615
1 27963U 87079BC  04074.30567452 +.00004504 +00000-0 +30015-1 0  9998
2 27963 065.2725 044.6758 5619443 069.8456 340.3967 04.27399111012653
1 27963U 87079BC  04075.00759309  .00008216  00000-0  54111-1 0  9997
2 27963 065.2672 044.4372 5620448 069.7617 340.4276 04.27414389 12681
1 27963U 87079BC  04075.24155984 +.00008529 +00000-0 +56076-1 0  9991
2 27963 065.2696 044.3632 5620581 069.8189 340.4163 04.27419065012690
1 27963U 87079BC  04076.17739752  .00012297  00000-0  80180-1 0  9995
2 27963 065.2735 044.0436 5621205 069.8029 340.4418 04.27445963 12734
1 27963U 87079BC  04076.64527473 +.00011166 +00000-0 +71264-1 0  9999
2 27963 065.2788 043.9192 5623299 069.6452 340.4383 04.27454050012752
1 27963U 87079BC  04077.11319448 +.00008393 +00000-0 +51232-1 0  9994
2 27963 065.2745 043.7078 5627688 069.6018 340.5050 04.27462325012778
1 27963U 87079BC  04078.04896158  .00005593  00000-0  33889-1 0  9992
2 27963 065.2826 043.4000 5628448 069.6232 340.5128 04.27470621 12812
1 27963U 87079BC  04078.28290615 +.00008376 +00000-0 +50378-1 0  9998
2 27963 065.2827 043.3227 5629113 069.6306 340.5258 04.27477362012829
1 27963U 87079BC  04078.75074743  .00009856  00000-0  62683-1 0  9998
2 27963 065.2812 043.1356 5623339 069.5089 340.5519 04.27492487 12842
1 27963U 87079BC  04078.98469508  .00008993  00000-0  53109-1 0  9994
2 27963 065.2799 043.0786 5630867 069.5116 340.5527 04.27490348 12851
1 27963U 87079BC  04079.21863700 +.00008495 +00000-0 +49996-1 0  9999
2 27963 065.2811 043.0000 5631218 069.5331 340.5743 04.27494293012869
1 27963U 87079BC  04080.15431161  .00012573  00000-0  72960-1 0  9995
2 27963 065.2778 042.6761 5632401 069.4922 340.6074 04.27521660 12902
1 27963U 87079BC  04080.85601010 +.00013855 +00000-0 +79753-1 0  9995
2 27963 065.2853 042.4421 5633062 069.4197 340.6120 04.27543124012939
1 27963U 87079BC  04081.32379931 +.00011829 +00000-0 +66477-1 0  9990
2 27963 065.3111 042.2887 5635371 069.4282 340.6176 04.27554300012952
1 27963U 87079BC  04082.02546355  .00009411  00000-0  52114-1 0  9991
2 27963 065.2969 042.0174 5636821 069.3627 340.6387 04.27566878 12982
1 27963U 87079BC  04082.25935844 +.00009488 +00000-0 +51865-1 0  9997
2 27963 065.2961 041.9371 5638041 069.3170 340.6626 04.27570194012993
1 27963U 87079BC  04082.96100776  .00012279  00000-0  66144-1 0  9991
2 27963 065.2894 041.6964 5639216 069.2442 340.7164 04.27591235 13021
1 27963U 87079BC  04083.19487705 +.00012780 +00000-0 +68395-1 0  9994
2 27963 065.2915 041.6232 5639785 069.2796 340.7072 04.27597301013035
1 27963U 87079BC  04083.89645251  .00011808  00000-0  65210-1 0  9996
2 27963 065.2991 041.3572 5636314 069.3175 340.6870 04.27613357 13068
1 27963U 87079BC  04084.13032181  .00017619  00000-0  92821-1 0  9990
2 27963 065.2937 041.3023 5640924 069.1992 340.7560 04.27634338 13076
1 27963U 87079BC  04084.59800053 +.00013235 +00000-0 +68704-1 0  9994
2 27963 065.2969 041.1335 5642321 069.1593 340.7431 04.27641984013099
1 27963U 87079BC  04085.06569826  .00014266  00000-0  73313-1 0  9994
2 27963 065.3024 040.9796 5643126 069.1710 340.7733 04.27657029 13110
1 27963U 87079BC  04085.76718729 +.00010643 +00000-0 +53570-1 0  9997
2 27963 065.3121 040.7359 5645059 069.1983 340.7410 04.27666299013144
1 27963U 87079BC  04086.23486531  .00016366  00000-0  80676-1 0  9998
2 27963 065.3070 040.5633 5646744 069.1362 340.8053 04.27686237 13163
1 27963U 87079BC  04086.70250059 +.00018620 +00000-0 +90854-1 0  9998
2 27963 065.3024 040.4037 5647503 069.0394 340.8473 04.27707209013188
1 27963U 87079BC  04087.17011314  .00022127  00000-0  10670+0 0  9992
2 27963 065.2975 040.2517 5648382 069.0558 340.8643 04.27731907 13205
1 27963U 87079BC  04087.87146717 +.00019930 +00000-0 +94414-1 0  9993
2 27963 065.3016 040.0037 5649828 068.9706 340.8652 04.27756714013232
1 27963U 87079BC  04088.57281154 +.00015513 +00000-0 +72286-1 0  9992
2 27963 065.3066 039.7470 5651204 068.9653 340.8916 04.27774858013260
1 27963U 87079BC  04089.04036118  .00017661  00000-0  81181-1 0  9993
2 27963 065.2981 039.5656 5652263 069.0152 340.9355 04.27798113 13281
1 27963U 87079BC  04089.27409648 +.00025427 +00000-0 +11534-0 0  9993
2 27963 065.3128 039.4841 5653302 069.0217 340.9114 04.27819349013296
1 27963U 87079BC  04090.20902910  .00017639  00000-0  77535-1 0  9998
2 27963 065.3064 039.1462 5655890 068.8983 340.9226 04.27853474 13338
1 27963U 87079BC  04090.67650911 +.00017651 +00000-0 +77535-1 0  9994
2 27963 065.3063 038.9782 5655832 068.8731 340.9828 04.27869969013352
1 27963U 87079BC  04090.91022557  .00018133  00000-0  78202-1 0  9998
2 27963 065.3069 038.9260 5657407 068.7844 341.0034 04.27879906 13367
1 27963U 87079BC  04091.84505662 +.00017515 +00000-0 +73512-1 0  9996
2 27963 065.3182 038.6551 5659593 068.4994 341.0971 04.27914261013403
1 27963U 87079BC  04092.07878187 +.00019754 +00000-0 +81013-1 0  9999
2 27963 065.3081 038.5577 5661548 068.7128 341.1131 04.27927852013413
1 27963U 87079BC  04093.01346583 +.00021277 +00000-0 +86653-1 0  9992
2 27963 065.3207 038.1891 5661857 068.8527 341.1068 04.27973624013456
1 27963U 87079BC  04094.64893601 +.00017477 +00000-0 +67284-1 0  9996
2 27963 065.3128 037.5920 5666388 068.6123 341.1100 04.28037995013526
1 27963U 87079BC  04095.81702143 +.00030568 +00000-0 +11742-0 0  9999
2 27963 065.3147 037.1825 5666006 068.5791 341.2345 04.28118243013577
1 27963U 87079BC  04096.75120307 +.00027113 +00000-0 +98591-1 0  9999
2 27963 065.3123 036.8384 5670370 068.5994 341.1210 04.28173279013616
1 27963U 87079BC  04097.91887273 +.00040164 +00000-0 +14066-0 0  9995
2 27963 065.3028 036.3870 5672830 068.3861 341.2539 04.28274571013666
1 27963U 87079BC  04098.15236391 +.00040415 +00000-0 +14176-0 0  9992
2 27963 065.3166 036.3322 5672564 068.4687 341.2305 04.28293472013675
1 27963U 87079BC  04098.85277319  .00033563  00000-0  11529+0 0  9998
2 27963 065.3141 036.0951 5674070 068.4058 341.1967 04.28332285 13702
1 27963U 87079BC  04098.85280362  .00033016  00000-0  12134+0 0  9996
2 27963 065.3241 036.0657 5668252 068.4637 341.2140 04.28324775 13703
1 27963U 87079BC  04099.78660964 +.00035236 +00000-0 +11960-0 0  9992
2 27963 065.3173 035.7711 5674580 068.3277 341.2893 04.28399991013745
1 27963U 87079BC  04100.95364888 -.00084600 +00000-0 -26037-0 0  9992
2 27963 065.3337 035.3675 5683004 068.4548 341.2657 04.28338955013791
1 27963U 87079BC  04100.95366735  .00037445  00000-0  11529+0 0  9997
2 27963 065.3366 035.3783 5682067 068.4836 341.2804 04.28478479 13791
1 27963U 87079BC  04101.18705308 +.00041894 +00000-0 +12880-0 0  9991
2 27963 065.3255 035.2612 5682017 068.4003 341.3132 04.28501519013808
1 27963U 87079BC  04102.12046926  .00034490  00000-0  10413+0 0  9993
2 27963 065.3244 034.9395 5683029 068.2991 341.3221 04.28565913 13849
1 27963U 87079BC  04102.82047638 +.00035509 +00000-0 +10688-0 0  9998
2 27963 065.3245 034.6906 5682910 068.2204 341.3938 04.28617030013876
1 27963U 87079BC  04104.22018261  .00041209  00000-0  11551+0 0  9997
2 27963 065.3376 034.1832 5687756 068.3221 341.4773 04.28741466 13933
1 27963U 87079BC  04104.91980686 +.00043646 +00000-0 +11659-0 0  9999
2 27963 065.3323 033.9295 5691129 068.0985 341.4399 04.28803311013963
1 27963U 87079BC  04105.85258888 +.00044627 +00000-0 +11838-0 0  9994
2 27963 065.3288 033.5964 5691112 068.0447 341.5074 04.28887283014004
1 27963U 87079BC  04106.08574697  .00043264  00000-0  11343+0 0  9995
2 27963 065.3359 033.5152 5691907 068.0795 341.4929 04.28904931 14019
1 27963U 87079BC  04106.78515056  .00042191  00000-0  11766+0 0  9993
2 27963 065.3451 033.2431 5686564 068.1364 341.4601 04.28960880 14040
1 27963U 87079BC  04106.78516309 +.00038198 +00000-0 +10049-0 0  9991
2 27963 065.3396 033.2950 5691345 068.2518 341.4314 04.28952591014040
1 27963U 87079BC  04107.01828324 +.00058764 +00000-0 +14637-0 0  9999
2 27963 065.3541 033.1803 5695160 068.0521 341.5284 04.29008306014054
1 27963U 87079BC  04108.18358372  .00055831  00000-0  13141+0 0  9999
2 27963 065.3330 032.7299 5698624 068.0903 341.4870 04.29135961 14100
1 27963U 87079BC  04108.88263343 +.00060149 +00000-0 +13840-0 0  9994
2 27963 065.3248 032.4800 5699714 067.9152 341.5933 04.29226837014135
1 27963U 87079BC  04109.34856667 +.00064225 +00000-0 +14726-0 0  9996
2 27963 065.3310 032.3257 5699542 067.9996 341.5871 04.29289347014153
1 27963U 87079BC  04110.04731781  .00066917  00000-0  15119+0 0  9990
2 27963 065.3287 032.0788 5699977 067.9526 341.5915 04.29386236 14180
1 27963U 87079BC  04110.74591951 +.00065242 +00000-0 +14280-0 0  9999
2 27963 065.3203 031.8236 5701733 067.9170 341.5850 04.29475653014216
1 27963U 87079BC  04111.21159584 +.00069264 +00000-0 +14774-0 0  9990
2 27963 065.3182 031.6388 5703135 067.9396 341.6355 04.29547682014231
1 27963U 87079BC  04112.14266818  .00090295  00000-0  17987+0 0  9998
2 27963 065.3301 031.2928 5706999 067.8588 341.6511 04.29705494 14278
1 27963U 87079BC  04112.84074379 +.00078103 +00000-0 +15330-0 0  9999
2 27963 065.3264 031.0471 5707409 067.7581 341.6488 04.29801661014306
1 27963U 87079BC  04114.93401036  .00092336  00000-0  16078+0 0  9998
2 27963 065.3303 030.2223 5713271 067.4723 341.9121 04.30174068 14397
1 27963U 87079BC  04115.86367092 +.00104904 +00000-0 +18095-0 0  9991
2 27963 065.3170 029.8628 5712487 067.3996 341.9750 04.30379476014434
1 27963U 87079BC  04116.32828518 +.00107455 +00000-0 +18585-0 0  9996
2 27963 065.3459 029.7564 5711581 067.7114 341.8426 04.30482912014453
1 27963U 87079BC  04117.02502653  .00111571  00000-0  18787+0 0  9990
2 27963 065.3332 029.5073 5712324 067.7036 341.8060 04.30642791 14485
1 27963U 87079BC  04117.72153396 +.00104881 +00000-0 +17399-0 0  9998
2 27963 065.3239 029.2588 5712395 067.6722 341.7673 04.30781285014513
1 27963U 87079BC  04117.95368704  .00101989  00000-0  15417+0 0  9998
2 27963 065.3315 029.0880 5718412 067.3939 341.8664 04.30824359 14526
1 27963U 87079BC  04118.88199898 +.00095130 +00000-0 +14338-0 0  9999
2 27963 065.3177 028.7862 5717444 067.4993 341.8739 04.30993563014564
1 27963U 87079BC  04119.34602104  .00103870  00000-0  15663+0 0  9992
2 27963  65.3295  28.6355 5716671  67.5469 341.9219  4.31100638 14581
1 27963U 87079BC  04120.04177823  .00096250  00000-0  14175+0 0  9996
2 27963  65.3288  28.3893 5717390  67.5177 341.8472  4.31226835 14614
1 27963U 87079BC  04120.96921164  .00097720  00000-0  13968+0 0  9994
2 27963 065.3299 028.0222 5718155 067.5043 341.8872 04.31404950 14655
1 27963U 87079BC  04121.66452130 +.00098454 +00000-0 +14087-0 0  9993
2 27963 065.3326 027.7712 5717156 067.5058 341.9026 04.31542097014682
1 27963U 87079BC  04122.12792633  .00091411  00000-0  12171+0 0  9997
2 27963 065.3231 027.5868 5721384 067.4180 341.8637 04.31613977 14706
1 27963U 87079BC  04122.82295433  .00112488  00000-0  14835+0 0  9997
2 27963  65.3153  27.3199 5720754  67.4184 342.0623  4.31795764 14734
1 27963U 87079BC  04123.28601193 +.00124530 +00000-0 +16497-0 0  9990
2 27963 065.3244 027.1580 5719611 067.4005 341.9757 04.31920320014755
1 27963U 87079BC  04123.98043356  .00120284  00000-0  15677+0 0  9998
2 27963 065.3258 026.9009 5719560 067.4025 341.9239 04.32082759 14782
1 27963U 87079BC  04124.67463281 +.00106623 +00000-0 +13555-0 0  9993
2 27963 065.3057 026.6100 5720283 067.4580 341.8564 04.32212598014818
1 27963U 87079BC  04124.90604016  .00099740  00000-0  11647+0 0  9992
2 27963 065.3050 026.5036 5725407 067.2024 341.9775 04.32250419 14822
1 27963U 87079BC  04125.83129730 +.00120895 +00000-0 +14251-0 0  9991
2 27963 065.3136 026.1538 5723140 067.2159 342.1996 04.32493934014864
1 27963U 87079BC  04126.29357974 +.00116816 +00000-0 +13767-0 0  9994
2 27963 065.3242 026.0251 5722448 067.3095 342.0125 04.32597516014889
1 27963U 87079BC  04126.98694282  .00132689  00000-0  15260+0 0  9991
2 27963 065.3152 025.7737 5722678 067.2953 342.0478 04.32785527 14917
1 27963U 87079BC  04127.91092033  .00145207  00000-0  15475+0 0  9999
2 27963  65.3407  25.3742 5725454  66.9772 342.1736  4.33065210 14955
1 27963U 87079BC  04128.83428612 +.00129000 +00000-0 +13708-0 0  9998
2 27963 065.3243 025.0261 5724105 067.0389 342.0484 04.33288269014998
1 27963U 87079BC  04129.06512460  .00170964  00000-0  18087+0 0  9998
2 27963  65.3249  24.9625 5723562  67.1781 342.1458  4.33406432 15008
1 27963U 87079BC  04129.98767729  .00105041  00000-0  11100+0 0  9992
2 27963 065.3231 024.6189 5722403 067.1947 341.8367 04.33587996 15042
1 27963U 87079BC  04130.67962183  .00128108  00000-0  13703+0 0  9991
2 27963  65.3470  24.3774 5720233  66.9052 342.2767  4.33795739 15075
1 27963U 87079BC  04130.91006287  .00139854  00000-0  14384+0 0  9998
2 27963 065.3247 024.2693 5722060 067.0352 342.1590 04.33877753 15082
1 27963U 87079BC  04131.83169632  .00133896  00000-0  12931+0 0  9990
2 27963  65.3291  23.8963 5724196  66.9241 342.1119  4.34119642 15122
1 27963U 87079BC  04132.06208111  .00149888  00000-0  14569+0 0  9999
2 27963  65.3362  23.8193 5723212  67.0338 342.1892  4.34207890 15135
1 27963U 87079BC  04132.98297828  .00163053  00000-0  15668+0 0  9994
2 27963  65.3301  23.4645 5721827  67.0282 342.1896  4.34513108 15174
1 27963U 87079BC  04133.90319643  .00176765  00000-0  16517+0 0  9995
2 27963  65.3185  23.0995 5721218  66.9927 342.1995  4.34848087 15218
1 27963U 87079BC  04134.82267725  .00153398  00000-0  13275+0 0  9995
2 27963  65.3234  22.7170 5723945  66.7340 342.0434  4.35109479 15257
1 27963U 87079BC  04135.28239111  .00170141  00000-0  15019+0 0  9997
2 27963  65.3214  22.5684 5721633  66.9181 342.2411  4.35281602 15278
1 27963U 87079BC  04135.74173607  .00180000  00000-0  15657+0 0  9998
2 27963  65.3112  22.4141 5721258  66.8324 342.2271  4.35463586 15292
1 27963U 87079BC  04135.97133612  .00182958  00000-0  15776+0 0  9991
2 27963  65.3161  22.3028 5721209  66.9035 342.1674  4.35545556 15301
1 27963U 87079BC  04137.80670757  .00164585  00000-0  15394+0 0  9993
2 27963  65.3011  21.6138 5712623  66.9949 341.6368  4.36113587 15381
1 27963U 87079BC  04142.84201031  .00235600  00000-0  17788+0 0  9994
2 27963  65.3005  19.6515 5711011  66.8256 345.1535  4.38173051 15604
1 27963U 87079BC  04143.75256035  .00269903  00000-0  19169+0 0  9997
2 27963  65.2989  19.2487 5710882  66.5208 342.4419  4.38696139 15649
1 27963U 87079BC  04144.89140722 -.00640815  00000-0 -44029+0 0  9998
2 27963  65.2985  18.8212 5715691  66.6208 342.0988  4.38246476 15697
1 27963U 87079BC  04146.03440986  .00294561  00000-0  19516+0 0  9995
2 27963  65.3066  18.2782 5695993  66.6087 350.2502  4.41479395 15742
1 27963U 87079BC  04148.96821076  .00170682  00000-0  10812+0 0  9999
2 27963  65.2865  17.1632 5703925  66.4775 319.0915  4.40661246 15879
1 27963U 87079BC  04153.95791404  .00298147  00000-0  17951+0 0  9993
2 27963  65.2537  15.1480 5685296  66.4702 342.1801  4.43852175 16096
1 27963U 87079BC  04159.56922308  .00237729  00000-0  13634+0 0  9998
2 27963  65.2058  12.8508 5670456  66.3537 334.9592  4.46461744 16341
1 27963U 87079BC  04160.02153543  .00262377  00000-0  14465+0 0  9998
2 27963  65.2057  12.6396 5671148  66.4662 342.0678  4.46670508 16369
1 27963U 87079BC  04160.69291272  .00257935  00000-0  14270+0 0  9991
2 27963  65.2107  12.3646 5668676  66.4241 342.0674  4.47015186 16390
1 27963U 87079BC  04160.91659659  .00254280  00000-0  14084+0 0  9996
2 27963  65.2076  12.2786 5667881  66.4013 342.0748  4.47125465 16409
1 27963U 87079BC  04161.58729590  .00251461  00000-0  13977+0 0  9990
2 27963  65.2039  11.9973 5665475  66.3719 342.0653  4.47460180 16435
1 27963U 87079BC  04162.03415643  .00256784  00000-0  14300+0 0  9996
2 27963  65.2043  11.7982 5663884  66.4214 342.0285  4.47685138 16456
1 27963U 87079BC  04164.93316800  .00392137  00000-0  22065+0 0  9992
2 27963  65.1784  10.6056 5647213  66.3010 347.6915  4.50110704 16589
1 27963U 87079BC  04170.67719564  .00370398  00000-0  22749+0 0  9998
2 27963  65.1168   8.1087 5610238  66.4469 345.8641  4.54965571 16846
1 27963U 87079BC  04171.11410050  .00370782  00000-0  22870+0 0  9998
2 27963  65.1108   7.9117 5607842  66.4028 341.7242  4.55290783 16860
1 27963U 87079BC  04171.55321798 +.00376068 +00000-0 +23894-0 0  9997
2 27963 065.1466 007.7808 5603982 066.3583 341.7265 04.55624170016886
1 27963U 87079BC  04172.64960323 +.00343743 +00000-0 +22140-0 0  9998
2 27963 065.1396 007.3251 5598406 066.3189 341.4372 04.56349635016935
1 27963U 87079BC  04176.58586172  .00239340  00000-0  16641+0 0  9996
2 27963  65.1190   5.6135 5581450  66.2259 341.6316  4.58244643 17124
1 27963U 87079BC  04176.80021507  .00233148  00000-0  16654+0 0  9991
2 27963  65.1083   5.5334 5579370  66.1832 335.2625  4.58331060 17121
1 27963U 87079BC  04177.45838805  .00161904  00000-0  12097+0 0  9997
2 27963  65.0895   5.2230 5575517  66.2397 341.4174  4.58517543 17152
1 27963U 87079BC  04181.81367514  .00160907  00000-0  12726+0 0  9997
2 27963  65.0679   3.2967 5562317  66.0434 342.8597  4.59992486 17351
1 27963U 87079BC  04182.68220887  .00125134  00000-0  11120+0 0  9994
2 27963  65.0439   2.9528 5554115  66.2399 341.2417  4.60155790 17392
1 27963U 87079BC  04183.11691000  .00086172  00000-0  77504-1 0  9990
2 27963  65.0270   2.7504 5553094  66.2518 341.3523  4.60197304 17414
1 27963U 87079BC  04183.11695700  .00117108  00000-0  10468+0 0  9999
2 27963  65.0590   2.6985 5553141  66.1307 341.4914  4.60239730 17425
1 27963U 87079BC  04189.62798507  .00256533  00000-0  29891+0 0  9996
2 27963  65.0063 359.9497 5531217  66.4467 335.5317  4.60962676 17711
1 27963U 87079BC  04191.58478286  .00021966  00000-0  24393-1 0  9997
2 27963  64.9960 359.0573 5535477  65.9635 341.4111  4.60797617 17814
1 27963U 87079BC  04191.79813179  .00024669  00000-0  27531-1 0  9994
2 27963  64.9924 358.9967 5535383  66.0075 335.3114  4.60816304 17815
1 27963U 87079BC  04194.62254016  .00025037  00000-0  31413-1 0  9992
2 27963  64.9730 357.7665 5526287  66.0719 341.3162  4.60940262 17956
1 27963U 87079BC  04196.57475201  .00025636  00000-0  29804-1 0  9995
2 27963  65.0057 357.0257 5530783  65.6731 341.6517  4.61066632 18033
1 27963U 87079BC  04211.52155286  .00023378  00000-0  48565-1 0  9992
2 27963  64.8777 350.5887 5481682  66.0237 341.0149  4.62024873 18728
1 27963U 87079BC  04223.42818744 -.00010339  00000-0 -26781-1 0  9990
2 27963 064.8109 345.6178 5464315 065.2144 341.1542 04.61893514 19260
1 27963U 87079BC  04236.42211667  .00000031  00000-0  10000-3 0  9990
2 27963 064.8028 340.2758 5466913 064.6214 334.3907 04.61609551 19874
1 27963U 87079BC  04245.30562818 -.00010377  00000-0 -26781-1 0  9991
2 27963 064.7973 336.6265 5468689 064.2161 328.7571 04.61258765 20281
1 27963U 87079BC  04245.30837932 -.00000026  00000-0  10000-3 0  9991
2 27963 064.7760 336.7067 5401050 064.2997 333.4068 04.61261987 20286
1 27963U 87079BC  04322.09207548  .00014739  00000-0  12585+0 0  9998
2 27963 065.4400 308.0098 5347708 056.4709 343.7679 04.61423713 23826
1 27963U 87079BC  04322.09208151  .00011922  00000-0  10184+0 0  9993
2 27963 065.4400 308.0098 5347708 056.4709 343.7833 04.61416437 23823
1 27963U 87079BC  04324.04246361  .00014294  00000-0  11161+0 0  9996
2 27963 065.3777 307.1217 5357810 056.0424 343.8948 04.61480666 23910
1 27963U 87079BC  04327.07597687  .00013757  00000-0  10798+0 0  9990
2 27963 065.3687 305.9209 5356628 056.0150 343.9774 04.61562714 24058
1 27963U 87079BC  04336.38966576  .00024100  00000-0  14100+0 0  9996
2 27963 065.4858 302.5871 5386056 055.5315 347.3309 04.62013843 24486
1 27963U 87079BC  04337.03715774  .00024608  00000-0  14443+0 0  9994
2 27963 065.4731 302.2179 5385435 055.2070 344.4955 04.62052980 24513
1 27963U 87079BC  04338.98475259  .00004830  00000-0  22840-1 0  9997
2 27963 065.5052 301.5449 5407013 055.1203 344.5459 04.62134095 24604
1 27963U 87079BC  04342.01412210  .00027049  00000-0  13091+0 0  9997
2 27963 065.6423 300.8062 5403459 055.7410 345.4797 04.62336646 24742
1 27963U 87079BC  04342.66233815  .00028731  00000-0  13248+0 0  9993
2 27963 065.6215 300.4953 5408067 055.0828 344.5912 04.62378132 24781
1 27963U 87079BC  04342.87856088  .00028764  00000-0  12819+0 0  9998
2 27963 065.6254 300.3170 5411319 055.1291 344.5094 04.62391578 24783
1 27963U 87079BC  04345.04099940  .00032907  00000-0  11888+0 0  9995
2 27963 065.5543 299.2455 5430389 054.5297 344.8951 04.62548556 24888
1 27963U 87079BC  04346.98647609  .00032677  00000-0  10601+0 0  9996
2 27963 065.5768 298.4276 5439336 054.2449 344.9842 04.62683795 24971
1 27963U 87079BC  04356.91760843  .00045610  00000-0  16090+0 0  9995
2 27963  65.5438 294.5262 5425083  53.6936 345.1354  4.63645246 25438
1 27963U 87079BC  04356.91760843 +.00045610 +00000-0 +16090+0 0  9995
2 27963 065.5438 294.5262 5425083 053.6936 345.1354 04.63645246025438
1 27963U 87079BC  04356.91760843  .00045610  00000-0  16090+0 0  9995
2 27963  65.5438 294.5262 5425083  53.6936 345.1354  4.63645246 25438
1 27963U 87079BC  04356.91760843 +.00045610 +00000-0 +16090+0 0  9995
2 27963 065.5438 294.5262 5425083 053.6936 345.1354 04.63645246025438
1 27963U 87079BC  04356.91760843  .00045610  00000-0  16090+0 0  9995
2 27963  65.5438 294.5262 5425083  53.6936 345.1354  4.63645246 25438
1 27963U 87079BC  04356.91760843  .00045610  00000-0  16090+0 0  9995
2 27963  65.5438 294.5262 5425083  53.6936 345.1354  4.63645246 25438
1 27963U 87079BC  04356.91760843  .00045610  00000-0  16090+0 0  9995
2 27963  65.5438 294.5262 5425083  53.6936 345.1354  4.63645246 25438
1 27963U 87079BC  04356.91760843  .00045610  00000-0  16090+0 0  9995
2 27963  65.5438 294.5262 5425083  53.6936 345.1354  4.63645246 25438
1 27963U 87079BC  04356.92171407  .00045624  00000-0  16095+0 0  9998
2 27963 065.5438 294.5246 5425081 053.6933 351.9882 04.63645621 25433
1 27963U 87079BC  04356.92171407 +.00045624 +00000-0 +16095-0 0  9999
2 27963 065.5438 294.5246 5425081 053.6933 351.9882 04.63645621025433
1 27963U 87079BC  04356.92171407 +.00045624 +00000-0 +16095-0 0  9999
2 27963 065.5438 294.5246 5425081 053.6933 351.9882 04.63645621025433
1 27963U 87079BC  04356.92171407  .00045624  00000-0  16095+0 0  9998
2 27963 065.5438 294.5246 5425081 053.6933 351.9882 04.63645621 25433
1 27963U 87079BC  04356.92171407  .00045624  00000-0  16095+0 0  9998
2 27963 065.5438 294.5246 5425081 053.6933 351.9882 04.63645621 25433
1 27963U 87079BC  04356.92171407  .00045624  00000-0  16095+0 0  9998
2 27963 065.5438 294.5246 5425081 053.6933 351.9882 04.63645621 25433
1 27963U 87079BC  04356.92171407 +.00045624 +00000-0 +16095+0 0  9998
2 27963 065.5438 294.5246 5425081 053.6933 351.9882 04.63645621025433
1 27963U 87079BC  04356.92171407 +.00045624 +00000-0 +16095+0 0  9998
2 27963 065.5438 294.5246 5425081 053.6933 351.9882 04.63645621025433
1 27963U 87079BC  04356.92171407 +.00045624 +00000-0 +16095+0 0  9998
2 27963 065.5438 294.5246 5425081 053.6933 351.9882 04.63645621025433
1 27963U 87079BC  04356.92171407 +.00045624 +00000-0 +16095+0 0  9998
2 27963 065.5438 294.5246 5425081 053.6933 351.9882 04.63645621025433
1 27963U 87079BC  04356.92171407 +.00045624 +00000-0 +16095+0 0  9998
2 27963 065.5438 294.5246 5425081 053.6933 351.9882 04.63645621025433
1 27963U 87079BC  04356.92171407 +.00045624 +00000-0 +16095+0 0  9998
2 27963 065.5438 294.5246 5425081 053.6933 351.9882 04.63645621025433
1 27963U 87079BC  04356.92171407 +.00045624 +00000-0 +16095+0 0  9998
2 27963 065.5438 294.5246 5425081 053.6933 351.9882 04.63645621025433
1 27963U 87079BC  04356.92171407 +.00045624 +00000-0 +16095+0 0  9998
2 27963 065.5438 294.5246 5425081 053.6933 351.9882 04.63645621025433
1 27963U 87079BC  04356.92171407 +.00045624 +00000-0 +16095+0 0  9998
2 27963 065.5438 294.5246 5425081 053.6933 351.9882 04.63645621025433
1 27963U 87079BC  04356.92171407 +.00045624 +00000-0 +16095+0 0  9998
2 27963 065.5438 294.5246 5425081 053.6933 351.9882 04.63645621025433
1 27963U 87079BC  04356.92171407 +.00045624 +00000-0 +16095+0 0  9998
2 27963 065.5438 294.5246 5425081 053.6933 351.9882 04.63645621025433
1 27963U 87079BC  04356.92171407 +.00045624 +00000-0 +16095+0 0  9998
2 27963 065.5438 294.5246 5425081 053.6933 351.9882 04.63645621025433
