1 07249U 74017  E 74089.57174371  .00000000 +00000-0 +00000-0 0  9994
2 07249 047.4592 035.0980 7244640 001.5372 359.8495 02.27690468000068
1 07249U 74017  E 74114.16340683  .00000792 +00000-0 +00000-0 0  9997
2 07249 047.3197 028.1231 7255662 007.4670 359.1769 02.27730826000668
1 07249U 74017  E 74117.23707051  .00000792 +00000-0 +00000-0 0  9994
2 07249 047.3468 027.3117 7254120 008.3454 359.0793 02.27735709000730
1 07249U 74017  E 74162.01879311  .00000398 +00000-0 +00000-0 0  9991
2 07249 047.5163 015.2687 7246081 020.1206 357.7448 02.27783426001750
1 07249U 74017  E 74167.72570944  .00000382 +00000-0 +00000-0 0  9997
2 07249 047.5289 013.6967 7244553 021.5511 357.5766 02.27787456001880
1 07249U 74017  E 74183.52920818  .00000016 +19631-8 +20445-3 0  9992
2 07249 047.5153 009.4235 7236381 025.4028 357.1087 02.27788648002244
1 07249U 74017  E 74186.16304488  .00000211 +19631-8 +20445-3 0  9991
2 07249 047.5153 008.7102 7236382 026.0791 357.0274 02.27793615002308
1 07249U 74017  E 74197.57625577  .00000244 +19630-8 +20445-3 0  9998
2 07249 047.5152 005.6187 7236341 029.0103 356.6705 02.27799955002566
1 07249U 74017  E 74242.78932332  .00000046 +19623-8 +20445-3 0  9994
2 07249 047.3487 352.9395 7239349 041.0415 355.1201 02.27803642003593
1 07249U 74017  E 74254.64100693  .00000014 +19621-8 +20445-3 0  9992
2 07249 047.3757 349.8715 7241029 044.2940 354.6716 02.27805136003865
1 07249U 74017  E 74279.66004179  .00000293 +19617-8 +20445-3 0  9997
2 07249 047.3499 342.9122 7252590 050.9469 353.7293 02.27823428004437
1 07249U 74017  E 74287.56019636  .00000672 +19616-8 +20445-3 0  9999
2 07249 047.3499 340.7435 7252552 053.0196 353.4070 02.27837439004616
1 07249U 74017  E 74299.84830186  .00000999 +19614-8 +20445-3 0  9994
2 07249 047.2732 337.2337 7257971 056.3632 352.8886 02.27863518004893
1 07249U 74017  E 74303.79781435  .00000943 +19613-8 +20445-3 0  9994
2 07249 047.2731 336.1439 7257907 057.4086 352.7145 02.27869464004980
1 07249U 74017  E 74307.74729343  .00000689 +19612-8 +20445-3 0  9999
2 07249 047.2730 335.0541 7257847 058.4540 352.5375 02.27870933005077
1 07249U 74017  E 74326.17622800  .00000887 +19611-8 +20445-3 0  9996
2 07249 047.1988 329.7792 7259627 063.5556 351.6395 02.27905124005490
1 07249U 74017  E 74335.38979146  .00000567 +19610-8 +20445-3 0  9991
2 07249 047.1446 327.1449 7258932 066.0635 351.1614 02.27915097005707
1 07249U 74017  E 75004.16907167  .00000382 +19609-8 +20445-3 0  9998
2 07249 047.0929 317.5881 7246943 075.3973 349.1149 02.27947309006478
1 07249U 74017  E 75014.25827598  .00000470 +19608-8 +20445-3 0  9995
2 07249 047.0684 314.6701 7244167 078.1192 348.4444 02.27953093006708
1 07249U 74017  E 75022.59260797  .00000075 +19606-8 +20445-3 0  9992
2 07249 047.0772 312.3695 7240340 080.1807 347.8977 02.27953724006893
1 07249U 74017  E 75033.11993455  .00000288 +19605-8 +20445-3 0  9991
2 07249 047.0771 309.4826 7240326 082.9761 347.1497 02.27961278007139
1 07249U 74017  E 75040.13803577  .00000139 +19604-8 +20445-3 0  9990
2 07249 047.0753 307.4907 7238427 085.0169 346.5589 02.27960996007290
1 07249U 74017  E 75046.27870464  .00000276 +19604-8 +20445-3 0  9992
2 07249 047.0269 305.7627 7236415 086.5391 346.0946 02.27967514007431
1 07249U 74017  E 75060.75293493  .00000309 +19602-8 +20445-3 0  9997
2 07249 047.0342 301.7483 7237684 090.3249 344.9104 02.27973229007762
1 07249U 74017  E 75076.98096371  .00000367 +19600-8 -20445-3 0  9998
2 07249 047.0112 297.1774 7238694 094.6359 343.4124 02.27981068008137
1 07249U 74017  E 75088.38389110  .00000292 +00000-0 +00000-0 0  9995
2 07249 047.0272 293.9239 7239866 097.9288 342.1502 02.27985400008391
1 07249U 74017  E 75092.33101367  .00000239 +00000-0 +00000-0 0  9992
2 07249 047.0272 292.8404 7239847 098.9804 341.7187 02.27986116008486
1 07249U 74017  E 75103.29482122  .00000379 +00000-0 +00000-0 0  9996
2 07249 047.0191 289.6657 7240109 101.8994 340.4544 02.27994779008732
1 07249U 74017  E 75112.50419996  .00000250 +00000-0 +00000-0 0  9997
2 07249 047.0181 287.0528 7241418 104.3189 339.3333 02.27997399008945
1 07249U 74017  E 75120.83607382  .00000213 +00000-0 +00000-0 0  9999
2 07249 047.0553 284.6841 7239530 106.7806 338.0719 02.28000495009132
1 07249U 74017  E 75131.79881760  .00000264 +00000-0 +00000-0 0  9996
2 07249 047.0600 281.6344 7236907 109.7051 336.4392 02.28006436009387
1 07249U 74017  E 75134.86837339  .00000136 +00000-0 +00000-0 0  9998
2 07249 047.0578 280.7822 7236002 110.4920 335.9713 02.28005250009454
1 07249U 74017  E 75141.44571445  .00000359 +00000-0 +00000-0 0  9990
2 07249 047.0571 278.9280 7233487 112.3175 334.8347 02.28010449009605
1 07249U 74017  E 75146.70751855  .00000226 +00000-0 +00000-0 0  9992
2 07249 047.0694 277.4698 7231849 113.8164 333.8552 02.28010480009727
1 07249U 74017  E 75156.35399532  .00000308 +00000-0 +00000-0 0  9995
2 07249 047.0647 274.7746 7226681 116.2753 332.1083 02.28014938009945
1 07249U 74017  E 75165.12334486  .00000008 +00000-0 +00000-0 0  9994
2 07249 047.0905 272.4082 7221210 118.6419 330.2792 02.28010689010147
1 07249U 74017  E 75168.63091086  .00000108 +00000-0 +00000-0 0  9990
2 07249 047.0964 271.4124 7219461 119.6446 329.4668 02.28013349010221
1 07249U 74017  E 75175.64623832  .00000065 +00000-0 +00000-0 0  9991
2 07249 047.1046 269.5002 7217624 121.4435 327.9561 02.28013165010382
1 07249U 74017  E 75179.59225509  .00000000 +00000-0 +00000-0 0  9997
2 07249 047.1133 268.3979 7216126 122.5007 327.0175 02.28012420010477
1 07249U 74017  E 75194.49875544  .00000645 +00000-0 +00000-0 0  9998
2 07249 047.0732 264.4124 7203970 126.4836 323.0534 02.28021567010811
1 07249U 74017  E 75201.07501599  .00000124 +00000-0 +00000-0 0  9999
2 07249 047.0663 262.6412 7202588 128.2768 321.1440 02.28013445010969
1 07249U 74017  E 75208.96611828  .00000526 +00000-0 +00000-0 0  9997
2 07249 047.0991 260.4652 7197777 130.4229 318.6410 02.28021760011143
1 07249U 74017  E 75211.15802094  .00000534 +00000-0 +00000-0 0  9998
2 07249 047.0976 259.8830 7197563 131.0162 317.9329 02.28024178011194
1 07249U 74017  E 75214.22687434  .00000151 +00000-0 +00000-0 0  9993
2 07249 047.0976 259.0627 7197536 131.8098 316.9662 02.28018588011261
1 07249U 74017  E 75215.98049544  .00000032 +00000-0 +00000-0 0  9999
2 07249 047.0977 258.5939 7197531 132.2632 316.4015 02.28016178011301
1 07249U 74017  E 75225.18696018  .00000193 +00000-0 +00000-0 0  9994
2 07249 047.0686 256.1617 7196960 134.3437 313.6792 02.28019517011510
1 07249U 74017  E 75234.39262673  .00000031 +00000-0 +00000-0 0  9994
2 07249 047.0830 253.6519 7192730 136.7718 310.1686 02.28015417011725
1 07249U 74017  E 75239.21450896  .00000116 +00000-0 +00000-0 0  9990
2 07249 047.0830 252.3663 7192732 138.0163 308.2864 02.28018309011833
1 07249U 74017  E 75244.03632496  .00000354 +00000-0 +00000-0 0  9998
2 07249 047.0880 251.0410 7191592 139.2941 306.2426 02.28011105011945
1 07249U 74017  E 75250.17300079  .00000016 +00000-0 +00000-0 0  9994
2 07249 047.0880 249.4061 7191627 140.8762 303.6059 02.28015644012087
1 07249U 74017  E 75256.30954885  .00000010 +00000-0 +00000-0 0  9999
2 07249 047.0879 247.7712 7191625 142.4584 300.8144 02.28015502012220
1 07249U 74017  E 75263.32248112  .00000079 +00000-0 +00000-0 0  9993
2 07249 047.0879 245.9028 7191623 144.2666 297.4257 02.28014185012388
1 07249U 74017  E 75267.26674934  .00000335 +00000-0 +00000-0 0  9990
2 07249 047.1204 244.8076 7191495 145.4601 295.0652 02.28012337012471
1 07249U 74017  E 75274.71754932  .00000114 +00000-0 +00000-0 0  9990
2 07249 047.1203 242.8240 7191536 147.3768 291.0672 02.28013066012649
1 07249U 74017  E 75279.97661923  .00000052 +00000-0 +00000-0 0  9991
2 07249 047.1548 241.3744 7192562 148.7675 288.0165 02.28015959012765
1 07249U 74017  E 75285.67399783  .00000195 +00000-0 +00000-0 0  9995
2 07249 047.1547 239.8576 7192557 150.2308 284.6254 02.28010418012894
1 07249U 74017  E 75289.17987633  .00000005 +00000-0 +00000-0 0  9991
2 07249 047.1546 238.9242 7192568 151.1312 282.4556 02.28013652012973
1 07249U 74017  E 75296.62968730  .00000061 +00000-0 +00000-0 0  9998
2 07249 047.1545 236.9409 7192567 153.0446 277.6271 02.28014501013147
1 07249U 74017  E 75300.57359358  .00000145 +00000-0 +00000-0 0  9991
2 07249 047.1544 235.8909 7192562 154.0575 274.9490 02.28011133013239
1 07249U 74017  E 75304.51702210  .00000402 +00000-0 +00000-0 0  9994
2 07249 047.2341 234.7398 7193660 155.1556 271.9696 02.28018710013329
1 07249U 74017  E 75315.47131820  .00000030 +00000-0 +00000-0 0  9991
2 07249 047.1629 231.8809 7192882 157.9884 263.7437 02.28013068013571
1 07249U 74017  E 75329.05322266 -.00000203 +00000-0 +00000-0 0  9999
2 07249 047.1628 228.2602 7193130 161.5613 252.4177 02.28010477013880
1 07249U 74017  E 75340.88131762 -.00000018 +00000-0 +00000-0 0  9996
2 07249 047.2185 225.0522 7190876 164.6826 241.6191 02.28014962014159
1 07249U 74017  E 75343.94783398  .00000008 +00000-0 +00000-0 0  9992
2 07249 047.2184 224.2376 7190876 165.4661 238.7972 02.28015646014224
1 07249U 74017  E 75348.32837339  .00000231 +00000-0 +00000-0 0  9992
2 07249 047.2183 223.0740 7190875 166.5853 234.6858 02.28020729014326
1 07249U 74017  E 75351.83145618  .00000189 +00000-0 +00000-0 0  9996
2 07249 047.2068 222.1694 7190472 167.7745 230.2136 02.28021027014404
1 07249U 74017  E 75361.90689943  .00000266 +00000-0 +00000-0 0  9995
2 07249 047.1658 219.4003 7189495 170.1714 220.9153 02.28024030014635
1 07249U 74017  E 76001.72556447 -.00000394 +00000-0 +00000-0 0  9992
2 07249 047.1442 218.1523 7188558 171.3255 216.3126 02.28013745014743
1 07249U 74017  E 76004.35395002 -.00000243 +00000-0 +00000-0 0  9995
2 07249 047.1322 217.4242 7187584 171.9365 213.8431 02.28013949014800
1 07249U 74017  E 76008.73382949 -.00000154 +00000-0 +00000-0 0  9998
2 07249 047.1322 216.2611 7187602 173.0598 209.2742 02.28017091014906
1 07249U 74017  E 76019.68281983 -.00000226 +00000-0 +00000-0 0  9990
2 07249 047.0640 213.4120 7189919 176.0448 196.8969 02.28015440015158
1 07249U 74017  E 76024.93836021  .00000160 +00000-0 +00000-0 0  9999
2 07249 047.0767 211.9295 7189497 177.3980 191.1916 02.28024239015279
1 07249U 74017  E 76049.02600526  .00000121 +00000-0 +00000-0 0  9992
2 07249 047.1390 205.4389 7193264 183.7559 164.2257 02.28024419015824
1 07249U 74017  E 76074.86709117  .00000486 +00000-0 +00000-0 0  9992
2 07249 047.1319 198.5550 7206295 190.4614 136.7052 02.28029084016419
1 07249U 74017  E 76077.93323516  .00000101 +00000-0 +00000-0 0  9992
2 07249 047.1319 197.7315 7206270 191.2567 133.6021 02.28024149016484
1 07249U 74017  E 76088.88398885  .00000120 +00000-0 +00000-0 0  9990
2 07249 047.1502 194.7178 7211031 194.0471 122.9840 02.28026538016730
1 07249U 74017  E 76092.82634973  .00000155 +00000-0 +00000-0 0  9998
2 07249 047.1502 193.6563 7211023 195.0713 119.2496 02.28027550016828
1 07249U 74017  E 76100.71002529  .00000516 +00000-0 +00000-0 0  9993
2 07249 047.1316 191.5660 7220700 197.3804 110.9778 02.28034112017008
1 07249U 74017  E 76110.78547092 -.00000057 +00000-0 +00000-0 0  9991
2 07249 047.1152 188.8238 7224816 200.0720 101.9867 02.28029290017232
1 07249U 74017  E 76114.72776171  .00000026 +00000-0 +00000-0 0  9996
2 07249 047.0910 187.7620 7228078 201.2240 098.2982 02.28031635017322
1 07249U 74017  E 76121.73712346  .00000180 +00000-0 +00000-0 0  9990
2 07249 047.1391 185.7730 7233295 203.1144 092.4920 02.28036255017485
1 07249U 74017  E 76125.67997071  .00000102 +00000-0 +00000-0 0  9991
2 07249 047.1389 184.5932 7232436 204.2251 089.2963 02.28036640017579
1 07249U 74017  E 76129.62315988  .00000333 +00000-0 +00000-0 0  9997
2 07249 047.0927 183.5513 7233083 205.2215 086.4934 02.28042683017661
1 07249U 74017  E 76132.69020552  .00000327 +00000-0 +00000-0 0  9991
2 07249 047.0688 182.7284 7233079 205.9989 084.3754 02.28043787017732
1 07249U 74017  E 76136.63394161  .00000134 +00000-0 +00000-0 0  9995
2 07249 047.0336 181.6523 7230530 206.9303 081.9544 02.28041782017829
1 07249U 74017  E 76139.70141310  .00000132 +00000-0 +00000-0 0  9990
2 07249 046.9934 180.8542 7231458 207.5733 080.2741 02.28043432017899
1 07249U 74017  E 76144.52008676  .00000197 +00000-0 +00000-0 0  9994
2 07249 047.0268 179.4069 7239470 209.1412 076.2083 02.28045686018004
1 07249U 74017  E 76147.58711575  .00000135 +00000-0 +00000-0 0  9994
2 07249 047.0666 178.5848 7239971 210.0144 074.1075 02.28045763018071
1 07249U 74017  E 76151.53071208  .00000100 +00000-0 +00000-0 0  9998
2 07249 046.9961 177.4545 7241131 211.0476 071.6889 02.28046526018162
1 07249U 74017  E 76158.54105615  .00000370 +00000-0 +00000-0 0  9995
2 07249 046.9599 175.5494 7245368 213.0935 067.1068 02.28055076018326
1 07249U 74017  E 76161.60880611 -.00000285 +00000-0 +00000-0 0  9998
2 07249 046.9002 174.6613 7244938 213.8194 065.5944 02.28046250018391
1 07249U 74017  E 76165.55268474 -.00000060 +00000-0 +00000-0 0  9994
2 07249 046.9001 173.5722 7244955 214.8828 063.4355 02.28048388018480
1 07249U 74017  E 76172.56405926  .00000343 +00000-0 +00000-0 0  9991
2 07249 046.8675 171.6133 7244819 216.7658 059.8113 02.28057914018646
1 07249U 74017  E 76176.50710389  .00000131 +00000-0 +00000-0 0  9996
2 07249 046.9143 170.4512 7255949 218.1953 057.0082 02.28055921018736
1 07249U 74017  E 76187.46392725  .00000317 +00000-0 +00000-0 0  9999
2 07249 046.8898 167.4020 7249719 220.7751 052.7746 02.28063479018988
1 07249U 74017  E 76195.35246468  .00000164 +00000-0 +00000-0 0  9998
2 07249 046.8296 165.2070 7252060 222.9215 049.4127 02.28063355019163
1 07249U 74017  E 76198.41994426  .00000329 +00000-0 +00000-0 0  9995
2 07249 046.8625 164.3220 7257692 223.8668 047.9324 02.28066823019237
1 07249U 74017  E 76214.19721389  .00000301 +00000-0 +00000-0 0  9995
2 07249 046.8785 159.9015 7269196 228.4145 041.7351 02.28072590019598
1 07249U 74017  E 76217.26511705  .00000269 +00000-0 +00000-0 0  9998
2 07249 046.8753 159.0260 7272879 229.2593 040.6674 02.28073394019661
1 07249U 74017  E 76220.33314454  .00000175 +00000-0 +00000-0 0  9998
2 07249 046.8753 158.1634 7272865 230.1025 039.6937 02.28072998019739
1 07249U 74017  E 76224.27779511  .00000671 +00000-0 +00000-0 0  9995
2 07249 046.8623 157.0483 7271862 230.9712 038.7371 02.28085129019824
1 07249U 74017  E 76228.22227793  .00000604 +00000-0 +00000-0 0  9990
2 07249 046.8623 155.9395 7271819 232.0556 037.5657 02.28088227019910
1 07249U 74017  E 76231.28999366  .00000463 +00000-0 +00000-0 0  9995
2 07249 046.8687 155.0705 7276770 232.9586 036.5474 02.28089961019988
1 07249U 74017  E 76235.23417554  .00001055 +00000-0 +00000-0 0  9996
2 07249 046.8685 153.9477 7280457 234.0850 035.3604 02.28103142020075
1 07249U 74017  E 76239.17835038  .00001058 +00000-0 +00000-0 0  9997
2 07249 046.8777 152.8284 7282065 235.1960 034.2658 02.28111599020164
1 07249U 74017  E 76242.24619712  .00000969 +00000-0 +00000-0 0  9998
2 07249 046.8752 151.9529 7280488 235.9411 033.5948 02.28115920020239
1 07249U 74017  E 76256.26727723  .00002868 +00000-0 +00000-0 0  9997
2 07249 046.9026 147.9460 7286560 239.6847 030.2849 02.28201589020550
1 07249U 74017  E 76260.20977480  .00002817 +00000-0 +00000-0 0  9997
2 07249 046.8169 146.8060 7290561 240.9701 029.2185 02.28222036020642
1 07249U 74017  E 76278.15556642  .00010873 +00000-0 +00000-0 0  9994
2 07249 046.8069 141.5495 7301776 246.2020 025.3937 02.28597387021051
