1 13675U 82113  D 82335.15940159  .00006086 +00000-0 +00000-3 0  9995
2 13675 047.3169 286.4644 7321885 001.1010 359.8142 02.21580791000114
1 13675U 82113  D 82337.86682762  .00003881 +00000-0 +07616-3 0  9998
2 13675 047.3035 285.7432 7323495 001.7791 359.5003 02.21592140000174
1 13675U 82113  D 82341.02574360  .00004132 +00000-0 +07498-3 0  9993
2 13675 047.2877 284.8863 7324826 002.5901 359.6410 02.21619916000248
1 13675U 82113  D 82345.08623068  .00005685 +00000-0 +05547-3 0  9990
2 13675 047.2726 283.8020 7323193 003.7225 359.6629 02.21673417000331
1 13675U 82113  D 82346.89027264  .00005886 +00000-0 +05765-3 0  9991
2 13675 047.2629 283.3021 7323595 004.2051 359.4236 02.21696472000370
1 13675U 82113  D 82356.81006726  .00008108 +00000-0 +08334-3 0  9999
2 13675 047.2251 280.6158 7327204 006.7278 359.2828 02.21854711000592
1 13675U 82113  D 82361.76717734  .00008060 +00000-0 +06258-3 0  9997
2 13675 047.2104 279.2646 7328014 008.0390 359.0770 02.21931458000706
1 13675U 82113  D 82365.82182866  .00008823 +00000-0 +05585-3 0  9999
2 13675 047.1932 278.1620 7329803 009.0672 359.0634 02.21999907000796
1 13675U 82113  D 83005.77555397  .00009774 +00000-0 +07489-3 0  9999
2 13675 047.1817 276.8014 7329580 010.4548 359.0631 02.22103381000904
1 13675U 82113  D 83010.72666084  .00010283 +00000-0 +03921-3 0  9990
2 13675 047.1502 275.4055 7332372 011.7242 358.7621 02.22204661001014
