1 24210U 96044C   96222.12205523 -.00000527  00000-0  00000+0 0  9997
2 24210 005.4843 118.3237 7294256 178.0351 131.3051 02.28273979    03
1 24210U 96044C   96222.19123575 +.00050221 +00000-0 +69574-2 0  9999
2 24210 005.4820 118.3165 7293179 178.0840 188.1276 02.28239268000006
1 24210U 96044C   96223.50028418 -.00000494 +00000-0 +00000-0 0  9990
2 24210 005.4294 118.0321 7295383 178.9069 183.4611 02.28187605000045
1 24210U 96044C   96223.50028418 -.00000494  00000-0  00000+0 0  9999
2 24210   5.4294 118.0321 7295383 178.9069 183.4611  2.28187605    23
1 24210U 96044C   96223.50028418 -.00000494  00000-0  00000-0 0  9990
2 24210   5.4294 118.0321 7295383 178.9069 183.4611  2.28187605    23
1 24210U 96044C   96223.50028418 -.00000494  00000-0  00000-0 0  9990
2 24210   5.4294 118.0321 7295383 178.9069 183.4611  2.28187605    23
1 24210U 96044C   96223.50028418 -.00000494  00000-0  00000+0 0  9999
2 24210   5.4294 118.0321 7295383 178.9069 183.4611  2.28187605    23
1 24210U 96044C   96223.93772132 -.00000394  00000-0  10000-4 0  9990
2 24210 005.4294 117.8507 7294336 179.2896 182.7981 02.28186586    35
1 24210U 96044C   96223.93772132 -.00000394 +00000-0 +10000-4 0  9990
2 24210 005.4294 117.8507 7294336 179.2896 182.7981 02.28186586000035
1 24210U 96044C   96223.93772132 -.00000394 +00000-0 +10000-4 0  9990
2 24210 005.4294 117.8507 7294336 179.2896 182.7981 02.28186586000035
1 24210U 96044C   96223.93772132 -.00000394 +00000-0 +10000-4 0  9990
2 24210 005.4294 117.8507 7294336 179.2896 182.7981 02.28186586000035
1 24210U 96044C   96223.93772132 -.00000394 +00000-0 +10000-4 0  9990
2 24210 005.4294 117.8507 7294336 179.2896 182.7981 02.28186586000035
1 24210U 96044C   96223.93772132 -.00000394  00000-0  10000-4 0  9990
2 24210 005.4294 117.8507 7294336 179.2896 182.7981 02.28186586    35
1 24210U 96044C   96223.93772132 -.00000394  00000-0  10000-4 0  9990
2 24210 005.4294 117.8507 7294336 179.2896 182.7981 02.28186586    35
1 24210U 96044C   96223.93772132 -.00000394 +00000-0 +10000-4 0  9990
2 24210 005.4294 117.8507 7294336 179.2896 182.7981 02.28186586000035
1 24210U 96044C   96223.93772132 -.00000394 +00000-0 +10000-4 0  9990
2 24210 005.4294 117.8507 7294336 179.2896 182.7981 02.28186586000035
1 24210U 96044C   96223.93772132 -.00000394 +00000-0 +10000-4 0  9990
2 24210 005.4294 117.8507 7294336 179.2896 182.7981 02.28186586000035
1 24210U 96044C   96223.93772132 -.00000394 +00000-0 +10000-4 0  9990
2 24210 005.4294 117.8507 7294336 179.2896 182.7981 02.28186586000035
1 24210U 96044C   96223.93772132 -.00000394 +00000-0 +10000-4 0  9990
2 24210 005.4294 117.8507 7294336 179.2896 182.7981 02.28186586000035
1 24210U 96044C   96223.93772132 -.00000394 +00000-0 +10000-4 0  9990
2 24210 005.4294 117.8507 7294336 179.2896 182.7981 02.28186586000035
1 24210U 96044C   96223.93772132 -.00000394 +00000-0 +10000-4 0  9990
2 24210 005.4294 117.8507 7294336 179.2896 182.7981 02.28186586000035
