0 TBA - TO BE ASSIGNED
1 43670U 10007AM  18318.56913509  .00002259  00000-0  24999-2 0  9990
2 43670  65.2777 116.2887 5896293  37.8206 351.6457  4.07944536  5139
0 SL-12 DEB
1 43670U 10007AM  18321.51069755  .00002279  00000-0  23894-2 0  9999
2 43670  65.2565 115.2435 5895725  37.7560 351.6704  4.07957356  5244
0 SL-12 DEB
1 43670U 10007AM  18327.39358095 -.00000083  00000-0 -62343-4 0  9996
2 43670  65.2619 113.1957 5896753  37.3971 351.7097  4.07968951  5489
0 SL-12 DEB
1 43670U 10007AM  18333.52157454  .00001988  00000-0  20796-2 0  9991
2 43670  65.2433 111.0284 5896529  37.2384 351.7556  4.07974017  5728
0 SL-12 DEB
1 43670U 10007AM  18336.46294539  .00002326  00000-0  24116-2 0  9990
2 43670  65.2409 110.0099 5897152  36.9254 351.8236  4.07983662  5844
0 SL-12 DEB
1 43670U 10007AM  18340.38463863  .00000407  00000-0  56434-3 0  9991
2 43670  65.2407 108.6403 5897551  36.7322 351.8459  4.07992471  6005
0 SL-12 DEB
1 43670U 10007AM  18343.32588838 -.00000053  00000-0  12390-3 0  9999
2 43670  65.2404 107.6199 5897562  36.5985 351.8862  4.07995018  6129
0 SL-12 DEB
1 43670U 10007AM  18348.47309272  .00001470  00000-0  15355-2 0  9999
2 43670  65.2401 105.8164 5897676  36.3673 351.9742  4.07998033  6337
0 SL-12 DEB
1 43670U 10007AM  18349.45349991  .00001919  00000-0  19963-2 0  9997
2 43670  65.2473 105.4798 5897741  36.2976 351.9918  4.08001218  6373
0 SL-12 DEB
1 43670U 10007AM  18351.41428459  .00001723  00000-0  18313-2 0  9994
2 43670  65.2279 104.7814 5897687  36.0958 352.0348  4.08007000  6458
0 SL-12 DEB
1 43670U 10007AM  18352.39466246 +.00001392 +00000-0 +15268-2 0  9996
2 43670 065.2257 104.4371 5897770 036.0407 352.0440 04.08009541006513
0 SL-12 DEB
1 43670U 10007AM  18352.39466246 +.00001392 +00000-0 +15268-2 0  9996
2 43670 065.2257 104.4371 5897770 036.0407 352.0440 04.08009541006490
0 SL-12 DEB
1 43670U 10007AM  18358.27686069 -.00000411  00000-0 -30613-3 0  9991
2 43670  65.2245 102.3806 5898229  35.7477 352.1320  4.08015893  6732
0 SL-12 DEB
1 43670U 10007AM  18363.42380285  .00001433  00000-0  15747-2 0  9998
2 43670  65.2159 100.5613 5896776  35.6867 352.1630  4.08017440  6946
0 SL-12 DEB
1 43670U 10007AM  18364.40416217 +.00001686 +00000-0 +18925-2 0  9993
2 43670 065.2175 100.2204 5896971 035.6186 352.1760 04.08019876006981
0 SL-12 DEB
1 43670U 10007AM  19001.36485518  .00001735  00000-0  20572-2 0  9993
2 43670  65.2144  99.5409 5897239  35.3877 352.2272  4.08026903  7064
0 SL-12 DEB
1 43670U 10007AM  19002.34518780  .00001383  00000-0  17296-2 0  9998
2 43670  65.2093  99.1954 5897219  35.3133 352.2464  4.08029978  7104
0 SL-12 DEB
1 43670U 10007AM  19006.26646479  .00000193  00000-0  44633-3 0  9994
2 43670  65.2003  97.8145 5897079  35.1552 352.3172  4.08038498  7260
0 SL-12 DEB
1 43670U 10007AM  19007.24677387  .00000132  00000-0  33432-3 0  9993
2 43670  65.2030  97.4779 5896910  35.1189 352.3364  4.08040266  7302
0 SL-12 DEB
1 43670U 10007AM  19008.22708100 -.00000076 +00000-0 +58975-4 0  9998
2 43670 065.2021 097.1341 5896969 035.0691 352.3585 04.08040941007366
0 SL-12 DEB
1 43670U 10007AM  19008.22708100 -.00000076  00000-0  58975-4 0  9998
2 43670  65.2021  97.1341 5896969  35.0691 352.3585  4.08040941  7344
0 SL-12 DEB
1 43670U 10007AM  19014.35394969  .00001497  00000-0  17313-2 0  9999
2 43670  65.2184  95.0035 5897379  34.7418 352.4514  4.08048716  7598
0 SL-12 DEB
1 43670U 10007AM  19018.27500527  .00001963  00000-0  23223-2 0  9998
2 43670  65.2049  93.6186 5897429  34.4679 352.5262  4.08067184  7750
0 SL-12 DEB
1 43670U 10007AM  19023.17614930  .00000616  00000-0  66640-3 0  9992
2 43670  65.2084  91.9057 5897597  34.2446 352.6210  4.08078214  7955
0 SL-12 DEB
1 43670U 10007AM  19029.30238217  .00002050  00000-0  23894-2 0  9990
2 43670  65.2137  89.7682 5898174  33.9304 352.6824  4.08094414  8204
0 SL-12 DEB
1 43670U 10007AM  19031.26271722 +.00002734 +00000-0 +31014-2 0  9998
2 43670 065.2177 089.0860 5898410 033.8189 352.7202 04.08105083008309
0 SL-12 DEB
1 43670U 10007AM  19031.26271722  .00002734  00000-0  31014-2 0  9998
2 43670  65.2177  89.0860 5898410  33.8189 352.7202  4.08105083  8286
0 SL-12 DEB
1 43670U 10007AM  19032.97796293 +.00003420 +00000-0 +37467-2 0  9993
2 43670 065.2191 088.4859 5898508 033.7319 352.7562 04.08117430008373
0 SL-12 DEB
1 43670U 10007AM  19032.97796293  .00003420  00000-0  37467-2 0  9993
2 43670  65.2191  88.4859 5898508  33.7319 352.7562  4.08117430  8351
0 SL-12 DEB
1 43670U 10007AM  19045.22858688  .00003734  00000-0  39543-2 0  9997
2 43670  65.2296  84.1984 5899138  33.1246 352.9038  4.08171559  8859
0 SL-12 DEB
1 43670U 10007AM  19046.20856489  .00004324  00000-0  44864-2 0  9991
2 43670  65.2307  83.8551 5899395  33.0605 352.9248  4.08182950  8895
0 SL-12 DEB
1 43670U 10007AM  19046.94353883 +.00003809 +00000-0 +38458-2 0  9991
2 43670 065.2338 083.5921 5900510 032.9704 352.9537 04.08188387008944
0 SL-12 DEB
1 43670U 10007AM  19047.18852581  .00003725  00000-0  37656-2 0  9993
2 43670  65.2378  83.5154 5900231  32.9729 352.9537  4.08190356  8931
0 SL-12 DEB
1 43670U 10007AM  19048.16846602 +.00003487 +00000-0 +34574-2 0  9990
2 43670 065.2373 083.1685 5900373 032.9219 352.9710 04.08197066008996
0 SL-12 DEB
1 43670U 10007AM  19048.16846602  .00003487  00000-0  34574-2 0  9990
2 43670  65.2373  83.1685 5900373  32.9219 352.9710  4.08197066  8974
0 SL-12 DEB
1 43670U 10007AM  19050.86321464 +.00002876 +00000-0 +27550-2 0  9991
2 43670 065.2356 082.2151 5900687 032.7845 353.0006 04.08212769009108
0 SL-12 DEB
1 43670U 10007AM  19050.86321464  .00002876  00000-0  27550-2 0  9991
2 43670  65.2356  82.2151 5900687  32.7845 353.0006  4.08212769  9085
0 SL-12 DEB
1 43670U 10007AM  19060.17170510  .00006383  00000-0  62466-2 0  9992
2 43670  65.2331  78.9440 5901387  32.3468 353.0721  4.08259929  9461
0 SL-12 DEB
1 43670U 10007AM  19062.13120870 +.00004943 +00000-0 +47304-2 0  9998
2 43670 065.2415 078.2671 5901581 032.2626 353.0958 04.08281879009566
0 SL-12 DEB
1 43670U 10007AM  19063.11092355  .00004963  00000-0  45829-2 0  9995
2 43670  65.2453  77.9179 5903031  32.1638 353.1211  4.08292409  9587
0 SL-12 DEB
1 43670U 10007AM  19064.09061098  .00004318  00000-0  39995-2 0  9994
2 43670  65.2633  77.6065 5902417  32.1559 353.1170  4.08300451  9623
0 SL-12 DEB
1 43670U 10007AM  19067.02956680  .00003153  00000-0  28749-2 0  9991
2 43670  65.2614  76.5707 5903586  31.9313 353.1475  4.08320415  9749
0 SL-12 DEB
1 43670U 10007AM  19075.11109598  .00006220  00000-0  55739-2 0  9995
2 43670  65.2606  73.7344 5903993  31.5495 353.2158  4.08376534 10075
0 SL-12 DEB
1 43670U 10007AM  19075.84571006  .00005888  00000-0  52338-2 0  9993
2 43670  65.2479  73.4688 5903999  31.5782 353.2083  4.08384050 10109
0 SL-12 DEB
1 43670U 10007AM  19080.98753795  .00004055  00000-0  35555-2 0  9998
2 43670  65.2727  71.6809 5905702  31.2360 353.2410  4.08442553 10313
0 SL-12 DEB
1 43670U 10007AM  19082.94616469 +.00003564 +00000-0 +31749-2 0  9997
2 43670 065.2669 070.9760 5906238 031.1196 353.2554 04.08459618010417
0 SL-12 DEB
1 43670U 10007AM  19082.94616469  .00003564  00000-0  31749-2 0  9997
2 43670  65.2669  70.9760 5906238  31.1196 353.2554  4.08459618 10394
0 SL-12 DEB
1 43670U 10007AM  19088.08722670  .00007925  00000-0  67719-2 0  9991
2 43670  65.2613  69.1652 5906364  30.8708 353.3209  4.08509090 10600
0 SL-12 DEB
1 43670U 10007AM  19088.08722670 +.00007925 +00000-0 +67719-2 0  9991
2 43670 065.2613 069.1652 5906364 030.8708 353.3209 04.08509090010600
0 SL-12 DEB
1 43670U 10007AM  19092.00369595  .00007028  00000-0  60327-2 0  9993
2 43670  65.3009  67.8394 5905171  30.8432 353.3090  4.08561323 10769
0 SL-12 DEB
1 43670U 10007AM  19103.01556294  .00008120  00000-0  65778-2 0  9990
2 43670  65.3068  63.9829 5907013  30.2066 353.4344  4.08742730 11215
0 SL-12 DEB
1 43670U 10007AM  19103.01556296  .00011638  00000-0  99452-2 0  9996
2 43670  65.3142  64.0178 5904189  30.3009 353.4139  4.08765048 11215
0 SL-12 DEB
1 43670U 10007AM  19105.95105262 +.00009365 +00000-0 +74186-2 0  9995
2 43670 065.2782 062.8950 5908011 029.9902 353.4764 04.08822715011323
0 SL-12 DEB
1 43670U 10007AM  19107.66321936 +.00008337 +00000-0 +67896-2 0  9991
2 43670 065.2946 062.3174 5907050 029.9526 353.4678 04.08855804011422
0 SL-12 DEB
1 43670U 10007AM  19107.66321936  .00008337  00000-0  67896-2 0  9991
2 43670  65.2946  62.3174 5907050  29.9526 353.4678  4.08855804 11398
0 SL-12 DEB
1 43670U 10007AM  19111.82087525  .00006927  00000-0  56759-2 0  9996
2 43670  65.2917  60.8516 5907317  29.6994 353.5294  4.08918739 11562
0 SL-12 DEB
1 43670U 10007AM  19116.95594445 +.00009121 +00000-0 +73432-2 0  9995
2 43670 065.2852 059.0363 5906254 029.4932 353.5995 04.09000482011802
0 SL-12 DEB
1 43670U 10007AM  19116.95594445  .00009121  00000-0  73432-2 0  9995
2 43670  65.2852  59.0363 5906254  29.4932 353.5995  4.09000482 11778
0 SL-12 DEB
1 43670U 10007AM  19117.68942036  .00008643  00000-0  72541-2 0  9997
2 43670  65.2664  58.7500 5903934  29.6638 353.5539  4.09014164 11805
0 SL-12 DEB
1 43670U 10007AM  19117.93392001 +.00009200 +00000-0 +74448-2 0  9994
2 43670 065.2694 058.6797 5905840 029.5252 353.5899 04.09018746011847
0 SL-12 DEB
1 43670U 10007AM  19117.93392001  .00009200  00000-0  74448-2 0  9994
2 43670  65.2694  58.6797 5905840  29.5252 353.5899  4.09018746 11814
0 SL-12 DEB
1 43670U 10007AM  19118.91186046 +.00008858 +00000-0 +70030-2 0  9994
2 43670 065.2715 058.3451 5907046 029.3895 353.6212 04.09036964011882
0 SL-12 DEB
1 43670U 10007AM  19118.91186046  .00008858  00000-0  70030-2 0  9994
2 43670  65.2715  58.3451 5907046  29.3895 353.6212  4.09036964 11859
0 SL-12 DEB
1 43670U 10007AM  19119.88974904  .00008416  00000-0  66849-2 0  9992
2 43670  65.2877  57.9917 5906904  29.3721 353.6214  4.09055126 11897
0 SL-12 DEB
1 43670U 10007AM  19144.80955236  .00008612  00000-0  67237-2 0  9999
2 43670  65.2630  49.1710 5904365  28.1637 353.9848  4.09580559 12913
0 SL-12 DEB
1 43670U 10007AM  19157.74647298  .00008346  00000-0  63986-2 0  9993
2 43670  65.2643  44.5979 5903370  27.4822 354.1966  4.09804095 13443
0 SL-12 DEB
1 43670U 10007AM  19168.72544924  .00005634  00000-0  42440-2 0  9994
2 43670  65.2923  40.7646 5904087  26.8375 354.3712  4.09953172 13896
0 SL-12 DEB
1 43670U 10007AM  19169.70115951  .00005186  00000-0  38929-2 0  9996
2 43670  65.2952  40.4233 5903952  26.7913 354.3835  4.09967370 13930
0 SL-12 DEB
1 43670U 10007AM  19180.67649144  .00004924  00000-0  36450-2 0  9997
2 43670  65.3832  36.7243 5904566  26.0856 354.5493  4.10069107 14383
0 SL-12 DEB
1 43670U 10007AM  19181.40807797  .00005274  00000-0  38339-2 0  9996
2 43670  65.3812  36.4644 5904858  26.0266 354.5675  4.10077905 14413
0 SL-12 DEB
1 43670U 10007AM  19185.55345411  .00002983  00000-0  21015-2 0  9993
2 43670  65.3812  35.0004 5905045  25.7969 354.6118  4.10117190 14585
0 SL-12 DEB
1 43670U 10007AM  19191.64898657  .00006605  00000-0  50284-2 0  9990
2 43670  65.2809  32.6391 5902447  25.6883 354.6034  4.10173116 14834
0 SL-12 DEB
1 43670U 10007AM  19196.52477576  .00003203  00000-0  23944-2 0  9999
2 43670  65.2880  30.9266 5901478  25.5368 354.7188  4.10215938 15038
0 SL-12 DEB
1 43670U 10007AM  19197.49982139  .00002154  00000-0  16090-2 0  9990
2 43670  65.2739  30.5666 5901312  25.4794 354.6488  4.10219558 15078
0 SL-12 DEB
1 43670U 10007AM  19201.64387839  .00003368  00000-0  25898-2 0  9993
2 43670  65.2919  29.1123 5901884  25.2110 354.6775  4.10239684 15244
0 SL-12 DEB
1 43670U 10007AM  19202.61891815  .00003193  00000-0  24667-2 0  9994
2 43670  65.2770  28.7583 5902258  25.0935 354.6997  4.10246139 15286
0 SL-12 DEB
1 43670U 10007AM  19207.49392331  .00000626  00000-0  52196-3 0  9991
2 43670  65.2595  27.0116 5899272  25.0417 354.7095  4.10268041 15489
0 SL-12 DEB
1 43670U 10007AM  19215.53729868  .00001726  00000-0  13952-2 0  9992
2 43670  65.2399  24.1472 5900199  24.5215 354.7724  4.10295151 15813
0 SL-12 DEB
1 43670U 10007AM  19217.48711342 +.00001424 +00000-0 +11863-2 0  9990
2 43670 065.2391 023.4555 5900447 024.4253 354.7878 04.10301912015921
0 SL-12 DEB
1 43670U 10007AM  19218.46201543  .00001525  00000-0  12945-2 0  9990
2 43670  65.2556  23.1366 5898409  24.4876 354.7712  4.10304210 15938
0 SL-12 DEB
1 43670U 10007AM  19219.43690936 +.00001214 +00000-0 +10184-2 0  9994
2 43670 065.2547 022.7917 5898530 024.4375 354.7851 04.10307088016003
0 SL-12 DEB
1 43670U 10007AM  19219.43690936  .00001214  00000-0  10184-2 0  9994
2 43670  65.2547  22.7917 5898530  24.4375 354.7851  4.10307088 15978
0 SL-12 DEB
1 43670U 10007AM  19231.37906659 -.00000943 +00000-0 -61710-3 0  9995
2 43670 065.2307 018.5492 5897286 023.7472 354.8888 04.10318285016467
0 SL-12 DEB
1 43670U 10007AM  19241.37130950  .00000075  00000-0  14999-3 0  9990
2 43670  65.2087  14.9885 5895236  23.3469 354.9537  4.10326756 16872
0 SL-12 DEB
1 43670U 10007AM  19248.43864005 +.00002608 +00000-0 +21630-2 0  9992
2 43670 065.2105 012.4982 5896073 022.8963 355.0703 04.10361808017197
0 SL-12 DEB
1 43670U 10007AM  19248.43864005  .00002608  00000-0  21630-2 0  9992
2 43670  65.2105  12.4982 5896073  22.8963 355.0703  4.10361808 17164
0 SL-12 DEB
1 43670U 10007AM  19253.31221904 +.00001068 +00000-0 +98409-3 0  9998
2 43670 065.2142 010.7779 5895681 022.6299 355.1142 04.10387918017364
0 SL-12 DEB
1 43670U 10007AM  19260.37863174  .00003018  00000-0  26711-2 0  9996
2 43670  65.1968   8.2574 5894089  22.2395 355.2244  4.10416100 17650
0 SL-12 DEB
1 43670U 10007AM  19271.34276877  .00004988  00000-0  42903-2 0  9991
2 43670  65.1793   4.3588 5894985  21.6462 355.3753  4.10461342 18106
0 SL-12 DEB
1 43670U 10007AM  19274.26624525  .00003516  00000-0  30930-2 0  9995
2 43670  65.1667   3.2971 5893006  21.5754 355.4141  4.10487342 18229
0 SL-12 DEB
1 43670U 10007AM  19275.24069217  .00002441  00000-0  21794-2 0  9999
2 43670  65.1710   2.9729 5892387  21.5569 355.4228  4.10495772 18266
0 SL-12 DEB
1 43670U 10007AM  19285.22807581  .00003111  00000-0  28643-2 0  9997
2 43670  65.1548 359.4131 5892544  21.0724 355.5555  4.10559669 18670
0 SL-12 DEB
1 43670U 10007AM  19304.22377919  .00003794  00000-0  31438-2 0  9999
2 43670  65.1407 352.6576 5893774  20.1579 356.6273  4.10708417 19459
0 SL-12 DEB
1 43670U 10007AM  19307.14459384  .00004161  00000-0  34322-2 0  9994
2 43670  65.1525 351.6167 5894744  19.8735 355.8770  4.10784739 19579
0 SL-12 DEB
1 43670U 10007AM  19314.20378439  .00006336  00000-0  50557-2 0  9994
2 43670  65.1563 349.1061 5894576  19.5719 355.9684  4.10856140 19861
0 SL-12 DEB
1 43670U 10007AM  19319.07131020 +.00003833 +00000-0 +29330-2 0  9991
2 43670 065.1488 347.3573 5895720 019.2985 356.0246 04.10917904020098
0 SL-12 DEB
1 43670U 10007AM  19319.07131020  .00003833  00000-0  29330-2 0  9991
2 43670  65.1488 347.3573 5895720  19.2985 356.0246  4.10917904 20065
0 SL-12 DEB
1 43670U 10007AM  19325.15482263  .00008033  00000-0  60432-2 0  9990
2 43670  65.1828 345.2322 5896604  19.0070 356.0688  4.10990850 20316
0 SL-12 DEB
1 43670U 10007AM  19326.12807123  .00010473  00000-0  77961-2 0  9990
2 43670  65.1549 344.8341 5896689  19.0136 356.0707  4.11007078 20356
0 SL-12 DEB
1 43670U 10007AM  19329.04755276  .00008947  00000-0  62022-2 0  9990
2 43670  65.1558 343.8067 5899401  18.7573 356.1312  4.11066597 20473
0 SL-12 DEB
1 43670U 10007AM  19336.10158425 +.00008140 +00000-0 +56525-2 0  9994
2 43670 065.1595 341.2917 5899837 018.4651 356.1492 04.11169584020791
0 SL-12 DEB
1 43670U 10007AM  19336.10158425  .00008140  00000-0  56525-2 0  9994
2 43670  65.1595 341.2917 5899837  18.4651 356.1492  4.11169584 20768
0 SL-12 DEB
1 43670U 10007AM  19349.96062334  .00009004  00000-0  54326-2 0  9992
2 43670  65.1518 336.3263 5904740  17.8300 356.2448  4.11413495 21335
0 SL-12 DEB
1 43670U 10007AM  19357.25139776  .00012151  00000-0  67616-2 0  9991
2 43670  65.1342 333.7006 5906811  17.2120 356.3655  4.11566729 21634
0 SL-12 DEB
1 43670U 10007AM  20003.90798733  .00001469  00000-0  71888-3 0  9994
2 43670  65.1426 329.5250 5911843  16.8714 356.4229  4.11644253 22117
0 SL-12 DEB
1 43670U 10007AM  20023.82676718 +.00001643 +00000-0 +86935-3 0  9998
2 43670 065.1454 322.3768 5914824 015.8332 356.6183 04.11723271022939
0 SL-12 DEB
1 43670U 10007AM  20023.82676718  .00001643  00000-0  86935-3 0  9998
2 43670  65.1454 322.3768 5914824  15.8332 356.6183  4.11723271 22939
0 SL-12 DEB
1 43670U 10007AM  20023.82676718 +.00001643 +00000-0 +86935-3 0  9998
2 43670 065.1454 322.3768 5914824 015.8332 356.6183 04.11723271022939
0 SL-12 DEB
1 43670U 10007AM  20023.82676718 +.00001643 +00000-0 +86935-3 0  9998
2 43670 065.1454 322.3768 5914824 015.8332 356.6183 04.11723271022939
0 SL-12 DEB
1 43670U 10007AM  20023.82676718 +.00001643 +00000-0 +86935-3 0  9998
2 43670 065.1454 322.3768 5914824 015.8332 356.6183 04.11723271022939
0 SL-12 DEB
1 43670U 10007AM  20023.82676718 +.00001643 +00000-0 +86935-3 0  9998
2 43670 065.1454 322.3768 5914824 015.8332 356.6183 04.11723271022939
0 SL-12 DEB
1 43670U 10007AM  20023.82676718 +.00001643 +00000-0 +86935-3 0  9998
2 43670 065.1454 322.3768 5914824 015.8332 356.6183 04.11723271022939
0 SL-12 DEB
1 43670U 10007AM  20023.82676718 +.00001643 +00000-0 +86935-3 0  9998
2 43670 065.1454 322.3768 5914824 015.8332 356.6183 04.11723271022939
0 SL-12 DEB
1 43670U 10007AM  20023.82676718 +.00001643 +00000-0 +86935-3 0  9998
2 43670 065.1454 322.3768 5914824 015.8332 356.6183 04.11723271022939
0 SL-12 DEB
1 43670U 10007AM  20023.82676718 +.00001643 +00000-0 +86935-3 0  9998
2 43670 065.1454 322.3768 5914824 015.8332 356.6183 04.11723271022939
0 SL-12 DEB
1 43670U 10007AM  20023.82676718 +.00001643 +00000-0 +86935-3 0  9998
2 43670 065.1454 322.3768 5914824 015.8332 356.6183 04.11723271022939
0 SL-12 DEB
1 43670U 10007AM  20023.82676718 +.00001643 +00000-0 +86935-3 0  9998
2 43670 065.1454 322.3768 5914824 015.8332 356.6183 04.11723271022939
0 SL-12 DEB
1 43670U 10007AM  20023.82676718 +.00001643 +00000-0 +86935-3 0  9998
2 43670 065.1454 322.3768 5914824 015.8332 356.6183 04.11723271022939
0 SL-12 DEB
1 43670U 10007AM  20023.82676718 +.00001643 +00000-0 +86935-3 0  9998
2 43670 065.1454 322.3768 5914824 015.8332 356.6183 04.11723271022939
0 SL-12 DEB
1 43670U 10007AM  20023.82676718  .00001643  00000-0  86935-3 0  9998
2 43670  65.1454 322.3768 5914824  15.8332 356.6183  4.11723271 22939
0 SL-12 DEB
1 43670U 10007AM  20023.82676718  .00001643  00000-0  86935-3 0  9998
2 43670  65.1454 322.3768 5914824  15.8332 356.6183  4.11723271 22939
