1 10724U 78016  B 80246.70850607  .00324156 -15930-4 +36823-3 0  9998
2 10724 026.6793 044.8484 4665535 080.7855 327.4276 06.37476757004173
1 10724U 78016  B 80249.52602255  .00337522 -16085-4 +37706-3 0  9999
2 10724 026.6832 040.6907 4655413 087.7586 322.9616 06.39369955004354
1 10724U 78016  B 80250.46310452  .00356324 -16339-4 +41764-3 0  9991
2 10724 026.6873 039.2420 4649563 090.1629 321.3399 06.40094503004412
1 10724U 78016  B 80251.86680852  .00360638 -15937-4 +40868-3 0  9990
2 10724 026.6808 037.2081 4644981 093.5316 318.6991 06.41122433004502
1 10724U 78016  B 80252.80143054  .00354079 -15995-4 +40123-3 0  9993
2 10724 026.6778 035.8086 4641315 095.8633 316.9023 06.41769073004562
1 10724U 78016  B 80255.44423245  .00343265 -15950-4 +40066-3 0  9991
2 10724 026.6855 031.8670 4630055 102.4908 311.2596 06.43564554004733
1 10724U 78016  B 80257.61507771  .00342430 -15826-4 +40130-3 0  9996
2 10724 026.6959 028.6351 4621573 107.8830 306.4762 06.45037379004874
1 10724U 78016  B 80260.55257833  .00345498 +05893-5 +07073-4 0  9994
2 10724 026.6898 024.0293 4613277 115.6138 298.6059 06.47078800005060
1 10724U 78016  B 80262.40319253  .00333404 -15905-4 +38608-3 0  9991
2 10724 026.6923 021.3937 4603675 119.9739 293.5241 06.48281740005189
1 10724U 78016  B 80265.47901771  .00339729 -15729-4 +42663-3 0  9999
2 10724 026.7002 016.8796 4588678 127.5043 283.7558 06.50397491005386
1 10724U 78016  B 80276.46487039  .00343462 -15594-4 +41153-3 0  9998
2 10724 026.7025 000.0756 4548070 155.6963 235.1497 06.57923717000467
1 10724U 78016  B 80277.37435109  .00344214 -15790-4 +42655-3 0  9992
2 10724 026.7033 358.6950 4543340 158.0304 230.2207 06.58534835000527
1 10724U 78016  B 80289.41185701  .00367508 -15688-4 +46870-3 0  9990
2 10724 026.7340 339.9047 4492996 189.3172 158.9018 06.67307159001329
1 10724U 78016  B 80309.39571749  .00334794 +06140-5 +06965-4 0  9997
2 10724 026.7428 308.0274 4422990 242.7987 065.7355 06.80859756002678
1 10724U 78016  B 80310.12891918  .00343976 -15971-4 +38082-3 0  9991
2 10724 026.7345 306.8751 4420233 244.7367 063.5034 06.81338309002727
1 10724U 78016  B 80312.32581248  .00330823 -16264-4 +37052-3 0  9996
2 10724 026.7316 303.3091 4411896 250.7165 057.5149 06.82755333002879
1 10724U 78016  B 80315.24817770  .00323415 -16232-4 +36233-3 0  9996
2 10724 026.7263 298.5503 4401468 258.6775 050.2443 06.84630246003078
1 10724U 78016  B 80319.90849479  .00312468 -16414-4 +34497-3 0  9992
2 10724 026.7331 290.9238 4385906 271.3999 040.8834 06.87538227003396
1 10724U 78016  B 80321.36074075  .00311490 -16156-4 +34548-3 0  9991
2 10724 026.7336 288.5353 4380704 275.4042 037.7535 06.88444951003492
1 10724U 78016  B 80325.12815853  .00314397 -16244-4 +33707-3 0  9999
2 10724 026.7178 282.3416 4368886 285.7989 031.2270 06.90821124003757
1 10724U 78016  B 80332.05117518  .00308782 -16427-4 +34051-3 0  9999
2 10724 026.7179 270.7813 4344402 305.0779 021.4336 06.95048357004233
1 10724U 78016  B 80332.19499723  .00311361 -16436-4 +33154-3 0  9995
2 10724 026.7216 270.5225 4345228 305.5562 021.2488 06.95150106004245
1 10724U 78016  B 80334.20598070  .00331353 -16580-4 +35327-3 0  9991
2 10724 026.7207 267.1550 4337731 311.1996 018.8144 06.96502763004389
1 10724U 78016  B 80339.93058774 -.00423809 +06622-5 +08721-4 0  9992
2 10724 026.7320 257.5124 4320724 327.2736 013.3915 06.99134445004780
1 10724U 78016  B 80341.78308693  .00346735 -16785-4 +41303-3 0  9990
2 10724 026.7001 254.3887 4304455 332.5698 008.9838 07.01729487004915
1 10724U 78016  B 80343.06472529  .00338190 -16585-4 +40496-3 0  9999
2 10724 026.7033 252.2288 4299578 336.2086 008.5986 07.02574468005002
1 10724U 78016  B 80352.83447181  .00379943 +07195-5 +08311-4 0  9999
2 10724 026.6947 235.5331 4258524 004.1776 359.6303 07.09583139005691
1 10724U 78016  B 81021.70656964  .00342750 -18092-4 +41263-3 0  9996
2 10724 026.6478 173.7387 4129360 107.2833 301.0864 07.33631809008217
1 10724U 78016  B 81026.59854276  .00296721 -17936-4 +34120-3 0  9990
2 10724 026.6448 164.8523 4116584 122.3618 283.4906 07.36339766008579
1 10724U 78016  B 81029.44303926  .00296568 -17763-4 +34120-3 0  9995
2 10724 026.6551 159.5945 4107421 131.1319 272.4184 07.38024983008782
1 10724U 78016  B 81062.37700093  .00329921 -16814-4 +35454-3 0  9997
2 10724 026.7679 097.8255 3999419 234.4947 081.5391 07.58590638000082
1 10724U 78016  B 81064.34977351  .00330630 -16470-4 +35108-3 0  9992
2 10724 026.7714 094.0730 3992975 240.8017 073.6433 07.59888254000239
1 10724U 78016  B 81065.26935700  .00334502 -16562-4 +35890-3 0  9998
2 10724 026.7676 092.3131 3989172 243.7434 070.3315 07.60512544000301
1 10724U 78016  B 81066.45053795  .00347195 -16684-4 +35993-3 0  9996
2 10724 026.7651 090.0700 3986152 247.5365 066.1139 07.61356274000394
1 10724U 78016  B 81068.15476111  .00331405 -16490-4 +35099-3 0  9995
2 10724 026.7667 086.8156 3979352 253.0068 060.4160 07.62447925000526
1 10724U 78016  B 81069.33332785  .00323831 -16414-4 +34106-3 0  9992
2 10724 026.7693 084.5603 3975626 256.8005 056.8580 07.63186843000614
1 10724U 78016  B 81069.33335700  .00323783 -16456-4 +24485-2 0  9992
2 10724 026.7706 084.5604 3975690 256.8004 056.9371 07.63186741000616
1 10724U 78016  B 81086.22977266  .00377274 +06355-5 +08211-3 0  9999
2 10724 026.7016 051.5993 3915003 311.9925 020.6429 07.74672031000001
1 10724U 78016  B 81088.29194261  .00379644 -16286-4 +29181-2 0  9999
2 10724 026.7604 047.5893 3905919 318.7553 017.4982 07.76235171000173
1 10724U 78016  B 81089.06419853  .00379325 -15993-4 +40301-3 0  9990
2 10724 026.7496 046.0574 3902406 321.3255 016.3274 07.76816961000230
1 10724U 78016  B 81094.83609522  .00438013 -16038-4 +47997-3 0  9994
2 10724 026.6973 034.4700 3874526 340.7167 009.0072 07.81793576000685
1 10724U 78016  B 81096.11321834  .00435296 -16313-4 +46558-3 0  9992
2 10724 026.6761 031.8861 3869583 345.0049 006.0866 07.82927659000784
1 10724U 78016  B 81098.79012647  .00441693 -15836-4 +47659-3 0  9997
2 10724 026.6828 026.5153 3856630 354.0429 002.4706 07.85289632000995
1 10724U 78016  B 81129.76938722  .00450235 -16168-4 +30100-2 0  9993
2 10724 026.6508 322.0560 3710136 101.9973 301.1949 08.14267268000003
1 10724U 78016  B 81131.48485455  .00467845 -16097-4 +30638-2 0  9997
2 10724 026.6463 318.3680 3702241 108.1932 295.0128 08.15900426000142
1 10724U 78016  B 81133.44105990  .00462457 -16213-4 +29027-2 0  9992
2 10724 026.6501 314.1863 3694134 115.2656 287.3024 08.17696497000304
1 10724U 78016  B 81134.78332061  .00443083 -16402-4 +26463-2 0  9996
2 10724 026.6669 311.1490 3689427 120.4907 281.3872 08.18877612000416
1 10724U 78016  B 81138.67655427  .00459000 -16617-4 +34091-2 0  9992
2 10724 026.6511 302.9208 3664638 133.8296 263.0362 08.22390205000732
1 10724U 78016  B 81138.67655570  .00462204 -16388-4 +34344-2 0  9997
2 10724 026.6511 302.9211 3664562 133.8292 263.0390 08.22402581000730
1 10724U 78016  B 81181.09879272  .00325311 -17988-4 +17270-2 0  9991
2 10724 026.7086 207.7597 3525878 293.2388 033.7856 08.51183896000006
1 10724U 78016  B 81186.02045442 -.05959775 -17978-4 -30500-1 0  9996
2 10724 026.6931 196.3884 3510730 312.2527 022.5448 08.54394374000421
1 10724U 78016  B 81186.02055408  .02101847 -17861-4 +12760-1 0  9992
2 10724 026.7159 196.3628 3515307 312.3882 022.7773 08.52502393000423
1 10724U 78016  B 81186.02055635  .00002787 -17772-4 +99999-6 0  9990
2 10724 026.7109 196.4130 3510731 312.2184 022.8700 08.54494304000422
1 10724U 78016  B 81221.03539006  .00411489 -18246-4 +19685-2 0  9990
2 10724 026.6286 113.1769 3370410 091.5372 306.5754 08.82270059000000
1 10724U 78016  B 81221.03540534  .00411033 -17986-4 +19609-2 0  9999
2 10724 026.6284 113.1729 3370495 091.5419 306.6223 08.82269537000000
1 10724U 78016  B 81221.03540578  .00410048 -17904-4 +19670-2 0  9990
2 10724 026.6283 113.1621 3370339 091.5750 306.6102 08.82268190000005
1 10724U 78016  B 81221.03540606  .00411315 -18061-4 +19568-2 0  9991
2 10724 026.6270 113.1764 3370574 091.5382 306.6264 08.82270306000002
1 10724U 78016  B 81221.03540837  .00411426 -17756-4 +19648-2 0  9999
2 10724 026.6282 113.1762 3370463 091.5400 306.6317 08.82270268000007
