1 18111U 87040  E 87166.02622205  .00000663 +00000-0 +50158-3 0  9995
2 18111 047.5499 089.6237 7215852 009.2502 358.8377 02.32868702000059
1 18111U 87040  E 87166.88501681  .00000182 +00000-0 +99999-4 0  9996
2 18111 047.5542 089.3983 7214194 009.5054 358.7938 02.32869079000012
1 18111U 87040  E 87167.31452074  .00000181 +00000-0 +99999-4 0  9995
2 18111 047.5108 089.3161 7213963 009.5979 358.8581 02.32869249000022
1 18111U 87040  E 87170.32038784  .00000182 +00000-0 +99999-4 0  9999
2 18111 047.5410 088.4309 7214342 010.4050 358.7634 02.32870409000090
1 18111U 87040  E 87172.46741786  .00000177 +00000-0 +99999-4 0  9993
2 18111 047.5450 087.8216 7213007 010.9958 358.6736 02.32870428000142
1 18111U 87040  E 87172.46742694  .00000177 +00000-0 +99999-4 0  9992
2 18111 047.5451 087.8214 7213010 010.9959 358.6812 02.32870429000142
1 18111U 87040  E 87174.18507667  .00000175 +00000-0 +99999-4 0  9990
2 18111 047.5437 087.3375 7212378 011.4656 358.6387 02.32870843000186
1 18111U 87040  E 87177.19059529  .00000176 +00000-0 +99999-4 0  9994
2 18111 047.5349 086.4885 7212724 012.2384 358.6094 02.32881933000251
1 18111U 87040  E 87178.04938153  .00000175 +00000-0 +99999-4 0  9997
2 18111 047.5430 086.2420 7212356 012.4717 358.5917 02.32882099000277
1 18111U 87040  E 87178.90817384  .00000168 +00000-0 +99999-4 0  9996
2 18111 047.5416 086.0088 7210406 012.6964 358.7086 02.32887404000295
1 18111U 87040  E 87179.33740653  .00000170 +00000-0 +99999-4 0  9991
2 18111 047.5483 085.8847 7210932 012.8096 358.5728 02.32887682000302
1 18111U 87040  E 87181.05494343  .00000169 +00000-0 +99999-4 0  9993
2 18111 047.5549 085.3953 7210907 013.2698 358.5406 02.32888101000347
1 18111U 87040  E 87181.48432453  .00000166 +00000-0 +99999-4 0  9991
2 18111 047.5409 085.2719 7209864 013.3758 358.5387 02.32888408000358
1 18111U 87040  E 87181.91369434  .00000172 +00000-0 +99999-4 0  9994
2 18111 047.5642 085.1348 7211757 013.4990 358.5725 02.32893749000368
1 18111U 87040  E 87183.20173508  .00000171 +00000-0 +99999-4 0  9992
2 18111 047.5668 084.7711 7211485 013.8430 358.4822 02.32893989000392
1 18111U 87040  E 87184.48982944  .00000171 +00000-0 +99999-4 0  9995
2 18111 047.5711 084.4024 7211426 014.1821 358.4464 02.32894692000426
1 18111U 87040  E 87187.49536005  .00000169 +00000-0 +99999-4 0  9999
2 18111 047.5794 083.5512 7210823 014.9853 358.3563 02.32896172000493
1 18111U 87040  E 87188.35404428  .00000167 +00000-0 +99999-4 0  9996
2 18111 047.5868 083.3108 7210217 015.2142 358.3164 02.32896702000515
1 18111U 87040  E 87189.21277793  .00000166 +00000-0 +99999-4 0  9994
2 18111 047.5890 083.0699 7210017 015.4438 358.2984 02.32896865000531
1 18111U 87040  E 87192.21836713  .00000165 +00000-0 +99999-4 0  9990
2 18111 047.6028 082.2255 7209621 016.2446 358.2605 02.32897548000608
1 18111U 87040  E 87193.93582786  .00000157 +00000-0 +99999-4 0  9999
2 18111 047.5982 081.7403 7207155 016.7220 358.2526 02.32898872000647
1 18111U 87040  E 87195.22386366  .00000156 +00000-0 +99999-4 0  9998
2 18111 047.5976 081.3864 7206873 017.0623 358.1818 02.32899112000678
1 18111U 87040  E 87196.51192738  .00000158 +00000-0 +99999-4 0  9991
2 18111 047.6067 081.0001 7207538 017.3944 358.1370 02.32899394000707
1 18111U 87040  E 87198.22933274  .00000156 +00000-0 +99999-4 0  9997
2 18111 047.6021 080.5221 7206824 017.8635 358.0676 02.32899734000744
1 18111U 87040  E 87199.08803810  .00000154 +00000-0 +99999-4 0  9992
2 18111 047.5899 080.2953 7206291 018.0944 358.0357 02.32899886000765
1 18111U 87040  E 87200.37610442  .00000154 +00000-0 +99999-4 0  9994
2 18111 047.6230 079.9504 7206050 018.4272 358.0749 02.32903501000791
1 18111U 87040  E 87201.23471439  .00000153 +00000-0 +99999-4 0  9990
2 18111 047.6089 079.7148 7205860 018.6547 357.9790 02.32903836000818
1 18111U 87040  E 87202.09341688  .00000153 +00000-0 +99999-4 0  9997
2 18111 047.6064 079.4698 7205815 018.8695 358.0244 02.32906314000836
1 18111U 87040  E 87270.78221287  .00000134 +00000-0 +99999-4 0  9999
2 18111 047.7269 060.3342 7198951 037.0114 355.4998 02.32937719002438
1 18111U 87040  E 87272.92865087  .00000134 +00000-0 +99999-4 0  9999
2 18111 047.7248 059.7318 7198912 037.5894 355.4341 02.32937963002485
1 18111U 87040  E 87281.08503248  .00000134 +00000-0 +99999-4 0  9994
2 18111 047.7484 057.5520 7198968 039.6312 355.0813 02.32938361002671
1 18111U 87040  E 87283.23141512  .00000134 +00000-0 +99999-4 0  9995
2 18111 047.7651 056.9713 7199392 040.1629 354.9880 02.32939008002721
1 18111U 87040  E 87284.94854880  .00000134 +00000-0 +99999-4 0  9993
2 18111 047.7527 056.4692 7199383 040.6430 354.9206 02.32938975002767
1 18111U 87040  E 87285.80712975  .00000134 +00000-0 +99999-4 0  9997
2 18111 047.6950 056.2375 7199257 040.8508 354.9193 02.32939748002786
1 18111U 87040  E 87287.09496666  .00000134 +00000-0 +99999-4 0  9996
2 18111 047.7117 055.7844 7199258 041.3091 354.8776 02.32941182002816
1 18111U 87040  E 87291.81696409  .00000229 +00000-0 +23666-3 0  9990
2 18111 047.7033 054.4744 7199225 042.5618 354.7026 02.32944169002927
1 18111U 87040  E 87293.96321238  .00000117 +00000-0 +74485-4 0  9995
2 18111 047.7232 053.9078 7199667 043.0503 354.5306 02.32943936002976
1 18111U 87040  E 87294.82177934  .00000183 +00000-0 +16903-3 0  9996
2 18111 047.7329 053.6525 7199596 043.2890 354.5232 02.32944834002997
1 18111U 87040  E 87297.82664902  .00000142 +00000-0 +10889-3 0  9997
2 18111 047.7209 052.8056 7199883 044.1148 354.3807 02.32944714003061
1 18111U 87040  E 87297.82666003  .00000140 +00000-0 +10889-3 0  9999
2 18111 047.7195 052.8225 7199255 044.0852 354.3754 02.32944024003062
1 18111U 87040  E 87305.55357475  .00000142 +00000-0 +10889-3 0  9991
2 18111 047.6897 050.6702 7200044 046.1649 354.1543 02.32946307003242
1 18111U 87040  E 87305.55384223  .00000141 +00000-0 +10889-3 0  9991
2 18111 047.6897 050.6701 7200044 046.1648 354.1543 02.32946307003240
1 18111U 87040  E 87311.99243819  .00000144 +00000-0 +10889-3 0  9994
2 18111 047.7261 048.6993 7200804 047.9727 353.8722 02.32950673003399
1 18111U 87040  E 87315.85576647  .00000884 +00000-0 +11243-2 0  9996
2 18111 047.7182 047.7569 7200541 048.9000 353.7689 02.32957217003485
1 18111U 87040  E 87315.85603141  .00000883 +00000-0 +11243-2 0  9995
2 18111 047.7182 047.7569 7200541 048.9000 353.7689 02.32957218003486
1 18111U 87040  E 87318.43118306  .00000400 +00000-0 +46608-3 0  9995
2 18111 047.7058 047.0316 7200143 049.6033 353.6055 02.32956983003544
1 18111U 87040  E 87318.86045378  .00000397 +00000-0 +46275-3 0  9995
2 18111 047.7035 046.9071 7200103 049.7236 353.6081 02.32957238003551
1 18111U 87040  E 87319.71893659  .00000419 +00000-0 +48419-3 0  9990
2 18111 047.7047 046.6523 7200752 049.9506 353.5671 02.32958061003576
1 18111U 87040  E 87319.71920153  .00000419 +00000-0 +48419-3 0  9990
2 18111 047.7047 046.6523 7200752 049.9505 353.5671 02.32958061003575
1 18111U 87040  E 87321.86539953  .00000223 +00000-0 +21583-3 0  9999
2 18111 047.6948 046.0498 7201023 050.5107 353.4515 02.32957650003622
1 18111U 87040  E 87324.44062394  .00000276 +00000-0 +28397-3 0  9994
2 18111 047.6963 045.3279 7201276 051.1928 353.3730 02.32959184003684
1 18111U 87040  E 87327.01610802  .00000255 +00000-0 +25580-3 0  9991
2 18111 047.6894 044.5985 7201417 051.8991 353.2928 02.32959974003748
1 18111U 87040  E 87327.01637423  .00000255 +00000-0 +25580-3 0  9999
2 18111 047.6894 044.5984 7201417 051.8990 353.2928 02.32959974003746
1 18111U 87040  E 87330.45008192  .00000186 +00000-0 +16324-3 0  9995
2 18111 047.6994 043.6464 7201352 052.7910 353.1876 02.32960027003821
1 18111U 87040  E 87330.45034941  .00000185 +00000-0 +16324-3 0  9995
2 18111 047.6994 043.6464 7201352 052.7910 353.1876 02.32960027003821
1 18111U 87040  E 87332.59625869  .00000281 +00000-0 +29508-3 0  9992
2 18111 047.7133 043.0176 7200921 053.3863 353.0877 02.32961597003874
1 18111U 87040  E 87333.88394175  .00000597 +00000-0 +70408-3 0  9993
2 18111 047.6952 042.6746 7201665 053.7065 353.0459 02.32966153003907
1 18111U 87040  E 87333.88420795  .00000596 +00000-0 +70408-3 0  9990
2 18111 047.6952 042.6746 7201665 053.7064 353.0459 02.32966153003906
1 18111U 87040  E 87336.45925564  .00000518 +00000-0 +59886-3 0  9991
2 18111 047.7148 041.9369 7201701 054.3908 352.8891 02.32967706003960
1 18111U 87040  E 87336.45952058  .00000517 +00000-0 +59886-3 0  9998
2 18111 047.7148 041.9368 7201701 054.3908 352.8891 02.32967706003969
1 18111U 87040  E 87337.74695844  .00000492 +00000-0 +56463-3 0  9998
2 18111 047.7219 041.5725 7201714 054.7330 352.8550 02.32968504003990
1 18111U 87040  E 87337.74722338  .00000491 +00000-0 +56463-3 0  9996
2 18111 047.7219 041.5725 7201714 054.7329 352.8550 02.32968504003998
1 18111U 87040  E 87340.75158499  .00000525 +00000-0 +60437-3 0  9996
2 18111 047.7255 040.7242 7201883 055.5361 352.7959 02.32971616004064
1 18111U 87040  E 87342.46846529  .00000555 +00000-0 +64645-3 0  9992
2 18111 047.7278 040.2170 7201750 056.0215 352.7404 02.32973785004100
1 18111U 87040  E 87342.89793461  .00000556 +00000-0 +64652-3 0  9994
2 18111 047.7277 040.0962 7201822 056.1346 352.7130 02.32974216004119
1 18111U 87040  E 87344.61452581  .00000533 +00000-0 +61151-3 0  9997
2 18111 047.7276 039.6061 7202031 056.5964 352.6431 02.32975466004150
1 18111U 87040  E 87344.61479075  .00000532 +00000-0 +61151-3 0  9993
2 18111 047.7276 039.6061 7202031 056.5964 352.6431 02.32975467004151
1 18111U 87040  E 87352.34019330  .00000413 +00000-0 +44290-3 0  9999
2 18111 047.7172 037.4180 7202889 058.6744 352.2454 02.32980009004333
1 18111U 87040  E 87354.48629796  .00000389 +00000-0 +40984-3 0  9997
2 18111 047.7251 036.8204 7203046 059.2398 352.2330 02.32981120004382
1 18111U 87040  E 87354.48656290  .00000388 +00000-0 +40984-3 0  9995
2 18111 047.7251 036.8204 7203046 059.2398 352.2330 02.32981121004383
1 18111U 87040  E 87355.77392182  .00000355 +00000-0 +37317-3 0  9995
2 18111 047.7237 036.4227 7202524 059.6359 352.1912 02.32981424004414
1 18111U 87040  E 87357.06152203  .00000110 +00000-0 +60175-4 0  9995
2 18111 047.6955 036.1001 7202533 059.9603 352.1322 02.32980773004446
1 18111U 87040  E 87357.06178950  .00000110 +00000-0 +60175-4 0  9992
2 18111 047.6955 036.1000 7202533 059.9602 352.1322 02.32980774004445
1 18111U 87040  E 87358.77832479  .00000327 +00000-0 +32914-3 0  9993
2 18111 047.6493 035.6142 7203306 060.3918 352.0719 02.32982875004485
1 18111U 87040  E 87358.77859100  .00000326 +00000-0 +32914-3 0  9992
2 18111 047.6493 035.6142 7203306 060.3918 352.0719 02.32982876004486
1 18111U 87040  E 87359.63669439  .00000627 +00000-0 +67059-3 0  9994
2 18111 047.6730 035.3772 7204802 060.6113 352.0423 02.32986672004501
1 18111U 87040  E 87360.92421656  .00000675 +00000-0 +70646-3 0  9994
2 18111 047.6616 035.0074 7205682 060.8989 351.9585 02.32988602004531
1 18111U 87040  E 87361.78257660  .00000669 +00000-0 +69683-3 0  9993
2 18111 047.6651 034.7686 7205846 061.1148 351.9123 02.32989567004559
1 18111U 87040  E 87361.78284280  .00000669 +00000-0 +69683-3 0  9991
2 18111 047.6651 034.7685 7205846 061.1148 351.9123 02.32989567004558
1 18111U 87040  E 87362.64093753  .00000649 +00000-0 +67842-3 0  9993
2 18111 047.6802 034.5150 7205610 061.3486 351.8665 02.32990279004571
1 18111U 87040  E 87363.07011841  .00000651 +00000-0 +68553-3 0  9992
2 18111 047.6824 034.3992 7205386 061.4673 351.8446 02.32990718004582
1 18111U 87040  E 87364.78684525  .00000519 +00000-0 +52344-3 0  9990
2 18111 047.6729 033.9124 7205870 061.9333 351.7522 02.32990796004629
1 18111U 87040  E 88001.07441659  .00000480 +00000-0 +49233-3 0  9990
2 18111 047.7033 033.5851 7205012 062.2273 351.7461 02.32992400004655
1 18111U 87040  E 88001.93277128  .00000513 +00000-0 +52261-3 0  9995
2 18111 047.7046 033.3492 7205507 062.4277 351.7122 02.32993512004674
1 18111U 87040  E 88002.79113819  .00000538 +00000-0 +54854-3 0  9993
2 18111 047.6947 033.0912 7205621 062.6880 351.6862 02.32994572004695
1 18111U 87040  E 88005.79535505  .00000702 +00000-0 +75436-3 0  9998
2 18111 047.6653 032.2133 7204927 063.5440 351.5871 02.32999883004762
1 18111U 87040  E 88006.65391132  .00000697 +00000-0 +74108-3 0  9998
2 18111 047.6630 031.9763 7205260 063.7610 351.5076 02.33000909004786
1 18111U 87040  E 88009.65771309  .00000705 +00000-0 +74296-3 0  9997
2 18111 047.6703 031.1296 7205519 064.5602 351.3413 02.33004731004855
1 18111U 87040  E 88009.65799087  .00000705 +00000-0 +74296-3 0  9990
2 18111 047.6703 031.1296 7205519 064.5601 351.3413 02.33004731004854
1 18111U 87040  E 88012.66173900  .00000701 +00000-0 +72898-3 0  9997
2 18111 047.6678 030.2787 7205845 065.3622 351.1696 02.33008373004929
1 18111U 87040  E 88012.66201678  .00000700 +00000-0 +72898-3 0  9990
2 18111 047.6678 030.2786 7205845 065.3622 351.1696 02.33008373004928
1 18111U 87040  E 88013.52002889  .00000708 +00000-0 +74292-3 0  9997
2 18111 047.6753 030.0236 7205610 065.6043 351.1282 02.33009789004945
1 18111U 87040  E 88013.52030667  .00000708 +00000-0 +74292-3 0  9992
2 18111 047.6753 030.0235 7205610 065.6042 351.1282 02.33009789004943
1 18111U 87040  E 88014.80746796  .00000718 +00000-0 +74292-3 0  9992
2 18111 047.6627 029.6795 7206057 065.9236 351.0730 02.33011405004970
1 18111U 87040  E 88014.80774571  .00000717 +00000-0 +74292-3 0  9993
2 18111 047.6627 029.6795 7206057 065.9236 351.0730 02.33011405004970
1 18111U 87040  E 88016.52404769  .00000724 +00000-0 +74292-3 0  9991
2 18111 047.6713 029.1882 7206330 066.4118 351.0055 02.33013843005011
1 18111U 87040  E 88017.81148584  .00000747 +00000-0 +74292-3 0  9999
2 18111 047.6695 028.8329 7207359 066.7795 350.9443 02.33014876005047
1 18111U 87040  E 88019.52802507  .00000732 +00000-0 +74292-3 0  9995
2 18111 047.6772 028.3156 7206693 067.2199 350.8636 02.33016830005089
1 18111U 87040  E 88022.10275176  .00000740 +00000-0 +74292-3 0  9998
2 18111 047.6568 027.5860 7207028 067.9136 350.6925 02.33019892005143
1 18111U 87040  E 88022.53187458  .00000742 +00000-0 +74292-3 0  9992
2 18111 047.6574 027.4507 7207100 068.0281 350.6695 02.33020434005150
1 18111U 87040  E 88023.81921192  .00000747 +00000-0 +74292-3 0  9990
2 18111 047.6607 027.0821 7207309 068.3682 350.5811 02.33022226005184
1 18111U 87040  E 88024.24860060  .00000746 +00000-0 +74292-3 0  9993
2 18111 047.6666 026.9403 7207258 068.4963 350.5418 02.33022475005199
1 18111U 87040  E 88034.54729263  .00000616 +00000-0 +60218-3 0  9995
2 18111 047.6705 024.0090 7207172 071.2569 349.9951 02.33032006005435
1 18111U 87040  E 88037.55092265  .00000619 +00000-0 +60218-3 0  9997
2 18111 047.6575 023.1477 7207284 072.0731 349.7762 02.33035022005500
1 18111U 87040  E 88040.55454072  .00000638 +00000-0 +60218-3 0  9990
2 18111 047.6644 022.2873 7208308 072.8771 349.5731 02.33037782005573
1 18111U 87040  E 88042.69998045  .00000628 +00000-0 +60218-3 0  9999
2 18111 047.6810 021.6808 7207775 073.4565 349.4479 02.33039746005620
1 18111U 87040  E 88046.56171231  .00000613 +00000-0 +60218-3 0  9993
2 18111 047.7039 020.5780 7206934 074.5051 349.2029 02.33043256005719
1 18111U 87040  E 88047.41987395  .00000616 +00000-0 +60218-3 0  9997
2 18111 047.7043 020.3332 7207058 074.7317 349.1592 02.33044193005737
1 18111U 87040  E 88049.56519508  .00000620 +00000-0 +60218-3 0  9997
2 18111 047.7062 019.7205 7207247 075.2943 348.9893 02.33046406005785
1 18111U 87040  E 88052.56866477  .00000658 +00000-0 +60218-3 0  9992
2 18111 047.6697 018.8475 7209220 076.0976 348.7607 02.33048625005859
1 18111U 87040  E 88054.28492946  .00000673 +00000-0 +60218-3 0  9996
2 18111 047.6462 018.3696 7209938 076.5570 348.6503 02.33050543005890
1 18111U 87040  E 88056.43023484  .00000677 +00000-0 +60218-3 0  9996
2 18111 047.6532 017.7557 7210109 077.1270 348.5214 02.33053090005947
1 18111U 87040  E 88059.86266546  .00000678 +00000-0 +60218-3 0  9995
2 18111 047.6629 016.7714 7210128 078.0458 348.2897 02.33056354006027
1 18111U 87040  E 88061.57885911  .00000676 +00000-0 +60218-3 0  9997
2 18111 047.6687 016.2824 7210053 078.5053 348.1780 02.33058410006060
1 18111U 87040  E 88063.72403872  .00000671 +00000-0 +60218-3 0  9993
2 18111 047.6586 015.6786 7209786 079.0860 347.9998 02.33060849006114
1 18111U 87040  E 88066.72724892  .00000658 +00000-0 +60218-3 0  9999
2 18111 047.6559 014.8282 7209100 079.8983 347.7407 02.33064005006188
1 18111U 87040  E 88068.44337192  .00000655 +00000-0 +60218-3 0  9990
2 18111 047.6631 014.3389 7208922 080.3511 347.6121 02.33065866006220
1 18111U 87040  E 88073.59171187  .00000644 +00000-0 +60218-3 0  9990
2 18111 047.6690 012.8661 7208355 081.7312 347.2546 02.33071074006343
1 18111U 87040  E 88075.73689140  .00000688 +00000-0 +60218-3 0  9999
2 18111 047.6579 012.2588 7210516 082.2884 347.0976 02.33071365006396
1 18111U 87040  E 88077.45295319  .00000725 +00000-0 +60218-3 0  9993
2 18111 047.6346 011.7496 7212150 082.7539 346.9439 02.33073039006435
1 18111U 87040  E 88080.45598365  .00000729 +00000-0 +60218-3 0  9998
2 18111 047.6323 010.8874 7212282 083.5576 346.6806 02.33076898006505
1 18111U 87040  E 88086.46172481  .00000742 +00000-0 +60218-3 0  9997
2 18111 047.6334 009.1675 7212774 085.1688 346.2478 02.33084879006649
1 18111U 87040  E 88087.31970265  .00000741 +00000-0 +60218-3 0  9997
2 18111 047.6494 008.9296 7212717 085.3936 346.1365 02.33084843006664
1 18111U 87040  E 88087.31998075  .00000740 +00000-0 +60218-3 0  9995
2 18111 047.6494 008.9295 7212717 085.3935 346.1365 02.33084843006662
1 18111U 87040  E 88089.46495425  .00000732 +00000-0 +60218-3 0  9995
2 18111 047.6448 008.3119 7212347 085.9775 345.9966 02.33087587006715
1 18111U 87040  E 88090.75160101  .00000756 +00000-0 +60218-3 0  9995
2 18111 047.6421 007.9524 7213331 086.3081 345.8698 02.33089377006743
1 18111U 87040  E 88090.75187879  .00000756 +00000-0 +60218-3 0  9996
2 18111 047.6421 007.9524 7213331 086.3081 345.8698 02.33089377006743
1 18111U 87040  E 88094.18338060  .00000708 +00000-0 +60218-3 0  9994
2 18111 047.6688 007.0038 7211211 087.2281 345.5882 02.33094698006829
1 18111U 87040  E 88094.18365870  .00000708 +00000-0 +60218-3 0  9993
2 18111 047.6688 007.0038 7211211 087.2280 345.5882 02.33094698006828
1 18111U 87040  E 88095.47023606  .00000737 +00000-0 +60218-3 0  9996
2 18111 047.6627 006.6456 7212460 087.5687 345.4441 02.33096610006850
1 18111U 87040  E 88095.47024328  .00000716 +00000-0 +60218-3 0  9995
2 18111 047.6623 006.6235 7211530 087.5774 345.4649 02.33097064006859
1 18111U 87040  E 88095.47051353  .00000736 +00000-0 +60218-3 0  9995
2 18111 047.6627 006.6456 7212460 087.5687 345.4441 02.33096610006850
1 18111U 87040  E 88098.47324303  .00000713 +00000-0 +60218-3 0  9991
2 18111 047.6614 005.7674 7211388 088.3888 345.2054 02.33101047006925
1 18111U 87040  E 88099.33088299  .00000713 +00000-0 +60218-3 0  9998
2 18111 047.6610 005.5225 7211350 088.6213 345.1364 02.33102176006944
1 18111U 87040  E 88101.47564941  .00000705 +00000-0 +60218-3 0  9991
2 18111 047.6622 004.9139 7210988 089.2027 344.9605 02.33105110006991
1 18111U 87040  E 88101.47592688  .00000705 +00000-0 +60218-3 0  9990
2 18111 047.6622 004.9139 7210988 089.2027 344.9605 02.33105111006992
1 18111U 87040  E 88102.76274670  .00000704 +00000-0 +60218-3 0  9990
2 18111 047.6614 004.5455 7210974 089.5508 344.8290 02.33106771007029
1 18111U 87040  E 88104.47821172  .00000742 +00000-0 +60218-3 0  9997
2 18111 047.6494 004.0339 7212561 090.0015 344.7218 02.33111591007064
1 18111U 87040  E 88104.90707530  .00000742 +00000-0 +60218-3 0  9996
2 18111 047.6492 003.9110 7212562 090.1173 344.6231 02.33112174007077
1 18111U 87040  E 88108.33848009  .00000747 +00000-0 +60218-3 0  9999
2 18111 047.6645 002.9496 7212685 091.0270 344.3576 02.33120677007152
1 18111U 87040  E 88108.33875755  .00000746 +00000-0 +60218-3 0  9996
2 18111 047.6645 002.9495 7212685 091.0269 344.3576 02.33120677007159
1 18111U 87040  E 88111.34082838  .00000747 +00000-0 +60218-3 0  9994
2 18111 047.6649 002.0895 7212656 091.8363 344.0391 02.33124795007224
1 18111U 87040  E 88112.19865663  .00000767 +00000-0 +60218-3 0  9995
2 18111 047.6754 001.8357 7213419 092.0486 344.0296 02.33130067007243
1 18111U 87040  E 88112.19893473  .00000766 +00000-0 +60218-3 0  9994
2 18111 047.6754 001.8357 7213419 092.0486 344.0296 02.33130067007243
1 18111U 87040  E 88116.05858241  .00000737 +00000-0 +60218-3 0  9995
2 18111 047.6550 000.7386 7212146 093.0782 343.6094 02.33136493007333
1 18111U 87040  E 88116.05886051  .00000737 +00000-0 +60218-3 0  9995
2 18111 047.6550 000.7385 7212146 093.0781 343.6094 02.33136493007331
1 18111U 87040  E 88121.20493681  .00001185 +00000-0 +93763-3 0  9990
2 18111 047.6508 359.2250 7213921 094.5478 343.0678 02.33152512007453
1 18111U 87040  E 88121.20521490  .00001185 +00000-0 +93763-3 0  9990
2 18111 047.6508 359.2249 7213921 094.5477 343.0678 02.33152512007450
1 18111U 87040  E 88123.34919404  .00001150 +00000-0 +93763-3 0  9995
2 18111 047.6573 358.6485 7212972 095.0378 342.8583 02.33156564007507
1 18111U 87040  E 88124.20692144  .00001152 +00000-0 +93763-3 0  9992
2 18111 047.6644 358.4076 7213023 095.2487 342.7949 02.33158333007524
1 18111U 87040  E 88124.20719954  .00001152 +00000-0 +93763-3 0  9991
2 18111 047.6644 358.4075 7213023 095.2487 342.7949 02.33158334007524
1 18111U 87040  E 88126.35144284  .00001149 +00000-0 +93763-3 0  9993
2 18111 047.6755 357.7841 7212926 095.8322 342.6155 02.33163015007570
1 18111U 87040  E 88129.35328240  .00001122 +00000-0 +93763-3 0  9993
2 18111 047.6740 356.9283 7212149 096.6783 342.2968 02.33167792007644
1 18111U 87040  E 88136.64287962  .00001173 +00000-0 +93763-3 0  9994
2 18111 047.6847 354.8359 7213344 098.6132 341.4929 02.33187135007811
1 18111U 87040  E 88138.35803551  .00001171 +00000-0 +93763-3 0  9990
2 18111 047.6842 354.3452 7213264 099.0765 341.3238 02.33190960007859
1 18111U 87040  E 88139.64437768  .00001782 +00000-0 +15612-2 0  9990
2 18111 047.7109 353.9661 7211160 099.4065 341.2765 02.33199604007884
1 18111U 87040  E 88143.93189254  .00000983 +00000-0 +84288-3 0  9999
2 18111 047.7262 352.7532 7210873 100.5484 340.7144 02.33204449007987
1 18111U 87040  E 88145.21813936  .00001520 +00000-0 +12701-2 0  9991
2 18111 047.7119 352.3957 7212227 100.9131 340.5931 02.33213740008014
1 18111U 87040  E 88148.21919332  .00001364 +00000-0 +11173-2 0  9999
2 18111 047.7106 351.5338 7212602 101.7257 340.1880 02.33220528008087
1 18111U 87040  E 88151.64890675  .00001358 +00000-0 +11088-2 0  9996
2 18111 047.7175 350.5514 7212612 102.6519 339.7920 02.33229719008169
1 18111U 87040  E 88152.93501025  .00001621 +00000-0 +13544-2 0  9999
2 18111 047.7206 350.1741 7212137 102.9968 339.6564 02.33235090008190
1 18111U 87040  E 88157.65045472  .00001677 +00000-0 +13937-2 0  9999
2 18111 047.7042 348.8323 7212202 104.2656 339.0644 02.33250640008304
1 18111U 87040  E 88160.65089817  .00001980 +00000-0 +17016-2 0  9993
2 18111 047.7129 347.9617 7211295 105.0791 338.6249 02.33264381008376
1 18111U 87040  E 88164.07985676  .00002017 +00000-0 +17741-2 0  9998
2 18111 047.7098 346.9759 7210535 106.0072 338.1745 02.33278344008455
1 18111U 87040  E 88166.65143159  .00002009 +00000-0 +17920-2 0  9996
2 18111 047.7104 346.2357 7210030 106.7015 337.8246 02.33288579008514
1 18111U 87040  E 88167.93720527  .00002020 +00000-0 +17920-2 0  9991
2 18111 047.7105 345.8689 7210158 107.0433 337.6710 02.33293627008544
1 18111U 87040  E 88170.50860171  .00002006 +00000-0 +17920-2 0  9992
2 18111 047.7164 345.1524 7209872 107.7204 337.3103 02.33303733008604
1 18111U 87040  E 88173.93691256  .00001988 +00000-0 +17920-2 0  9996
2 18111 047.7194 344.1783 7209494 108.6328 336.7907 02.33317025008682
1 18111U 87040  E 88176.50801579  .00001979 +00000-0 +17920-2 0  9993
2 18111 047.7218 343.4417 7209267 109.3050 336.3976 02.33326857008745
1 18111U 87040  E 88182.50710119  .00002026 +00000-0 +17920-2 0  9993
2 18111 047.7001 341.7641 7209820 110.9250 335.4734 02.33345541008888
1 18111U 87040  E 88184.64947234  .00002012 +00000-0 +17920-2 0  9995
2 18111 047.7018 341.1526 7209548 111.4995 335.1796 02.33353953008938
1 18111U 87040  E 88189.36203806  .00001495 +00000-0 +13860-2 0  9992
2 18111 047.6920 339.8067 7207942 112.7653 334.3673 02.33366660009041
1 18111U 87040  E 88189.36231648  .00001495 +00000-0 +13860-2 0  9997
2 18111 047.6920 339.8066 7207942 112.7653 334.3673 02.33366661009041
1 18111U 87040  E 88191.50410128  .00001708 +00000-0 +16140-2 0  9999
2 18111 047.7003 339.1926 7207453 113.3481 333.9850 02.33375730009099
1 18111U 87040  E 88191.93248253  .00001689 +00000-0 +15987-2 0  9990
2 18111 047.7013 339.0703 7207386 113.4633 333.8880 02.33376970009108
1 18111U 87040  E 88191.93248332  .00001719 +00000-0 +16297-2 0  9997
2 18111 047.6998 339.0683 7207370 113.4639 333.8900 02.33377225009102
1 18111U 87040  E 88191.93276047  .00001719 +00000-0 +16297-2 0  9991
2 18111 047.6998 339.0682 7207370 113.4639 333.8900 02.33377225009101
1 18111U 87040  E 88193.64609881  .00001698 +00000-0 +16237-2 0  9997
2 18111 047.6977 338.5770 7207055 113.9201 333.6017 02.33382582009143
1 18111U 87040  E 88193.64637659  .00001698 +00000-0 +16237-2 0  9991
2 18111 047.6977 338.5769 7207055 113.9201 333.6017 02.33382583009142
1 18111U 87040  E 88195.35968193  .00001634 +00000-0 +15693-2 0  9996
2 18111 047.6999 338.0887 7206841 114.3807 333.3112 02.33387278009184
1 18111U 87040  E 88196.64510037  .00001668 +00000-0 +16017-2 0  9997
2 18111 047.6954 337.7231 7206841 114.7249 333.0914 02.33392046009218
1 18111U 87040  E 88198.78665225  .00001628 +00000-0 +15738-2 0  9999
2 18111 047.6979 337.1122 7206553 115.3002 332.6835 02.33398276009265
1 18111U 87040  E 88199.64335895  .00001647 +00000-0 +15956-2 0  9995
2 18111 047.6965 336.8685 7206465 115.5285 332.5252 02.33401461009282
1 18111U 87040  E 88199.64363673  .00001646 +00000-0 +15956-2 0  9999
2 18111 047.6965 336.8685 7206465 115.5284 332.5252 02.33401462009282
1 18111U 87040  E 88200.92840286  .00001597 +00000-0 +15511-2 0  9995
2 18111 047.6978 336.4996 7206344 115.8772 332.2604 02.33404530009319
1 18111U 87040  E 88200.92868001  .00001597 +00000-0 +15511-2 0  9990
2 18111 047.6978 336.4995 7206344 115.8771 332.2604 02.33404530009317
1 18111U 87040  E 88203.49843400  .00001568 +00000-0 +15428-2 0  9996
2 18111 047.7038 335.7629 7205855 116.5653 331.7660 02.33412218009378
1 18111U 87040  E 88203.49871242  .00001567 +00000-0 +15428-2 0  9990
2 18111 047.7038 335.7629 7205855 116.5652 331.7660 02.33412219009378
1 18111U 87040  E 88204.35507328  .00001510 +00000-0 +15030-2 0  9994
2 18111 047.7056 335.5181 7205451 116.7921 331.5793 02.33413950009392
1 18111U 87040  E 88206.49668737  .00001465 +00000-0 +14662-2 0  9992
2 18111 047.7064 334.9081 7205202 117.3635 331.1639 02.33419525009441
1 18111U 87040  E 88206.92528750  .00001460 +00000-0 +14633-2 0  9993
2 18111 047.7067 334.7862 7205147 117.4779 331.0861 02.33420674009451
1 18111U 87040  E 88207.35332653  .00001448 +00000-0 +14530-2 0  9998
2 18111 047.7070 334.6645 7205088 117.5918 331.0030 02.33421675009464
1 18111U 87040  E 88208.63826674  .00001402 +00000-0 +14137-2 0  9994
2 18111 047.7080 334.2986 7204887 117.9334 330.7522 02.33424371009492
1 18111U 87040  E 88209.49492275  .00001259 +00000-0 +12707-2 0  9996
2 18111 047.7096 334.0510 7204706 118.1615 330.5795 02.33423372009518
1 18111U 87040  E 88209.49520117  .00001259 +00000-0 +12707-2 0  9993
2 18111 047.7096 334.0510 7204706 118.1614 330.5795 02.33423372009517
1 18111U 87040  E 88214.63437105  .00001250 +00000-0 +12801-2 0  9995
2 18111 047.7135 332.5911 7204131 119.5357 329.4722 02.33436012009635
1 18111U 87040  E 88215.49089858  .00001253 +00000-0 +12777-2 0  9993
2 18111 047.7156 332.3416 7204242 119.7705 329.2763 02.33438323009650
1 18111U 87040  E 88215.49117700  .00001252 +00000-0 +12777-2 0  9990
2 18111 047.7156 332.3416 7204243 119.7704 329.2763 02.33438323009650
1 18111U 87040  E 88219.34551644  .00001228 +00000-0 +12597-2 0  9990
2 18111 047.7223 331.2449 7203978 120.8059 328.4103 02.33447173009741
1 18111U 87040  E 88221.48648693  .00001217 +00000-0 +12557-2 0  9993
2 18111 047.7244 330.6368 7203742 121.3781 327.9402 02.33452067009793
1 18111U 87040  E 88222.34297111  .00001209 +00000-0 +12538-2 0  9994
2 18111 047.7254 330.3937 7203559 121.6075 327.7438 02.33453824009810
1 18111U 87040  E 88222.34324953  .00001209 +00000-0 +12538-2 0  9999
2 18111 047.7254 330.3937 7203559 121.6074 327.7438 02.33453825009810
1 18111U 87040  E 88227.48161644  .00001005 +00000-0 +10727-2 0  9997
2 18111 047.7223 328.9130 7202247 122.9814 326.4659 02.33462612009931
1 18111U 87040  E 88228.33806366  .00000989 +00000-0 +10579-2 0  9994
2 18111 047.7225 328.6715 7202137 123.2085 326.2758 02.33464056009955
1 18111U 87040  E 88228.33834209  .00000988 +00000-0 +10579-2 0  9990
2 18111 047.7225 328.6715 7202137 123.2084 326.2758 02.33464056009954
1 18111U 87040  E 88232.62004267  .00000993 +00000-0 +10774-2 0  9993
2 18111 047.7230 327.4545 7201638 124.3528 325.1787 02.33471685010057
1 18111U 87040  E 88232.62005127  .00000893 +00000-0 +96502-3 0  9992
2 18111 047.7186 327.4528 7201559 124.3489 325.1865 02.33470970010059
1 18111U 87040  E 88232.62032969  .00000893 +00000-0 +96502-3 0  9996
2 18111 047.7186 327.4528 7201559 124.3488 325.1865 02.33470971010059
1 18111U 87040  E 88235.61737660  .00000719 +00000-0 +76868-3 0  9998
2 18111 047.7118 326.6035 7201275 125.1471 324.4162 02.33473909010128
1 18111U 87040  E 88235.61739917  .00000719 +00000-0 +76868-3 0  9995
2 18111 047.7120 326.6036 7201287 125.1472 324.4352 02.33473907010125
1 18111U 87040  E 88235.61765502  .00000718 +00000-0 +76868-3 0  9993
2 18111 047.7118 326.6035 7201275 125.1470 324.4162 02.33473909010127
1 18111U 87040  E 88235.61767759  .00000719 +00000-0 +76868-3 0  9990
2 18111 047.7120 326.6035 7201287 125.1471 324.4352 02.33473907010123
1 18111U 87040  E 88243.32464220  .00000703 +00000-0 +76868-3 0  9997
2 18111 047.7169 324.4242 7200473 127.2002 322.2752 02.33483981010304
1 18111U 87040  E 88249.31840120  .00000767 +00000-0 +86345-3 0  9990
2 18111 047.7232 322.7358 7199698 128.7818 320.6178 02.33493610010440
1 18111U 87040  E 88250.60273328  .00000776 +00000-0 +88009-3 0  9993
2 18111 047.7259 322.3746 7199474 129.1177 320.2111 02.33495914010476
1 18111U 87040  E 88250.60301169  .00000776 +00000-0 +88009-3 0  9998
2 18111 047.7259 322.3745 7199474 129.1176 320.2111 02.33495914010474
1 18111U 87040  E 88257.45239686  .00000762 +00000-0 +87989-3 0  9993
2 18111 047.7297 320.4444 7198773 130.9369 318.0104 02.33505655010635
1 18111U 87040  E 88257.45267592  .00000762 +00000-0 +87989-3 0  9990
2 18111 047.7297 320.4444 7198773 130.9369 318.0104 02.33505656010636
1 18111U 87040  E 88271.57773711  .00000567 +00000-0 +65330-3 0  9993
2 18111 047.7528 316.4934 7197713 134.6631 312.1712 02.33516216010968
1 18111U 87040  E 88271.57801617  .00000566 +00000-0 +65330-3 0  9999
2 18111 047.7528 316.4934 7197713 134.6631 312.1712 02.33516217010969
1 18111U 87040  E 88275.43136750  .00000536 +00000-0 +60306-3 0  9992
2 18111 047.7610 315.4114 7198199 135.6914 311.7557 02.33519688011052
1 18111U 87040  E 88275.43164656  .00000535 +00000-0 +60306-3 0  9997
2 18111 047.7610 315.4113 7198199 135.6913 311.7557 02.33519689011051
1 18111U 87040  E 88279.28368265  .00000789 +00000-0 +94729-3 0  9993
2 18111 047.7625 314.3310 7197438 136.6950 310.3113 02.33526529011145
1 18111U 87040  E 88279.28396044  .00000789 +00000-0 +94729-3 0  9999
2 18111 047.7625 314.3310 7197438 136.6950 310.3113 02.33526530011147
1 18111U 87040  E 88283.13575248  .00000679 +00000-0 +78514-3 0  9995
2 18111 047.7662 313.2547 7198118 137.7244 308.7286 02.33530569011231
1 18111U 87040  E 88283.56375669  .00000674 +00000-0 +76710-3 0  9998
2 18111 047.7679 313.1365 7198643 137.8483 308.5535 02.33531063011241
1 18111U 87040  E 88283.56403575  .00000674 +00000-0 +76710-3 0  9996
2 18111 047.7679 313.1364 7198643 137.8482 308.5535 02.33531064011240
1 18111U 87040  E 88288.27170772  .00000684 +00000-0 +80407-3 0  9998
2 18111 047.7670 311.8169 7197565 139.0777 306.6023 02.33537109011351
1 18111U 87040  E 88288.27198550  .00000683 +00000-0 +80407-3 0  9991
2 18111 047.7670 311.8169 7197565 139.0777 306.6023 02.33537110011353
1 18111U 87040  E 88290.41163179  .00000654 +00000-0 +77991-3 0  9991
2 18111 047.7507 311.2130 7196958 139.6420 305.7018 02.33539655011406
1 18111U 87040  E 88290.41190958  .00000654 +00000-0 +77991-3 0  9996
2 18111 047.7507 311.2129 7196958 139.6420 305.7018 02.33539655011404
1 18111U 87040  E 88293.40741435  .00000588 +00000-0 +69765-3 0  9996
2 18111 047.7433 310.3711 7196711 140.4356 304.3770 02.33542616011472
1 18111U 87040  E 88293.40769214  .00000588 +00000-0 +69765-3 0  9991
2 18111 047.7433 310.3710 7196711 140.4355 304.3770 02.33542616011470
1 18111U 87040  E 88296.40308434  .00000736 +00000-0 +90198-3 0  9996
2 18111 047.7399 309.5321 7196372 141.2257 303.0101 02.33547638011543
1 18111U 87040  E 88296.40336213  .00000736 +00000-0 +90198-3 0  9992
2 18111 047.7399 309.5321 7196372 141.2257 303.0101 02.33547638011543
1 18111U 87040  E 88300.25451126  .00000815 +00000-0 +99181-3 0  9991
2 18111 047.7369 308.4399 7196835 142.2446 301.1940 02.33553671011632
1 18111U 87040  E 88300.25478904  .00000814 +00000-0 +99181-3 0  9993
2 18111 047.7369 308.4399 7196835 142.2446 301.1940 02.33553672011633
1 18111U 87040  E 88305.38954668  .00000714 +00000-0 +87767-3 0  9994
2 18111 047.7403 307.0146 7196065 143.5852 298.7058 02.33559652011755
1 18111U 87040  E 88306.24541117  .00000709 +00000-0 +87465-3 0  9990
2 18111 047.7402 306.7835 7195906 143.8041 298.3245 02.33560683011773
1 18111U 87040  E 88306.24568768  .00000708 +00000-0 +87465-3 0  9990
2 18111 047.7402 306.7834 7195906 143.8041 298.3245 02.33560684011773
1 18111U 87040  E 88306.67332517  .00000687 +00000-0 +83969-3 0  9999
2 18111 047.7385 306.6615 7196110 143.9279 298.1129 02.33560847011782
1 18111U 87040  E 88308.38489250  .00000753 +00000-0 +92504-3 0  9995
2 18111 047.7421 306.1865 7196224 144.3855 297.2238 02.33563579011827
1 18111U 87040  E 88308.38517029  .00000753 +00000-0 +92504-3 0  9991
2 18111 047.7421 306.1864 7196224 144.3854 297.2238 02.33563580011827
1 18111U 87040  E 88312.23608749  .00000744 +00000-0 +91460-3 0  9990
2 18111 047.7387 305.1095 7196154 145.4031 295.1951 02.33568748011914
1 18111U 87040  E 88316.08661376  .00000723 +00000-0 +87841-3 0  9997
2 18111 047.7357 304.0317 7196363 146.4286 293.1328 02.33573449012002
1 18111U 87040  E 88316.08689027  .00000723 +00000-0 +87841-3 0  9990
2 18111 047.7357 304.0316 7196363 146.4286 293.1328 02.33573449012001
1 18111U 87040  E 88319.08158038  .00000708 +00000-0 +86182-3 0  9996
2 18111 047.7315 303.1926 7196172 147.2177 291.4861 02.33576937012073
1 18111U 87040  E 88319.08185943  .00000707 +00000-0 +86182-3 0  9990
2 18111 047.7315 303.1925 7196172 147.2176 291.4861 02.33576937012071
1 18111U 87040  E 88333.19937006  .00000747 +00000-0 +88319-3 0  9991
2 18111 047.7173 299.2534 7197128 150.9539 283.0048 02.33596829012403
1 18111U 87040  E 88339.18767848  .00001071 +00000-0 +12589-2 0  9997
2 18111 047.7134 297.5485 7198112 152.5700 278.9787 02.33609538012548
1 18111U 87040  E 88342.18170180  .00001054 +00000-0 +12206-2 0  9995
2 18111 047.7051 296.7045 7198483 153.3740 276.9444 02.33615272012611
1 18111U 87040  E 88346.88628360  .00001026 +00000-0 +11746-2 0  9991
2 18111 047.6855 295.3867 7198730 154.6306 273.6067 02.33623893012721
1 18111U 87040  E 88348.59693142  .00001080 +00000-0 +11997-2 0  9999
2 18111 047.6849 294.8989 7199719 155.1173 272.3429 02.33627796012767
1 18111U 87040  E 88354.15616021  .00000992 +00000-0 +11154-2 0  9995
2 18111 047.6737 293.3409 7199016 156.5343 268.2435 02.33645119012892
1 18111U 87040  E 88361.85230297  .00001965 +00000-0 +21964-2 0  9998
2 18111 047.6767 291.1664 7199986 158.5882 262.1466 02.33679613013074
1 18111U 87040  E 89002.69210810  .00002050 +00000-0 +21960-2 0  9994
2 18111 047.6549 289.2826 7201129 160.3953 256.3503 02.33704579013238
1 18111U 87040  E 89005.25689356  .00000814 +00000-0 +83562-3 0  9997
2 18111 047.6567 288.5262 7200847 161.0679 254.1896 02.33701966013297
1 18111U 87040  E 89009.95880696  .00001892 +00000-0 +19453-2 0  9992
2 18111 047.6451 287.1825 7202101 162.3585 250.2784 02.33726569013406
1 18111U 87040  E 89015.51416687  .00005040 +00000-0 +51796-2 0  9991
2 18111 047.6344 285.6228 7202454 163.8208 244.9254 02.33769328013532
1 18111U 87040  E 89022.77660348  .00002869 +00000-0 +27487-2 0  9998
2 18111 047.6184 283.5732 7203989 165.7763 237.2070 02.33798555013706
1 18111U 87040  E 89022.77688127  .00002868 +00000-0 +27487-2 0  9992
2 18111 047.6184 283.5731 7203989 165.7762 237.2070 02.33798555013704
1 18111U 87040  E 89023.20498091  .00002868 +00000-0 +27386-2 0  9998
2 18111 047.6175 283.4524 7204071 165.8914 237.7611 02.33800940013715
1 18111U 87040  E 89023.20525877  .00002868 +00000-0 +27387-2 0  9992
2 18111 047.6175 283.4523 7204071 165.8913 237.7611 02.33800940013713
1 18111U 87040  E 89029.61224068  .00002928 +00000-0 +26313-2 0  9996
2 18111 047.6043 281.6391 7205621 167.6262 230.8518 02.33829992013863
1 18111U 87040  E 89029.61251838  .00002928 +00000-0 +26313-2 0  9991
2 18111 047.6043 281.6390 7205621 167.6262 230.8518 02.33829992013862
1 18111U 87040  E 89036.01894501  .00001927 +00000-0 +16117-2 0  9992
2 18111 047.5886 279.8012 7207185 169.3680 224.0345 02.33847214014014
1 18111U 87040  E 89036.87338575  .00002197 +00000-0 +18159-2 0  9998
2 18111 047.5812 279.5603 7207612 169.6002 223.3506 02.33852416014035
1 18111U 87040  E 89036.87366369  .00002197 +00000-0 +18159-2 0  9990
2 18111 047.5812 279.5603 7207612 169.6002 223.3506 02.33852416014035
1 18111U 87040  E 89042.85215181  .00002461 +00000-0 +19355-2 0  9993
2 18111 047.5655 277.8684 7208872 171.2056 216.9629 02.33880885014177
1 18111U 87040  E 89045.41418431  .00002608 +00000-0 +19671-2 0  9995
2 18111 047.5519 277.1278 7209971 171.9224 214.1708 02.33894119014233
1 18111U 87040  E 89045.41446209  .00002607 +00000-0 +19671-2 0  9998
2 18111 047.5519 277.1278 7209971 171.9223 214.1708 02.33894119014232
1 18111U 87040  E 89060.78263097  .00002635 +00000-0 +16989-2 0  9997
2 18111 047.5235 272.7462 7213565 176.0718 196.8502 02.33973548014593
1 18111U 87040  E 89060.78290876  .00002634 +00000-0 +16989-2 0  9991
2 18111 047.5235 272.7461 7213565 176.0717 196.8502 02.33973549014592
1 18111U 87040  E 89066.75766611  .00002550 +00000-0 +15241-2 0  9996
2 18111 047.5152 271.0591 7215299 177.6995 189.9067 02.34001397014736
1 18111U 87040  E 89066.75794390  .00002550 +00000-0 +15241-2 0  9991
2 18111 047.5152 271.0591 7215299 177.6994 189.9067 02.34001397014735
1 18111U 87040  E 89072.30530819  .00002726 +00000-0 +15155-2 0  9992
2 18111 047.4973 269.4737 7216972 179.2148 183.5244 02.34028959014860
1 18111U 87040  E 89076.57170571  .00004149 +00000-0 +21626-2 0  9991
2 18111 047.4258 268.2749 7218454 180.3912 178.4614 02.34075163014969
1 18111U 87040  E 89078.70471009  .00003289 +00000-0 +16294-2 0  9997
2 18111 047.4639 267.6189 7219497 180.9945 175.9287 02.34086881015017
1 18111U 87040  E 89078.70498819  .00003288 +00000-0 +16294-2 0  9994
2 18111 047.4639 267.6189 7219497 180.9944 175.9287 02.34086882015017
1 18111U 87040  E 89081.69073538  .00004083 +00000-0 +19669-2 0  9996
2 18111 047.4200 266.7953 7220061 181.7995 172.4501 02.34115105015083
1 18111U 87040  E 89081.69101349  .00004083 +00000-0 +19669-2 0  9998
2 18111 047.4200 266.7952 7220061 181.7995 172.4501 02.34115106015083
1 18111U 87040  E 89093.63181122  .00004359 +00000-0 +17090-2 0  9994
2 18111 047.3888 263.3505 7224142 185.0989 158.6506 02.34213283015362
1 18111U 87040  E 89093.63208900  .00004358 +00000-0 +17090-2 0  9997
2 18111 047.3888 263.3505 7224142 185.0989 158.6506 02.34213283015362
1 18111U 87040  E 89098.74768714  .00003938 +00000-0 +14028-2 0  9999
2 18111 047.3679 261.8726 7225890 186.4736 152.7151 02.34258217015484
1 18111U 87040  E 89099.60029903  .00005054 +00000-0 +17323-2 0  9997
2 18111 047.3650 261.6248 7226702 186.7298 151.7795 02.34275243015503
1 18111U 87040  E 89099.60057650  .00005053 +00000-0 +17323-2 0  9996
2 18111 047.3650 261.6247 7226702 186.7298 151.7795 02.34275243015502
1 18111U 87040  E 89104.28868308  .00004636 +00000-0 +14631-2 0  9992
2 18111 047.3466 260.2794 7228048 188.0142 146.4368 02.34326325015614
1 18111U 87040  E 89104.28896086  .00004635 +00000-0 +14631-2 0  9995
2 18111 047.3466 260.2794 7228048 188.0142 146.4368 02.34326326015615
1 18111U 87040  E 89118.34540868  .00006862 +00000-0 +16578-2 0  9997
2 18111 047.2950 256.1930 7232114 191.9097 129.4511 02.34522782015940
1 18111U 87040  E 89119.62459166  .00007311 +00000-0 +18667-2 0  9990
2 18111 047.2723 255.8260 7230847 192.2666 129.5329 02.34544812015976
1 18111U 87040  E 89119.62486913  .00007310 +00000-0 +18667-2 0  9999
2 18111 047.2723 255.8259 7230847 192.2665 129.5329 02.34544812015973
1 18111U 87040  E 89123.45652394  .00008084 +00000-0 +17212-2 0  9997
2 18111 047.2643 254.6951 7233915 193.3374 125.5868 02.34611644016061
1 18111U 87040  E 89124.30773810  .00006583 +00000-0 +12501-2 0  9997
2 18111 047.2466 254.4454 7236009 193.5821 124.4612 02.34612590016084
1 18111U 87040  E 89125.58484012  .00007123 +00000-0 +13094-2 0  9990
2 18111 047.2408 254.0694 7236449 193.9355 123.2196 02.34635618016110
1 18111U 87040  E 89125.58511757  .00007123 +00000-0 +13094-2 0  9997
2 18111 047.2408 254.0693 7236449 193.9354 123.2196 02.34635619016119
1 18111U 87040  E 89126.43608476  .00007709 +00000-0 +15062-2 0  9994
2 18111 047.2310 253.8180 7235195 194.1776 122.3165 02.34653718016135
1 18111U 87040  E 89126.43636286  .00007709 +00000-0 +15062-2 0  9994
2 18111 047.2310 253.8180 7235195 194.1776 122.3165 02.34653719016136
1 18111U 87040  E 89129.41520100  .00010233 +00000-0 +15871-2 0  9996
2 18111 047.2322 252.9463 7238896 195.0593 119.1873 02.34722335016200
1 18111U 87040  E 89129.41547878  .00010233 +00000-0 +15871-2 0  9997
2 18111 047.2322 252.9462 7238896 195.0593 119.1873 02.34722336016200
1 18111U 87040  E 89134.51988723  .00011721 +00000-0 +22116-2 0  9995
2 18111 047.2242 251.4345 7234390 196.4689 114.0481 02.34846772016324
1 18111U 87040  E 89134.52102673  .00011670 +00000-0 +18843-2 0  9993
2 18111 047.2029 251.4340 7237226 196.4514 114.7612 02.34845821016327
1 18111U 87040  E 89135.37043874  .00011278 +00000-0 +20761-2 0  9990
2 18111 047.1976 251.1897 7234734 196.7055 113.1006 02.34859922016344
1 18111U 87040  E 89135.37053863  .00011670 +00000-0 +20353-2 0  9992
2 18111 047.1943 251.1872 7235687 196.6997 113.2411 02.34865160016345
1 18111U 87040  E 89135.37081707  .00011670 +00000-0 +20353-2 0  9990
2 18111 047.1943 251.1872 7235687 196.6996 113.2411 02.34865161016345
1 18111U 87040  E 89140.04754078  .00012255 +00000-0 +16290-2 0  9993
2 18111 047.2239 249.8000 7239492 197.9916 108.8082 02.34984113016450
1 18111U 87040  E 89140.04781792  .00012255 +00000-0 +16290-2 0  9996
2 18111 047.2239 249.7999 7239492 197.9916 108.8082 02.34984114016457
1 18111U 87040  E 89143.44744003  .00013467 +00000-0 +18007-2 0  9991
2 18111 047.2288 248.8216 7238621 198.9616 105.5747 02.35083166016533
1 18111U 87040  E 89143.44770561  .00013467 +00000-0 +18007-2 0  9999
2 18111 047.2288 248.8215 7238621 198.9616 105.5747 02.35083167016533
1 18111U 87040  E 89144.29704431  .00013787 +00000-0 +17487-2 0  9992
2 18111 047.1978 248.5709 7239324 199.2008 104.6325 02.35106060016555
1 18111U 87040  E 89144.29730988  .00013787 +00000-0 +17487-2 0  9998
2 18111 047.1978 248.5709 7239324 199.2007 104.6325 02.35106061016555
1 18111U 87040  E 89148.54456688  .00016090 +00000-0 +20096-2 0  9992
2 18111 047.1468 247.3252 7238439 200.3665 100.8973 02.35252434016653
1 18111U 87040  E 89148.54483246  .00016090 +00000-0 +20096-2 0  9992
2 18111 047.1468 247.3251 7238439 200.3665 100.8973 02.35252434016652
1 18111U 87040  E 89148.96913536  .00016249 +00000-0 +20099-2 0  9997
2 18111 047.1454 247.1990 7238493 200.4875 100.4796 02.35266016016660
1 18111U 87040  E 89148.96940220  .00016249 +00000-0 +20099-2 0  9997
2 18111 047.1454 247.1989 7238493 200.4874 100.4796 02.35266017016668
1 18111U 87040  E 89152.36509900  .00017676 +00000-0 +20210-2 0  9992
2 18111 047.1385 246.1758 7238890 201.4658 097.4227 02.35378907016741
1 18111U 87040  E 89152.36537743  .00017676 +00000-0 +20210-2 0  9998
2 18111 047.1385 246.1758 7238890 201.4658 097.4227 02.35378908016742
1 18111U 87040  E 89155.33526130  .00017872 +00000-0 +16490-2 0  9999
2 18111 047.1443 245.2761 7241356 202.3012 094.9185 02.35491385016814
1 18111U 87040  E 89155.33553972  .00017842 +00000-0 +16380-2 0  9998
2 18111 047.1430 245.2742 7241434 202.3017 094.9181 02.35491181016811
1 18111U 87040  E 89156.18345705  .00018495 +00000-0 +18281-2 0  9992
2 18111 047.1583 245.0213 7240018 202.5425 094.0969 02.35527744016835
1 18111U 87040  E 89157.03167091  .00018851 +00000-0 +18304-2 0  9999
2 18111 047.1534 244.7704 7240015 202.7816 093.3814 02.35563013016857
1 18111U 87040  E 89157.03194870  .00018851 +00000-0 +18304-2 0  9994
2 18111 047.1534 244.7704 7240015 202.7815 093.3814 02.35563013016856
1 18111U 87040  E 89159.15169695  .00021729 +00000-0 +17786-2 0  9997
2 18111 047.1421 244.1316 7241735 203.4105 091.5097 02.35672444016902
1 18111U 87040  E 89162.11780043  .00024824 +00000-0 +19645-2 0  9998
2 18111 047.1398 243.2395 7240955 204.2541 089.0995 02.35835130016977
1 18111U 87040  E 89164.23539156  .00033194 -45100-4 +20362-2 0  9993
2 18111 047.1307 242.6029 7240551 204.8676 087.5356 02.35963825017025
1 18111U 87040  E 89166.35157041  .00035057 -45100-4 +19178-2 0  9990
2 18111 047.1228 241.9656 7241299 205.4626 085.8137 02.36097587017074
1 18111U 87040  E 89168.88903666  .00038593 +45383-4 +19709-2 0  9992
2 18111 047.1150 241.1902 7241117 206.2190 083.6462 02.36275294017135
1 18111U 87040  E 89168.88929861  .00038329 -45400-4 +19714-2 0  9991
2 18111 047.1123 241.1890 7241012 206.2097 083.6361 02.36274113017138
1 18111U 87040  E 89169.31183247  .00039431 +45321-4 +22564-2 0  9993
2 18111 047.1026 241.0481 7239361 206.3462 083.3192 02.36306554017141
1 18111U 87040  E 89169.31210962  .00039431 -45300-4 +22564-2 0  9996
2 18111 047.1026 241.0480 7239361 206.3462 083.3192 02.36306554017140
1 18111U 87040  E 89172.27017443  .00043411 +45505-4 +23235-2 0  9999
2 18111 047.1224 240.1953 7238734 207.1272 081.2687 02.36534770017202
1 18111U 87040  E 89172.27045221  .00043411 -45500-4 +23235-2 0  9990
2 18111 047.1224 240.1953 7238734 207.1272 081.2687 02.36534771017203
1 18111U 87040  E 89175.22561716  .00045710 +45594-4 +22182-2 0  9996
2 18111 047.1073 239.2916 7238454 208.0053 079.0740 02.36752909017276
1 18111U 87040  E 89175.22581066  .00044337 -45700-4 +20476-2 0  9994
2 18111 047.1080 239.3198 7238965 208.0136 079.0666 02.36762090017275
1 18111U 87040  E 89176.91299905  .00064852 +45750-4 +29752-2 0  9993
2 18111 047.0982 238.7760 7238529 208.5023 077.8268 02.36917745017317
1 18111U 87040  E 89178.17774641  .00049635 +45848-4 +21240-2 0  9992
2 18111 047.1041 238.4482 7238251 208.8296 076.7219 02.37008547017348
1 18111U 87040  E 89178.17802356  .00049634 -45800-4 +21240-2 0  9995
2 18111 047.1041 238.4481 7238251 208.8296 076.7219 02.37008548017348
1 18111U 87040  E 89179.02105111  .00052624 +45812-4 +26713-2 0  9990
2 18111 047.1183 238.1047 7235657 209.2129 076.2691 02.37068193017360
1 18111U 87040  E 89180.28520120  .00055166 +45899-4 +21363-2 0  9996
2 18111 047.1036 237.7972 7238283 209.4610 075.5020 02.37189221017391
1 18111U 87040  E 89181.12748209  .00056572 +45961-4 +24248-2 0  9997
2 18111 047.1013 237.5329 7236383 209.7004 074.8409 02.37273668017414
1 18111U 87040  E 89181.96960245  .00055051 +45979-4 +18769-2 0  9996
2 18111 047.1050 237.2955 7238567 209.9474 074.2719 02.37349972017438
1 18111U 87040  E 89185.33504358  .00316095 -46199-4 +87647-2 0  9995
2 18111 047.1095 236.2572 7239384 210.9569 071.8177 02.37705666017512
1 18111U 87040  E 89185.33513363  .00056733 +46052-4 +14532-2 0  9991
2 18111 047.0875 236.2373 7239210 210.9718 072.1431 02.37693513017514
1 18111U 87040  E 89186.17471488  .00057567 +46109-4 +16053-2 0  9994
2 18111 047.0849 235.9838 7237539 211.1950 070.8235 02.37788322017532
1 18111U 87040  E 89186.17528028  .00125740 -46000-4 +44003-2 0  9993
2 18111 047.0905 235.9872 7235468 211.1808 071.3017 02.37818981017533
1 18111U 87040  E 89188.27525065  .00060427 +46227-4 +17099-2 0  9999
2 18111 047.0800 235.3408 7235519 211.8123 070.0081 02.38034004017589
1 18111U 87040  E 89190.37325447  .00062712 -46199-4 +16958-2 0  9996
2 18111 047.0730 234.6983 7234337 212.4277 068.6851 02.38257275017636
1 18111U 87040  E 89191.21191819  .00063686 -46100-4 +17116-2 0  9994
2 18111 047.0680 234.4393 7233697 212.6756 068.1725 02.38350721017652
1 18111U 87040  E 89194.14460824  .00067581 -46300-4 +17115-2 0  9993
2 18111 047.0589 233.5395 7231810 213.5375 066.3852 02.38685551017725
1 18111U 87040  E 89197.07279362  .00077381 -46400-4 +15526-2 0  9997
2 18111 047.0612 232.6508 7231246 214.4040 064.6005 02.39093673017797
1 18111U 87040  E 89197.07353380  .00075196 -46400-4 +17171-2 0  9990
2 18111 047.0714 232.6597 7229917 214.3569 065.2281 02.39087007017792
1 18111U 87040  E 89205.41070085  .00080654 -46600-4 +12909-2 0  9997
2 18111 047.0368 230.1017 7223908 216.8445 060.0152 02.40331230017995
1 18111U 87040  E 89205.41070806  .00080640 +46676-4 +12865-2 0  9996
2 18111 047.0328 230.1082 7223938 216.8410 060.0211 02.40331133017996
1 18111U 87040  E 89205.41073964  .00082450 +46711-4 +13375-2 0  9992
2 18111 047.0358 230.0966 7223795 216.8472 060.0472 02.40331257017994
1 18111U 87040  E 89209.14811639  .00088571 +46724-4 +48954-3 0  9991
2 18111 047.0227 228.9818 7224927 218.0241 057.8416 02.40950853018089
1 18111U 87040  E 89209.14857770  .00088580 +46800-4 +48936-3 0  9992
2 18111 047.0227 228.9817 7224928 218.0243 058.2418 02.40950925018088
1 18111U 87040  E 89210.39137503  .00098773 -46700-4 +86536-3 0  9999
2 18111 047.0232 228.5322 7220483 218.3916 056.8769 02.41210378018112
1 18111U 87040  E 89210.39182654  .00098811 +46792-4 +93252-3 0  9992
2 18111 047.0303 228.5317 7220105 218.3738 057.2708 02.41210573018113
1 18111U 87040  E 89212.04815683  .00101907 +46755-4 +10765-2 0  9998
2 18111 047.0387 228.0070 7217113 218.8128 056.5242 02.41527652018157
1 18111U 87040  E 89212.04823688  .00101914 +46858-4 +10764-2 0  9993
2 18111 047.0386 228.0069 7217113 218.8129 056.5938 02.41527667018153
1 18111U 87040  E 89212.87516093  .00109961 -46700-4 +78184-3 0  9991
2 18111 047.0293 227.7201 7217613 219.1213 056.0540 02.41729452018179
1 18111U 87040  E 89212.87555617  .00109978 +46849-4 +78181-3 0  9994
2 18111 047.0293 227.7200 7217612 219.1215 056.3979 02.41729536018171
1 18111U 87040  E 89214.11497586  .00109640 +46837-4 +88568-3 0  9996
2 18111 047.0338 227.3382 7214980 219.4573 055.5386 02.41982971018204
1 18111U 87040  E 89214.11525428  .00109640 -46800-4 +88568-3 0  9994
2 18111 047.0338 227.3381 7214980 219.4573 055.5386 02.41982971018203
1 18111U 87040  E 89216.17833341  .00106242 +46839-4 +51105-3 0  9991
2 18111 047.0190 226.7002 7214786 220.1644 054.4444 02.42381447018254
1 18111U 87040  E 89216.17836906  .00102912 +46874-4 +62365-3 0  9990
2 18111 047.0187 226.7067 7213500 220.1090 054.4876 02.42373711018253
1 18111U 87040  E 89217.41467262  .00100065 +46882-4 +78177-3 0  9997
2 18111 046.9992 226.3707 7210405 220.4010 053.6788 02.42595203018286
1 18111U 87040  E 89217.41504126  .00100445 -46800-4 +65885-3 0  9993
2 18111 047.0014 226.3672 7211338 220.4338 053.9983 02.42596338018283
1 18111U 87040  E 89219.06196944  .00098182 +46865-4 +72441-3 0  9991
2 18111 047.0024 225.8126 7208412 220.8977 053.2267 02.42892421018329
1 18111U 87040  E 89219.06201255  .00099517 -46900-4 +60269-3 0  9992
2 18111 047.0085 225.7929 7209481 220.9409 053.2628 02.42894402018326
1 18111U 87040  E 89219.06206181  .00111840 +46775-4 +71804-3 0  9995
2 18111 046.9980 225.8075 7209111 220.9222 053.2857 02.42906156018328
1 18111U 87040  E 89228.07603064  .00153552 +46861-4 +43388-3 0  9995
2 18111 046.9744 222.9331 7197068 223.7583 049.1550 02.45146138018533
1 18111U 87040  E 89241.03005161  .00586601 -46500-4 +71815-3 0  9992
2 18111 046.9472 218.7409 7170796 227.8077 044.7203 02.49455393018853
1 18111U 87040  E 89243.03325745  .00183654 -46500-4 +27452-3 0  9996
2 18111 046.9370 218.0902 7167540 228.3864 043.2943 02.49637008018900
1 18111U 87040  E 89243.03360022  .00183819 -46600-4 +36163-3 0  9996
2 18111 046.9551 218.0892 7165391 228.3065 043.6057 02.49637741018908
1 18111U 87040  E 89247.02658266  .00163326 +46404-4 +27099-3 0  9999
2 18111 046.9267 216.7732 7157345 229.6273 040.7678 02.50862333019003
1 18111U 87040  E 89248.22264960  .00179199 -46400-4 +20266-3 0  9997
2 18111 046.9280 216.3757 7157263 230.0457 041.8933 02.51293742019032
1 18111U 87040  E 89251.00103499  .00198461 +46324-4 +20811-3 0  9999
2 18111 046.9349 215.4503 7149807 230.9201 040.7893 02.52367270019108
1 18111U 87040  E 89251.00123319  .00199178 +46302-4 +22271-3 0  9996
2 18111 046.9134 215.4703 7149242 230.9161 040.9656 02.52367602019108
1 18111U 87040  E 89254.16132909  .00232011 +46117-4 +26303-3 0  9999
2 18111 046.9131 214.3615 7138090 231.9322 040.4695 02.53828777019186
1 18111U 87040  E 89256.91057896  .00234694 -45900-4 +18597-3 0  9990
2 18111 046.9145 213.4511 7131737 232.9279 039.0777 02.55100471019258
1 18111U 87040  E 89258.08475209  .00224618 +45835-4 +18708-3 0  9997
2 18111 046.9163 213.0584 7127225 233.3032 038.5207 02.55633648019285
1 18111U 87040  E 89258.86637866  .00220146 +45764-4 +19588-3 0  9992
2 18111 046.9099 212.7867 7123966 233.5443 038.3466 02.55982845019303
1 18111U 87040  E 89263.91733457  .00244617 -45599-4 +16112-3 0  9993
2 18111 046.8836 211.0587 7107718 235.2413 037.6791 02.58527721019433
