1 29473U 89039DT  06254.19735971  .00001585  00000-0  41540-1 0  9997
2 29473 065.6933 258.2604 5362576 068.0007 339.4136 04.38163616  1492
1 29473U 89039DT  06275.42100403  .00006125  00000-0  12483+0 0  9999
2 29473 066.1126 252.2442 5402003 064.7692 341.8597 04.38305316  2426
1 29473U 89039DT  06295.26446169  .00005987  00000-0  11687+0 0  9995
2 29473 066.0909 245.4965 5406720 063.0793 341.3193 04.38539827  3291
1 29473U 89039DT  06295.26446169 +.00005987 +00000-0 +11687-0 0  9996
2 29473 066.0909 245.4965 5406720 063.0793 341.3193 04.38539827003291
1 29473U 89039DT  08234.38864866 -.00000025  00000-0  10000-3 0  9992
2 29473 065.0911 347.2956 5148057 021.9032 353.8254 04.95735927 32637
1 29473U 89039DT  08248.30752036 -.00009942  00000-0 -68184-1 0  9996
2 29473 065.1091 341.3109 5133677 020.2229 345.5729 04.95405604 33322
1 29473U 89039DT  08259.21509788 -.00002038  00000-0 -17728-1 0  9999
2 29473 065.1345 336.6297 5102144 019.0996 356.1552 04.95285389 33868
1 29473U 89039DT  08260.22378520 -.00003950  00000-0 -34823-1 0  9999
2 29473 065.1359 336.1985 5102277 019.0313 354.6366 04.95272811 33910
1 29473U 89039DT  08265.27178254 -.00007478  00000-0 -66016-1 0  9999
2 29473 065.1332 334.0339 5103205 018.7272 354.2970 04.95190285 34162
1 29473U 89039DT  08266.28178159 -.00007269  00000-0 -63981-1 0  9991
2 29473 065.1325 333.5986 5103554 018.6609 354.8209 04.95178375 34219
1 29473U 89039DT  08281.22929071 -.00000902  00000-0 -77463-2 0  9997
2 29473 065.1427 327.2095 5099988 017.8475 002.8641 04.95202731 34966
1 29473U 89039DT  08311.92133245  .00000024  00000-0  10000-3 0  9996
2 29473 065.8089 314.4148 5171757 013.5623 059.1102 04.96089123 36482
1 29473U 89039DT  08314.10355259  .00004481  00000-0  21178-1 0  9997
2 29473 065.8182 313.4837 5172089 013.4386 356.4545 04.96112020 36593
1 29473U 89039DT  08318.94096160  .00004118  00000-0  17428-1 0  9996
2 29473 065.8922 311.5787 5184106 012.5275 356.4871 04.96150854 36834
1 29473U 89039DT  08322.16580223  .00000007  00000-0  10000-3 0  9997
2 29473 066.0736 310.6628 5162968 013.5616 356.6097 04.96157478 36994
1 29473U 89039DT  08350.78593346  .00000056  00000-0  10000-3 0  9990
2 29473 066.2053 297.6243 5295967 010.6549 037.2724 04.97388607 38413
1 29473U 89039DT  08360.81617439 -.00000351  00000-0 -23963-3 0  9997
2 29473 066.1632 293.1421 5298975 009.6183 357.3347 04.97383828 38910
1 29473U 89039DT  09004.66798536  .00000236  00000-0  10000-3 0  9992
2 29473 066.2548 288.7538 5310015 009.3335 188.1586 05.05373904 39406
1 29473U 89039DT  09021.38258439  .00006840  00000-0  13446-2 0  9996
2 29473 066.1246 280.9250 5342141 004.4509 000.7916 05.05528021 40241
1 29473U 89039DT  09034.63276457  .00010042  00000-0  13446-2 0  9997
2 29473 066.0048 274.1667 5132478 006.7992 347.1735 05.41875993 40912
1 29473U 89039DT  09038.51361720  .01342327  00000-0  20687+0 0  9993
2 29473 066.0618 272.2454 5033818 006.5952 135.1952 05.56938360 41124
1 29473U 89039DT  09039.69878169  .01336320  00000-0  16547+0 0  9999
2 29473 065.9780 271.5034 5024548 006.4129 358.2043 05.60107473 41186
1 29473U 89039DT  09046.54978925  .01938800  00000-0  20412+0 0  9999
2 29473 065.9337 267.7288 4940199 005.5806 271.6402 05.75300391 41572
1 29473U 89039DT  09051.71640396  .01502985  00000-0  21410+0 0  9992
2 29473 065.9060 264.8022 4839925 005.2665 296.1704 05.89733041 41869
1 29473U 89039DT  09053.26575514  .00741047  00000-0  10213+0 0  9995
2 29473 065.8164 263.8044 4851027 005.5132 330.4363 05.88142348 41962
1 29473U 89039DT  09076.56861906  .00454334  00000-0  70153-1 0  9997
2 29473 065.3688 249.5870 4701075 002.5221 327.3109 06.12420320 43332
1 29473U 89039DT  09090.32220922  .00148464  00000-0  48034-1 0  9991
2 29473 065.2522 241.0175 4625754 001.5440 192.1350 06.17817023 44178
1 29473U 89039DT  09090.39757267  .00147188  00000-0  89873-2 0  9994
2 29473 067.3529 242.2324 4711135 355.5974 001.3917 06.17998039 43626
1 29473U 89039DT  09093.47045275  .00167748  00000-0  48034-1 0  9992
2 29473 065.1534 239.0095 4605335 000.4062 357.5103 06.22557212 44360
1 29473U 89039DT  09114.23717097  .00095321  00000-0  48034-1 0  9995
2 29473 064.9486 225.7141 4574032 358.0140 267.7984 06.21304059 45666
1 29473U 89039DT  09119.26437959  .00032181  00000-0  17276-1 0  9998
2 29473 064.9919 222.5160 4567640 357.7200 353.8349 06.21561130 45974
1 29473U 89039DT  09120.39375024  .00021864  00000-0  91807-2 0  9997
2 29473 064.9983 221.8098 4585680 356.3964 001.2141 06.21559381 46041
1 29473U 89039DT  09122.32436407  .00019584  00000-0  94013-2 0  9993
2 29473 065.0099 220.5987 4575894 356.6326 001.2418 06.21626632 46169
1 29473U 89039DT  09124.25461515  .00020038  00000-0  10133-1 0  9991
2 29473 065.0053 219.3593 4571738 356.5640 001.1505 06.21706230 46281
1 29473U 89039DT  09126.34555215  .00019085  00000-0  95364-2 0  9994
2 29473 065.0098 218.0252 4572162 356.3464 001.2351 06.21783217 46417
1 29473U 89039DT  09127.31050655  .00017380  00000-0  89515-2 0  9997
2 29473 065.0151 217.4196 4569711 356.3772 001.1577 06.21806774 46474
1 29473U 89039DT  09132.29538673  .00030989  00000-0  18110-1 0  9993
2 29473 065.0354 214.2317 4557838 355.7656 002.6607 06.22109482 46787
1 29473U 89039DT  09136.31278921  .00026900  00000-0  16306-1 0  9990
2 29473 065.0536 211.6975 4553875 355.4480 001.5762 06.22325052 47031
1 29473U 89039DT  09145.95016103 +.00022472 +00000-0 +13643-1 0  9993
2 29473 065.1236 205.4925 4551307 354.0741 000.0206 06.22671472047631
1 29473U 89039DT  09145.95016104  .00022472  00000-0  13643-1 0  9994
2 29473 065.1236 205.4925 4551307 354.0741 000.0206 06.22671472 47631
1 29473U 89039DT  09149.16270425  .00014884  00000-0  90183-2 0  9992
2 29473 065.1289 203.4306 4551320 353.8069 001.7412 06.22757760 47839
1 29473U 89039DT  09150.12621167  .00033042  00000-0  20898-1 0  9995
2 29473 065.1295 202.8138 4547116 353.7990 002.1413 06.22876712 47893
1 29473U 89039DT  09152.21313748  .00029518  00000-0  17852-1 0  9999
2 29473 065.2195 201.5429 4549935 353.4119 002.2633 06.22997518 48022
1 29473U 89039DT  09153.17619626  .00031065  00000-0  18847-1 0  9994
2 29473 065.2518 200.9503 4549205 353.2554 002.4404 06.23068564 48083
1 29473U 89039DT  09154.13900642  .00035840  00000-0  18560-1 0  9999
2 29473 065.1778 200.2643 4560770 352.5147 002.5668 06.23162420 48144
1 29473U 89039DT  09155.10179870  .00036979  00000-0  20871-1 0  9990
2 29473 065.2102 199.6677 4553687 352.7477 002.5240 06.23239013 48207
1 29473U 89039DT  09158.14987029  .00058312  00000-0  29214-1 0  9995
2 29473 065.2170 197.7053 4560044 352.2084 004.4958 06.23676434 48392
1 29473U 89039DT  09159.11102301  .00056462  00000-0  25805-1 0  9991
2 29473 065.1777 197.0538 4566223 352.1184 002.6066 06.23774428 48459
1 29473U 89039DT  09173.04105103  .00045798  00000-0  24438-1 0  9993
2 29473 065.4745 188.2293 4547294 350.7327 352.9149 06.24996251 49328
1 29473U 89039DT  09177.52421989  .00135618  00000-0  76675-1 0  9994
2 29473 065.4892 185.3961 4534612 350.4038 012.5570 06.26387207 49602
1 29473U 89039DT  09178.31819564 +.00135640 +00000-0 +76827-1 0  9996
2 29473 065.4891 184.8935 4533169 350.3194 003.2756 06.26602928049652
1 29473U 89039DT  09193.90572683  .00081125  00000-0  45917-1 0  9990
2 29473 065.7795 175.0543 4524684 348.6745 241.1261 06.28017533 50626
1 29473U 89039DT  09195.39281848  .00093640  00000-0  53799-1 0  9997
2 29473 065.7971 174.1310 4522008 348.5399 003.7876 06.28261939 50722
1 29473U 89039DT  09195.87033687  .00092373  00000-0  53109-1 0  9993
2 29473 065.7968 173.8308 4521425 348.4840 003.8786 06.28347738 50759
1 29473U 89039DT  09200.00574101  .00057429  00000-0  38034-1 0  9999
2 29473 065.8531 171.2754 4507527 348.6420 001.2480 06.28781205 51010
1 29473U 89039DT  09208.42957496  .00068851  00000-0  45400-1 0  9991
2 29473 065.8475 165.9907 4500318 347.3041 010.6156 06.30035638 51540
1 29473U 89039DT  09209.85509086  .00076198  00000-0  51586-1 0  9992
2 29473 065.9558 165.0175 4496697 347.2179 004.4970 06.30276555 51636
1 29473U 89039DT  09210.48962926  .00088117  00000-0  60086-1 0  9998
2 29473 065.9573 164.6231 4495332 347.1490 004.4241 06.30405346 51678
1 29473U 89039DT  09213.81931131  .00063604  00000-0  42792-1 0  9990
2 29473 065.9573 162.5235 4494348 346.6887 002.6528 06.30764377 51882
1 29473U 89039DT  09217.46523737  .00042025  00000-0  30790-1 0  9993
2 29473 066.0699 160.2840 4486113 346.5320 002.2128 06.30969789 52115
1 29473U 89039DT  09225.38658487  .00039698  00000-0  31344-1 0  9992
2 29473 066.0028 155.3024 4475829 345.7696 004.0500 06.31588523 52612
1 29473U 89039DT  09225.38699949  .00038776  00000-0  24739-1 0  9996
2 29473 066.0019 155.3013 4493678 345.6119 004.9446 06.31577127 52617
1 29473U 89039DT  09227.76161421  .00000137  00000-0  16565-3 0  9999
2 29473 066.0378 153.8082 4467014 345.5924 003.2176 06.31478040 52764
1 29473U 89039DT  09234.73030353 -.00000241  00000-0 -21127-3 0  9991
2 29473 066.0363 149.4696 4465466 344.6559 005.1927 06.31472519 53203
1 29473U 89039DT  09242.33182282 -.00004842  00000-0 -54313-2 0  9998
2 29473 066.0010 144.7732 4443831 344.1575 004.2628 06.31386958 53687
1 29473U 89039DT  09243.44108805  .00066345  00000-0  81180-1 0  9995
2 29473 066.0118 144.1552 4436318 344.0514 005.5562 06.31482933 53753
1 29473U 89039DT  09248.66415034 -.00017943  00000-0 -23318-1 0  9990
2 29473 066.0399 140.8866 4431762 343.3651 356.8396 06.31252154 54081
1 29473U 89039DT  09253.26211372  .00000503  00000-0  55297-3 0  9996
2 29473 066.0031 138.0637 4447343 342.9227 006.0189 06.31328142 54383
1 29473U 89039DT  09256.27167246  .00005790  00000-0  85145-2 0  9997
2 29473 066.0280 136.2051 4419049 342.7870 005.9554 06.31336021 54562
1 29473U 89039DT  09264.03266734  .00004665  00000-0  72772-2 0  9994
2 29473 065.9777 131.4386 4411828 341.7946 006.9659 06.31436765 55057
1 29473U 89039DT  09269.57524999  .00003163  00000-0  62578-2 0  9993
2 29473 065.9194 128.0899 4386183 341.4451 006.4867 06.31485672 55400
1 29473U 89039DT  09277.80969792  .00004160  00000-0  99527-2 0  9994
2 29473 065.8133 123.0589 4362744 340.7220 007.6187 06.31565181 55925
1 29473U 89039DT  09278.12608474  .00032773  00000-0  79329-1 0  9995
2 29473 065.8156 122.8739 4361730 340.6955 007.0070 06.31612829 55941
1 29473U 89039DT  09278.60103812 -.00023988  00000-0 -58373-1 0  9990
2 29473 065.8102 122.5802 4361710 340.6524 006.8404 06.31549445 55974
1 29473U 89039DT  09286.04535910  .00002390  00000-0  59675-2 0  9994
2 29473 065.7417 117.9934 4356466 339.7806 013.2554 06.31609780 56440
1 29473U 89039DT  09287.15103319  .00033966  00000-0  93386-1 0  9990
2 29473 065.6993 117.3523 4346036 339.7049 007.4282 06.31654311 56518
1 29473U 89039DT  09287.46762583  .00002239  00000-0  58813-2 0  9994
2 29473 065.7090 117.1343 4350179 339.6747 007.3092 06.31622579 56533
1 29473U 89039DT  09290.47578880  .00002520  00000-0  66035-2 0  9992
2 29473 065.7131 115.2737 4351260 339.3001 007.4782 06.31638166 56724
1 29473U 89039DT  09296.49185134  .00003007  00000-0  83823-2 0  9991
2 29473 065.7191 111.6450 4343781 338.6396 007.8338 06.31677241 57101
1 29473U 89039DT  09299.49967956  .00003009  00000-0  83823-2 0  9996
2 29473 065.7197 109.7977 4343169 338.2903 007.8501 06.31695261 57293
1 29473U 89039DT  09307.41473440  .00002939  00000-0  90386-2 0  9991
2 29473 065.6991 105.0341 4330882 337.3077 008.1023 06.31738764 57792
1 29473U 89039DT  09317.38698949  .00006241  00000-0  19719-1 0  9991
2 29473 065.4546 098.8891 4327636 335.9510 008.9796 06.31827519 58427
1 29473U 89039DT  09323.87568843  .00009921  00000-0  32616-1 0  9990
2 29473 065.4897 094.9283 4321648 335.2301 009.7570 06.31965442 58838
1 29473U 89039DT  09331.62814847  .00009663  00000-0  29665-1 0  9993
2 29473 065.4429 090.0669 4329524 334.5734 009.1998 06.32113953 59323
1 29473U 89039DT  09332.73557208  .00008847  00000-0  21778-1 0  9991
2 29473 065.4096 089.3617 4356690 333.6132 009.4940 06.32127052 59395
1 29473U 89039DT  09340.01200021  .00016888  00000-0  43871-1 0  9991
2 29473 065.2639 084.7455 4348265 333.1544 012.8413 06.32423687 59853
1 29473U 89039DT  09342.69857042  .00019264  00000-0  49730-1 0  9999
2 29473 065.1963 083.0217 4348253 332.9906 010.5262 06.32558160 60029
1 29473U 89039DT  09355.18267945  .00033211  00000-0  51592-1 0  9991
2 29473 065.1511 075.0514 4400944 331.4814 013.6223 06.33294086 60810
1 29473U 89039DT  09358.81237472  .00012173  00000-0  17510-1 0  9992
2 29473 065.1548 072.7537 4408776 330.8589 008.8943 06.33338953 61045
1 29473U 89039DT  10017.32887862  .00012159  00000-0  17218-1 0  9995
2 29473 065.1538 057.6400 4406785 328.7852 010.9566 06.33908587 62538
1 29473U 89039DT  10028.07114850 -.00000025  00000-0  00000+0 0  9998
2 29473 065.3727 050.2213 4481997 327.2168 011.5884 06.43219326 63216
1 29473U 89039DT  10028.07114850 -.00000025  00000-0  00000+0 0  9998
2 29473 065.3727 050.2213 4481997 327.2168 011.5884 06.43219326 63216
1 29473U 89039DT  10028.07114850 -.00000025  00000-0  00000+0 0  9998
2 29473 065.3727 050.2213 4481997 327.2168 011.5884 06.43219326 63216
1 29473U 89039DT  10028.07114850 -.00000025 +00000-0 +00000-0 0  9999
2 29473 065.3727 050.2213 4481997 327.2168 011.5884 06.43219326063216
