1 15632U 85024  E 85083.00981529  .00000198 +00000-0 +99999-4 0  9991
2 15632 047.5105 263.3974 7249326 000.3113 000.5688 02.28906793000065
1 15632U 85024  E 85083.88265102  .00000194 +00000-0 +99999-4 0  9995
2 15632 047.4899 263.2439 7248511 000.5082 359.8395 02.28906707000083
1 15632U 85024  E 85088.25112954  .00000198 +00000-0 +99999-4 0  9991
2 15632 047.4762 262.0316 7249234 001.6810 359.7286 02.28907062000181
1 15632U 85024  E 85089.56167157  .00000202 +00000-0 +99999-4 0  9997
2 15632 047.4733 261.6605 7250236 002.0279 359.6960 02.28907329000211
1 15632U 85024  E 85093.05637839  .00000206 +00000-0 +99999-4 0  9999
2 15632 047.4602 260.7062 7250990 002.9492 359.5663 02.28908340000297
1 15632U 85024  E 85097.86155494  .00000217 +00000-0 +99999-4 0  9996
2 15632 047.4484 259.3685 7252936 004.2240 359.3701 02.28909738000404
1 15632U 85024  E 85121.45022734  .00000301 +00000-0 +99999-4 0  9993
2 15632 047.3509 252.7571 7264136 010.4926 359.1087 02.28928464000948
1 15632U 85024  E 85122.76004808  .00000591 +00000-0 +22595-3 0  9998
2 15632 047.3472 252.3881 7264543 010.8532 358.6089 02.28933835000973
1 15632U 85024  E 85125.81762188  .00000629 +00000-0 +22595-3 0  9991
2 15632 047.3437 251.5279 7266039 011.6775 358.6269 02.28941325001048
1 15632U 85024  E 85129.74855484  .00000670 +00000-0 +22595-3 0  9995
2 15632 047.3265 250.4249 7267514 012.7432 358.4966 02.28946169001136
1 15632U 85024  E 85141.54096519  .00001134 +00000-0 +29894-3 0  9998
2 15632 047.2873 247.0651 7273477 015.9051 358.7034 02.28976150001408
1 15632U 85024  E 85153.76761373  .00002010 +00000-0 +43740-3 0  9992
2 15632 047.2561 243.5800 7277496 019.2516 358.7125 02.29030745001680
1 15632U 85024  E 85157.25938270  .00002999 +00000-0 +62911-3 0  9999
2 15632 047.2315 242.6246 7278334 020.1898 357.8846 02.29053863001762
1 15632U 85024  E 85166.86235792  .00005363 +00000-0 +91200-3 0  9996
2 15632 047.1873 239.8845 7281640 022.7918 358.1364 02.29151202001987
1 15632U 85024  E 85168.60709682  .00006375 +00000-0 +10654-2 0  9991
2 15632 047.1871 239.3750 7281811 023.2896 357.5408 02.29175465002021
1 15632U 85024  E 85171.66116201  .00006258 +00000-0 +95067-3 0  9992
2 15632 047.1852 238.5022 7283154 024.1231 357.4363 02.29211374002094
1 15632U 85024  E 85174.71472690  .00007051 +00000-0 +96262-3 0  9998
2 15632 047.2052 237.5637 7284653 024.9845 357.3561 02.29251718002165
1 15632U 85024  E 85180.82002849  .00006878 +00000-0 +77438-3 0  9992
2 15632 047.1835 235.8017 7287033 026.6714 357.1581 02.29338182002302
1 15632U 85024  E 85184.74374273  .00012983 +00000-0 +14064-2 0  9999
2 15632 047.1694 234.6933 7286742 027.7678 357.9204 02.29469489002390
1 15632U 85024  E 85195.62891183  .00026591 -47983-4 +13537-2 0  9992
2 15632 047.0998 231.5081 7290315 030.7596 357.5722 02.29867473002644
1 15632U 85024  E 85226.40999999  .00015354 +49281-4 +99999-4 0  9992
2 15632 046.9960 222.4120 7290633 039.5560 015.5880 02.32015800002835
1 15632U 85024  E 85285.93093978  .02228023 +30006-4 +99999-4 0  9993
2 15632 046.8647 202.8997 6466434 057.4010 349.2367 03.52452971004939
1 15632U 85024  E 85285.93120727  .00004339 -30000-4 +00000-0 0  9992
2 15632 046.8647 202.8996 6466434 057.4010 349.2367 03.52452972004939
