1 13099U 82020  E 82075.58714280  .00010477 +00000-0 +42234-2 0  9997
2 13099 047.4295 251.1518 7307396 000.2403 359.8719 02.23910473000049
1 13099U 82020  E 82078.71286301  .00003122 +00000-0 +11757-2 0  9998
2 13099 047.4230 250.2952 7308355 001.0612 359.4641 02.23922957000115
1 13099U 82020  E 82080.49948290  .00003252 +00000-0 +12027-2 0  9993
2 13099 047.4178 249.8073 7308671 001.5362 359.7323 02.23934838000157
1 13099U 82020  E 82085.41105200  .00003523 +00000-0 +12279-2 0  9996
2 13099 047.4021 248.4570 7309669 002.8474 359.5789 02.23970187000260
1 13099U 82020  E 82089.42902694  .00003869 +00000-0 +12590-2 0  9992
2 13099 047.3965 247.3284 7310897 003.9224 359.4509 02.23999902000351
1 13099U 82020  E 82093.44624326  .00005182 +00000-0 +16905-2 0  9996
2 13099 047.3725 246.2331 7310582 005.0312 359.3013 02.24047032000446
1 13099U 82020  E 82093.44697180  .00004327 +00000-0 +13111-2 0  9990
2 13099 047.3535 246.3438 7312064 004.8327 359.8808 02.24040420000445
1 13099U 82020  E 82094.78514239  .00005217 +00000-0 +17862-2 0  9997
2 13099 047.3727 245.8388 7309479 005.4348 359.2358 02.24059668000473
1 13099U 82020  E 82096.57022692  .00005516 +00000-0 +15311-2 0  9992
2 13099 047.3802 245.3435 7313549 005.8189 359.2322 02.24083597000519
1 13099U 82020  E 82098.35506000  .00005589 +00000-0 +14995-2 0  9997
2 13099 047.3618 244.9304 7314052 006.2606 359.1308 02.24104310000557
1 13099U 82020  E 82099.69362890  .00005628 +00000-0 +15275-2 0  9998
2 13099 047.3673 244.5602 7313708 006.6458 359.0839 02.24119097000580
1 13099U 82020  E 82103.70888420  .00006040 +00000-0 +13478-2 0  9990
2 13099 047.3311 243.4343 7317030 007.6164 359.1212 02.24170564000678
1 13099U 82020  E 82110.39836990  .00007041 +00000-0 +15858-2 0  9994
2 13099 047.3009 241.6018 7316099 009.4879 358.8904 02.24269576000821
1 13099U 82020  E 82112.62750689  .00007391 +00000-0 +15734-2 0  9993
2 13099 047.3032 240.9938 7316894 010.0710 358.7499 02.24300696000877
1 13099U 82020  E 82117.97643440  .00007120 +00000-0 +13240-2 0  9992
2 13099 047.3061 239.5006 7318688 011.4558 358.6438 02.24376120000997
1 13099U 82020  E 82117.97644213  .00008337 +00000-0 +15821-2 0  9999
2 13099 047.2849 239.4967 7318346 011.5118 358.6673 02.24379352000990
1 13099U 82020  E 82121.54138140  .00011427 +00000-0 +18795-2 0  9991
2 13099 047.2689 238.5454 7320017 012.3732 359.3120 02.24487097001073
1 13099U 82020  E 82122.43129420  .00009386 +00000-0 +17749-2 0  9990
2 13099 047.2521 238.2268 7317557 012.7200 358.5190 02.24488084001094
1 13099U 82020  E 82126.43961716  .00012084 +00000-0 +18402-2 0  9992
2 13099 047.2793 237.1398 7320329 013.7427 358.9519 02.24609554001186
1 13099U 82020  E 82127.32932731  .00012418 +00000-0 +18368-2 0  9998
2 13099 047.2695 236.8933 7320633 013.9793 358.4141 02.24632098001202
1 13099U 82020  E 82131.33492803  .00013503 +00000-0 +15470-2 0  9992
2 13099 047.2521 235.7672 7323780 014.9499 358.5352 02.24746541001291
1 13099U 82020  E 82134.00390251  .00013544 +00000-0 +16459-2 0  9996
2 13099 047.2497 235.0092 7322292 015.7535 358.3110 02.24818432001355
1 13099U 82020  E 82135.33813990  .00013543 +00000-0 +15946-2 0  9992
2 13099 047.2468 234.6326 7322494 016.1185 358.2557 02.24854143001384
1 13099U 82020  E 82138.45056831  .00015820 +00000-0 +17217-2 0  9994
2 13099 047.2314 233.7592 7322710 016.9731 358.8182 02.24979581001457
1 13099U 82020  E 82155.31205003  .00018167 -46625-4 +76732-3 0  9998
2 13099 047.2263 228.9186 7321027 021.5669 004.0435 02.26058634001839
