1 27900U 80085K   03218.62939904 -.00001239 +00000-0 +10000-3 0  9995
2 27900 066.5123 352.4227 7011504 164.2600 240.8694 02.03056567010799
1 27900U 80085K   03256.55526358 -.00001222 +00000-0 +10000-3 0  9996
2 27900 066.4702 348.3116 7008496 163.1788 244.0301 02.03064489011562
1 27900U 80085K   03258.52555316 -.00001266 +00000-0 +10000-3 0  9999
2 27900 066.4948 348.0866 7007669 163.2080 244.3348 02.03059932011606
1 27900U 80085K   03259.51025775 -.00001250 +00000-0 +10000-3 0  9993
2 27900 066.4944 347.9793 7007615 163.1834 244.1589 02.03057839011627
1 27900U 80085K   03260.49522888  .00000038  00000-0  10000-3 0  9991
2 27900 066.4894 347.9527 7008666 163.1377 244.1611 02.03053578 11638
1 27900U 80085K   03260.49532564 -.00001204 +00000-0 +10000-3 0  9990
2 27900 066.4966 347.8707 7007633 163.1531 244.2423 02.03055661011640
1 27900U 80085K   03261.48043359 -.00001130 +00000-0 +10000-3 0  9997
2 27900 066.4978 347.7625 7007577 163.1162 244.3480 02.03053447011664
1 27900U 80085K   03262.46558101 -.00001031 +00000-0 +10000-3 0  9992
2 27900 066.4987 347.6551 7007562 163.0895 244.4726 02.03051212011681
1 27900U 80085K   03292.51101261 -.00000603 +00000-0 +10000-3 0  9996
2 27900 066.4773 344.4141 7006467 162.6197 246.7794 02.03067741012299
1 27900U 80085K   03294.47985008 -.00000822 +00000-0 +10000-3 0  9995
2 27900 066.5084 344.1819 7007059 162.4505 246.1081 02.03068028012330
1 27900U 80085K   03295.46536127 -.00000907 +00000-0 +10000-3 0  9993
2 27900 066.5074 344.0764 7006345 162.3269 246.5613 02.03066895012357
1 27900U 80085K   03296.45078441 -.00000977 +00000-0 +10000-3 0  9990
2 27900 066.5072 343.9706 7006559 162.3003 246.9331 02.03065362012373
1 27900U 80085K   03296.45078441 -.00000977  00000-0  10000-3 0  9990
2 27900 066.5072 343.9706 7006559 162.3003 246.9331 02.03065362 12373
1 27900U 80085K   03296.45094105 -.00000350  00000-0  10000-3 0  9990
2 27900 066.5596 344.0209 7007675 162.2278 247.0444 02.03062057 12372
1 27900U 80085K   03297.43581554 -.00001031 +00000-0 +10000-3 0  9995
2 27900 066.4935 343.8739 7006905 162.3346 247.0035 02.03063539012399
1 27900U 80085K   03298.42060029 -.00001069 +00000-0 +10000-3 0  9995
2 27900 066.4848 343.7741 7007192 162.3406 246.8898 02.03061454012411
1 27900U 80085K   03299.40552319 -.00001089 +00000-0 +10000-3 0  9994
2 27900 066.5073 343.6561 7006870 162.1080 246.9020 02.03059276012438
1 27900U 80085K   03300.39147835 -.00001085 +00000-0 +10000-3 0  9994
2 27900 066.5012 343.5518 7006920 162.1309 247.6271 02.03056979012457
1 27900U 80085K   03301.37635827 -.00001054 +00000-0 +10000-3 0  9992
2 27900 066.5012 343.4451 7006879 162.1074 247.5676 02.03054773012474
1 27900U 80085K   03302.36144546 -.00000992 +00000-0 +10000-3 0  9995
2 27900 066.5013 343.3384 7006838 162.0839 247.6517 02.03052520012497
1 27900U 80085K   03303.34654431 -.00000900 +00000-0 +10000-3 0  9992
2 27900 066.5013 343.2317 7006798 162.0604 247.7364 02.03050282012514
1 27900U 80085K   03335.36225576 -.00000805 +00000-0 +10000-3 0  9997
2 27900 066.5052 339.7646 7005596 161.4045 250.3738 02.03066255013163
1 27900U 80085K   03336.34661644 -.00000906 +00000-0 +10000-3 0  9998
2 27900 066.5116 339.6511 7005215 161.3827 249.9718 02.03065668013180
1 27900U 80085K   03337.33161322 -.00000994 +00000-0 +10000-3 0  9993
2 27900 066.5116 339.5446 7005187 161.3591 250.0307 02.03064565013207
1 27900U 80085K   03338.31663532 -.00001064 +00000-0 +10000-3 0  9991
2 27900 066.5170 339.4345 7005126 161.3067 250.1090 02.03063306013229
1 27900U 80085K   03339.30178682 -.00001111 +00000-0 +10000-3 0  9991
2 27900 066.5125 339.3311 7005105 161.2820 250.2708 02.03061603013241
1 27900U 80085K   03340.28683887 -.00001131 +00000-0 +10000-3 0  9990
2 27900 066.5112 339.2250 7005063 161.2532 250.3539 02.03059662013268
1 27900U 80085K   03341.27192192 -.00001120 +00000-0 +10000-3 0  9992
2 27900 066.5108 339.1186 7005077 161.2251 250.4525 02.03057560013286
1 27900U 80085K   03342.25701723 -.00001077 +00000-0 +10000-3 0  9998
2 27900 066.5101 339.0125 7005055 161.1848 250.5543 02.03055374013303
1 27900U 80085K   03344.22727496 -.00000905 +00000-0 +10000-3 0  9991
2 27900 066.5064 338.8013 7005065 161.1300 250.7801 02.03050914013346
1 27900U 80085K   03345.21241962 -.00000784 +00000-0 +10000-3 0  9995
2 27900 066.5056 338.6948 7005071 161.1057 250.8926 02.03048764013369
1 27900U 80085K   04010.25797351 -.00000824 +00000-0 +10000-3 0  9992
2 27900 066.4521 335.4726 7004967 160.7774 253.2761 02.03067731013974
1 27900U 80085K   04014.19632601 -.00001187 +00000-0 +10000-3 0  9998
2 27900 066.5125 335.0075 7002415 160.2737 252.3827 02.03062730014055
1 27900U 80085K   04015.18300304 -.00001234 +00000-0 +10000-3 0  9993
2 27900 066.4972 334.9121 7002734 160.2922 253.6472 02.03060509014078
1 27900U 80085K   04017.15294470 -.00001260 +00000-0 +10000-3 0  9997
2 27900 066.4799 334.7116 7003418 160.3473 253.6617 02.03056101014118
1 27900U 80085K   04018.13762469 -.00001230 +00000-0 +10000-3 0  9991
2 27900 066.4734 334.6083 7003538 160.3638 253.4461 02.03053771014132
1 27900U 80085K   04019.12255598 -.00001168 +00000-0 +10000-3 0  9991
2 27900 066.4749 334.4992 7003418 160.3264 253.4162 02.03051568014159
1 27900U 80085K   04050.15331899 -.00000725 +00000-0 +10000-3 0  9996
2 27900 066.4626 331.1447 7001204 159.9325 255.8315 02.03066582014782
1 27900U 80085K   04052.12165848 -.00000971 +00000-0 +10000-3 0  9997
2 27900 066.4597 330.9292 7002125 159.4020 254.8334 02.03065279014821
1 27900U 80085K   04053.10860560 -.00001078 +00000-0 +10000-3 0  9998
2 27900 066.4597 330.8226 7002391 159.4064 256.3155 02.03064628014847
1 27900U 80085K   04054.09350169 -.00001170 +00000-0 +10000-3 0  9999
2 27900 066.4673 330.7069 7001994 159.3822 256.3021 02.03063974014862
1 27900U 80085K   04055.07850023 -.00001243 +00000-0 +10000-3 0  9993
2 27900 066.4716 330.5958 7001966 159.3585 256.3585 02.03062706014889
1 27900U 80085K   04056.06351860 -.00001290 +00000-0 +10000-3 0  9990
2 27900 066.4697 330.4909 7002004 159.3338 256.4228 02.03061023014901
1 27900U 80085K   04057.04855733 -.00001305 +00000-0 +10000-3 0  9994
2 27900 066.4705 330.3827 7001974 159.3045 256.4966 02.03059127014922
1 27900U 80085K   04058.03362638 -.00001287 +00000-0 +10000-3 0  9990
2 27900 066.4671 330.2774 7001976 159.2874 256.5837 02.03057051014949
1 27900U 80085K   04059.01866058 -.00001234 +00000-0 +10000-3 0  9996
2 27900 066.4661 330.1710 7001997 159.2547 256.6399 02.03054864014962
1 27900U 80085K   04060.00377002 -.00001148 +00000-0 +10000-3 0  9997
2 27900 066.4653 330.0649 7002098 159.2261 256.7423 02.03052597014981
1 27900U 80085K   04092.01915351 -.00000673 +00000-0 +10000-3 0  9990
2 27900 066.4305 326.6137 7003448 158.9249 259.0542 02.03067818015633
1 27900U 80085K   04100.88231398 -.00000981 +00000-0 +10000-3 0  9999
2 27900 066.4382 325.6544 7007825 159.1067 258.1182 02.03053296015818
1 27900U 80085K   04137.82134503 -.00001170  00000-0  10000-3 0  9994
2 27900  66.3387 321.7094 7003595 157.8885 259.8606  2.03062877 16569
1 27900U 80085K   04138.80749697 -.00001201  00000-0  10000-3 0  9994
2 27900  66.4442 321.5359 7005223 157.5400 260.7938  2.03060209 16582
1 27900U 80085K   04139.79383454 -.00001183 +00000-0 +10000-3 0  9997
2 27900 066.4671 321.4221 7004253 157.9657 261.7562 02.03058134016604
1 27900U 80085K   04140.77714760 -.00001133 +00000-0 +10000-3 0  9990
2 27900 066.4665 321.3158 7004275 157.9427 260.5555 02.03055901016624
1 27900U 80085K   04141.76222129 -.00001049 +00000-0 +10000-3 0  9999
2 27900 066.4660 321.2093 7004298 157.9197 260.6338 02.03053604016645
1 27900U 80085K   04142.74711950 -.00000939 +00000-0 +10000-3 0  9990
2 27900 066.4756 321.1793 7007403 157.9087 260.5721 02.03051263016651
1 27900U 80085K   04142.74711950 -.00000939  00000-0  10000-3 0  9990
2 27900  66.4756 321.1793 7007403 157.9087 260.5721  2.03051263 16651
1 27900U 80085K   04142.74711950 -.00000939 +00000-0 +10000-3 0  9990
2 27900 066.4756 321.1793 7007403 157.9087 260.5721 02.03051263016651
1 27900U 80085K   04142.74711950 -.00000939  00000-0  10000-3 0  9990
2 27900  66.4756 321.1793 7007403 157.9087 260.5721  2.03051263 16651
1 27900U 80085K   04142.74711950 -.00000939  00000-0  10000-3 0  9990
2 27900  66.4756 321.1793 7007403 157.9087 260.5721  2.03051263 16651
1 27900U 80085K   04142.74711950 -.00000939  00000-0  10000-3 0  9990
2 27900  66.4756 321.1793 7007403 157.9087 260.5721  2.03051263 16651
1 27900U 80085K   04142.74730614 -.00000938  00000-0  10000-3 0  9997
2 27900  66.4654 321.1029 7004321 157.8967 260.7121  2.03051309 16660
1 27900U 80085K   04142.74730614 -.00000938 +00000-0 +10000-3 0  9997
2 27900 066.4654 321.1029 7004321 157.8967 260.7121 02.03051309016660
1 27900U 80085K   04142.74730614 -.00000938 +00000-0 +10000-3 0  9997
2 27900 066.4654 321.1029 7004321 157.8967 260.7121 02.03051309016660
1 27900U 80085K   04142.74730614 -.00000938  00000-0  10000-3 0  9997
2 27900 066.4654 321.1029 7004321 157.8967 260.7121 02.03051309 16660
1 27900U 80085K   04142.74730614 -.00000938  00000-0  10000-3 0  9997
2 27900 066.4654 321.1029 7004321 157.8967 260.7121 02.03051309 16660
1 27900U 80085K   04142.74730614 -.00000938 +00000-0 +10000-3 0  9997
2 27900 066.4654 321.1029 7004321 157.8967 260.7121 02.03051309016660
1 27900U 80085K   04142.74730614 -.00000938 +00000-0 +10000-3 0  9997
2 27900 066.4654 321.1029 7004321 157.8967 260.7121 02.03051309016660
1 27900U 80085K   04142.74730614 -.00000938 +00000-0 +10000-3 0  9997
2 27900 066.4654 321.1029 7004321 157.8967 260.7121 02.03051309016660
1 27900U 80085K   04142.74730614 -.00000938 +00000-0 +10000-3 0  9997
2 27900 066.4654 321.1029 7004321 157.8967 260.7121 02.03051309016660
1 27900U 80085K   04142.74730614 -.00000938 +00000-0 +10000-3 0  9997
2 27900 066.4654 321.1029 7004321 157.8967 260.7121 02.03051309016660
1 27900U 80085K   04142.74730614 -.00000938 +00000-0 +10000-3 0  9997
2 27900 066.4654 321.1029 7004321 157.8967 260.7121 02.03051309016660
1 27900U 80085K   04142.74730614 -.00000938 +00000-0 +10000-3 0  9997
2 27900 066.4654 321.1029 7004321 157.8967 260.7121 02.03051309016660
1 27900U 80085K   04142.74730614 -.00000938 +00000-0 +10000-3 0  9997
2 27900 066.4654 321.1029 7004321 157.8967 260.7121 02.03051309016660
1 27900U 80085K   04142.74730614 -.00000938 +00000-0 +10000-3 0  9997
2 27900 066.4654 321.1029 7004321 157.8967 260.7121 02.03051309016660
1 27900U 80085K   04142.74730614 -.00000938 +00000-0 +10000-3 0  9997
2 27900 066.4654 321.1029 7004321 157.8967 260.7121 02.03051309016660
1 27900U 80085K   04142.74730614 -.00000938 +00000-0 +10000-3 0  9997
2 27900 066.4654 321.1029 7004321 157.8967 260.7121 02.03051309016660
1 27900U 80085K   04142.74730614 -.00000938 +00000-0 +10000-3 0  9997
2 27900 066.4654 321.1029 7004321 157.8967 260.7121 02.03051309016660
