1 34201U 97070L   09039.25116025 -.00000005  00000-0  10000-3 0  9996
2 34201 048.1461 101.6533 4383277 159.8098 225.2931 05.82609294 34690
1 34201U 97070L   09043.19757842 -.00063171  00000-0 -12962+1 0  9992
2 34201 048.1296 098.4282 4357192 163.2560 218.1729 05.82114417 34920
1 34201U 97070L   09047.49063829 -.00027369  00000-0 -70766+0 0  9998
2 34201 048.0874 094.9511 4311292 166.1899 212.9661 05.81857117 35170
1 34201U 97070L   09051.44018045 -.00027132  00000-0 -79128+0 0  9997
2 34201 048.0701 091.6831 4286897 168.9601 204.5586 05.81648420 35405
1 34201U 97070L   09056.42334220 -.00003978  00000-0 -15291+0 0  9999
2 34201 047.9764 087.7167 4223645 171.2509 199.6842 05.81651812 35695
1 34201U 97070L   09060.17448879 -.00008259  00000-0 -15459+0 0  9995
2 34201 048.1942 084.2913 4372759 173.7407 192.7619 05.82449777 35919
1 34201U 97070L   09060.17448879  .00000098  00000-0  18805-2 0  9997
2 34201 048.1741 084.2477 4383147 175.8883 189.3960 05.82607980 35918
1 34201U 97070L   09060.37453076 -.00000006  00000-0  10000-3 0  9994
2 34201 047.8814 084.5370 4250191 178.1660 192.0283 05.81665440 35925
1 34201U 97070L   09064.32177884  .00000182  00000-0  61553-2 0  9995
2 34201 047.8377 081.3631 4258019 181.8064 177.3190 05.81667391 36156
1 34201U 97070L   09069.30280189 -.00000008  00000-0  10000-3 0  9991
2 34201 047.5509 077.6110 4332534 188.9308 166.4486 05.81667110 36442
1 34201U 97070L   09081.32421630 -.00000003  00000-0  10000-3 0  9990
2 34201 047.6484 067.5957 4305385 198.5016 139.4304 05.81678955 37145
1 34201U 97070L   09085.27516152 -.00000011  00000-0  10000-3 0  9991
2 34201 047.6502 064.3400 4305174 201.5709 131.6972 05.81570641 37377
1 34201U 97070L   09089.22758029 -.00000014  00000-0  10000-3 0  9994
2 34201 047.6518 061.0848 4305004 204.6397 125.1029 05.81399888 37602
1 34201U 97070L   09089.22833703 -.00017728  00000-0 -66503+0 0  9993
2 34201 047.5318 061.3415 4231210 202.9379 126.9848 05.81393399 37609
1 34201U 97070L   09090.26141176 -.00000014  00000-0  10000-3 0  9999
2 34201 047.5322 060.5024 4231428 203.7336 129.1378 05.81385392 37667
1 34201U 97070L   09091.29513153 -.00000013  00000-0  10000-3 0  9990
2 34201 047.3715 059.9443 4135091 202.2843 132.8560 05.81321336 37723
1 34201U 97070L   09258.95861671 -.00000011  00000-0  10000-3 0  9997
2 34201 047.8068 265.5682 4056005 339.9005 170.7964 05.94990925 47476
1 34201U 97070L   09270.47773857 -.00000014  00000-0  10000-3 0  9999
2 34201 047.7924 256.0704 4058710 348.7288 004.3580 05.94990613 48158
1 34201U 97070L   09296.69299772 -.00000030  00000-0  10000-3 0  9998
2 34201 048.4164 234.4523 4221698 003.9613 013.3555 05.95106756 49713
1 34201U 97070L   09362.71516312  .00000028  00000-0  10000-3 0  9993
2 34201 047.6320 194.7479 4134300 061.0589 046.4816 05.99849955 53649
1 34201U 97070L   09363.51506799  .00000027  00000-0  10000-3 0  9999
2 34201 047.6474 194.0542 4133220 061.6884 333.9154 05.99868445 53696
1 34201U 97070L   09363.68172731  .00009515  00000-0  10000-3 0  9993
2 34201 047.6665 193.9358 4134475 061.7708 333.8455 05.99881484 53703
1 34201U 97070L   09363.68172731  .00009515  00000-0  10000-3 0  9993
2 34201 047.6665 193.9358 4134475 061.7708 333.8455 05.99881484 53703
1 34201U 97070L   09364.84839572  .00000024  00000-0  10000-3 0  9991
2 34201 047.6417 192.9365 4135844 062.7962 333.0945 05.99845981 53774
1 34201U 97070L   09365.84853343  .00000021  00000-0  10000-3 0  9991
2 34201 047.6450 192.0622 4133486 063.6034 333.0432 05.99863730 53838
1 34201U 97070L   10002.84847529 +.00000015 +00000-0 +10000-3 0  9993
2 34201 047.6437 190.3342 4133000 065.1893 332.0542 05.99870021053950
1 34201U 97070L   10006.51512079  .00000017  00000-0  10000-3 0  9992
2 34201 047.6907 187.1713 4121407 068.1980 330.3472 05.99869044 54177
1 34201U 97070L   10009.51505248  .00000018  00000-0  10000-3 0  9996
2 34201 047.6969 184.6228 4118665 070.6766 328.7281 05.99868100 54351
1 34201U 97070L   10010.51505016  .00000016  00000-0  10000-3 0  9999
2 34201 047.7591 183.8216 4106231 070.4434 328.6190 05.99867833 54414
1 34201U 97070L   10011.51511589  .00000013  00000-0  10000-3 0  9999
2 34201 047.7086 182.9092 4119028 072.1411 327.9703 05.99867127 54471
1 34201U 97070L   10014.51505162  .00000005  00000-0  10000-3 0  9993
2 34201 047.5708 180.1636 4115646 075.0098 326.2266 05.99863506 54652
1 34201U 97070L   10015.51497781 +.00000005 +00000-0 +10000-3 0  9991
2 34201 047.5731 179.3083 4115052 075.8433 325.5599 05.99862889054717
1 34201U 97070L   10016.51496832  .00000006  00000-0  10000-3 0  9999
2 34201 047.5730 178.4491 4113154 076.6012 325.0420 05.99860561 54771
1 34201U 97070L   10017.51497159  .00000008  00000-0  10000-3 0  9995
2 34201 047.5711 177.6082 4118641 077.3165 324.6180 05.99863311 54831
1 34201U 97070L   10017.68165354  .00000009  00000-0  10000-3 0  9993
2 34201 047.5765 177.4579 4111155 077.5077 324.4905 05.99858974 54849
1 34201U 97070L   10018.51497150  .00000012  00000-0  10000-3 0  9992
2 34201 047.5806 176.7503 4109852 078.1834 324.0083 05.99856747 54897
1 34201U 97070L   10019.51497403  .00000015  00000-0  10000-3 0  9997
2 34201 047.5837 175.8988 4108137 078.9779 323.4664 05.99853357 54958
1 34201U 97070L   10019.52041370  .00011144  00000-0  62474-1 0  9991
2 34201 047.6187 161.1193 4522480 072.1141 331.3023 05.89754194 54958
1 34201U 97070L   10020.51498540  .00000018  00000-0  10000-3 0  9995
2 34201 047.5832 175.0437 4106335 079.7516 322.9553 05.99851604 55012
1 34201U 97070L   10021.51499210  .00000020  00000-0  10000-3 0  9994
2 34201 047.5777 174.1809 4101526 080.4515 322.4316 05.99847807 55076
1 34201U 97070L   10027.51498977  .00000012  00000-0  10000-3 0  9990
2 34201 048.1166 169.8157 4229169 091.3817 316.4753 05.99826759 55433
1 34201U 97070L   10027.51498977  .00000010  00000-0  10000-3 0  9998
2 34201 047.5774 169.0771 4114169 086.4030 318.3732 05.99832078 55439
1 34201U 97070L   10037.34831869 -.00000003  00000-0  10000-3 0  9994
2 34201 047.7008 160.8197 4135916 095.5284 311.6513 05.99824759 56023
1 34201U 97070L   10049.68122466  .00000005  00000-0  10000-3 0  9991
2 34201 047.4572 149.8337 4126808 107.2777 299.1575 05.99786107 56760
1 34201U 97070L   10059.49553881  .00003380  00000-0  62474-1 0  9999
2 34201 047.5728 126.0089 4342505 104.7036 097.5505 05.87186335 57318
1 34201U 97070L   10078.48825698 -.00013801  00000-0 -36050+0 0  9997
2 34201 047.5683 110.1802 4273802 119.1332 284.6478 05.86839964 58420
1 34201U 97070L   10085.47539327  .00000004  00000-0  10000-3 0  9995
2 34201 047.5421 104.4320 4240434 124.9700 284.4219 05.86723659 58838
1 34201U 97070L   10086.15593487  .00000003  00000-0  10000-3 0  9997
2 34201 047.4581 103.8872 4250903 125.0674 281.9986 05.86723001 58871
1 34201U 97070L   10088.37080984 -.00000003  00000-0  10000-3 0  9997
2 34201 047.4917 102.0521 4244584 127.0873 279.9116 05.86704311 59008
1 34201U 97070L   10098.42157642 -.00000008  00000-0  10000-3 0  9995
2 34201 047.4195 093.8401 4227602 134.0748 266.3483 05.86599603 59598
1 34201U 97070L   10102.34183091 -.00000008  00000-0  10000-3 0  9999
2 34201 047.4799 090.5735 4219233 137.5705 264.6989 05.86591150 59821
1 34201U 97070L   10106.26023460 -.00000008  00000-0  10000-3 0  9997
2 34201 047.5202 087.2632 4214340 140.6850 259.1108 05.86583259 60050
1 34201U 97070L   10107.28251692 -.00000007  00000-0  10000-3 0  9999
2 34201 047.4396 086.4708 4220475 141.3386 257.8239 05.86582197 60113
1 34201U 97070L   10113.24564450 -.00000015  00000-0  10000-3 0  9990
2 34201 047.4924 081.4713 4217939 145.0116 250.2791 05.86571538 60469
1 34201U 97070L   10130.11234152 -.00000035  00000-0  10000-3 0  9990
2 34201 047.1405 067.7544 4229784 157.6095 232.0376 05.86737185 61454
1 34201U 97070L   10131.13242506 -.00000034  00000-0  10000-3 0  9994
2 34201 047.0924 066.9815 4233853 158.6769 226.6708 05.86739719 61512
1 34201U 97070L   10140.15796438 -.00000038  00000-0  10000-3 0  9998
2 34201 047.1095 059.3199 4252679 166.2326 215.4133 05.86876979 62041
1 34201U 97070L   10146.11444234 -.00000048  00000-0  10000-3 0  9995
2 34201 047.0230 054.3525 4260892 169.5557 204.2694 05.87117664 62393
1 34201U 97070L   10152.07023112 -.00000047  00000-0  10000-3 0  9994
2 34201 047.0692 049.2924 4281862 174.8559 194.1396 05.87235234 62741
1 34201U 97070L   10160.74623770 -.00000035  00000-0  10000-3 0  9990
2 34201 047.0789 041.9385 4295517 181.0320 181.3067 05.87496050 63251
1 34201U 97070L   10161.08468402 -.00000034  00000-0  10000-3 0  9996
2 34201 047.0828 041.6429 4295300 181.3312 177.0823 05.87488162 63274
1 34201U 97070L   10161.76491763  .00003275  00000-0  10000-3 0  9996
2 34201 047.0817 041.0737 4295088 181.8641 175.8481 05.87509877 36184
1 34201U 97070L   10161.76494373 -.00000032  00000-0  10000-3 0  9995
2 34201 047.0839 041.0702 4296493 181.9718 175.7142 05.87483029 63315
1 34201U 97070L   10166.01661094 -.00000035  00000-0  10000-3 0  9997
2 34201 047.1132 037.4060 4312749 185.3062 170.0654 05.87660509 63564
1 34201U 97070L   10167.03576820  .00017722  00000-0  37409+0 0  9990
2 34201 047.0989 036.5656 4312534 186.0198 166.4245 05.87730188 63627
1 34201U 97070L   10167.71575838  .00017588  00000-0  37680+0 0  9994
2 34201 047.1077 035.9777 4309386 186.4413 165.2447 05.87753919 63660
1 34201U 97070L   10168.73578644  .00009568  00000-0  19738+0 0  9998
2 34201 047.1000 035.0934 4316319 187.3257 163.5297 05.87758718 63736
1 34201U 97070L   10168.73580095  .00017489  00000-0  37680+0 0  9998
2 34201 047.1099 035.1060 4308038 187.2304 163.6461 05.87789260 63725
1 34201U 97070L   10168.90583149 +.00017502 +00000-0 +37680-0 0  9997
2 34201 047.1175 034.9611 4308149 187.3698 163.4335 05.87794864063734
1 34201U 97070L   10169.92567993  .00017626  00000-0  37680+0 0  9995
2 34201 047.1257 034.0816 4309375 188.1987 161.5147 05.87827581 63794
1 34201U 97070L   10170.94550196  .00021388  00000-0  37680+0 0  9996
2 34201 047.1310 033.2441 4347332 189.2662 159.7443 05.87862227 63857
1 34201U 97070L   10171.96488845  .00014713  00000-0  27198+0 0  9997
2 34201 047.1257 032.3612 4338138 190.0478 156.9918 05.87870107 63915
1 34201U 97070L   10174.00444156  .00014549  00000-0  30663+0 0  9990
2 34201 047.1066 030.6170 4311560 191.4781 153.5606 05.87930988 64030
1 34201U 97070L   10175.87406859  .00015524  00000-0  36662+0 0  9993
2 34201 047.1958 028.9632 4287529 192.0078 151.4232 05.88000419 64148
1 34201U 97070L   10176.89445232  .00015328  00000-0  36662+0 0  9996
2 34201 047.1897 028.1210 4284665 192.5591 151.5422 05.88030448 64201
1 34201U 97070L   10177.91417152  .00021823  00000-0  36662+0 0  9997
2 34201 047.1595 027.2775 4354762 194.6209 150.1888 05.88090351 64263
1 34201U 97070L   10178.93209298  .00016419  00000-0  28374+0 0  9996
2 34201 047.1662 026.3835 4349428 195.3671 145.2352 05.88104630 64323
1 34201U 97070L   10180.97087952  .00018820  00000-0  33772+0 0  9990
2 34201 047.1675 024.6220 4341548 196.6603 142.1958 05.88188808 64440
1 34201U 97070L   10185.89674513  .00019464  00000-0  34398+0 0  9991
2 34201 047.2038 020.3689 4342961 200.6328 134.6058 05.88389984 64733
1 34201U 97070L   10188.78333342  .00019904  00000-0  35822+0 0  9996
2 34201 047.2118 017.8825 4338485 202.8414 129.7214 05.88509812 64903
1 34201U 97070L   10189.80213831  .00025176  00000-0  34766+0 0  9994
2 34201 047.2498 017.0001 4387489 204.1010 128.4830 05.88575135 64964
1 34201U 97070L   10190.81999119  .00026671  00000-0  35557+0 0  9997
2 34201 047.2607 016.1126 4393379 204.9402 125.3500 05.88634063 65026
1 34201U 97070L   10191.83840242  .00025777  00000-0  47635+0 0  9998
2 34201 047.2088 015.3246 4332049 204.2426 123.8807 05.88686515 65087
1 34201U 97070L   10192.85835837  .00025184  00000-0  47824+0 0  9997
2 34201 047.2030 014.4571 4326387 204.9477 125.5552 05.88735842 65147
1 34201U 97070L   10197.77703704  .00025039  00000-0  22719+0 0  9995
2 34201 047.1990 010.1503 4455717 211.2661 112.3295 05.88975659 65448
1 34201U 97070L   10197.77956505  .00026583  00000-0  47517+0 0  9992
2 34201 047.2704 010.1304 4336539 208.8396 118.1382 05.88986328 65433
1 34201U 97070L   10199.81531756  .00026740  00000-0  46755+0 0  9994
2 34201 047.2627 008.3866 4340013 210.5914 115.0365 05.89095758 65556
1 34201U 97070L   10200.83296536  .00025325  00000-0  48424+0 0  9996
2 34201 047.3414 007.4058 4322249 211.4122 113.1577 05.89139269 65613
1 34201U 97070L   10202.69881568  .00026406  00000-0  31112+0 0  9994
2 34201 047.3617 005.7509 4410880 214.1183 110.9992 05.89247783 65725
1 34201U 97070L   10203.71471107  .00027147  00000-0  25316+0 0  9994
2 34201 047.4512 004.7327 4449443 215.7131 106.0549 05.89304768 65781
1 34201U 97070L   10204.73129839  .00026011  00000-0  27302+0 0  9995
2 34201 047.4362 003.8687 4429764 216.1780 102.8619 05.89353498 65845
1 34201U 97070L   10205.74772870  .00025043  00000-0  15396+0 0  9990
2 34201 047.2024 003.2359 4511800 218.0926 099.4376 05.89397168 65915
1 34201U 97070L   10205.74904440 +.00026238 +00000-0 +35766-0 0  9991
2 34201 047.3458 003.1152 4384199 216.0771 102.4157 05.89408225065900
1 34201U 97070L   10205.74904440  .00026238  00000-0  35766+0 0  9990
2 34201 047.3458 003.1152 4384199 216.0771 102.4157 05.89408225 65900
1 34201U 97070L   10206.76725157  .00025574  00000-0  35852+0 0  9997
2 34201 047.3570 002.2105 4378809 216.7088 103.1279 05.89461570 65963
1 34201U 97070L   10207.78455570  .00026131  00000-0  31840+0 0  9992
2 34201 047.2990 001.3989 4403329 217.8883 101.9922 05.89515320 66021
1 34201U 97070L   10209.64870330  .00028357  00000-0  30665+0 0  9990
2 34201 047.3588 359.6832 4422935 219.7394 098.6436 05.89628709 66133
1 34201U 97070L   10210.66310354  .00031187  00000-0  14766+0 0  9998
2 34201 047.2042 358.9184 4545875 222.3538 091.9515 05.89693032 66199
1 34201U 97070L   10210.66517824  .00029622  00000-0  27997+0 0  9990
2 34201 047.4008 358.7258 4444690 220.9443 096.4072 05.89692874 66196
1 34201U 97070L   10212.69643751  .00030879  00000-0  13421+0 0  9997
2 34201 047.2049 357.1269 4556323 224.1255 089.0123 05.89813752 66317
1 34201U 97070L   10212.69822401  .00031462  00000-0  30035+0 0  9997
2 34201 047.4307 356.9025 4442124 222.5329 092.9160 05.89825278 66310
1 34201U 97070L   10216.59454047  .00034932  00000-0  32268+0 0  9992
2 34201 047.3302 353.5934 4445505 225.6283 088.3275 05.90101785 66548
1 34201U 97070L   10217.61056636  .00033734  00000-0  31516+0 0  9992
2 34201 047.3660 352.6563 4443254 226.4217 086.8782 05.90165322 66608
1 34201U 97070L   10218.62662969  .00035151  00000-0  23984+0 0  9991
2 34201 047.3990 351.6951 4491298 227.8974 085.8087 05.90238317 66668
1 34201U 97070L   10219.64175565  .00034892  00000-0  24663+0 0  9991
2 34201 047.3868 350.8066 4485607 228.6839 082.9232 05.90308194 66724
1 34201U 97070L   10220.65762636  .00035156  00000-0  33254+0 0  9995
2 34201 047.2961 350.0342 4439818 228.7739 081.9399 05.90382351 66785
1 34201U 97070L   10222.68959749  .00034139  00000-0  33979+0 0  9997
2 34201 047.2814 348.2638 4430644 230.5907 080.9329 05.90515304 66907
1 34201U 97070L   10224.55144543  .00039934  00000-0  44780+0 0  9993
2 34201 047.4032 346.3686 4409236 231.6944 079.8928 05.90680811 32045
1 34201U 97070L   10224.72047115 +.00039059 +00000-0 +18250-0 0  9991
2 34201 047.3274 346.3181 4541364 233.3815 079.4823 05.90690183067026
1 34201U 97070L   10224.72047115  .00039059  00000-0  18250+0 0  9990
2 34201 047.3274 346.3181 4541364 233.3815 079.4823 05.90690183 67026
1 34201U 97070L   10227.59469367  .00041417  00000-0  20798+0 0  9996
2 34201 047.3739 343.6680 4530105 235.7408 072.7440 05.90931539 67193
1 34201U 97070L   10228.60953664  .00038785  00000-0  22510+0 0  9995
2 34201 047.3666 342.7621 4509641 236.6067 071.5823 05.91000046 67259
1 34201U 97070L   10233.51275760  .00043914  00000-0  18283+0 0  9997
2 34201 047.4277 338.2052 4551332 240.9201 068.6866 05.91467731 67542
1 34201U 97070L   10235.53926392  .00045641  00000-0  16476+0 0  9996
2 34201 047.3553 336.4392 4568086 242.8008 064.4394 05.91654646 67661
1 34201U 97070L   10237.56602062  .00045217  00000-0  20324+0 0  9992
2 34201 047.2822 334.6952 4538972 244.2452 061.9105 05.91837455 67787
1 34201U 97070L   10238.57966980  .00044769  00000-0  16240+0 0  9999
2 34201 047.3678 333.6318 4565725 245.5268 061.7950 05.91925547 67840
1 34201U 97070L   10238.58155922  .00050047  00000-0  60483+0 0  9990
2 34201 047.1252 333.9811 4387666 243.5387 065.4566 05.91953140 32872
1 34201U 97070L   10239.59241939  .00044893  00000-0  15496+0 0  9992
2 34201 047.3301 332.7428 4571215 246.4307 060.1074 05.92017444 67906
1 34201U 97070L   10240.60532382  .00044878  00000-0  14533+0 0  9995
2 34201 047.3582 331.7603 4578331 247.4048 059.0775 05.92108298 67969
1 34201U 97070L   10241.28045111  .00043077  00000-0  99017-1 0  9991
2 34201 047.3842 331.0808 4617084 248.1410 058.6372 05.92163326 68005
1 34201U 97070L   10241.61756267  .00042427  00000-0  95509-1 0  9999
2 34201 047.3842 330.7688 4619168 248.4264 057.3478 05.92190510 68022
1 34201U 97070L   10242.63023015  .00045076  00000-0  98429-1 0  9997
2 34201 047.3847 329.8319 4621792 249.2984 056.5154 05.92290037 68084
1 34201U 97070L   10243.64269335  .00048976  00000-0  10744+0 0  9990
2 34201 047.3834 328.8819 4620589 250.2209 055.5339 05.92399973 68149
1 34201U 97070L   10246.51054324  .00048385  00000-0  78365-1 0  9998
2 34201 047.3675 326.2058 4649999 252.9925 053.2113 05.92676302 68317
1 34201U 97070L   10253.25305783  .00054363  00000-0  97530-1 0  9993
2 34201 047.4167 319.8501 4635034 258.8352 048.9190 05.93436096 68714
1 34201U 97070L   10254.26299758  .00062760  00000-0  79828-1 0  9999
2 34201 047.3683 318.8068 4667333 260.0585 046.0293 05.93583405 68779
1 34201U 97070L   10254.43142927  .00063885  00000-0  78740-1 0  9994
2 34201 047.3742 318.6534 4670070 260.2113 045.9150 05.93606738 68788
1 34201U 97070L   10262.17174017  .00061689  00000-0  76023-1 0  9991
2 34201 047.3802 311.3458 4664157 267.2089 039.8527 05.94554276 69240
1 34201U 97070L   10264.35745515  .00105429  00000-0  85887-1 0  9999
2 34201 047.3705 309.1462 4696647 269.6145 039.3993 05.95064272 69379
1 34201U 97070L   10326.18061569  .00105340  00000-0  50462-1 0  9992
2 34201 047.3573 248.8007 4657549 329.2507 003.8715 06.08088190 73057
1 34201U 97070L   10348.62255816  .00007338  00000-0  25021-1 0  9996
2 34201 047.8678 225.2031 4454676 347.5080 204.5604 06.10418408 74419
1 34201U 97070L   11001.54553976  .00001552  00000-0  71554-2 0  9997
2 34201 047.3642 208.0757 4412972 005.6910 355.1020 06.10564896 75516
1 34201U 97070L   11011.53593158  .00001319  00000-0  71554-2 0  9994
2 34201 047.3858 198.7409 4389885 015.3504 355.0965 06.10606204 76122
1 34201U 97070L   11081.11556088  .00000257  00000-0  71554-2 0  9996
2 34201 047.0462 123.0353 4132566 082.1054 235.9745 06.06773623 80372
1 34201U 97070L   11082.14336202 -.00021036  00000-0 -55084+0 0  9991
2 34201 047.0507 122.1181 4131895 082.9580 320.9410 06.06709487 80435
1 34201U 97070L   11090.41822496 -.00000012  00000-0  10000-3 0  9998
2 34201 046.5593 125.0848 4119021 083.5485 320.3198 06.08245851 80938
1 34201U 97070L   11090.41834179 -.00000012  00000-0  10000-3 0  9999
2 34201 046.5447 125.0812 4119333 083.6257 320.5372 06.08244470 80933
1 34201U 97070L   11090.71439319 -.00018490  00000-0 -55084+0 0  9996
2 34201 046.9786 114.5316 4103706 090.0503 321.1498 06.06543851 80959
1 34201U 97070L   11104.38868190  .00000002  00000-0  10000-3 0  9999
2 34201 046.4678 112.4997 4082234 094.4254 306.2766 06.08145755 81786
1 34201U 97070L   11106.85700928 -.00000002  00000-0  10000-3 0  9998
2 34201 046.4268 110.2708 4085851 096.6103 310.3794 06.08158635 81937
1 34201U 97070L   11158.09397471 -.00000020  00000-0  10000-3 0  9996
2 34201 046.3360 064.8169 4259592 139.9931 260.8281 06.09805103 85045
1 34201U 97070L   11173.97347384  .00040055  00000-0  32131+0 0  9994
2 34201 046.3408 049.8540 4328339 154.4846 235.5079 06.10989582998972
1 34201U 97070L   11173.97354412  .00040421  00000-0  32490+0 0  9999
2 34201 046.3684 049.8273 4328305 154.3597 235.7172 06.10991827 86010
1 34201U 97070L   11192.91879104 -.00000007  00000-0  10000-3 0  9998
2 34201 046.4840 031.5487 4422650 173.0422 196.9976 06.14228219 87173
1 34201U 97070L   11214.71239403 -.00000020  00000-0  10000-3 0  9998
2 34201 046.3348 010.3651 4394473 188.7492 123.6714 06.13900350 88512
1 34201U 97070L   12360.58132547  .00002136  00000-0  87566-2 0  9996
2 34201 046.3559 194.1384 4127286 352.0416 008.1600 06.58062775119883
1 34201U 97070L   12360.58132547  .00002136  00000-0  87566-2 0  9996
2 34201 046.3559 194.1384 4127286 352.0416 008.1600 06.58062775119883
1 34201U 97070L   12360.58132547  .00002136  00000-0  87566-2 0  9996
2 34201 046.3559 194.1384 4127286 352.0416 008.1600 06.58062775119883
1 34201U 97070L   13223.53985288 +.01963372 +00000-0 +24252+0 0  9997
2 34201 046.4116 302.8662 4128994 242.4135 070.0282 07.13308270015522
1 34201U 97070L   13223.53985288  .01963372  00000-0  24252+0 0  9997
2 34201 046.4116 302.8662 4128994 242.4135 070.0282 07.13308270134951
1 34201U 97070L   13223.54006245 +.01963489 +00000-0 +24252+0 0  9994
2 34201 046.4118 302.8658 4128993 242.4139 070.5664 07.13309051015529
1 34201U 97070L   13223.54006245 +.01963489 +00000-0 +24252+0 0  9994
2 34201 046.4118 302.8658 4128993 242.4139 070.5664 07.13309051134958
1 34201U 97070L   13223.54006245 +.01963489 +00000-0 +24252+0 0  9994
2 34201 046.4118 302.8658 4128993 242.4139 070.5664 07.13309051134958
1 34201U 97070L   13223.54006245 +.01963489 +00000-0 +24252+0 0  9994
2 34201 046.4118 302.8658 4128993 242.4139 070.5664 07.13309051134958
1 34201U 97070L   13223.54006245 +.01963489 +00000-0 +24252+0 0  9994
2 34201 046.4118 302.8658 4128993 242.4139 070.5664 07.13309051134958
1 34201U 97070L   13223.54006245 +.01963489 +00000-0 +24252+0 0  9994
2 34201 046.4118 302.8658 4128993 242.4139 070.5664 07.13309051134958
1 34201U 97070L   13223.54006245 +.01963489 +00000-0 +24252+0 0  9994
2 34201 046.4118 302.8658 4128993 242.4139 070.5664 07.13309051134958
1 34201U 97070L   13223.54006245 +.01963489 +00000-0 +24252+0 0  9994
2 34201 046.4118 302.8658 4128993 242.4139 070.5664 07.13309051134958
1 34201U 97070L   13223.54006245 +.01963489 +00000-0 +24252+0 0  9994
2 34201 046.4118 302.8658 4128993 242.4139 070.5664 07.13309051134958
1 34201U 97070L   13223.54006245 +.01963489 +00000-0 +24252+0 0  9994
2 34201 046.4118 302.8658 4128993 242.4139 070.5664 07.13309051134958
1 34201U 97070L   13223.54006245 +.01963489 +00000-0 +24252+0 0  9994
2 34201 046.4118 302.8658 4128993 242.4139 070.5664 07.13309051134958
1 34201U 97070L   13223.54006245 +.01963489 +00000-0 +24252+0 0  9994
2 34201 046.4118 302.8658 4128993 242.4139 070.5664 07.13309051134958
1 34201U 97070L   13223.54006245 +.01963489 +00000-0 +24252+0 0  9994
2 34201 046.4118 302.8658 4128993 242.4139 070.5664 07.13309051134958
1 34201U 97070L   13223.54006245  .01963489  00000-0  24252+0 0  9994
2 34201  46.4118 302.8658 4128993 242.4139  70.5664  7.13309051134958
1 34201U 97070L   13223.54006245  .01963489  00000-0  24252+0 0  9994
2 34201  46.4118 302.8658 4128993 242.4139  70.5664  7.13309051134958
