1 18635U 87100  E 87348.39404116  .00000207 +00000-0 +99999-4 0  9995
2 18635 047.3250 259.3867 7217332 000.5265 000.1224 02.33102926000017
1 18635U 87100  E 87348.39430737  .00000207 +00000-0 +00000-4 0  9998
2 18635 047.3250 259.3867 7217332 000.5265 000.1224 02.33102927000018
1 18635U 87100  E 87356.54357062  .00002029 +00000-0 +11651-2 0  9999
2 18635 047.2734 257.0469 7223376 002.8011 358.5049 02.33106125000206
1 18635U 87100  E 87356.97432747  .00002042 +00000-0 +11652-2 0  9996
2 18635 047.2722 256.9237 7223529 002.9194 359.7664 02.33107812000218
1 18635U 87100  E 87359.11913358  .00002148 +00000-0 +11843-2 0  9996
2 18635 047.2662 256.2997 7224379 003.5181 359.6961 02.33116959000260
1 18635U 87100  E 87359.54781699  .00001752 +00000-0 +10266-2 0  9992
2 18635 047.2847 256.1760 7222601 003.6534 359.6907 02.33117373000273
1 18635U 87100  E 87360.40569399  .00001789 +00000-0 +10348-2 0  9991
2 18635 047.2809 255.9310 7222930 003.8896 359.6456 02.33120476000296
1 18635U 87100  E 87361.69277969  .00001794 +00000-0 +10107-2 0  9991
2 18635 047.2767 255.5527 7223575 004.2486 359.5927 02.33124630000323
1 18635U 87100  E 87362.97923289  .00002495 +00000-0 +12570-2 0  9991
2 18635 047.2639 255.1743 7226571 004.5842 359.5566 02.33137412000359
1 18635U 87100  E 87364.26597880  .00002478 +00000-0 +12314-2 0  9996
2 18635 047.2638 254.8027 7226863 004.9404 359.5247 02.33142910000389
1 18635U 87100  E 87365.12379620  .00002502 +00000-0 +12255-2 0  9994
2 18635 047.2612 254.5572 7227190 005.1759 359.5074 02.33146913000401
1 18635U 87100  E 88002.26826913  .00002555 +00000-0 +12677-2 0  9996
2 18635 047.2514 253.9390 7226786 005.7799 359.4954 02.33158952000450
1 18635U 87100  E 88003.12599902  .00002621 +00000-0 +13195-2 0  9997
2 18635 047.2407 253.7001 7226410 006.0184 359.4605 02.33163620000477
1 18635U 87100  E 88007.41477270  .00002812 +00000-0 +13131-2 0  9998
2 18635 047.2286 252.4648 7228107 007.2040 359.3421 02.33186045000576
1 18635U 87100  E 88008.27213617  .00002944 +00000-0 +12637-2 0  9992
2 18635 047.2388 252.2064 7230058 007.4322 359.3916 02.33195686000594
1 18635U 87100  E 88009.12964749  .00002993 +00000-0 +12659-2 0  9994
2 18635 047.2362 251.9585 7230373 007.6700 359.2835 02.33200683000618
1 18635U 87100  E 88009.12964867  .00002928 +00000-0 +12406-2 0  9993
2 18635 047.2217 251.9787 7230326 007.6646 359.2756 02.33199875000610
1 18635U 87100  E 88009.55845389  .00002950 +00000-0 +12403-2 0  9999
2 18635 047.2203 251.8551 7230487 007.7835 359.2674 02.33202322000624
1 18635U 87100  E 88010.84483400  .00002993 +00000-0 +12200-2 0  9997
2 18635 047.2191 251.4797 7231154 008.1402 359.2315 02.33209416000651
1 18635U 87100  E 88010.84511183  .00002993 +00000-0 +12200-2 0  9997
2 18635 047.2191 251.4796 7231154 008.1401 359.2315 02.33209416000659
1 18635U 87100  E 88012.98895736  .00003113 +00000-0 +12199-2 0  9995
2 18635 047.2128 250.8591 7231974 008.7346 359.1526 02.33222148000705
1 18635U 87100  E 88013.41744259  .00003004 +00000-0 +11601-2 0  9993
2 18635 047.2116 250.7360 7232271 008.8516 359.1301 02.33222898000710
1 18635U 87100  E 88013.84621677  .00002914 +00000-0 +10920-2 0  9990
2 18635 047.2109 250.6134 7232922 008.9712 359.1161 02.33223658000722
1 18635U 87100  E 88015.13249846  .00002710 +00000-0 +10265-2 0  9994
2 18635 047.2073 250.2325 7232581 009.3332 359.1006 02.33230022000758
1 18635U 87100  E 88015.13277624  .00002712 +00000-0 +10274-2 0  9991
2 18635 047.2069 250.2346 7232588 009.3312 359.1006 02.33230033000753
1 18635U 87100  E 88015.98999176  .00003128 +00000-0 +12266-2 0  9992
2 18635 047.1932 249.9938 7231829 009.5726 359.1006 02.33237432000773
1 18635U 87100  E 88016.84743481  .00003306 +00000-0 +13936-2 0  9997
2 18635 047.1908 249.7417 7230156 009.8098 359.0788 02.33243884000799
1 18635U 87100  E 88020.27701519  .00003593 +00000-0 +14178-2 0  9992
2 18635 047.1784 248.7483 7231524 010.7668 358.9661 02.33267374000874
1 18635U 87100  E 88021.13433564  .00003664 +00000-0 +14195-2 0  9998
2 18635 047.1748 248.4990 7231899 011.0062 358.9227 02.33273603000893
1 18635U 87100  E 88023.27756924  .00003874 +00000-0 +14251-2 0  9999
2 18635 047.1674 247.8752 7232950 011.6027 358.8509 02.33290264000946
1 18635U 87100  E 88024.99228391  .00004010 +00000-0 +14253-2 0  9996
2 18635 047.1615 247.3774 7233621 012.0809 358.7546 02.33303528000981
1 18635U 87100  E 88033.99237214  .00003357 +00000-0 +86882-3 0  9991
2 18635 047.1306 244.7392 7239804 014.6253 358.4506 02.33354307001193
1 18635U 87100  E 88036.13490824  .00003515 +00000-0 +86758-3 0  9996
2 18635 047.1253 244.1162 7240664 015.2258 358.4007 02.33368543001240
1 18635U 87100  E 88052.84068097  .00004887 +00000-0 +81009-3 0  9992
2 18635 047.0517 239.2359 7247113 019.9474 357.7455 02.33515865001635
1 18635U 87100  E 88054.12531511  .00005052 +00000-0 +81026-3 0  9995
2 18635 047.0466 238.8554 7247611 020.3140 357.7139 02.33528223001663
1 18635U 87100  E 88054.98169015  .00005163 +00000-0 +81272-3 0  9991
2 18635 047.0470 238.6025 7247880 020.5568 357.6841 02.33536651001688
1 18635U 87100  E 88059.26289334  .00005737 +00000-0 +74408-3 0  9994
2 18635 047.0485 237.3396 7250781 021.7626 357.5511 02.33590601001782
1 18635U 87100  E 88060.97513130  .00006101 +00000-0 +75609-3 0  9998
2 18635 047.0432 236.8346 7251392 022.2499 357.4856 02.33610859001820
1 18635U 87100  E 88066.96683843  .00005569 +00000-0 +58147-3 0  9997
2 18635 047.0415 235.0912 7253568 023.9427 357.2363 02.33675593001969
1 18635U 87100  E 88074.66726784  .00000759 +00000-0 +00000-4 0  9997
2 18635 047.0161 232.7713 7247189 026.1835 357.0555 02.33811214002155
1 18635U 87100  E 88079.79831966  .00000884 +00000-0 +00000-4 0  9994
2 18635 046.9960 231.2629 7249274 027.6446 356.8830 02.33907499002278
1 18635U 87100  E 88098.58432910  .00008796 +47056-4 +99999-4 0  9999
2 18635 046.9886 225.6838 7256796 032.8595 356.2554 02.34616014002711
1 18635U 87100  E 88098.58460657  .00008795 -47099-4 +00000-4 0  9990
2 18635 046.9886 225.6837 7256796 032.8595 356.2554 02.34616014002710
1 18635U 87100  E 88102.84397113  .00009270 +47285-4 +99999-4 0  9991
2 18635 046.9708 224.3911 7257119 033.9089 356.1237 02.34895894002815
1 18635U 87100  E 88102.84424861  .00009270 -47300-4 +00000-4 0  9996
2 18635 046.9708 224.3910 7257119 033.9088 356.1237 02.34895894002813
1 18635U 87100  E 88104.97198006  .00009501 +47313-4 +99999-4 0  9996
2 18635 046.9864 223.7778 7257187 034.6381 356.0312 02.35017612002863
1 18635U 87100  E 88104.97198473  .00009800 +47415-4 +99999-4 0  9999
2 18635 046.9812 223.7672 7258395 034.5818 356.0411 02.35017609002861
1 18635U 87100  E 88104.97225752  .00009501 -47300-4 +00000-4 0  9997
2 18635 046.9864 223.7777 7257187 034.6381 356.0312 02.35017612002862
1 18635U 87100  E 88107.94890878  .00009140 +47519-4 +99999-4 0  9999
2 18635 046.9586 222.8116 7253654 035.7152 355.8849 02.35224988002524
1 18635U 87100  E 88107.94891081  .00009219 +47591-4 +99999-4 0  9993
2 18635 046.9554 222.8068 7254045 035.6594 355.8930 02.35224995002933
1 18635U 87100  E 88107.94891120  .00009232 +47539-4 +99999-4 0  9994
2 18635 046.9535 222.8038 7254133 035.6440 355.8952 02.35224973002937
1 18635U 87100  E 88107.94918683  .00009142 -47600-4 +00000-4 0  9993
2 18635 046.9585 222.8113 7253633 035.7155 355.8848 02.35224967002526
1 18635U 87100  E 88107.94918931  .00009231 -47500-4 +00000-4 0  9997
2 18635 046.9535 222.8038 7254133 035.6439 355.8952 02.35224973002935
1 18635U 87100  E 88111.77457316  .00011862 +47692-4 +99999-4 0  9997
2 18635 046.9216 221.6516 7260262 036.8719 358.1984 02.35487606003029
1 18635U 87100  E 88111.77485094  .00011862 -47700-4 +00000-4 0  9997
2 18635 046.9216 221.6515 7260262 036.8719 358.1984 02.35487607003029
1 18635U 87100  E 88114.74379100  .00081413 +47753-4 +13606-2 0  9997
2 18635 046.9277 220.7380 7256561 037.7343 359.4075 02.36084674003096
1 18635U 87100  E 88116.00938744  .00083758 +47818-4 +13411-2 0  9993
2 18635 046.9205 220.3556 7255524 038.1044 355.4750 02.36272792003129
1 18635U 87100  E 88116.43255676  .00081316 +47767-4 +98405-3 0  9994
2 18635 046.8992 220.2551 7256574 038.1757 355.4596 02.36335136003133
1 18635U 87100  E 88117.70165847  .00086099 -47900-4 +98569-3 0  9999
2 18635 046.8956 219.8646 7255393 038.5520 355.4203 02.36523739003168
1 18635U 87100  E 88118.54667767  .00010798 +47903-4 +66867-4 0  9992
2 18635 046.8825 219.6339 7253162 038.8474 355.3380 02.36586881003187
1 18635U 87100  E 88118.54695578  .00010797 -47900-4 +66867-4 0  9990
2 18635 046.8825 219.6339 7253162 038.8474 355.3380 02.36586882003188
1 18635U 87100  E 88119.81466934  .00082698 +47781-4 +12693-2 0  9994
2 18635 046.8796 219.2460 7251482 039.2067 356.0302 02.36840285003218
1 18635U 87100  E 88122.76649355  .00094442 +47856-4 +17767-2 0  9992
2 18635 046.8674 218.3685 7245161 040.1710 356.3541 02.37412032003286
1 18635U 87100  E 88122.76677134  .00094442 -47900-4 +17767-2 0  9999
2 18635 046.8674 218.3684 7245161 040.1709 356.3541 02.37412032003283
1 18635U 87100  E 88124.86946297  .00378622 +47683-4 +43223-2 0  9999
2 18635 046.9004 217.6332 7240859 040.7002 355.6104 02.38439278003339
1 18635U 87100  E 88124.87428859  .00312754 +47739-4 +32790-2 0  9992
2 18635 046.8937 217.6418 7242083 040.6903 359.9666 02.38332309003335
1 18635U 87100  E 88124.87456606  .00312753 -47700-4 +32790-2 0  9991
2 18635 046.8937 217.6418 7242083 040.6903 359.9666 02.38332310003337
1 18635U 87100  E 88127.39476897  .00175932 -47800-4 +14491-2 0  9990
2 18635 046.8621 216.8981 7238393 041.4197 004.5338 02.38954900002980
1 18635U 87100  E 88127.50027778  .00024389 -47700-4 +00000-4 0  9994
2 18635 046.8430 217.0340 7240245 041.3379 095.3610 02.39002302000003
