0 TBA - TO BE ASSIGNED
1 41693U 07052AA  16208.41656091  .00000924  00000-0  18297-2 0  9990
2 41693  65.6600 133.5640 5720131  23.4838 354.6269  4.28156851 13174
0 TBA - TO BE ASSIGNED
1 41693U 07052AA  16208.41656091  .00001013  00000-0  20321-2 0  9991
2 41693  65.6603 133.5549 5719076  23.5103 354.6228  4.28157744 13174
0 SL-12 DEB
1 41693U 07052AA  16211.91995934 +.00000749 +00000-0 +17213-2 0  9993
2 41693 065.6592 132.2989 5720377 023.2589 354.6682 04.28162378013326
0 SL-12 DEB
1 41693U 07052AA  16212.15351991  .00000532  00000-0  13141-2 0  9995
2 41693  65.6586 132.2151 5720376  23.2427 354.6720  4.28162127 13336
0 SL-12 DEB
1 41693U 07052AA  16213.78843431 +.00000534 +00000-0 +13404-2 0  9994
2 41693 065.6583 131.6248 5720469 023.1370 354.7030 04.28163985013408
0 SL-12 DEB
1 41693U 07052AA  16214.25555274  .00000538  00000-0  13383-2 0  9992
2 41693  65.6581 131.4561 5720502  23.1059 354.7138  4.28164529 13420
0 SL-12 DEB
1 41693U 07052AA  16215.89046295 +.00000629 +00000-0 +14427-2 0  9992
2 41693 065.6587 130.8649 5720649 022.9990 354.7554 04.28167010013496
0 SL-12 DEB
1 41693U 07052AA  16216.59113627  .00000659  00000-0  14605-2 0  9995
2 41693  65.6587 130.6118 5720685  22.9539 354.7738  4.28167913 13524
0 SL-12 DEB
1 41693U 07052AA  16217.52536453 +.00000848 +00000-0 +17697-2 0  9999
2 41693 065.6584 130.2750 5720705 022.8935 354.7978 04.28169594013568
0 SL-12 DEB
1 41693U 07052AA  16219.86090943 +.00000794 +00000-0 +15926-2 0  9990
2 41693 065.6585 129.4320 5720794 022.7428 354.8500 04.28174133013664
0 SL-12 DEB
1 41693U 07052AA  16219.86090943  .00000794  00000-0  15926-2 0  9990
2 41693  65.6585 129.4320 5720794  22.7428 354.8500  4.28174133 13664
0 SL-12 DEB
1 41693U 07052AA  16225.23253799 +.00001115 +00000-0 +23954-2 0  9996
2 41693 065.6585 127.4922 5720990 022.3923 354.9343 04.28186839013891
0 SL-12 DEB
1 41693U 07052AA  16226.86735172 +.00000918 +00000-0 +20436-2 0  9998
2 41693 065.6581 126.9015 5721028 022.2830 354.9639 04.28190295013960
0 SL-12 DEB
1 41693U 07052AA  16227.33444027  .00000952  00000-0  21019-2 0  9993
2 41693  65.6582 126.7329 5721053  22.2522 354.9735  4.28191096 13982
0 SL-12 DEB
1 41693U 07052AA  16227.56798447 +.00000854 +00000-0 +19094-2 0  9997
2 41693 065.6580 126.6485 5721071 022.2369 354.9785 04.28191254013993
0 SL-12 DEB
1 41693U 07052AA  16228.26861599 +.00000719 +00000-0 +16287-2 0  9995
2 41693 065.6582 126.3949 5721138 022.1913 354.9943 04.28192235014026
0 SL-12 DEB
1 41693U 07052AA  16229.20278883 +.00000602 +00000-0 +13561-2 0  9991
2 41693 065.6582 126.0575 5721170 022.1311 355.0169 04.28193927014061
0 SL-12 DEB
1 41693U 07052AA  16230.13696003  .00000747  00000-0  15672-2 0  9998
2 41693  65.6582 125.7201 5721199  22.0707 355.0408  4.28195650 14108
0 SL-12 DEB
1 41693U 07052AA  16231.53821085 +.00000872 +00000-0 +17143-2 0  9997
2 41693 065.6578 125.2137 5721264 021.9804 355.0768 04.28197608014165
0 SL-12 DEB
1 41693U 07052AA  16236.67603342  .00000425  00000-0  95142-3 0  9991
2 41693  65.6582 123.3566 5721482  21.6477 355.1612  4.28205462 14381
0 SL-12 DEB
1 41693U 07052AA  16237.84370322 +.00000664 +00000-0 +14733-2 0  9991
2 41693 065.6585 122.9349 5721534 021.5731 355.1732 04.28207787014439
0 SL-12 DEB
1 41693U 07052AA  16238.77783641  .00000553  00000-0  13068-2 0  9993
2 41693  65.6586 122.5974 5721580  21.5127 355.1852  4.28209036 14476
0 SL-12 DEB
1 41693U 07052AA  16238.77784891  .00001895  00000-0  35663-2 0  9996
2 41693  65.6705 122.6003 5721334  21.5154 355.2008  4.28210537 14472
0 SL-12 DEB
1 41693U 07052AA  16239.24490242 +.00000598 +00000-0 +14023-2 0  9999
2 41693 065.6586 122.4286 5721587 021.4826 355.1922 04.28209877014496
0 SL-12 DEB
1 41693U 07052AA  16241.81376096  .00000596  00000-0  13515-2 0  9998
2 41693  65.6592 121.5002 5721697  21.3162 355.2447  4.28214025 14600
0 SL-12 DEB
1 41693U 07052AA  16243.68201212 +.00000745 +00000-0 +15214-2 0  9996
2 41693 065.6595 120.8252 5721735 021.1951 355.2898 04.28216723014684
0 SL-12 DEB
1 41693U 07052AA  16244.14907237  .00000860  00000-0  17095-2 0  9995
2 41693  65.6595 120.6563 5721749  21.1647 355.3007  4.28217764 14706
0 SL-12 DEB
1 41693U 07052AA  16245.78377267 +.00000959 +00000-0 +18242-2 0  9994
2 41693 065.6601 120.0655 5721801 021.0586 355.3348 04.28221086014777
0 SL-12 DEB
1 41693U 07052AA  16245.78377267  .00000959  00000-0  18242-2 0  9994
2 41693  65.6601 120.0655 5721801  21.0586 355.3348  4.28221086 14777
0 SL-12 DEB
1 41693U 07052AA  16251.62184659  .00000799  00000-0  16805-2 0  9990
2 41693  65.6615 117.9547 5721935  20.6821 355.4101  4.28233511 15025
0 SL-12 DEB
1 41693U 07052AA  16255.59166022  .00000439  00000-0  95172-3 0  9990
2 41693  65.6613 116.5187 5721986  20.4285 355.4747  4.28239677 15199
0 SL-12 DEB
1 41693U 07052AA  16262.59709077  .00000408  00000-0  72921-3 0  9994
2 41693  65.6630 113.9839 5721991  19.9956 355.5828  4.28248718 15497
0 SL-12 DEB
1 41693U 07052AA  16263.06411290  .00000535  00000-0  99218-3 0  9993
2 41693  65.6625 113.8152 5722143  19.9520 355.5888  4.28249113 15514
0 SL-12 DEB
1 41693U 07052AA  16263.53113245 +.00000561 +00000-0 +10689-2 0  9997
2 41693 065.6622 113.6468 5722126 019.9218 355.5911 04.28250007015537
0 SL-12 DEB
1 41693U 07052AA  16263.53113245  .00000561  00000-0  10689-2 0  9997
2 41693  65.6622 113.6468 5722126  19.9218 355.5911  4.28250007 15537
0 SL-12 DEB
1 41693U 07052AA  16271.23691455  .00000658  00000-0  12178-2 0  9999
2 41693  65.6583 110.8575 5722190  19.4262 355.7145  4.28260139 15860
0 SL-12 DEB
1 41693U 07052AA  16271.70391648  .00000816  00000-0  14282-2 0  9996
2 41693  65.6649 110.6877 5722197  19.4060 355.7038  4.28261499 15882
0 SL-12 DEB
1 41693U 07052AA  16276.60746874  .00000481  00000-0  88901-3 0  9993
2 41693  65.6652 108.9127 5722143  19.0962 355.7478  4.28267268 16094
0 SL-12 DEB
1 41693U 07052AA  16277.54147051 +.00000499 +00000-0 +96841-3 0  9990
2 41693 065.6640 108.5744 5722054 019.0383 355.7532 04.28268190016131
0 SL-12 DEB
1 41693U 07052AA  16286.64791783  .00000650  00000-0  10132-2 0  9995
2 41693  65.6593 105.2744 5721582  18.4669 355.8745  4.28277764 16524
0 SL-12 DEB
1 41693U 07052AA  16288.51586955 +.00000769 +00000-0 +12781-2 0  9999
2 41693 065.6587 104.5976 5721524 018.3498 355.8884 04.28280918016609
0 SL-12 DEB
1 41693U 07052AA  16288.51586955  .00000769  00000-0  12781-2 0  9999
2 41693  65.6587 104.5976 5721524  18.3498 355.8884  4.28280918 16609
0 SL-12 DEB
1 41693U 07052AA  16291.55125918  .00000394  00000-0  75694-3 0  9992
2 41693  65.6550 103.4915 5721583  18.1543 355.8986  4.28284709 16733
0 SL-12 DEB
1 41693U 07052AA  16292.48522332 +.00000404 +00000-0 +81147-3 0  9998
2 41693 065.6556 103.1558 5721400 018.0988 355.9032 04.28285415016771
0 SL-12 DEB
1 41693U 07052AA  16300.42389615  .00000764  00000-0  13164-2 0  9999
2 41693  65.6561 100.2848 5720639  17.6103 356.0074  4.28291952 17114
0 SL-12 DEB
1 41693U 07052AA  16301.59133102 +.00000479 +00000-0 +82227-3 0  9996
2 41693 065.6540 099.8603 5720509 017.5346 356.0159 04.28292449017168
0 SL-12 DEB
1 41693U 07052AA  16303.45922173  .00000360  00000-0  70098-3 0  9999
2 41693  65.6535  99.1844 5720414  17.4117 356.0278  4.28293784 17246
0 SL-12 DEB
1 41693U 07052AA  16304.62665154 +.00000268 +00000-0 +58871-3 0  9994
2 41693 065.6564 098.7635 5720358 017.3381 356.0359 04.28294543017299
0 SL-12 DEB
1 41693U 07052AA  16306.49453876  .00000179  00000-0  46834-3 0  9994
2 41693  65.6568  98.0883 5720173  17.2213 356.0542  4.28295525 17373
0 SL-12 DEB
1 41693U 07052AA  16307.42848248 +.00000104 +00000-0 +31728-3 0  9993
2 41693 065.6559 097.7499 5720056 017.1618 356.0670 04.28295763017411
0 SL-12 DEB
1 41693U 07052AA  16311.39774588  .00000231  00000-0  36290-3 0  9999
2 41693  65.6539  96.3126 5719612  16.9096 356.1380  4.28297721 17587
0 SL-12 DEB
1 41693U 07052AA  16313.49911218  .00000251  00000-0  35472-3 0  9998
2 41693  65.6517  95.5509 5719427  16.7695 356.1725  4.28298446 17674
0 SL-12 DEB
1 41693U 07052AA  16318.40225906  .00000252  00000-0  60441-3 0  9991
2 41693  65.6458  93.7731 5718887  16.4504 356.2112  4.28300974 17884
0 SL-12 DEB
1 41693U 07052AA  16322.37147789 +.00000129 +00000-0 +34859-3 0  9991
2 41693 065.6459 092.3377 5718517 016.1841 356.2763 04.28301839018050
0 SL-12 DEB
1 41693U 07052AA  16329.14247003  .00000177  00000-0  46291-3 0  9999
2 41693  65.6393  89.8839 5717689  15.7569 356.3808  4.28304125 18346
0 SL-12 DEB
1 41693U 07052AA  16330.30987366 +.00000123 +00000-0 +42742-3 0  9990
2 41693 065.6412 089.4629 5717540 015.6784 356.3940 04.28304615018391
0 SL-12 DEB
1 41693U 07052AA  16333.34512299  .00000067  00000-0  41194-3 0  9993
2 41693  65.6223  88.3511 5716820  15.5153 356.4305  4.28305907 18524
0 SL-12 DEB
1 41693U 07052AA  16334.74601251  .00000013  00000-0  27332-3 0  9994
2 41693  65.6396  87.8578 5716947  15.3853 356.4684  4.28306141 18584
0 SL-12 DEB
1 41693U 07052AA  16342.45087469  .00000187  00000-0  48127-3 0  9997
2 41693  65.6325  85.0668 5716242  14.8648 356.6267  4.28308242 18910
0 SL-12 DEB
1 41693U 07052AA  16343.38478835 +.00000272 +00000-0 +70914-3 0  9995
2 41693 065.6365 084.7318 5716095 014.8127 356.6348 04.28309262018957
0 SL-12 DEB
1 41693U 07052AA  16343.38478835  .00000272  00000-0  70914-3 0  9995
2 41693  65.6365  84.7318 5716095  14.8127 356.6348  4.28309262 18957
0 SL-12 DEB
1 41693U 07052AA  16348.28784176  .00000121  00000-0  48551-3 0  9992
2 41693  65.6387  82.9612 5715643  14.4889 356.7162  4.28310673 19164
0 SL-12 DEB
1 41693U 07052AA  16352.25698823  .00000253  00000-0  61305-3 0  9995
2 41693  65.6372  81.5241 5715343  14.2257 356.8104  4.28311866 19336
0 SL-12 DEB
1 41693U 07052AA  16359.02782047  .00000533  00000-0  14314-2 0  9997
2 41693  65.6380  79.0764 5715279  13.7585 356.9186  4.28316749 19621
0 SL-12 DEB
1 41693U 07052AA  16363.23039874  .00000465  00000-0  11434-2 0  9992
2 41693  65.6391  77.5577 5715105  13.4757 357.0165  4.28317327 19806
0 SL-12 DEB
1 41693U 07052AA  17001.19947715  .00000515  00000-0  11044-2 0  9992
2 41693  65.6769  76.1604 5715335  13.1532 357.1178  4.28318128 19977
0 SL-12 DEB
1 41693U 07052AA  17012.17270992  .00000170  00000-0  40182-3 0  9991
2 41693  65.6382  72.1565 5713737  12.5522 357.2720  4.28322587 20448
0 SL-12 DEB
1 41693U 07052AA  17016.14171249 +.00000208 +00000-0 +56402-3 0  9991
2 41693 065.6550 070.7308 5714358 012.2346 357.3370 04.28324658020617
0 SL-12 DEB
1 41693U 07052AA  17016.14171249  .00000208  00000-0  56402-3 0  9991
2 41693  65.6550  70.7308 5714358  12.2346 357.3370  4.28324658 20617
0 SL-12 DEB
1 41693U 07052AA  17016.14171429  .00000227  00000-0  59745-3 0  9995
2 41693  65.6852  70.7546 5714860  12.1836 357.3491  4.28324834 20617
0 SL-12 DEB
1 41693U 07052AA  17023.61272182 +.00000300 +00000-0 +72100-3 0  9995
2 41693 065.6634 068.0355 5714208 011.7563 357.4495 04.28330049020936
0 SL-12 DEB
1 41693U 07052AA  17024.54659319 +.00000354 +00000-0 +77210-3 0  9995
2 41693 065.6644 067.6986 5714222 011.6951 357.4685 04.28331015020977
0 SL-12 DEB
1 41693U 07052AA  17025.48046351  .00000348  00000-0  70984-3 0  9999
2 41693  65.6653  67.3616 5714230  11.6344 357.4863  4.28331485 21014
0 SL-12 DEB
1 41693U 07052AA  17026.41433092 +.00000358 +00000-0 +69776-3 0  9993
2 41693 065.6663 067.0247 5714240 011.5736 357.5023 04.28332123021050
0 SL-12 DEB
1 41693U 07052AA  17027.58166025 +.00000371 +00000-0 +71123-3 0  9995
2 41693 065.6678 066.6035 5714330 011.4967 357.5190 04.28333144021106
0 SL-12 DEB
1 41693U 07052AA  17028.51552040 +.00000409 +00000-0 +80132-3 0  9997
2 41693 065.6689 066.2666 5714347 011.4360 357.5291 04.28334055021147
0 SL-12 DEB
1 41693U 07052AA  17029.44937786 +.00000411 +00000-0 +83566-3 0  9991
2 41693 065.6699 065.9297 5714367 011.3756 357.5367 04.28334732021184
0 SL-12 DEB
1 41693U 07052AA  17030.61669694 +.00000366 +00000-0 +79147-3 0  9991
2 41693 065.6713 065.5083 5714402 011.3002 357.5440 04.28335370021231
0 SL-12 DEB
1 41693U 07052AA  17031.08362324 +.00000326 +00000-0 +73004-3 0  9995
2 41693 065.6717 065.3401 5714383 011.2704 357.5465 04.28335592021258
0 SL-12 DEB
1 41693U 07052AA  17032.48440062  .00000431  00000-0  98851-3 0  9990
2 41693  65.6733  64.8345 5714398  11.1800 357.5558  4.28337384 21310
0 SL-12 DEB
1 41693U 07052AA  17035.51941757  .00000414  00000-0  90456-3 0  9998
2 41693  65.6767  63.7395 5714448  10.9850 357.5941  4.28339701 21443
0 SL-12 DEB
1 41693U 07052AA  17036.45326784 +.00000421 +00000-0 +87285-3 0  9993
2 41693 065.6777 063.4026 5714458 010.9250 357.6104 04.28340445021480
0 SL-12 DEB
1 41693U 07052AA  17039.48826363  .00000392  00000-0  71642-3 0  9994
2 41693  65.6811  62.3077 5714501  10.7307 357.6572  4.28342932 21610
0 SL-12 DEB
1 41693U 07052AA  17040.42210182 +.00000360 +00000-0 +66120-3 0  9996
2 41693 065.6820 061.9709 5714507 010.6709 357.6661 04.28343515021659
0 SL-12 DEB
1 41693U 07052AA  17044.62434565  .00000259  00000-0  64946-3 0  9996
2 41693  65.6864  60.4555 5714573  10.4006 357.6891  4.28346550 21838
0 SL-12 DEB
1 41693U 07052AA  17045.55817553 +.00000251 +00000-0 +66202-3 0  9990
2 41693 065.6872 060.1184 5714543 010.3415 357.6964 04.28347236021879
0 SL-12 DEB
1 41693U 07052AA  17046.49200498 +.00000275 +00000-0 +71967-3 0  9998
2 41693 065.6878 059.7819 5714530 010.2804 357.7064 04.28348106021915
0 SL-12 DEB
1 41693U 07052AA  17047.42583478  .00000302  00000-0  76303-3 0  9994
2 41693  65.6886  59.4452 5714516  10.2203 357.7185  4.28348857 21952
0 SL-12 DEB
1 41693U 07052AA  17049.52694809  .00000438  00000-0  95189-3 0  9991
2 41693  65.6904  58.6870 5714466  10.0854 357.7516  4.28350989 22040
0 SL-12 DEB
1 41693U 07052AA  17051.39459748 +.00000521 +00000-0 +10193-2 0  9994
2 41693 065.6925 058.0128 5714416 009.9661 357.7826 04.28352796022122
0 SL-12 DEB
1 41693U 07052AA  17052.32841753  .00000554  00000-0  10491-2 0  9996
2 41693  65.6932  57.6761 5714424   9.9057 357.7967  4.28353801 22164
0 SL-12 DEB
1 41693U 07052AA  17052.56187220 +.00000567 +00000-0 +10690-2 0  9999
2 41693 065.6935 057.5920 5714424 009.8907 357.8000 04.28354080022176
0 SL-12 DEB
1 41693U 07052AA  17053.26223411 +.00000621 +00000-0 +11658-2 0  9996
2 41693 065.6941 057.3394 5714416 009.8457 357.8089 04.28355122022206
0 SL-12 DEB
1 41693U 07052AA  17054.42949973  .00000594  00000-0  11133-2 0  9990
2 41693  65.6951  56.9184 5714404   9.7709 357.8208  4.28356291 22251
0 SL-12 DEB
1 41693U 07052AA  17055.59675932 +.00000655 +00000-0 +12699-2 0  9996
2 41693 065.6961 056.4974 5714383 009.6961 357.8291 04.28357929022306
0 SL-12 DEB
1 41693U 07052AA  17056.29711317 +.00000596 +00000-0 +11796-2 0  9993
2 41693 065.6966 056.2448 5714375 009.6515 357.8327 04.28358418022338
0 SL-12 DEB
1 41693U 07052AA  17056.99746509  .00000541  00000-0  10981-2 0  9996
2 41693  65.6971  55.9922 5714378   9.6065 357.8357  4.28358988 22368
0 SL-12 DEB
1 41693U 07052AA  17060.96610735 +.00000728 +00000-0 +15588-2 0  9994
2 41693 065.6998 054.5606 5714238 009.3536 357.8631 04.28364661022535
0 SL-12 DEB
1 41693U 07052AA  17060.96610735  .00000728  00000-0  15588-2 0  9994
2 41693  65.6998  54.5606 5714238   9.3536 357.8631  4.28364661 22535
0 SL-12 DEB
1 41693U 07052AA  17061.43300425 +.00000745 +00000-0 +15826-2 0  9993
2 41693 065.7002 054.3922 5714224 009.3239 357.8693 04.28365409022557
0 SL-12 DEB
1 41693U 07052AA  17066.56882279  .00000617  00000-0  11949-2 0  9994
2 41693  65.7035  52.5396 5714011   8.9975 357.9454  4.28373268 22776
0 SL-12 DEB
1 41693U 07052AA  17067.26915172 +.00000576 +00000-0 +11325-2 0  9993
2 41693 065.7040 052.2870 5713977 008.9526 357.9513 04.28373972022800
0 SL-12 DEB
1 41693U 07052AA  17069.37012551 +.00000523 +00000-0 +11379-2 0  9997
2 41693 065.7051 051.5292 5713866 008.8185 357.9628 04.28376768022891
0 SL-12 DEB
1 41693U 07052AA  17069.37012551  .00000523  00000-0  11379-2 0  9997
2 41693  65.7051  51.5292 5713866   8.8185 357.9628  4.28376768 22891
0 SL-12 DEB
1 41693U 07052AA  17077.77395027 +.00000461 +00000-0 +10017-2 0  9991
2 41693 065.7088 048.4981 5713298 008.2754 358.0787 04.28385514023254
0 SL-12 DEB
1 41693U 07052AA  17078.00738465 +.00000451 +00000-0 +99073-3 0  9994
2 41693 065.7066 048.4185 5711871 008.2770 358.0783 04.28385606023268
0 SL-12 DEB
1 41693U 07052AA  17105.78508595 +.00000692 +00000-0 +16138-2 0  9996
2 41693 065.7203 038.4018 5710889 006.4605 358.5246 04.28428847024456
0 SL-12 DEB
1 41693U 07052AA  17107.65240240 +.00000541 +00000-0 +12962-2 0  9998
2 41693 065.7266 037.7334 5711079 006.3138 358.5645 04.28429134024532
0 SL-12 DEB
1 41693U 07052AA  17120.72326033 -.00000280 +00000-0 -43974-3 0  9996
2 41693 065.7406 033.0320 5709747 005.4843 358.7962 04.28444712025099
0 SL-12 DEB
1 41693U 07052AA  17135.66131873 +.00000229 +00000-0 +69015-3 0  9996
2 41693 065.7453 027.6559 5709171 004.4925 359.4680 04.28453701025728
0 SL-12 DEB
1 41693U 07052AA  17157.60078448 +.00000174 +00000-0 +46000-3 0  9990
2 41693 065.7347 019.7453 5708151 003.0066 359.4225 04.28457543026671
0 SL-12 DEB
1 41693U 07052AA  17157.60078448 +.00000174 +00000-0 +46000-3 0  9990
2 41693 065.7347 019.7453 5708151 003.0066 359.4225 04.28457543026659
0 SL-12 DEB
1 41693U 07052AA  17164.60270403 -.00000003 +00000-0 +16084-3 0  9994
2 41693 065.7298 017.2234 5707619 002.5647 359.4962 04.28458692026970
0 SL-12 DEB
1 41693U 07052AA  17164.60271169  .00000221  00000-0  48129-3 0  9990
2 41693  65.7475  17.0777 5709087   2.6380 359.5146  4.28458748 26970
0 SL-12 DEB
1 41693U 07052AA  17167.40346689 +.00000029 +00000-0 +19353-3 0  9994
2 41693 065.7295 016.2159 5707429 002.3826 359.5272 04.28459242027099
0 SL-12 DEB
1 41693U 07052AA  17167.40346689 +.00000029 +00000-0 +19353-3 0  9994
2 41693 065.7295 016.2159 5707429 002.3826 359.5272 04.28459242027077
0 SL-12 DEB
1 41693U 07052AA  17168.57045453 +.00000053 +00000-0 +19195-3 0  9999
2 41693 065.7293 015.7956 5707412 002.3050 359.5463 04.28459435027149
0 SL-12 DEB
1 41693U 07052AA  17172.53820754 +.00000150 +00000-0 +28281-3 0  9999
2 41693 065.7293 014.3687 5707168 002.0477 359.6112 04.28460395027298
0 SL-12 DEB
1 41693U 07052AA  17179.54006346 -.00000011 +00000-0 +16898-3 0  9998
2 41693 065.7287 011.8511 5706668 001.5962 359.6571 04.28461621027591
0 SL-12 DEB
1 41693U 07052AA  17187.47551656 -.00000105 +00000-0 -21383-3 0  9998
2 41693 065.7284 009.0000 5706159 001.0791 359.7701 04.28461939027958
0 SL-12 DEB
1 41693U 07052AA  17194.47738325 -.00000281 +00000-0 -53204-3 0  9998
2 41693 065.7325 006.4894 5705947 000.5965 359.8357 04.28459287028230
0 SL-12 DEB
1 41693U 07052AA  17198.44515277 -.00000197 +00000-0 -49389-3 0  9993
2 41693 065.7067 005.0478 5704520 000.4170 359.8846 04.28457266028406
0 SL-12 DEB
1 41693U 07052AA  17209.41490428 -.00000237 +00000-0 -42532-3 0  9991
2 41693 065.7011 001.1038 5703449 359.7090 000.0045 04.28453043028870
0 SL-12 DEB
1 41693U 07052AA  17213.38272476 -.00000211 +00000-0 -38882-3 0  9998
2 41693 065.7039 359.6812 5703441 359.4284 000.0728 04.28451666029042
0 SL-12 DEB
1 41693U 07052AA  17224.35262066 -.00000153  00000-0 -27560-3 0  9997
2 41693  65.6965 355.7389 5702760 358.6872   0.2421  4.28448864 29512
0 SL-12 DEB
1 41693U 07052AA  17226.45325067 -.00000125  00000-0 -18983-3 0  9999
2 41693  65.7012 354.9882 5702841 358.5328   0.2831  4.28448548 29604
0 SL-12 DEB
1 41693U 07052AA  17228.32046989 -.00000156 +00000-0 -16606-3 0  9994
2 41693 065.7017 354.3179 5702911 358.3985 000.3069 04.28448374029709
0 SL-12 DEB
1 41693U 07052AA  17230.42108924 -.00000174  00000-0 -90571-4 0  9990
2 41693  65.7003 353.5628 5702816 358.2590   0.3265  4.28448283 29773
0 SL-12 DEB
1 41693U 07052AA  17239.29042276 +.00000011 +00000-0 +22511-3 0  9997
2 41693 065.6962 350.3735 5702630 357.6619 000.5061 04.28449428030151
0 SL-12 DEB
1 41693U 07052AA  17246.29247451 -.00000034  00000-0  27614-3 0  9992
2 41693  65.6923 347.8547 5702502 357.1924   0.6152  4.28451513 30455
0 SL-12 DEB
1 41693U 07052AA  17250.26030755 +.00000184 +00000-0 +60288-3 0  9990
2 41693 065.6900 346.4265 5702471 356.9274 000.7100 04.28453609030623
0 SL-12 DEB
1 41693U 07052AA  17254.22810140 +.00000289 +00000-0 +88114-3 0  9998
2 41693 065.6881 344.9976 5702534 356.6638 000.7884 04.28456992030799
0 SL-12 DEB
1 41693U 07052AA  17259.36283845  .00000142  00000-0  67957-3 0  9994
2 41693  65.6896 343.1513 5702883 356.3136   0.8603  4.28460033 31017
0 SL-12 DEB
1 41693U 07052AA  17264.26418050 +.00000214 +00000-0 +66140-3 0  9990
2 41693 065.6881 341.3859 5703185 355.9893 000.9750 04.28462411031246
0 SL-12 DEB
1 41693U 07052AA  17264.26418050  .00000214  00000-0  66140-3 0  9990
2 41693  65.6881 341.3859 5703185 355.9893   0.9750  4.28462411 31224
0 SL-12 DEB
1 41693U 07052AA  17265.19776311 +.00000220 +00000-0 +67317-3 0  9994
2 41693 065.6873 341.0484 5703222 355.9289 000.9932 04.28463022031284
0 SL-12 DEB
1 41693U 07052AA  17267.29831544  .00000227  00000-0  74046-3 0  9991
2 41693  65.6875 340.2918 5703367 355.7912   1.0265  4.28464373 31359
0 SL-12 DEB
1 41693U 07052AA  17276.16723364  .00000373  00000-0  96294-3 0  9998
2 41693  65.6895 337.0979 5704421 355.1914   1.1805  4.28471668 31738
0 SL-12 DEB
1 41693U 07052AA  17289.23693223  .00000499  00000-0  11704-2 0  9991
2 41693  65.6954 332.3919 5706594 354.3246   1.3782  4.28482898 32293
0 SL-12 DEB
1 41693U 07052AA  17290.17047070 +.00000525 +00000-0 +11984-2 0  9999
2 41693 065.6939 332.0534 5706557 354.2719 001.3941 04.28483917032356
0 SL-12 DEB
1 41693U 07052AA  17296.23838830  .00000492  00000-0  12501-2 0  9993
2 41693  65.6966 329.8668 5707655 353.8755   1.4603  4.28490522 32595
0 SL-12 DEB
1 41693U 07052AA  17297.40528341 +.00000537 +00000-0 +13697-2 0  9993
2 41693 065.6982 329.4498 5707903 353.7972 001.4710 04.28492135032665
0 SL-12 DEB
1 41693U 07052AA  17301.13933001  .00000570  00000-0  13132-2 0  9993
2 41693  65.6994 328.1045 5708542 353.5527   1.5218  4.28496586 32800
0 SL-12 DEB
1 41693U 07052AA  17302.07283707 +.00000597 +00000-0 +13175-2 0  9994
2 41693 065.6992 327.7667 5708449 353.4987 001.5369 04.28497834032868
0 SL-12 DEB
1 41693U 07052AA  17309.07403754  .00000463  00000-0  10326-2 0  9994
2 41693  65.7017 325.2429 5709746 353.0471   1.6160  4.28505817 33144
0 SL-12 DEB
1 41693U 07052AA  17320.04234176  .00000535  00000-0  11186-2 0  9999
2 41693  65.7036 321.2884 5711761 352.3466   1.7328  4.28517407 33619
0 SL-12 DEB
1 41693U 07052AA  17328.21002445  .00000526  00000-0  11276-2 0  9998
2 41693  65.7035 318.3435 5712981 351.8219   1.8099  4.28526722 33966
0 SL-12 DEB
1 41693U 07052AA  17341.04460635  .00000416  00000-0  91534-3 0  9997
2 41693  65.7006 313.7133 5714966 351.0017   1.9541  4.28540334 34511
0 SL-12 DEB
1 41693U 07052AA  17341.27795987 +.00000462 +00000-0 +99532-3 0  9990
2 41693 065.7015 313.6305 5715075 350.9845 001.9588 04.28540870034549
0 SL-12 DEB
1 41693U 07052AA  17341.51131355 +.00000439 +00000-0 +94052-3 0  9996
2 41693 065.7013 313.5457 5714967 350.9729 001.9626 04.28540675034551
0 SL-12 DEB
1 41693U 07052AA  17342.21137249 +.00000673 +00000-0 +13844-2 0  9991
2 41693 065.7021 313.2913 5714856 350.9315 001.9752 04.28541961034584
0 SL-12 DEB
1 41693U 07052AA  17342.91143155 +.00000636 +00000-0 +12895-2 0  9995
2 41693 065.7016 313.0389 5715008 350.8864 001.9881 04.28542473034617
0 SL-12 DEB
1 41693U 07052AA  17343.14478218  .00000549  00000-0  11105-2 0  9998
2 41693  65.7013 312.9548 5714999 350.8702   1.9925  4.28542886 34604
0 SL-12 DEB
1 41693U 07052AA  17344.31154139 +.00000499 +00000-0 +10065-2 0  9999
2 41693 065.7009 312.5336 5715168 350.7959 002.0112 04.28543714034670
0 SL-12 DEB
1 41693U 07052AA  17345.24494337 +.00000579 +00000-0 +11826-2 0  9994
2 41693 065.7006 312.1966 5715302 350.7363 002.0234 04.28545189034719
0 SL-12 DEB
1 41693U 07052AA  17345.24494363  .00000526  00000-0  10783-2 0  9996
2 41693  65.7006 312.1965 5715301 350.7361   2.0235  4.28544898 34699
0 SL-12 DEB
1 41693U 07052AA  17346.17834196 +.00000438 +00000-0 +94096-3 0  9993
2 41693 065.7003 311.8593 5715455 350.6770 002.0333 04.28545641034755
0 SL-12 DEB
1 41693U 07052AA  17347.34508518  .00000451  00000-0  10273-2 0  9998
2 41693  65.6999 311.4382 5715612 350.6023   2.0436  4.28547233 34782
0 SL-12 DEB
1 41693U 07052AA  17348.27847679 +.00000426 +00000-0 +10287-2 0  9992
2 41693 065.6994 311.1012 5715720 350.5423 002.0513 04.28548269034840
0 SL-12 DEB
1 41693U 07052AA  17349.21186724 +.00000346 +00000-0 +91828-3 0  9996
2 41693 065.6988 310.7642 5715836 350.4823 002.0595 04.28548957034886
0 SL-12 DEB
1 41693U 07052AA  17350.14525634  .00000347  00000-0  95159-3 0  9999
2 41693  65.6984 310.4272 5715928 350.4222   2.0691  4.28550065 34906
0 SL-12 DEB
1 41693U 07052AA  17354.34549260  .00000467  00000-0  10997-2 0  9995
2 41693  65.6960 308.9108 5716391 350.1499   2.1389  4.28555240 35083
0 SL-12 DEB
1 41693U 07052AA  17356.21225430 +.00000539 +00000-0 +11420-2 0  9995
2 41693 065.6949 308.2366 5716588 350.0284 002.1798 04.28557522035188
0 SL-12 DEB
1 41693U 07052AA  17360.87910293  .00000891  00000-0  18513-2 0  9991
2 41693  65.6932 306.5505 5716713 349.7267   2.2605  4.28563832 35361
0 SL-12 DEB
1 41693U 07052AA  17364.14584948  .00000244  00000-0  72519-3 0  9998
2 41693  65.6866 305.3706 5717322 349.4917   2.2994  4.28565849 35500
0 SL-12 DEB
1 41693U 07052AA  17364.84584821  .00000472  00000-0  11638-2 0  9992
2 41693  65.6871 305.1135 5717578 349.4453   2.3089  4.28568829 35538
0 SL-12 DEB
1 41693U 07052AA  18003.81256479  .00000767  00000-0  15785-2 0  9999
2 41693  65.6885 303.6764 5718199 349.1726   2.3949  4.28575465 35702
0 SL-12 DEB
1 41693U 07052AA  18005.91256898  .00000634  00000-0  12905-2 0  9991
2 41693  65.6868 302.9170 5718345 349.0348   2.4414  4.28578448 35799
0 SL-12 DEB
1 41693U 07052AA  18014.31237017 +.00000720 +00000-0 +16605-2 0  9994
2 41693 065.6894 299.8858 5718846 348.4720 002.5764 04.28592805036173
0 SL-12 DEB
1 41693U 07052AA  18014.31237017 +.00000720 +00000-0 +16605-2 0  9994
2 41693 065.6894 299.8858 5718846 348.4720 002.5764 04.28592805036151
0 SL-12 DEB
1 41693U 07052AA  18014.31237017 +.00000720 +00000-0 +16605-2 0  9994
2 41693 065.6894 299.8858 5718846 348.4720 002.5764 04.28592805036151
0 SL-12 DEB
1 41693U 07052AA  18014.31237017 +.00000720 +00000-0 +16605-2 0  9994
2 41693 065.6894 299.8858 5718846 348.4720 002.5764 04.28592805036151
0 SL-12 DEB
1 41693U 07052AA  18014.31237017 +.00000720 +00000-0 +16605-2 0  9994
2 41693 065.6894 299.8858 5718846 348.4720 002.5764 04.28592805036151
0 SL-12 DEB
1 41693U 07052AA  18014.31237017 +.00000720 +00000-0 +16605-2 0  9994
2 41693 065.6894 299.8858 5718846 348.4720 002.5764 04.28592805036151
0 SL-12 DEB
1 41693U 07052AA  18014.31237017 +.00000720 +00000-0 +16605-2 0  9994
2 41693 065.6894 299.8858 5718846 348.4720 002.5764 04.28592805036151
0 SL-12 DEB
1 41693U 07052AA  18014.31237017 +.00000720 +00000-0 +16605-2 0  9994
2 41693 065.6894 299.8858 5718846 348.4720 002.5764 04.28592805036151
0 SL-12 DEB
1 41693U 07052AA  18014.31237017 +.00000720 +00000-0 +16605-2 0  9994
2 41693 065.6894 299.8858 5718846 348.4720 002.5764 04.28592805036151
0 SL-12 DEB
1 41693U 07052AA  18014.31237017 +.00000720 +00000-0 +16605-2 0  9994
2 41693 065.6894 299.8858 5718846 348.4720 002.5764 04.28592805036151
0 SL-12 DEB
1 41693U 07052AA  18014.31237017 +.00000720 +00000-0 +16605-2 0  9994
2 41693 065.6894 299.8858 5718846 348.4720 002.5764 04.28592805036151
0 SL-12 DEB
1 41693U 07052AA  18014.31237017 +.00000720 +00000-0 +16605-2 0  9994
2 41693 065.6894 299.8858 5718846 348.4720 002.5764 04.28592805036151
0 SL-12 DEB
1 41693U 07052AA  18014.31237017 +.00000720 +00000-0 +16605-2 0  9994
2 41693 065.6894 299.8858 5718846 348.4720 002.5764 04.28592805036151
0 SL-12 DEB
1 41693U 07052AA  18014.31237017 +.00000720 +00000-0 +16605-2 0  9994
2 41693 065.6894 299.8858 5718846 348.4720 002.5764 04.28592805036151
0 SL-12 DEB
1 41693U 07052AA  18014.31237017  .00000720  00000-0  16605-2 0  9994
2 41693  65.6894 299.8858 5718846 348.4720   2.5764  4.28592805 36151
