1 11914U 80060  D 80212.26240712  .00001132 +00000-0 +04280-3 0  9991
2 11914 047.2772 276.7491 7231690 003.9669 359.7248 02.29243588000353
1 11914U 80060  D 80214.44336532  .00001143 +00000-0 +03228-3 0  9992
2 11914 047.2841 276.1842 7234358 004.4503 359.6365 02.29248285000405
1 11914U 80060  D 80215.31574630  .00001103 +00000-0 +03769-3 0  9998
2 11914 047.2855 275.9633 7231900 004.7396 359.6026 02.29249692000427
1 11914U 80060  D 80216.18811404  .00001083 +00000-0 +02608-3 0  9995
2 11914 047.2828 275.7093 7234015 004.9314 359.5647 02.29251122000448
1 11914U 80060  D 80218.36904394  .00001003 +00000-0 +01678-3 0  9996
2 11914 047.2663 275.0924 7233808 005.5431 359.4954 02.29254365000494
1 11914U 80060  D 80219.24144264  .00000913 +00000-0 +00389-3 0  9993
2 11914 047.2575 274.8529 7234258 005.7735 359.4845 02.29254556000517
1 11914U 80060  D 80219.24144275  .00000913 +00000-0 +00389-3 0  9995
2 11914 047.2575 274.8529 7234258 005.7736 359.4846 02.29254532000513
1 11914U 80060  D 80222.29472856  .00000677 +00000-0 +00255-4 0  9993
2 11914 047.2625 274.0212 7236082 006.5624 359.4015 02.29256511000586
1 11914U 80060  D 80223.16710742  .00000797 +00000-0 +03337-4 0  9996
2 11914 047.2547 273.7647 7236412 006.8001 359.4124 02.29259038000607
1 11914U 80060  D 80223.16712902  .00000736 +00000-0 +05910-4 0  9998
2 11914 047.2568 273.7676 7236540 006.7915 359.4309 02.29258585000608
1 11914U 80060  D 80226.22029975  .00001017 +00000-0 +00454-3 0  9999
2 11914 047.2577 272.9303 7237522 007.6131 359.3572 02.29266357000671
1 11914U 80060  D 80227.52871111  .00001073 +00000-0 +00839-3 0  9999
2 11914 047.2455 272.5589 7238140 007.9662 359.2739 02.29269505000703
1 11914U 80060  D 80227.52871747  .00001073 +00000-0 +00839-3 0  9994
2 11914 047.2455 272.5589 7238141 007.9663 359.2791 02.29269505000703
1 11914U 80060  D 80229.27329567  .00001178 +00000-0 +01857-3 0  9993
2 11914 047.2404 272.0608 7238400 008.4466 359.2179 02.29274011000741
1 11914U 80060  D 80230.14555941  .00001196 +00000-0 +01852-3 0  9993
2 11914 047.2362 271.8152 7238863 008.6774 359.1772 02.29276180000761
1 11914U 80060  D 80233.19849731  .00001213 +00000-0 +01607-3 0  9992
2 11914 047.2282 270.9658 7239877 009.4960 359.0876 02.29283142000833
1 11914U 80060  D 80241.48447527  .00001508 +00000-0 +13176-2 0  9990
2 11914 047.2021 268.6479 7242648 011.7125 358.8617 02.29307575001027
1 11914U 80060  D 80242.35658501  .00001396 +00000-0 +12211-2 0  9997
2 11914 047.1988 268.4028 7242484 011.9842 358.7750 02.29308442001045
1 11914U 80060  D 80242.35660663  .00001397 +00000-0 +12218-2 0  9997
2 11914 047.1988 268.4028 7242485 011.9842 358.7928 02.29308446001047
1 11914U 80060  D 80244.10088055  .00001371 +00000-0 +11402-2 0  9997
2 11914 047.1912 267.9156 7243850 012.4310 358.7176 02.29312598001085
1 11914U 80060  D 80247.15332865  .00001293 +00000-0 +10526-2 0  9995
2 11914 047.1843 267.0578 7244288 013.2731 358.6206 02.29319402001151
1 11914U 80060  D 80249.33361238  .00001228 +00000-0 +95580-3 0  9995
2 11914 047.1729 266.4470 7245378 013.8550 358.5692 02.29324114001204
1 11914U 80060  D 80250.20571387  .00001336 +00000-0 +10465-2 0  9999
2 11914 047.1716 266.2019 7245339 014.1040 358.5628 02.29327416001221
1 11914U 80060  D 80251.07774980  .00001444 +00000-0 +11253-2 0  9995
2 11914 047.1716 265.9538 7245580 014.3433 358.5198 02.29331169001243
1 11914U 80060  D 80251.07777470  .00001445 +00000-0 +11253-2 0  9993
2 11914 047.1716 265.9538 7245585 014.3430 358.5404 02.29331170001247
1 11914U 80060  D 80257.18156390  .00002848 +00000-0 +20258-2 0  9996
2 11914 047.1386 264.2385 7248477 015.9843 358.2823 02.29370925001388
1 11914U 80060  D 80257.18156395  .00002855 +00000-0 +20567-2 0  9992
2 11914 047.1442 264.2424 7248137 015.9982 358.2796 02.29370915001380
1 11914U 80060  D 80260.23315057  .00002589 +00000-0 +17293-2 0  9990
2 11914 047.1222 263.3745 7249947 016.7907 358.1444 02.29384281001456
1 11914U 80060  D 80261.10505608  .00002472 +00000-0 +16130-2 0  9990
2 11914 047.1185 263.1282 7250500 017.0050 358.1425 02.29387015001477
1 11914U 80060  D 80276.36054972  .00002481 +00000-0 +12666-2 0  9997
2 11914 047.0571 258.8222 7256118 021.1937 357.6178 02.29452300001829
1 11914U 80060  D 80278.10372872  .00002765 +00000-0 +14123-2 0  9998
2 11914 047.0633 258.3296 7256081 021.7332 357.6216 02.29465370001866
1 11914U 80060  D 80279.41094893  .00002775 +00000-0 +14116-2 0  9990
2 11914 047.0525 257.9536 7256124 022.1133 357.5034 02.29472508001891
1 11914U 80060  D 80279.41095800  .00002775 +00000-0 +14116-2 0  9999
2 11914 047.0525 257.9536 7256124 022.1133 357.5109 02.29472508001894
1 11914U 80060  D 80282.46115738  .00003570 +00000-0 +17040-2 0  9994
2 11914 047.0325 257.0872 7257583 022.9335 357.5086 02.29500562001962
1 11914U 80060  D 80283.33240656  .00003354 +00000-0 +15914-2 0  9997
2 11914 047.0310 256.8409 7257672 023.2029 357.2978 02.29503028001981
1 11914U 80060  D 80283.33246232  .00003354 +00000-0 +15914-2 0  9993
2 11914 047.0310 256.8409 7257672 023.2029 357.3439 02.29503028001984
1 11914U 80060  D 80297.27092839  .00005278 +00000-0 +20708-2 0  9997
2 11914 046.9810 252.8406 7261100 027.0534 357.0763 02.29644228002306
1 11914U 80060  D 80299.44772688  .00005544 +00000-0 +19436-2 0  9997
2 11914 046.9725 252.2146 7263368 027.6118 356.8276 02.29670909002354
1 11914U 80060  D 80300.31842557  .00005558 +00000-0 +19454-2 0  9994
2 11914 046.9683 251.9647 7263328 027.8584 356.7550 02.29680607002376
1 11914U 80060  D 80300.31843017  .00005558 +00000-0 +19454-2 0  9996
2 11914 046.9683 251.9647 7263328 027.8584 356.7588 02.29680607002377
1 11914U 80060  D 80305.97743271  .00006720 +00000-0 +21823-2 0  9999
2 11914 046.9210 250.3623 7264384 029.4459 356.6530 02.29755195002508
1 11914U 80060  D 80306.41257079  .00006711 +00000-0 +21647-2 0  9999
2 11914 046.9195 250.2342 7264482 029.5675 356.5697 02.29760839002512
1 11914U 80060  D 80310.32904718  .00006992 +00000-0 +21140-2 0  9992
2 11914 046.9069 249.0989 7265397 030.6601 356.4636 02.29816123002603
1 11914U 80060  D 80313.37449468  .00007849 +00000-0 +20775-2 0  9991
2 11914 046.9036 248.2129 7267682 031.4874 356.5322 02.29872260002678
1 11914U 80060  D 80317.28861451  .00008923 +00000-0 +22402-2 0  9998
2 11914 046.8762 247.0792 7268143 032.5858 356.2249 02.29948506002765
1 11914U 80060  D 80323.37501850  .00010302 +00000-0 +22707-2 0  9991
2 11914 046.8829 245.3111 7269644 034.2785 356.1649 02.30078166002907
1 11914U 80060  D 80324.24402527  .00010559 +00000-0 +22329-2 0  9993
2 11914 046.8784 245.0540 7270260 034.5119 356.0180 02.30099288002929
1 11914U 80060  D 80325.11309172  .00010554 +00000-0 +22050-2 0  9998
2 11914 046.8749 244.8008 7270341 034.7572 355.9493 02.30117401002946
1 11914U 80060  D 80326.85110434  .00010695 +00000-0 +21483-2 0  9996
2 11914 046.8661 244.2997 7270770 035.2370 355.8921 02.30155021002987
1 11914U 80060  D 80326.85111351  .00010694 +00000-0 +21483-2 0  9994
2 11914 046.8661 244.2997 7270770 035.2370 355.8997 02.30155021002980
1 11914U 80060  D 80329.89198025  .00011163 +00000-0 +19942-2 0  9993
2 11914 046.8453 243.4338 7272336 036.0664 355.8893 02.30226367003050
1 11914U 80060  D 80331.19481442  .00011179 +00000-0 +19692-2 0  9996
2 11914 046.8387 243.0499 7272355 036.4551 355.7732 02.30255349003086
1 11914U 80060  D 80335.10259233  .00012383 +00000-0 +21869-2 0  9999
2 11914 046.8211 241.8979 7271481 037.5774 355.8818 02.30360748003175
1 11914U 80060  D 80342.90934548  .00017575 +00000-0 +23503-3 0  9990
2 11914 046.7902 239.5923 7274826 039.7590 355.4141 02.30674554003358
1 11914U 80060  D 80343.77623881  .00019059 +00000-0 +25529-3 0  9990
2 11914 046.7929 239.3526 7274453 040.0164 355.3979 02.30718163003377
1 11914U 80060  D 80344.20958477  .00018965 +00000-0 +25335-3 0  9991
2 11914 046.7951 239.2309 7274373 040.1480 355.3470 02.30735642003381
1 11914U 80060  D 80344.20958755  .00019091 +00000-0 +25335-3 0  9991
2 11914 046.7917 239.2254 7274528 040.1442 355.3489 02.30735510003386
1 11914U 80060  D 80345.07627564  .00018950 +00000-0 +25173-3 0  9991
2 11914 046.7923 238.9747 7274248 040.3904 355.3147 02.30767282003405
1 11914U 80060  D 80347.24218810  .00023383 +00000-0 +29742-3 0  9994
2 11914 046.7724 238.3125 7274340 040.9282 355.2574 02.30883334003451
1 11914U 80060  D 80348.97426271  .00023585 +00000-0 +29063-3 0  9997
2 11914 046.7694 237.8018 7274393 041.4238 355.2085 02.30966008003498
1 11914U 80060  D 80350.27288268  .00023597 +00000-0 +28975-3 0  9999
2 11914 046.7686 237.4220 7273983 041.8215 355.1311 02.31026937003527
1 11914U 80060  D 80350.70568501  .00024652 +00000-0 +29823-3 0  9994
2 11914 046.7751 237.3287 7274081 041.9089 355.1623 02.31057251003532
1 11914U 80060  D 80353.73396544  .00025326 +00000-0 +28655-3 0  9997
2 11914 046.7746 236.4435 7274299 042.8699 355.0246 02.31215353003606
1 11914U 80060  D 80354.16637054  .00025335 +00000-0 +28832-3 0  9996
2 11914 046.7695 236.3089 7273997 043.0193 354.9670 02.31237238003615
1 11914U 80060  D 80358.05663178  .00026681 +00000-0 +29233-3 0  9995
2 11914 046.7762 235.1716 7273126 044.0914 355.0171 02.31450463003705
