1 35813U 09046B   09243.28802899 -.00000191  00000-0  00000+0 0  9994
2 35813 022.2865 119.7433 6131825 176.8583 189.2930 03.88702758    09
1 35813U 09046B   09243.60502594  .00002112  00000-0  10000-3 0  9998
2 35813 022.3447 119.4612 6143078 177.2889 273.0112 03.89107422    12
1 35813U 09046B   09243.80141579  .00002568  00000-0  10000-3 0  9997
2 35813 022.3434 119.2920 6147355 177.5887 187.9689 03.89033963    22
1 35813U 09046B   09243.80142057  .00001788  00000-0  10000-3 0  9992
2 35813 022.3462 119.2624 6140596 177.5852 188.0092 03.88962776    28
1 35813U 09046B   09244.31227133  .00011561  78788-6  10000-3 0  9992
2 35813 022.3236 118.9693 6172858 178.5825 183.1395 03.88962596    39
1 35813U 09046B   09244.31390553  .00010960  78610-6  10000-3 0  9995
2 35813 022.2454 119.1166 6170775 178.4165 185.3630 03.89173241    38
1 35813U 09046B   09244.68607810  .00059388  77167-6  10000-3 0  9995
2 35813 022.3538 118.6317 6184449 179.0894 346.5964 03.89141416    55
1 35813U 09046B   09244.94677469  .01156028  23887-4  48024-3 0  9996
2 35813 022.3576 118.4757 6194537 179.5334 351.9157 03.89833184    61
1 35813U 09046B   09245.08074338  .00700345  23713-4  10000-3 0  9995
2 35813 022.3415 118.3599 6193791 179.8479 180.6609 03.92075744    74
1 35813U 09046B   09245.10120488  .01677543  23543-4  58329-3 0  9997
2 35813 022.3652 118.3312 6183581 179.8825 209.5663 03.91848278    71
1 35813U 09046B   09245.19513958  .00622487  23617-4  10000-3 0  9996
2 35813 022.3432 118.2896 6192137 179.9604 342.1679 03.92119096    77
