1 13885U 83016  E 83084.30124937  .00004218 +00000-0 +01192-3 0  9996
2 13885 047.3611 025.4265 7260344 003.3118 359.4588 02.29034162000309
1 13885U 83016  E 83085.17443981  .00004197 +00000-0 +01192-3 0  9991
2 13885 047.3659 025.1742 7260168 003.5571 359.4276 02.29041123000328
1 13885U 83016  E 83087.35733222  .00004134 +00000-0 +01192-3 0  9994
2 13885 047.3693 024.5597 7259657 004.1556 359.3760 02.29058719000379
1 13885U 83016  E 83088.23045100  .00004126 +00000-0 +01192-3 0  9994
2 13885 047.3698 024.3147 7259549 004.3912 359.3645 02.29065847000395
1 13885U 83016  E 83099.14218789  .00004025 +00000-0 +01192-3 0  9999
2 13885 047.3768 021.2265 7258163 007.3440 359.5172 02.29161024000649
1 13885U 83016  E 83100.45074927  .00004067 +00000-0 +01192-3 0  9996
2 13885 047.3829 020.8585 7258357 007.7013 359.0393 02.29168701000674
1 13885U 83016  E 83102.19611381  .00004004 +00000-0 +01192-3 0  9991
2 13885 047.3907 020.3545 7257845 008.1742 359.0409 02.29184604000710
1 13885U 83016  E 83103.06875481  .00004112 +00000-0 +01192-3 0  9991
2 13885 047.3881 020.1138 7258440 008.4006 359.0321 02.29192090000738
1 13885U 83016  E 83104.81396595  .00004074 +00000-0 +01192-3 0  9996
2 13885 047.3903 019.6209 7258097 008.8714 359.0218 02.29206014000774
1 13885U 83016  E 83105.25023627  .00003991 +00000-0 +01192-3 0  9995
2 13885 047.3864 019.4952 7257573 008.9954 358.9931 02.29208159000781
1 13885U 83016  E 83110.04885024  .00004018 +00000-0 +01192-3 0  9996
2 13885 047.3791 018.1618 7257421 010.2882 358.9060 02.29247761000890
1 13885U 83016  E 83122.69544959  .00004382 +00000-0 +23411-2 0  9990
2 13885 047.3846 014.5567 7256192 013.6959 358.6598 02.29364008001180
1 13885U 83016  E 83123.13132400  .00004383 +00000-0 +23411-2 0  9995
2 13885 047.3845 014.4344 7256167 013.8133 358.5655 02.29367775001197
1 13885U 83016  E 83133.59279190  .00004389 +00000-0 +23411-2 0  9990
2 13885 047.3838 011.5100 7255565 016.6215 358.0982 02.29445542001434
1 13885U 83016  E 83138.38663394  .00004423 +00000-0 +23411-2 0  9994
2 13885 047.3797 010.1638 7255373 017.9137 358.3241 02.29493156001540
1 13885U 83016  E 83165.83187920  .00005549 +00000-0 +27864-2 0  9996
2 13885 047.3430 002.4166 7255685 025.3294 357.0776 02.29620145002176
1 13885U 83016  E 83171.49271797  .00001688 +00000-0 +81918-3 0  9992
2 13885 047.3324 000.8177 7255869 026.8961 356.2462 02.29618350002306
1 13885U 83016  E 83173.67118947  .00001726 +00000-0 +81918-3 0  9994
2 13885 047.3286 000.2010 7256355 027.4792 357.0522 02.29626143002353
1 13885U 83016  E 83180.20289883  .00001401 +00000-0 +64807-3 0  9997
2 13885 047.3213 358.3605 7256579 029.2659 356.7531 02.29646802002507
1 13885U 83016  E 83180.63832946  .00001402 +00000-0 +64807-3 0  9999
2 13885 047.3200 358.2362 7256600 029.3847 356.7342 02.29647974002519
1 13885U 83016  E 83181.50918783  .00001407 +00000-0 +64807-3 0  9995
2 13885 047.3180 357.9896 7256661 029.6213 356.6995 02.29650311002535
1 13885U 83016  E 83183.25087897  .00001442 +00000-0 +64807-3 0  9991
2 13885 047.3175 357.5201 7257237 030.0791 356.6390 02.29655290002576
1 13885U 83016  E 83184.55714506  .00001440 +00000-0 +64807-3 0  9997
2 13885 047.3178 357.1530 7257167 030.4422 356.6060 02.29658959002600
1 13885U 83016  E 83186.29879682  .00001426 +00000-0 +64807-3 0  9991
2 13885 047.2890 356.6460 7256899 030.9155 356.5483 02.29662914002643
1 13885U 83016  E 83194.13564600  .00001470 +00000-0 +65014-3 0  9994
2 13885 047.2993 354.4453 7257420 033.0523 355.9922 02.29680148002829
1 13885U 83016  E 83198.48952248  .00001519 +00000-0 +65014-3 0  9999
2 13885 047.2728 353.2186 7258180 034.1969 355.9229 02.29684463002920
1 13885U 83016  E 83226.78469090  .00001232 +00000-0 +46786-3 0  9999
2 13885 047.2060 345.1181 7260133 041.9744 354.9277 02.29743798003573
1 13885U 83016  E 83233.74827929  .00001682 +00000-0 +61091-3 0  9997
2 13885 047.1522 343.1917 7261251 043.8119 354.6447 02.29767515003736
1 13885U 83016  E 83234.61867559  .00002677 +00000-0 +96961-3 0  9996
2 13885 047.1611 342.9482 7261558 044.0843 354.6389 02.29779407003756
1 13885U 83016  E 83240.27603025  .00001966 +00000-0 +71045-3 0  9997
2 13885 047.1367 341.3138 7261305 045.6077 354.4057 02.29791293003882
1 13885U 83016  E 83244.19235548  .00002035 +00000-0 +72722-3 0  9994
2 13885 047.1566 340.2196 7261439 046.7036 354.2849 02.29807197003978
1 13885U 83016  E 83244.19235727  .00001979 +00000-0 +70577-3 0  9995
2 13885 047.1318 340.1908 7261473 046.7238 354.2731 02.29806277003973
1 13885U 83016  E 83247.23817660  .00001915 +00000-0 +67488-3 0  9992
2 13885 047.1383 339.3308 7261609 047.5768 354.1183 02.29816608004045
1 13885U 83016  E 83248.54348244  .00001835 +00000-0 +64878-3 0  9995
2 13885 047.1157 338.9457 7261478 047.9161 354.0564 02.29820497004075
1 13885U 83016  E 83252.45930492  .00001827 +00000-0 +63149-3 0  9993
2 13885 047.1080 337.8174 7261847 049.0093 353.9077 02.29833953004169
1 13885U 83016  E 83255.50481233  .00001687 +00000-0 +57873-3 0  9997
2 13885 047.0976 336.9352 7261866 049.8429 353.7982 02.29842747004234
1 13885U 83016  E 83256.37495535  .00001677 +00000-0 +57391-3 0  9997
2 13885 047.0949 336.6831 7261885 050.0842 353.7844 02.29845391004254
1 13885U 83016  E 83256.37495743  .00001677 +00000-0 +57391-3 0  9998
2 13885 047.0949 336.6831 7261885 050.0842 353.7861 02.29845391004253
1 13885U 83016  E 83261.16015822  .00013492 +00000-0 +48309-2 0  9993
2 13885 047.0475 335.2437 7261578 051.4588 353.6894 02.29866094004365
1 13885U 83016  E 83263.33480078  .00017975 +00000-0 +64368-2 0  9996
2 13885 047.0408 334.6147 7261132 052.0651 353.2197 02.29924326004417
1 13885U 83016  E 83282.90061616  .00005846 +00000-0 +19564-2 0  9995
2 13885 046.9951 328.9341 7261186 057.5257 352.8552 02.30075075004860
1 13885U 83016  E 83285.07340548  .00006066 +00000-0 +20308-2 0  9993
2 13885 046.9850 328.2991 7260965 058.1294 352.6165 02.30102178004913
1 13885U 83016  E 83294.63152917  .00006433 +00000-0 +21588-2 0  9995
2 13885 046.9747 325.5608 7259962 060.7539 352.2748 02.30222099005132
1 13885U 83016  E 83295.50009416  .00006425 +00000-0 +21589-2 0  9999
2 13885 046.9722 325.3077 7259843 060.9980 352.1572 02.30233154005153
1 13885U 83016  E 83297.67156828  .00006255 +00000-0 +21081-2 0  9997
2 13885 046.9588 324.5931 7259565 061.7027 352.0450 02.30258852005207
1 13885U 83016  E 83299.40856947  .00006207 +00000-0 +20871-2 0  9992
2 13885 046.9548 324.0893 7259442 062.1806 351.9572 02.30279586005243
1 13885U 83016  E 83299.40857973  .00006207 +00000-0 +20967-2 0  9998
2 13885 046.9550 324.0894 7259346 062.1899 351.9648 02.30279591005242
1 13885U 83016  E 83299.40858103  .00006206 +00000-0 +20897-2 0  9995
2 13885 046.9548 324.0907 7259414 062.1823 351.9665 02.30279584005248
1 13885U 83016  E 83299.40858105  .00006206 +00000-0 +20895-2 0  9995
2 13885 046.9548 324.0904 7259415 062.1825 351.9666 02.30279581005246
1 13885U 83016  E 83304.61856900  .00005191 +00000-0 +17421-2 0  9999
2 13885 046.9396 322.5730 7259039 063.6245 351.4821 02.30327964005361
1 13885U 83016  E 83305.48706661  .00005178 +00000-0 +17339-2 0  9996
2 13885 046.9380 322.3105 7259015 063.8673 351.6371 02.30336838005383
1 13885U 83016  E 83306.35529743  .00005169 +00000-0 +17422-2 0  9990
2 13885 046.9350 322.0634 7258802 064.1150 351.5977 02.30345740005407
1 13885U 83016  E 83307.65758358  .00005591 +00000-0 +19079-2 0  9999
2 13885 046.9357 321.6775 7258420 064.5070 351.5729 02.30363537005438
1 13885U 83016  E 83309.39375982  .00005596 +00000-0 +19207-2 0  9998
2 13885 046.9323 321.1666 7258136 065.0009 351.4568 02.30382743005471
1 13885U 83016  E 83311.56375828  .00006044 +00000-0 +21122-2 0  9997
2 13885 046.9171 320.5096 7257536 065.6229 351.3460 02.30411719005527
1 13885U 83016  E 83312.43169375  .00006044 +00000-0 +21176-2 0  9991
2 13885 046.9156 320.2572 7257397 065.8666 351.2979 02.30422073005549
1 13885U 83016  E 83312.43169379  .00006044 +00000-0 +21175-2 0  9994
2 13885 046.9156 320.2572 7257398 065.8666 351.2980 02.30422073005542
1 13885U 83016  E 83316.33690063  .00006065 +00000-0 +21638-2 0  9993
2 13885 046.9067 319.1226 7256623 066.9615 351.0689 02.30468963005634
1 13885U 83016  E 83319.37395158  .00005559 +00000-0 +19698-2 0  9997
2 13885 046.8961 318.2500 7256530 067.8272 350.9067 02.30495696005706
1 13885U 83016  E 83323.27800085  .00004973 +00000-0 +18107-2 0  9994
2 13885 046.8931 317.0633 7255626 068.9962 350.6191 02.30529673005797
1 13885U 83016  E 83325.44677301  .00004430 +00000-0 +16146-2 0  9997
2 13885 046.8882 316.4289 7255434 069.5798 350.5500 02.30545657005842
1 13885U 83016  E 83326.31424677  .00004408 +00000-0 +16126-2 0  9993
2 13885 046.8863 316.1745 7255289 069.8255 350.5336 02.30553199005863
1 13885U 83016  E 83328.04901171  .00003653 +00000-0 +13292-2 0  9996
2 13885 046.8865 315.6437 7255257 070.3329 350.3795 02.30562306005903
1 13885U 83016  E 83329.35008881  .00002993 +00000-0 +11146-2 0  9999
2 13885 046.8769 315.3001 7254619 070.6829 350.2798 02.30565573005933
1 13885U 83016  E 83329.35014629  .00002993 +00000-0 +11147-2 0  9997
2 13885 046.8769 315.2998 7254616 070.6834 350.3275 02.30565574005932
1 13885U 83016  E 83331.08483061  .00002952 +00000-0 +10951-2 0  9997
2 13885 046.8726 314.8019 7254614 071.1498 350.2096 02.30575544005976
1 13885U 83016  E 83331.51849821  .00003425 +00000-0 +12959-2 0  9991
2 13885 046.8731 314.6630 7254249 071.3060 350.1622 02.30576311005988
1 13885U 83016  E 83331.51851686  .00002456 +00000-0 +91371-3 0  9992
2 13885 046.8741 314.6605 7254447 071.2953 350.1788 02.30574212005982
1 13885U 83016  E 83334.98774767  .00002643 +00000-0 +98701-3 0  9992
2 13885 046.8750 313.6261 7254259 072.2732 350.0059 02.30593321006068
1 13885U 83016  E 83336.28859990  .00002637 +00000-0 +99247-3 0  9998
2 13885 046.8720 313.2464 7254027 072.6414 349.9080 02.30600235006097
1 13885U 83016  E 83336.28860046  .00002619 +00000-0 +99562-3 0  9992
2 13885 046.8655 313.2570 7253805 072.6401 349.9013 02.30599685006093
1 13885U 83016  E 83338.02305351  .00002671 +00000-0 +10226-2 0  9996
2 13885 046.8624 312.7474 7253574 073.1265 349.8214 02.30610101006137
1 13885U 83016  E 83341.49165280  .00002692 +00000-0 +10899-2 0  9995
2 13885 046.8440 311.7331 7252174 074.1595 349.5480 02.30628359006211
1 13885U 83016  E 83341.49165472  .00002691 +00000-0 +10898-2 0  9996
2 13885 046.8440 311.7331 7252175 074.1595 349.5496 02.30628358006218
1 13885U 83016  E 83341.49166548  .00002623 +00000-0 +10237-2 0  9993
2 13885 046.8562 311.7313 7252991 074.1080 349.5650 02.30628235006214
1 13885U 83016  E 83345.39352934  .00002456 +00000-0 +10049-2 0  9997
2 13885 046.8371 310.5678 7251736 075.2586 349.2462 02.30646037006300
1 13885U 83016  E 83346.26061500  .00002347 +00000-0 +96168-3 0  9996
2 13885 046.8546 310.2558 7251649 075.5613 349.2094 02.30649466006327
1 13885U 83016  E 83347.99468194  .00002242 +00000-0 +93200-3 0  9995
2 13885 046.8436 309.7689 7251226 076.0369 349.0919 02.30656554006362
1 13885U 83016  E 83349.29520457  .00002337 +00000-0 +99242-3 0  9998
2 13885 046.8485 309.3710 7250714 076.4298 349.0176 02.30663176006399
1 13885U 83016  E 83351.46263879  .00001808 +00000-0 +76828-3 0  9999
2 13885 046.8377 308.7765 7250429 076.9966 348.8586 02.30670678006445
1 13885U 83016  E 83351.46264076  .00002104 +00000-0 +92601-3 0  9996
2 13885 046.8395 308.7463 7249741 077.0688 348.8556 02.30671375006440
1 13885U 83016  E 83361.43187930  .00001137 +00000-0 +51065-3 0  9991
2 13885 046.8257 305.8618 7248352 079.8092 347.9519 02.30695661006671
1 13885U 83016  E 83362.29893157  .00001284 +00000-0 +58306-3 0  9999
2 13885 046.8158 305.6139 7248242 080.0506 348.0541 02.30698718006694
1 13885U 83016  E 83364.46603777  .00001182 +00000-0 +54548-3 0  9998
2 13885 046.8107 304.9839 7247703 080.6658 347.8834 02.30702940006743
1 13885U 83016  E 84003.36671432  .00001147 +00000-0 +54581-3 0  9999
2 13885 046.8058 303.8442 7246842 081.7722 347.5752 02.30711579006837
1 13885U 83016  E 84006.83383158  .00001369 +00000-0 +67953-3 0  9992
2 13885 046.7935 302.8389 7245998 082.7451 347.3263 02.30722446006919
1 13885U 83016  E 84010.30072799  .00000973 +00000-0 +47743-3 0  9990
2 13885 046.7939 301.8140 7245699 083.7039 346.9435 02.30725873006999
1 13885U 83016  E 84011.60091847  .00000956 +00000-0 +47071-3 0  9994
2 13885 046.7853 301.4468 7245554 084.0562 346.9047 02.30728148007020
1 13885U 83016  E 84015.06782078  .00000860 +00000-0 +44511-3 0  9991
2 13885 046.7797 300.4424 7244057 085.0673 346.6240 02.30733493007109
1 13885U 83016  E 84018.10125154  .00000922 +00000-0 +48956-3 0  9991
2 13885 046.7824 299.5656 7243534 085.9045 346.3471 02.30738778007177
1 13885U 83016  E 84021.13459862  .00000894 +00000-0 +48862-3 0  9998
2 13885 046.7801 298.6815 7242691 086.7634 346.0516 02.30743604007244
1 13885U 83016  E 84021.13460081  .00000864 +00000-0 +47165-3 0  9995
2 13885 046.7792 298.6789 7242633 086.7645 346.0535 02.30743420007248
1 13885U 83016  E 84025.03454652  .00000786 +00000-0 +43979-3 0  9997
2 13885 046.7794 297.5771 7241740 087.8538 345.6840 02.30748786007334
1 13885U 83016  E 84029.36773895  .00000755 +00000-0 +43984-3 0  9992
2 13885 046.7764 296.3155 7240560 089.0811 345.2957 02.30754983007433
1 13885U 83016  E 84032.40087680  .00000735 +00000-0 +44029-3 0  9990
2 13885 046.7746 295.4332 7239707 089.9397 344.9999 02.30759150007500
1 13885U 83016  E 84041.49964427  .00000936 +00000-0 +61934-3 0  9999
2 13885 046.7811 292.7310 7237523 092.5455 344.1292 02.30779918007713
1 13885U 83016  E 84042.36612714  .00000928 +00000-0 +61939-3 0  9991
2 13885 046.7808 292.4796 7237253 092.7902 344.0119 02.30781416007738
1 13885U 83016  E 84044.96560337  .00000968 +00000-0 +68453-3 0  9994
2 13885 046.7719 291.7317 7235740 093.5392 343.7247 02.30786721007799
1 13885U 83016  E 84047.13179019  .00001064 +00000-0 +77350-3 0  9993
2 13885 046.7787 291.1047 7235150 094.1409 343.4918 02.30791890007840
1 13885U 83016  E 84047.99823713  .00001161 +00000-0 +83599-3 0  9994
2 13885 046.7898 290.8394 7235556 094.3604 343.3875 02.30794607007865
1 13885U 83016  E 84047.99824927  .00001161 +00000-0 +83662-3 0  9993
2 13885 046.7906 290.8400 7235519 094.3584 343.3978 02.30794600007866
1 13885U 83016  E 84055.36288671  .00000818 +00000-0 +64820-3 0  9996
2 13885 046.7895 288.7136 7232056 096.4545 342.5566 02.30804206008036
1 13885U 83016  E 84063.16021508  .00001387 +00000-0 +12337-2 0  9994
2 13885 046.7882 286.5291 7229644 098.5846 341.7708 02.30830668008216
1 13885U 83016  E 84074.42137359  .00001334 +00000-0 +13306-2 0  9996
2 13885 046.7862 283.2296 7225972 101.7879 340.2780 02.30860036008470
1 13885U 83016  E 84077.01988797  .00001218 +00000-0 +12316-2 0  9995
2 13885 046.7875 282.4780 7225368 102.5430 339.9154 02.30865983008537
1 13885U 83016  E 84078.31912703  .00000732 +00000-0 +72038-3 0  9991
2 13885 046.7879 282.1089 7224916 102.9027 339.7073 02.30864642008566
1 13885U 83016  E 84082.21676992  .00001251 +00000-0 +13466-2 0  9998
2 13885 046.7911 280.9858 7223409 103.9837 339.2319 02.30877952008655
1 13885U 83016  E 84083.08284467  .00001178 +00000-0 +13007-2 0  9995
2 13885 046.7920 280.7533 7222515 104.2420 339.1006 02.30879913008675
1 13885U 83016  E 84097.37201588  .00001596 +00000-0 +21380-2 0  9992
2 13885 046.7867 276.7082 7216557 108.1532 337.0495 02.30926452009003
1 13885U 83016  E 84098.23792642  .00001398 +00000-0 +18993-2 0  9990
2 13885 046.7754 276.4506 7215873 108.3805 336.9102 02.30927413009024
1 13885U 83016  E 84099.53676551  .00000816 +00000-0 +10427-2 0  9992
2 13885 046.7863 276.0676 7216595 108.8168 336.6819 02.30929301009051
1 13885U 83016  E 84099.53679058  .00000816 +00000-0 +10427-2 0  9997
2 13885 046.7863 276.0676 7216595 108.8168 336.7027 02.30929301009053
1 13885U 83016  E 84099.53679830  .00001430 +00000-0 +19528-2 0  9999
2 13885 046.7732 276.0990 7215729 108.7457 336.7179 02.30931215009050
1 13885U 83016  E 84100.40266006  .00001417 +00000-0 +19535-2 0  9998
2 13885 046.7719 275.8601 7215391 108.9823 336.5548 02.30933437009073
1 13885U 83016  E 84106.03070733  .00001117 +00000-0 +16060-2 0  9990
2 13885 046.7922 274.2050 7213425 110.6087 335.5718 02.30944119009200
1 13885U 83016  E 84106.03073530  .00001093 +00000-0 +15559-2 0  9993
2 13885 046.7833 274.2087 7213719 110.6143 335.5948 02.30944008009202
1 13885U 83016  E 84106.03074151  .00001062 +00000-0 +15116-2 0  9998
2 13885 046.7833 274.2221 7213644 110.5780 335.6030 02.30943827009206
1 13885U 83016  E 84112.09143652  .00001010 +00000-0 +15346-2 0  9992
2 13885 046.7864 272.4910 7211238 112.2771 334.5760 02.30956068009345
1 13885U 83016  E 84115.98739921  .00000974 +00000-0 +15364-2 0  9991
2 13885 046.7979 271.4025 7209831 113.4381 333.8160 02.30961411009438
1 13885U 83016  E 84115.98745242  .00000931 +00000-0 +14836-2 0  9990
2 13885 046.7992 271.4069 7209361 113.3553 333.8692 02.30960979009437
1 13885U 83016  E 84115.98746514  .00000972 +00000-0 +15198-2 0  9990
2 13885 046.7916 271.4107 7210149 113.3521 333.8805 02.30961391009432
1 13885U 83016  E 84120.74900843  .00000959 +00000-0 +16093-2 0  9997
2 13885 046.8078 270.0240 7207598 114.6915 332.9757 02.30969762009548
1 13885U 83016  E 84120.74902839  .00000907 +00000-0 +15198-2 0  9992
2 13885 046.8167 270.0429 7207484 114.6831 332.9908 02.30969400009544
1 13885U 83016  E 84120.74902858  .00000929 +00000-0 +15175-2 0  9992
2 13885 046.8071 270.0314 7208435 114.7207 332.9919 02.30969916009540
1 13885U 83016  E 84121.18187724  .00000889 +00000-0 +15198-2 0  9998
2 13885 046.8094 269.9188 7206701 114.7824 332.9004 02.30970011009554
1 13885U 83016  E 84128.97310293  .00000796 +00000-0 +15198-2 0  9998
2 13885 046.8102 267.7182 7202351 116.8837 331.3635 02.30980712009730
1 13885U 83016  E 84139.36066999  .00000731 +00000-0 +15198-2 0  9993
2 13885 046.8144 264.7854 7198807 119.7612 328.9956 02.30989830009976
1 13885U 83016  E 84139.36081195  .00000505 +00000-0 +96210-3 0  9992
2 13885 046.8149 264.7859 7200220 119.8167 329.1103 02.30987580009972
1 13885U 83016  E 84147.58392140  .00000469 +00000-0 +96210-3 0  9999
2 13885 046.8238 262.4835 7196943 122.0742 327.1622 02.30994766010162
1 13885U 83016  E 84149.74784315  .00000462 +00000-0 +96210-3 0  9991
2 13885 046.8234 261.8608 7196313 122.6939 326.6365 02.30996207010210
1 13885U 83016  E 84161.43259313  .00000226 +00000-0 +39870-3 0  9993
2 13885 046.8071 258.6033 7194642 125.9042 323.5464 02.30999533010489
1 13885U 83016  E 84174.41490723  .00000071 +00000-0 +26300-5 0  9991
2 13885 046.8340 254.9554 7188662 129.4540 319.6487 02.31001542010781
1 13885U 83016  E 84175.71312206  .00000071 +00000-0 +26300-5 0  9994
2 13885 046.8227 254.5211 7188791 129.8908 319.2523 02.31003476010815
1 13885U 83016  E 84180.47299085  .00000071 +00000-0 +26300-5 0  9992
2 13885 046.8307 253.2139 7186682 131.1417 317.6178 02.31004188010928
1 13885U 83016  E 84180.47301747  .00000178 +00000-0 +33478-3 0  9991
2 13885 046.8291 253.2022 7187038 131.1603 317.6410 02.31004896010929
1 13885U 83016  E 84188.26185159  .00000071 +00000-0 +97964-6 0  9998
2 13885 046.8290 251.0517 7184453 133.2711 314.9182 02.31004225011107
1 13885U 83016  E 84197.34850119  .00000070 +00000-0 +97964-6 0  9991
2 13885 046.8807 248.6162 7179733 135.6401 311.5123 02.31005540011318
1 13885U 83016  E 84199.51203848  .00000070 +00000-0 +97964-6 0  9993
2 13885 046.8687 247.9632 7178988 136.2644 310.7481 02.31006468011368
1 13885U 83016  E 84226.33606787  .00000155 +00000-0 +35800-3 0  9995
2 13885 046.9112 240.5838 7174295 143.6269 298.0856 02.31007727011982
1 13885U 83016  E 84233.25813237 -.00000130 +00000-0 -88492-3 0  9994
2 13885 046.9290 238.7173 7171888 145.4494 294.5787 02.31004685012148
1 13885U 83016  E 84241.04503384  .00000027 +00000-0 -19509-3 0  9996
2 13885 046.9245 236.5863 7170241 147.5539 290.2815 02.31005539012329
1 13885U 83016  E 84249.26398082  .00000086 +00000-0 +76598-4 0  9991
2 13885 046.9274 234.3373 7168873 149.7761 285.2749 02.31006021012510
1 13885U 83016  E 84258.77999652  .00000175 +00000-0 +52153-3 0  9996
2 13885 046.9060 231.7284 7166796 152.3409 278.9333 02.31007833012730
1 13885U 83016  E 84258.78001898  .00000175 +00000-0 +52152-3 0  9992
2 13885 046.9060 231.7284 7166796 152.3409 278.9520 02.31007833012738
1 13885U 83016  E 84260.94266403 -.00000549 +00000-0 -30929-2 0  9992
2 13885 046.9116 231.1331 7166373 152.9217 277.4429 02.31004809012788
1 13885U 83016  E 84261.80774643 -.00000262 +00000-0 -16435-2 0  9996
2 13885 046.9054 230.8893 7166738 153.1919 276.8579 02.31005329012805
1 13885U 83016  E 84266.99791046  .00000013 +00000-0 -28957-3 0  9993
2 13885 046.8957 229.4692 7165583 154.5637 273.0778 02.31005573012920
1 13885U 83016  E 84266.99792441  .00000013 +00000-0 -28753-3 0  9997
2 13885 046.8956 229.4693 7165585 154.5638 273.0894 02.31005577012926
1 13885U 83016  E 84271.75544866 -.00000017 +00000-0 -45144-3 0  9991
2 13885 046.9002 228.1727 7164713 155.8378 269.5033 02.31004438013033
1 13885U 83016  E 84271.75552042 -.00000032 +00000-0 -52091-3 0  9992
2 13885 046.9061 228.1973 7165330 155.8473 269.5605 02.31004473013037
1 13885U 83016  E 84280.83765666  .00000112 +00000-0 +22767-3 0  9993
2 13885 046.9000 225.7122 7162648 158.1954 262.4319 02.31006824013247
1 13885U 83016  E 84280.83785309  .00000112 +00000-0 +22747-3 0  9997
2 13885 046.9001 225.7121 7162650 158.1956 262.5953 02.31006823013246
1 13885U 83016  E 84281.70277257  .00000112 +00000-0 +22767-3 0  9994
2 13885 046.9023 225.4812 7162347 158.4101 261.8787 02.31006862013264
1 13885U 83016  E 84288.18962258  .00000112 +00000-0 +22767-3 0  9995
2 13885 046.8934 223.7128 7162583 160.2005 256.4707 02.31007552013417
1 13885U 83016  E 84294.67594096  .00000113 +00000-0 +22767-3 0  9998
2 13885 046.9021 221.9769 7163645 161.9580 250.6088 02.31006741013565
1 13885U 83016  E 84307.64763245  .00000113 +00000-0 +22767-3 0  9994
2 13885 046.8939 218.4038 7163083 165.4477 238.0934 02.31006832013866
1 13885U 83016  E 84307.64809556  .00000069 +00000-0 -85382-5 0  9995
2 13885 046.8981 218.3985 7162674 165.4398 238.4768 02.31006294013861
1 13885U 83016  E 84314.56610086  .00000069 +00000-0 -85382-5 0  9992
2 13885 046.8899 216.5162 7162774 167.3066 231.6600 02.31008387014024
1 13885U 83016  E 84321.48331233  .00000172 +00000-0 +54126-3 0  9999
2 13885 046.9037 214.6271 7163472 169.1734 224.1671 02.31008420014187
1 13885U 83016  E 84321.48371443  .00000172 +00000-0 +54112-3 0  9991
2 13885 046.9031 214.6288 7163491 169.1733 224.5014 02.31008420014184
1 13885U 83016  E 84323.64542789  .00000119 +00000-0 +26295-3 0  9996
2 13885 046.8971 214.0291 7162284 169.6956 222.2328 02.31008066014230
1 13885U 83016  E 84323.64569191  .00000117 +00000-0 +25041-3 0  9998
2 13885 046.8985 214.0228 7162778 169.7200 222.4505 02.31008045014232
1 13885U 83016  E 84327.53661642 -.00000044 +00000-0 -61171-3 0  9999
2 13885 046.8751 213.0221 7163045 170.7326 218.2049 02.31005094014321
1 13885U 83016  E 85062.26779438  .00000557 +00000-0 +15900-2 0  9994
2 13885 046.8636 185.4579 7184531 198.0460 109.3901 02.31015610014384
1 13885U 83016  E 85064.42979503  .00000321 +00000-0 +00640-4 0  9995
2 13885 046.8632 184.7537 7184902 198.7040 107.4222 02.31016088014430
1 13885U 83016  E 85076.53765395  .00000127 +00000-0 +14972-3 0  9998
2 13885 046.8520 181.5270 7189655 201.8955 096.8970 02.31015342014710
1 13885U 83016  E 85080.42978159  .00000425 +00000-0 +99056-3 0  9992
2 13885 046.8379 180.4549 7190667 202.9451 093.8067 02.31017979014809
1 13885U 83016  E 85086.05166428  .00000052 +00000-0 +61302-4 0  9995
2 13885 046.8347 178.9248 7194684 204.5042 089.2913 02.31016485014933
1 13885U 83016  E 85102.05349065  .00000352 +00000-0 +60664-3 0  9996
2 13885 046.8329 174.3814 7200186 208.9271 077.5093 02.31022696015301
1 13885U 83016  E 85108.10864052  .00000216 +00000-0 +28851-3 0  9997
2 13885 046.8291 172.7020 7202496 210.5830 073.4622 02.31024161015443
1 13885U 83016  E 85117.19186703  .00000290 +00000-0 +40223-3 0  9995
2 13885 046.8337 170.1826 7205577 213.0619 067.8813 02.31027352015653
1 13885U 83016  E 85119.35464162  .00000256 +00000-0 +33434-3 0  9991
2 13885 046.8220 169.6048 7205999 213.6370 066.6515 02.31027755015700
1 13885U 83016  E 85137.08985547  .00000211 +00000-0 +19923-3 0  9994
2 13885 046.8034 164.6171 7213499 218.5322 057.1300 02.31032379016111
1 13885U 83016  E 85158.28757200  .00000364 +00000-0 +33223-3 0  9990
2 13885 046.7485 158.4111 7221340 224.5653 047.7935 02.31039137016605
1 13885U 83016  E 85160.88310647  .00000422 +00000-0 +34350-3 0  9996
2 13885 046.7658 157.8985 7225953 225.1698 046.6354 02.31041534016662
1 13885U 83016  E 85201.98435583  .00000063 +00000-0 -94477-5 0  9990
2 13885 046.7229 146.1220 7245425 236.7007 033.3679 02.31054678017619
1 13885U 83016  E 85225.77996623  .00000823 +00000-0 +17642-3 0  9990
2 13885 046.6970 139.1085 7259709 243.6584 027.4838 02.31078976018168
1 13885U 83016  E 85233.13496759  .00000660 +00000-0 +10968-3 0  9997
2 13885 046.6873 137.0514 7263466 245.6729 026.2420 02.31089586018334
1 13885U 83016  E 85240.05663958  .00001462 +00000-0 +21396-3 0  9991
2 13885 046.6984 134.9356 7267374 247.7160 024.8559 02.31110860018495
1 13885U 83016  E 85246.11281008  .00002390 +00000-0 +29061-3 0  9994
2 13885 046.6835 133.1662 7270779 249.4422 023.9745 02.31141640018637
1 13885U 83016  E 85262.97794869  .00007361 +00000-0 +63779-3 0  9997
2 13885 046.6849 128.2559 7275391 254.2497 021.3337 02.31295553019029
1 13885U 83016  E 85265.57109573  .00014240 +47056-4 +58119-3 0  9990
2 13885 046.6631 127.4395 7276881 255.0568 020.7495 02.31335198019084
1 13885U 83016  E 85279.39239016  .00175692 +47143-4 +83883-2 0  9992
2 13885 046.6549 123.2516 7279617 259.1459 018.6794 02.31753981019403
