1 06815U 73061  F 73261.36993816 -.00000391 +00000-0 +00000-0 0  9995
2 06815 065.3689 315.9557 7335426 284.6451 010.4055 02.12307835000314
1 06815U 73061  F 73265.13810385 -.00000391 +00000-0 +00000-0 0  9993
2 06815 065.3688 315.3874 7335450 284.5554 010.4255 02.12304878000393
1 06815U 73061  F 73267.96352517  .00000057 +00000-0 +00000-0 0  9992
2 06815 065.3687 314.9613 7335468 284.4881 010.4405 02.12320256000451
1 06815U 73061  F 73335.31529071 -.00000021 +00000-0 +00000-0 0  9990
2 06815 065.3792 304.3599 7318713 283.0629 010.8674 02.12319398001888
1 06815U 73061  F 73340.02514047 -.00000260 +00000-0 +00000-0 0  9996
2 06815 065.3707 303.6025 7315361 282.9580 010.9123 02.12316298001987
1 06815U 73061  F 73349.44494834 -.00000178 +00000-0 +00000-0 0  9990
2 06815 065.3705 302.0822 7311464 282.8559 010.9600 02.12318802002184
1 06815U 73061  F 74027.30469097  .00000147 +00000-0 +00000-0 0  9997
2 06815 065.4083 295.6093 7284667 281.9268 011.3479 02.12327480003094
1 06815U 73061  F 74030.60180330  .00000090 +00000-0 +00000-0 0  9991
2 06815 065.3871 295.1340 7282242 281.8617 011.3789 02.12323880003164
1 06815U 73061  F 74085.70724773  .00000134 +00000-0 +00000-0 0  9996
2 06815 065.4096 286.9604 7261670 280.5440 011.8377 02.12319660004336
1 06815U 73061  F 74114.43748231  .00000031 +00000-0 +00000-0 0  9990
2 06815 065.4395 282.5965 7252199 279.9086 012.0622 02.12320507004949
1 06815U 73061  F 74116.32140062  .00000057 +00000-0 +00000-0 0  9996
2 06815 065.4409 282.2916 7250773 279.9153 012.0697 02.12322272004986
1 06815U 73061  F 74163.42035768  .00000158 +00000-0 +00000-0 0  9997
2 06815 065.4682 275.2964 7244302 278.6973 012.4328 02.12318151005988
1 06815U 73061  F 74199.21515509  .00000045 +00000-0 +00000-0 0  9994
2 06815 065.4969 270.2775 7195747 278.1592 012.9067 02.12321789006742
1 06815U 73061  F 74228.41591353  .00000018 +00000-0 +00000-0 0  9990
2 06815 065.4324 266.1559 7190684 277.3601 013.1647 02.12325424007364
1 06815U 73061  F 74241.13244103  .00000099 +00000-0 +00000-0 0  9991
2 06815 065.4371 264.3704 7188400 277.0967 013.2552 02.12322445007639
1 06815U 73061  F 74276.45582624  .00000161 +00000-0 +00000-0 0  9997
2 06815 065.4523 259.3952 7176909 276.2591 013.5769 02.12327193008383
1 06815U 73061  F 74284.93347211  .00001084 +00000-0 +00000-0 0  9995
2 06815 065.4545 258.1545 7168625 276.1315 013.6731 02.12335733008560
1 06815U 73061  F 74289.64318847  .00000263 +00000-0 +00000-0 0  9999
2 06815 065.4691 257.4967 7170622 275.9889 013.7007 02.12330436008668
1 06815U 73061  F 74300.94668146  .00000228 +00000-0 +00000-0 0  9997
2 06815 065.5089 255.9034 7167928 275.7103 013.8022 02.12323045008903
1 06815U 73061  F 74306.59852549  .00000228 +00000-0 +00000-0 0  9996
2 06815 065.5089 255.1380 7167952 275.5803 013.8406 02.12320463009022
1 06815U 73061  F 74316.96016737  .00001551 +00000-0 +00000-0 3  9992
2 06815 065.4501 253.6889 7153917 275.3836 014.0006 02.12327934009240
1 06815U 73061  F 74320.25697751  .00001687 +00000-0 +00000-0 3  9990
2 06815 065.4501 253.2451 7153910 275.3105 014.0225 02.12328696009310
1 06815U 73061  F 74329.67675063  .00000115 +00000-0 +00000-0 0  9999
2 06815 065.4831 251.9190 7141622 275.0392 014.1940 02.12328311009514
1 06815U 73061  F 74332.50262687  .00001287 +00000-0 +00000-0 3  9993
2 06815 065.5001 251.5303 7141542 274.9688 014.2161 02.12328221009575
1 06815U 73061  F 74358.40673826  .00000115 +00000-0 +00000-0 3  9990
2 06815 065.4970 248.0029 7125554 274.3432 014.5265 02.12325358010120
1 06815U 73061  F 75018.36877345  .00000115 +00000-0 +00000-0 3  9991
2 06815 065.5145 244.6925 7112358 273.7695 014.8056 02.12324403010653
1 06815U 73061  F 75032.49814796  .00000115 +00000-0 +00000-0 3  9992
2 06815 065.4702 242.8033 7106114 273.4177 014.9653 02.12324676010955
1 06815U 73061  F 75047.56949996  .00000115 +00000-0 +00000-0 3  9997
2 06815 065.5231 240.8000 7102538 273.0103 015.1241 02.12324702011278
1 06815U 73061  F 75057.46007156  .00000000 +00000-0 +00000-0 3  9993
2 06815 065.4507 239.4769 7100015 272.7114 015.2409 02.12323025011482
1 06815U 73061  F 75101.26135061  .00000000 +00000-0 +00000-0 3  9998
2 06815 065.4833 233.5705 7078803 271.7501 015.7254 02.12323304012414
1 06815U 73061  F 75105.97120044  .00000000 +00000-0 +00000-0 3  9995
2 06815 065.4777 232.9558 7075065 271.6271 015.7964 02.12323245012513
1 06815U 73061  F 75126.22335477  .00000000 +00000-0 +00000-0 3  9994
2 06815 065.4861 230.3106 7063342 271.1266 016.0606 02.12323417012947
1 06815U 73061  F 75141.76565787  .00000000 +00000-0 +00000-0 3  9999
2 06815 065.5042 228.3079 7055371 270.7069 016.2706 02.12324180013272
1 06815U 73061  F 75164.84353493  .00000000 +00000-0 +00000-0 3  9992
2 06815 065.4660 225.3644 7048100 270.1449 016.5280 02.12324675013763
1 06815U 73061  F 75169.08228729  .00000000 +00000-0 +00000-0 3  9996
2 06815 065.4771 224.8045 7045450 270.0382 016.5874 02.12325119013858
1 06815U 73061  F 75176.61791510  .00000000 +00000-0 +00000-0 3  9996
2 06815 065.4405 223.8479 7043480 269.8685 016.6643 02.12324819014015
1 06815U 73061  F 75178.03083226  .00000000 +00000-0 +00000-0 3  9992
2 06815 065.4399 223.6642 7043566 269.8348 016.6759 02.12324828014049
1 06815U 73061  F 75185.56639814  .00000000 +00000-0 +00000-0 3  9998
2 06815 065.4614 222.6804 7043645 269.7086 016.7208 02.12325003014208
1 06815U 73061  F 75188.86320921  .00000000 +00000-0 +00000-0 3  9990
2 06815 065.4602 222.2672 7042068 269.6576 016.7519 02.12325081014273
1 06815U 73061  F 75206.28921745  .00000000 +00000-0 +00000-0 3  9998
2 06815 065.4680 220.0493 7037354 269.2726 016.9307 02.12325094014643
1 06815U 73061  F 75218.06365676  .00000000 +00000-0 +00000-0 3  9992
2 06815 065.4564 218.5460 7033591 268.9003 017.0991 02.12324574014893
1 06815U 73061  F 75222.77334780  .00000000 +00000-0 +00000-0 3  9997
2 06815 065.4555 217.9270 7032698 268.7302 017.1696 02.12325132014997
1 06815U 73061  F 75224.18627643  .00000000 +00000-0 +00000-0 3  9997
2 06815 065.4529 217.7468 7032005 268.6855 017.1919 02.12325152015024
1 06815U 73061  F 75229.36697385  .00000000 +00000-0 +00000-0 3  9992
2 06815 065.4624 217.0983 7031440 268.5864 017.2334 02.12325276015137
1 06815U 73061  F 75234.54767273  .00000000 +00000-0 +00000-0 3  9992
2 06815 065.4631 216.4250 7030983 268.4678 017.2820 02.12325260015243
1 06815U 73061  F 75250.56080770  .00000000 +00000-0 +00000-0 3  9992
2 06815 065.5145 214.3627 7029085 268.0574 017.4520 02.12325076015582
1 06815U 73061  F 75257.62537622  .00000000 +00000-0 +00000-0 3  9999
2 06815 065.4979 213.4832 7028159 267.8229 017.5488 02.12325110015739
1 06815U 73061  F 75259.50926827  .00000000 +00000-0 +00000-0 3  9997
2 06815 065.5141 213.2430 7028739 267.7442 017.5739 02.12325043015771
1 06815U 73061  F 75261.39313360  .00000000 +00000-0 +00000-0 3  9999
2 06815 065.5156 212.9923 7028551 267.6915 017.5956 02.12325441015814
1 06815U 73061  F 75265.63199853  .00000000 +00000-0 +00000-0 3  9999
2 06815 065.5120 212.4571 7025105 267.5828 017.6666 02.12324851015906
1 06815U 73061  F 75270.34175349  .00000000 +00000-0 +00000-0 3  9997
2 06815 065.4761 211.8666 7021941 267.5372 017.7115 02.12325183016003
1 06815U 73061  F 75287.29687689  .00000000 +00000-0 +00000-0 3  9994
2 06815 065.4696 209.7206 7014812 267.0747 017.9518 02.12324957016362
1 06815U 73061  F 75312.25873134  .00000000 +00000-0 +00000-0 3  9991
2 06815 065.4563 206.5438 7004375 266.3092 018.3443 02.12324369016892
1 06815U 73061  F 75330.15576459  .00000000 +00000-0 +00000-0 3  9990
2 06815 065.4982 204.3576 7007010 265.8935 018.4887 02.12324065017274
1 06815U 73061  F 75334.39455792  .00000000 +00000-0 +00000-0 3  9996
2 06815 065.4609 203.8396 7005553 265.7595 018.5555 02.12324043017364
1 06815U 73061  F 75341.45919512  .00000000 +00000-0 +00000-0 3  9996
2 06815 065.4567 202.9681 7004821 265.5622 018.6418 02.12324024017515
1 06815U 73061  F 75343.34311197  .00000000 +00000-0 +00000-0 3  9991
2 06815 065.4785 202.7497 7005428 265.4671 018.6756 02.12323947017559
1 06815U 73061  F 75348.52386568  .00000000 +00000-0 +00000-0 3  9990
2 06815 065.4668 202.0864 7004371 265.3858 018.7181 02.12323669017668
1 06815U 73061  F 75350.40776728  .00000000 +00000-0 +00000-0 3  9991
2 06815 065.4687 201.8738 7003903 265.3252 018.7471 02.12323896017703
1 06815U 73061  F 75365.00799842  .00000000 +00000-0 +00000-0 3  9995
2 06815 065.4701 200.0725 7002490 264.9583 018.9107 02.12323933018014
1 06815U 73061  F 76006.13063907  .00000000 +00000-0 +00000-0 3  9998
2 06815 065.4656 199.2988 7002464 264.8126 018.9718 02.12324214018141
1 06815U 73061  F 76018.84703921  .00000000 +00000-0 +00000-0 3  9996
2 06815 065.4412 197.6782 6999860 264.5605 019.1002 02.12323651018411
1 06815U 73061  F 76049.93142890  .00000000 +00000-0 +00000-0 3  9992
2 06815 065.4587 193.8190 6995721 263.7876 019.4653 02.12324079019071
1 06815U 73061  F 76052.28630495  .00000000 +00000-0 +00000-0 3  9997
2 06815 065.4599 193.5262 6995746 263.7163 019.4954 02.12324100019122
1 06815U 73061  F 76055.11215162  .00000000 +00000-0 +00000-0 3  9992
2 06815 065.4624 193.1781 6996152 263.6465 019.5218 02.12324027019187
1 06815U 73061  F 76060.29288816  .00000000 +00000-0 +00000-0 3  9993
2 06815 065.4613 192.5404 6995918 263.5095 019.5828 02.12324081019296
1 06815U 73061  F 76069.24145508  .00000000 +00000-0 +00000-0 3  9997
2 06815 065.4562 191.4290 6996625 263.2722 019.6789 02.12323852019483
1 06815U 73061  F 76074.89316368  .00000000 +00000-0 +00000-0 3  9998
2 06815 065.4648 190.7264 6996269 263.1270 019.7453 02.12323942019605
1 06815U 73061  F 76077.24804020  .00000000 +00000-0 +00000-0 3  9997
2 06815 065.4644 190.4348 6996283 263.0563 019.7759 02.12324008019659
1 06815U 73061  F 76089.49337291  .00000000 +00000-0 +00000-0 3  9998
2 06815 065.4407 188.8665 6998871 262.7612 019.8812 02.12324135019916
1 06815U 73061  F 76091.84827804  .00000000 +00000-0 +00000-0 3  9994
2 06815 065.4481 188.6058 6996563 262.6818 019.9374 02.12324519019960
1 06815U 73061  F 76093.26120376  .00000000 +00000-0 +00000-0 3  9992
2 06815 065.4611 188.4532 6998102 262.6252 019.9484 02.12324346019996
1 06815U 73061  F 76095.14509582  .00000000 +00000-0 +00000-0 3  9991
2 06815 065.4645 188.2228 6998569 262.5777 019.9648 02.12324428020031
1 06815U 73061  F 76112.10009525  .00000000 +00000-0 +00000-0 3  9999
2 06815 065.4765 186.1214 6999309 262.1152 020.1631 02.12325204020390
1 06815U 73061  F 76116.33886385  .00000000 +00000-0 +00000-0 3  9995
2 06815 065.4657 185.5879 6999321 261.9908 020.2188 02.12325340020489
1 06815U 73061  F 76124.34544606  .00000000 +00000-0 +00000-0 3  9992
2 06815 065.4526 184.5882 7000216 261.7822 020.3042 02.12324892020657
1 06815U 73061  F 76128.58418078  .00000000 +00000-0 +00000-0 3  9995
2 06815 065.4526 184.0595 7000053 261.6822 020.3509 02.12325191020742
1 06815U 73061  F 76140.35849663  .00000000 +00000-0 +00000-0 3  9992
2 06815 065.4293 182.5691 7000479 261.4087 020.4707 02.12325045020992
1 06815U 73061  F 76147.42305659  .00000000 +00000-0 +00000-0 3  9999
2 06815 065.4295 181.6920 7001903 261.2265 020.5400 02.12325708021143
1 06815U 73061  F 76152.60375116  .00000000 +00000-0 +00000-0 3  9990
2 06815 065.4235 181.0446 7002188 261.1021 020.5943 02.12325680021252
1 06815U 73061  F 76154.01666116  .00000000 +00000-0 +00000-0 3  9990
2 06815 065.4222 180.8653 7002313 261.0667 020.6093 02.12325714021288
1 06815U 73061  F 76157.31346176  .00000000 +00000-0 +00000-0 3  9997
2 06815 065.4133 180.4587 7002546 260.9774 020.6483 02.12325733021358
1 06815U 73061  F 76162.49415540  .00000000 +00000-0 +00000-0 3  9994
2 06815 065.4574 179.8190 7002806 260.8021 020.7265 02.12325742021463
1 06815U 73061  F 76165.31998582  .00000000 +00000-0 +00000-0 3  9990
2 06815 065.4361 179.4526 7002908 260.7372 020.7557 02.12325448021521
1 06815U 73061  F 76169.55869051  .00000000 +00000-0 +00000-0 3  9998
2 06815 065.4355 178.9258 7004252 260.6389 020.7882 02.12325995021619
1 06815U 73061  F 76177.56525037  .00000000 +00000-0 +00000-0 3  9991
2 06815 065.4133 177.9208 7005404 260.4682 020.8564 02.12325642021786
1 06815U 73061  F 76188.39764595  .00000000 +00000-0 +00000-0 3  9998
2 06815 065.4515 176.5714 7008102 260.1255 020.9905 02.12324952022018
1 06815U 73061  F 76196.87508867  .00000000 +00000-0 +00000-0 3  9998
2 06815 065.4116 175.5148 7008193 259.9894 021.0537 02.12325716022191
1 06815U 73061  F 76217.59786563  .00000000 +00000-0 +00000-0 3  9992
2 06815 065.3970 172.9563 7013629 259.4484 021.2574 02.12325470022639
1 06815U 73061  F 76222.30759034  .00000000 +00000-0 +00000-0 3  9990
2 06815 065.4003 172.3690 7013916 259.3205 021.3157 02.12325489022730
1 06815U 73061  F 76228.43024765  .00000000 +00000-0 +00000-0 3  9996
2 06815 065.4077 171.6062 7016127 259.1536 021.3739 02.12325470022868
1 06815U 73061  F 76230.31414677  .00000000 +00000-0 +00000-0 3  9991
2 06815 065.4191 171.3673 7016360 259.1040 021.3956 02.12325489022905
1 06815U 73061  F 76234.55291404  .00000000 +00000-0 +00000-0 3  9992
2 06815 065.4160 170.8423 7017008 258.9912 021.4433 02.12325407022993
1 06815U 73061  F 76239.26263786  .00000000 +00000-0 +00000-0 3  9997
2 06815 065.4170 170.2592 7018844 258.8681 021.4847 02.12325359023093
1 06815U 73061  F 76243.50138416  .00000000 +00000-0 +00000-0 3  9990
2 06815 065.4206 169.7195 7021176 258.7543 021.5167 02.12325293023186
1 06815U 73061  F 76256.21768839  .00000000 +00000-0 +00000-0 3  9990
2 06815 065.4090 168.1171 7025805 258.4339 021.6263 02.12324930023452
1 06815U 73061  F 76259.98548472  .00000000 +00000-0 +00000-0 3  9996
2 06815 065.4257 167.6334 7026812 258.3440 021.6604 02.12324903023531
1 06815U 73061  F 76264.22426059  .00000000 +00000-0 +00000-0 3  9995
2 06815 065.4236 167.1001 7027890 258.2331 021.7038 02.12324821023620
1 06815U 73061  F 76271.28887398  .00000000 +00000-0 +00000-0 3  9996
2 06815 065.4339 166.2050 7031888 258.0440 021.7566 02.12324568023779
1 06815U 73061  F 76273.64373900  .00000000 +00000-0 +00000-0 3  9997
2 06815 065.4370 165.8989 7032427 257.9909 021.7774 02.12324549023824
1 06815U 73061  F 76275.52762444  .00000000 +00000-0 +00000-0 3  9991
2 06815 065.4205 165.6685 7032903 257.9339 021.8006 02.12324659023863
1 06815U 73061  F 76281.17931696  .00000000 +00000-0 +00000-0 3  9996
2 06815 065.4150 164.9636 7036216 257.7852 021.8409 02.12324617023983
1 06815U 73061  F 76285.88907451  .00000000 +00000-0 +00000-0 3  9990
2 06815 065.4142 164.3554 7038481 257.6631 021.8786 02.12324431024081
1 06815U 73061  F 76299.07640806  .00000000 +00000-0 +00000-0 3  9994
2 06815 065.4082 162.6718 7043478 257.3439 021.9868 02.12323915024361
1 06815U 73061  F 76301.43129049  .00000000 +00000-0 +00000-0 3  9999
2 06815 065.4153 162.3658 7043459 257.2838 022.0170 02.12323869024413
1 06815U 73061  F 76305.19909004  .00000000 +00000-0 +00000-0 3  9993
2 06815 065.3935 161.8913 7044185 257.1967 022.0536 02.12324047024490
1 06815U 73061  F 76316.03151080  .00000000 +00000-0 +00000-0 3  9991
2 06815 065.3814 160.4960 7048300 256.9441 022.1389 02.12324067024725
1 06815U 73061  F 76322.15423378  .00000000 +00000-0 +00000-0 3  9993
2 06815 065.3968 159.7109 7049886 256.7626 022.2145 02.12323769024857
1 06815U 73061  F 76326.39299227  .00000000 +00000-0 +00000-0 3  9997
2 06815 065.3864 159.1547 7051254 256.6569 022.2541 02.12323942024942
1 06815U 73061  F 76332.98664291  .00000000 +00000-0 +00000-0 3  9996
2 06815 065.3851 158.3135 7052671 256.4953 022.3220 02.12323901025087
1 06815U 73061  F 76340.99327957  .00000000 +00000-0 +00000-0 3  9991
2 06815 065.3983 157.2791 7053132 256.2670 022.4347 02.12324059025251
1 06815U 73061  F 76341.93522400  .00000000 +00000-0 +00000-0 3  9996
2 06815 065.3960 157.1558 7053369 256.2540 022.4385 02.12324048025276
1 06815U 73061  F 76348.05792177  .00000000 +00000-0 +00000-0 3  9996
2 06815 065.3877 156.3837 7055382 256.0985 022.4981 02.12323780025401
1 06815U 73061  F 76365.95552662  .00000187 +00000-0 +00000-0 0  9990
2 06815 065.4062 154.1436 7065411 255.6729 023.0420 02.12324534025788
1 06815U 73061  F 77019.26498567  .00000113 +00000-0 +00000-0 0  9993
2 06815 065.3922 151.6311 7075979 255.2011 022.7984 02.12324024026197
1 06815U 73061  F 77029.62649582  .00000128 +00000-0 +00000-0 0  9995
2 06815 065.3916 150.2913 7081621 254.9481 022.9021 02.12324356026418
1 06815U 73061  F 77040.92988689  .00000121 +00000-0 +00000-0 0  9998
2 06815 065.3854 148.8072 7085091 254.7005 022.9251 02.12324179026657
1 06815U 73061  F 77052.23336149  .00000081 +00000-0 +00000-0 0  9998
2 06815 065.3792 147.3251 7090698 254.4141 023.0507 02.12324450026892
1 06815U 73061  F 77064.47873998  .00000091 +00000-0 +00000-0 0  9996
2 06815 065.3682 145.7068 7096822 254.1115 023.1309 02.12324597027154
1 06815U 73061  F 77075.78212844  .00000046 +00000-0 +00000-0 0  9999
2 06815 065.3637 144.2106 7102516 253.8389 023.2158 02.12325057027399
1 06815U 73061  F 77086.14354356  .00000079 +00000-0 +00000-0 0  9992
2 06815 065.3699 142.8324 7108134 253.5873 023.2341 02.12325194027611
1 06815U 73061  F 77096.50498017  .00000106 +00000-0 +00000-0 0  9997
2 06815 065.3777 141.4567 7113397 253.3389 023.2859 02.12325399027834
1 06815U 73061  F 77119.58269039  .00000152 +00000-0 +00000-0 0  9992
2 06815 065.3795 138.3719 7126326 252.7703 023.3843 02.12325049028328
1 06815U 73061  F 77130.41518183  .00000118 +00000-0 +00000-0 0  9996
2 06815 065.3806 136.9166 7131651 252.4913 023.5590 02.12325049028554
1 06815U 73061  F 77143.60251210  .00000146 +00000-0 +00000-0 0  9997
2 06815 065.3437 135.1435 7141041 252.2303 023.6624 02.12324927028833
1 06815U 73061  F 77148.31224388  .00000174 +00000-0 +00000-0 0  9997
2 06815 065.3396 134.5030 7143621 252.1230 023.6866 02.12325393028932
1 06815U 73061  F 77152.55096773  .00000135 +00000-0 +00000-0 0  9990
2 06815 065.3388 133.9288 7146251 252.0265 023.7730 02.12326918029026
1 06815U 73061  F 77153.96378679  .00000117 +00000-0 +00000-0 0  9994
2 06815 065.3385 133.7370 7147129 251.9944 023.7067 02.12326616029051
1 06815U 73061  F 77164.32519902  .00000120 +00000-0 +00000-0 0  9996
2 06815 065.3514 132.3079 7152135 251.7320 023.6763 02.12325092029278
1 06815U 73061  F 77178.45467701  .00000111 +00000-0 +00000-0 0  9994
2 06815 065.3398 130.3772 7160062 251.3893 023.9350 02.12324992029571
1 06815U 73061  F 77189.28716893  .00000069 +00000-0 +00000-0 0  9998
2 06815 065.3300 128.8953 7165999 251.1310 024.0568 02.12325320029808
1 06815U 73061  F 77200.11963326  .00000054 +00000-0 +00000-0 0  9993
2 06815 065.3272 127.4050 7172808 250.8893 024.1259 02.12324992030037
1 06815U 73061  F 77211.42308231 -.00000011 +00000-0 +00000-0 0  9991
2 06815 065.3194 125.8264 7177960 250.6037 024.2187 02.12325339030274
1 06815U 73061  F 77222.25558206 -.00000024 +00000-0 +00000-0 0  9997
2 06815 065.3203 124.3117 7185570 250.3979 024.2260 02.12324354030508
1 06815U 73061  F 77232.61716843  .00000004 +00000-0 +00000-0 0  9998
2 06815 065.3007 122.8573 7191511 250.1717 024.2925 02.12324533030720
1 06815U 73061  F 77245.33355867 -.00000023 +00000-0 +00000-0 0  9998
2 06815 065.2967 121.0655 7198896 249.8887 024.2914 02.12324023030993
1 06815U 73061  F 77256.16615391  .00000028 +00000-0 +00000-0 0  9996
2 06815 065.2938 119.5312 7203439 249.6145 024.3576 02.12323919031223
1 06815U 73061  F 77267.46972385  .00000016 +00000-0 +00000-0 0  9997
2 06815 065.2896 117.9211 7210051 249.3771 024.4712 02.12323996031460
1 06815U 73061  F 77277.83126828  .00000028 +00000-0 +00000-0 0  9995
2 06815 065.3016 116.4409 7217425 249.1476 024.5257 02.12324139031689
1 06815U 73061  F 77289.60573889  .00000063 +00000-0 +00000-0 0  9995
2 06815 065.2971 114.7622 7224734 248.8959 024.5650 02.12324072031930
1 06815U 73061  F 77299.96730764  .00000079 +00000-0 +00000-0 0  9999
2 06815 065.2929 113.2774 7231129 248.6755 024.6125 02.12323662032150
1 06815U 73061  F 77315.03872133  .00000117 +00000-0 +00000-0 0  9996
2 06815 065.2719 111.0766 7241045 248.3527 024.7937 02.12324198032478
1 06815U 73061  F 77326.34217260  .00000082 +00000-0 +00000-0 0  9997
2 06815 065.2730 109.4385 7247929 248.1011 024.8193 02.12323517032718
1 06815U 73061  F 77336.70382326  .00000090 +00000-0 +00000-0 0  9993
2 06815 065.2763 107.9131 7254253 247.8952 024.9719 02.12323902032931
1 06815U 73061  F 77349.89123359  .00000031 +00000-0 +00000-0 0  9991
2 06815 065.2709 105.9554 7261356 247.6191 025.0403 02.12323771033211
1 06815U 73061  F 77360.72382351 -.00000029 +00000-0 +00000-0 0  9993
2 06815 065.2703 104.3594 7267680 247.3938 025.1096 02.12323327033445
1 06815U 73061  F 78028.69251210 -.00000055 +00000-0 +00000-0 0  9999
2 06815 065.2280 099.4376 7286786 246.6982 025.2566 02.12324564034141
1 06815U 73061  F 78041.40899728 -.00000087 +00000-0 +00000-0 0  9990
2 06815 065.2254 097.4968 7292091 246.4240 025.3789 02.12324933034416
1 06815U 73061  F 78053.65450378 -.00000043 +00000-0 +00000-0 0  9996
2 06815 065.1918 095.6588 7301410 246.2113 025.5549 02.12326789034678
1 06815U 73061  F 78064.48677014 -.00000044 +00000-0 +00000-0 0  9998
2 06815 065.1887 094.0029 7307538 245.9882 025.5014 02.12327003034905
1 06815U 73061  F 78078.61603272  .00000001 +00000-0 +00000-0 0  9995
2 06815 065.1766 091.8358 7315738 245.7017 025.6405 02.12327933035201
1 06815U 73061  F 78081.44182672  .00000041 +00000-0 +00000-0 0  9990
2 06815 065.1767 091.3990 7318031 245.6504 025.6863 02.12329006035265
1 06815U 73061  F 78094.62889382  .00000051 +00000-0 +00000-0 0  9997
2 06815 065.1582 089.3581 7325872 245.3843 025.7227 02.12329650035548
1 06815U 73061  F 78105.46110383  .00000043 +00000-0 +00000-0 0  9991
2 06815 065.1462 087.6775 7331770 245.1724 025.8075 02.12331438035775
1 06815U 73061  F 78125.24131032 -.00000001 +00000-0 +00000-0 0  9998
2 06815 065.1208 084.5975 7342825 244.8191 025.7901 02.12333441036198
1 06815U 73061  F 78140.31189587  .00000003 +00000-0 +00000-0 0  9992
2 06815 065.0966 082.2381 7351497 244.5351 025.8952 02.12336016036518
1 06815U 73061  F 78150.67284025 -.00000056 +00000-0 +00000-0 0  9994
2 06815 065.0889 080.6078 7356577 244.3445 025.9272 02.12336802036736
1 06815U 73061  F 78157.26611946 -.00000118 +00000-0 +00000-0 0  9991
2 06815 065.0939 079.5434 7359828 244.2195 025.9666 02.12337947036871
1 06815U 73061  F 78164.33036358 -.00000066 +00000-0 +00000-0 0  9997
2 06815 065.0712 078.4281 7363104 244.1032 026.0474 02.12339664037024
1 06815U 73061  F 78174.22016392 -.00000121 +00000-0 +00000-0 0  9994
2 06815 065.0651 076.8538 7367015 243.8859 026.1313 02.12341690037239
1 06815U 73061  F 78182.22610851 -.00000208 +00000-0 +00000-0 0  9999
2 06815 065.0587 075.5789 7370739 243.7417 026.1933 02.12343550037401
1 06815U 73061  F 78190.23202707 -.00000130 +00000-0 +00000-0 0  9990
2 06815 065.0490 074.2819 7374057 243.6056 026.2965 02.12345672037570
1 06815U 73061  F 78192.11564709  .00000322 +00000-0 +05397-4 0  9992
2 06815 065.0433 073.9834 7375600 243.5647 026.5296 02.12358570037616
1 06815U 73061  F 78199.17871341  .00000117 +00000-0 +09543-4 0  9997
2 06815 065.0285 072.8456 7380344 243.4913 026.1546 02.12360597037767
1 06815U 73061  F 78207.18404863  .00000216 +00000-0 +36622-3 0  9996
2 06815 065.0313 071.5530 7384466 243.3466 026.3574 02.12368749037938
1 06815U 73061  F 78215.18887081  .00000396 +00000-0 +46328-3 0  9995
2 06815 065.0006 070.2579 7384577 243.1091 026.4325 02.12378671038101
1 06815U 73061  F 78225.54762422  .00000492 +00000-0 +44790-3 0  9995
2 06815 064.9916 068.5836 7388972 242.9304 026.6165 02.12392428038326
1 06815U 73061  F 78238.73033871  .00000809 +00000-0 +53019-3 0  9995
2 06815 064.9797 066.4452 7394443 242.7042 026.8014 02.12416213038606
1 06815U 73061  F 78255.67698737  .00001482 +00000-0 +62272-3 0  9994
2 06815 064.9738 063.6026 7400951 242.4081 027.2142 02.12464494038969
1 06815U 73061  F 78258.02977315  .00001491 +00000-0 +59686-3 0  9993
2 06815 064.9719 063.2154 7401849 242.3719 026.8374 02.12471557039017
1 06815U 73061  F 78263.67736643  .00001867 +00000-0 +56583-3 0  9997
2 06815 064.9483 062.2891 7407771 242.2813 027.0329 02.12499476039132
1 06815U 73061  F 78274.49968217  .00002442 +00000-0 +50813-3 0  9993
2 06815 064.9282 060.5141 7413246 242.0825 027.1708 02.12554832039368
1 06815U 73061  F 78276.38110186  .00002752 +00000-0 +56327-3 0  9997
2 06815 064.9417 060.2013 7413518 242.0315 026.9660 02.12570313039400
1 06815U 73061  F 78282.49617510  .00002975 +00000-0 +56848-3 0  9994
2 06815 064.9488 059.1797 7414363 241.9365 027.0286 02.12609751039535
1 06815U 73061  F 78284.37737782  .00004206 +00000-0 +68657-3 0  9997
2 06815 064.9649 058.8531 7416736 241.9272 027.0881 02.12636338039575
1 06815U 73061  F 78293.78117088  .00004416 +00000-0 +79013-3 0  9994
2 06815 064.9616 057.2975 7414796 241.7889 027.0882 02.12723672039771
1 06815U 73061  F 78299.42155915  .00005347 +00000-0 +71426-3 0  9996
2 06815 064.9434 056.3458 7418650 241.6325 027.4341 02.12794645039897
1 06815U 73061  F 78301.30071484  .00005975 +00000-0 +64583-3 0  9998
2 06815 064.9077 056.0329 7421465 241.6094 027.3840 02.12830713039930
1 06815U 73061  F 78302.70974477  .00006305 +00000-0 +55828-3 0  9997
2 06815 064.8967 055.7850 7424026 241.6189 027.2116 02.12856724039961
1 06815U 73061  F 78308.34609794  .00007101 +00000-0 +72518-3 0  9990
2 06815 064.9039 054.8356 7421370 241.5767 027.3963 02.12949635040083
1 06815U 73061  F 78312.57138998  .00008388 +00000-0 +54385-3 0  9993
2 06815 064.9135 054.1155 7426542 241.4906 027.6690 02.13042696040172
1 06815U 73061  F 78313.50925370  .00009338 +00000-0 +48921-3 0  9990
2 06815 064.9196 053.9478 7428746 241.4806 027.5019 02.13084249040197
1 06815U 73061  F 78323.82475991  .00013766 +00000-0 +50653-3 0  9990
2 06815 064.9009 052.2273 7430009 241.3368 027.0868 02.13404012040418
1 06815U 73061  F 78327.10421160  .00018009 +00000-0 +71893-3 0  9998
2 06815 064.8622 051.6803 7427815 241.2293 027.7420 02.13564426040481
1 06815U 73061  F 78338.79810262  .00032814 +00000-0 +92544-3 0  9996
2 06815 064.8295 049.6669 7425632 240.9845 032.3483 02.14266385040731
1 06815U 73061  F 78345.31912621  .00042654 +00000-0 +85852-3 0  9991
2 06815 064.8237 048.5721 7423857 240.9002 030.1634 02.14873957040874
1 06815U 73061  F 78345.78090121  .00042676 +00000-0 +84873-3 0  9990
2 06815 064.8237 048.4883 7423648 240.8939 027.4054 02.14913011040880
